-24.3901,24.3901,-23.1706,0,0.206133,0.785398,96,132,0.2178,0,101.811,5.81056,
-30.1492,30.1492,-28.6418,0,0.0693537,0.785398,96,132,0.24,0,93.76,-2.24,
-38.2601,38.2601,-36.3471,0,-0.12328,0.785398,96,132,0.2724,0,81.6665,-14.3335,
-37.5699,37.5699,-35.6914,0,-0.272035,0.620249,96,132,0.2979,0,73.013,-22.987,
-33.5285,33.5285,-31.8521,0,-0.277157,0.519146,96,132,0.4539,0,73.5766,-22.4234,
27.8645,-27.8645,26.4713,0,-0.587264,-1.24905,98,131,0.486,0,84.7493,-13.2507,
41.8706,-41.8706,39.7771,0,-0.517614,-1.51204,98,131,0.5091,0,93.4231,-4.57685,
63.9136,-63.9136,60.7179,0,-0.41162,-1.92957,98,130,0.5373,0,103.552,5.55249,
66.3718,-66.3718,63.0532,0,-0.353237,-1.92957,98,130,0.5631,0,111.373,13.3725,
54.2078,-54.2078,51.4974,0,-0.283361,-1.5708,99,131,0.6054,0,119.095,20.0946,
18.9048,-18.9048,17.9595,0,-0.33641,-0.785398,98,132,0.6339,0,119.813,21.8126,
-4.01344,4.01344,-3.81277,0,-0.41707,-0.321751,98,132,0.6642,0,116.433,18.4332,
-40.3645,40.3645,-38.3463,0,-0.52203,0.436627,97,132,0.6903,0,110.454,13.4538,
-46.5098,46.5098,-44.1843,0,-0.667981,0.436627,97,132,0.7188,0,101.463,4.46309,
-54.1435,54.1435,-51.4363,0,-0.84928,0.436627,97,132,0.75,0,90,-7,
-47.2648,47.2648,-44.9015,0,-0.998183,0.124355,97,132,0.7758,0,80.4431,-16.5569,
-41.1479,41.1479,-39.0906,0,-1.15194,-0.174672,98,132,0.8046,0,70.9937,-27.0063,
-24.073,24.073,-22.8693,0,-1.26647,-0.694738,98,132,0.831,0,64.4702,-33.5298,
-13.413,13.413,-12.7423,0,-1.34893,-1.03038,99,132,0.8622,0,60.3873,-38.6127,
-1.92903,1.92903,-1.83258,0,-1.37163,-1.32582,99,132,0.8877,0,60.3812,-38.6188,
10.7154,-10.7154,10.1797,0,-1.31631,-1.5708,99,131,0.9219,0,65.0611,-33.9389,
20.8444,-20.8444,19.8022,0,-1.25041,-1.74547,99,131,0.9447,0,70.7903,-28.2097,
26.482,-26.482,25.1579,0,-1.11652,-1.74547,99,131,0.9729,0,79.9799,-19.0201,
32.7382,-32.7382,31.1013,0,-0.967935,-1.74547,99,131,1.0008,0,90.3016,-8.69841,
36.1393,-36.1393,34.3323,0,-0.823146,-1.68145,99,131,1.0275,0,100.162,1.16214,
32.2706,-32.2706,30.6571,0,-0.680014,-1.44644,99,131,1.0578,0,109.924,10.9241,
30.8253,-30.8253,29.284,0,-0.593718,-1.32582,99,132,1.0842,0,116.143,17.1426,
13.5795,-13.5795,12.9005,0,-0.546026,-0.868539,99,132,1.1148,0,119.754,20.7539,
6.13931,-6.13931,5.83234,0,-0.556448,-0.702257,99,132,1.1409,0,119.403,20.4032,
-4.31087,4.31087,-4.09532,0,-0.621529,-0.519146,98,132,1.1703,0,115.269,17.2691,
-15.6247,15.6247,-14.8435,0,-0.729857,-0.358771,98,132,1.1982,0,108.178,10.178,
-23.1997,23.1997,-22.0397,0,-0.909763,-0.358771,98,132,1.2324,0,96.5811,-1.41892,
-28.503,28.503,-27.0778,0,-1.03572,-0.358771,98,132,1.2552,0,88.041,-9.95896,
-34.9756,34.9756,-33.2268,0,-1.18944,-0.358771,98,132,1.2828,0,77.9819,-20.0181,
-33.556,33.556,-31.8782,0,-1.3161,-0.519146,98,132,1.3089,0,69.7678,-28.2322,
-30.2213,30.2213,-28.7103,0,-1.42001,-0.702257,99,132,1.3377,0,63.2357,-35.7643,
-25.3285,25.3285,-24.062,0,-1.47009,-0.868539,99,132,1.3656,0,60.2091,-38.7909,
-7.75737,7.75737,-7.3695,0,-1.43328,-1.24905,100,131,1.4079,0,62.5276,-37.4724,
9.73394,-9.73394,9.24724,0,-1.33962,-1.5708,99,131,1.4364,0,68.4956,-30.5044,
22.9294,-22.9294,21.7829,0,-1.2009,-1.74547,99,131,1.4637,0,76.7849,-22.2151,
33.7699,-33.7699,32.0814,0,-1.01374,-1.81577,100,131,1.494,0,87.7402,-12.2598,
42.1386,-42.1386,40.0316,0,-0.814984,-1.81577,100,131,1.5252,0,99.3422,-0.657812,
50.5354,-50.5354,48.0086,0,-0.61556,-1.81577,100,131,1.5618,0,111.026,11.0258,
40.4569,-40.4569,38.4341,0,-0.48559,-1.44644,99,131,1.6059,0,119.14,20.14,
8.97483,-8.97483,8.52609,0,-0.481586,-0.694738,99,132,1.632,0,119.884,20.884,
-2.94017,2.94017,-2.79316,0,-0.533477,-0.463648,99,133,1.662,0,116.815,17.8152,
-21.7313,21.7313,-20.6447,0,-0.640473,-0.124355,98,133,1.6914,0,110.149,12.1485,
-35.4855,35.4855,-33.7112,0,-0.784024,0.0587558,99,132,1.7199,0,101.079,2.07878,
-41.7867,41.7867,-39.6974,0,-0.933679,0.0587558,99,132,1.746,0,91.5073,-7.49267,
-47.621,47.621,-45.24,0,-1.18976,-0.0587558,98,133,1.7889,0,75.9122,-22.0878,
-37.0006,37.0006,-35.1506,0,-1.31539,-0.436627,98,133,1.8162,0,67.8238,-30.1762,
-33.2204,33.2204,-31.5593,0,-1.40923,-0.620249,99,133,1.8447,0,62.1485,-36.8515,
-11.8136,11.8136,-11.2229,0,-1.44648,-1.1659,100,132,1.8774,0,60.0136,-39.9864,
-0.864382,0.864382,-0.821163,0,-1.41665,-1.39612,100,131,1.9026,0,61.7864,-38.2136,
15.0999,-15.0999,14.3449,0,-1.33653,-1.69515,100,131,1.9278,0,66.3648,-33.6352,
26.8329,-26.8329,25.4913,0,-1.17849,-1.81577,100,131,1.959,0,75.2182,-24.7818,
35.8029,-35.8029,34.0128,0,-1.00653,-1.85685,100,131,1.9857,0,84.638,-15.362,
43.3292,-43.3292,41.1628,0,-0.827778,-1.85685,100,131,2.0118,0,94.4322,-5.56779,
47.2249,-47.2249,44.8637,0,-0.6466,-1.76819,100,131,2.04,0,104.453,4.45261,
45.4483,-45.4483,43.1759,0,-0.491399,-1.5708,100,132,2.07,0,113.115,13.1154,
27.339,-27.339,25.9721,0,-0.402348,-1.05165,100,132,2.0964,0,118.083,18.0833,
17.7451,-17.7451,16.8579,0,-0.363951,-0.785398,100,133,2.1249,0,120,20,
-6.00841,6.00841,-5.70799,0,-0.387678,-0.244979,100,133,2.154,0,118.03,18.0299,
-17.4723,17.4723,-16.5986,0,-0.473722,-0.0587558,99,133,2.184,0,112.125,13.1254,
-24.2999,24.2999,-23.0849,0,-0.577124,0,99,133,2.2086,0,104.913,5.91285,
-33.0865,33.0865,-31.4322,0,-0.727049,0.0587558,99,132,2.2365,0,95.065,-3.935,
-37.5231,37.5231,-35.647,0,-0.891174,0,99,133,2.2653,0,84.2675,-14.7325,
-39.6299,39.6299,-37.6484,0,-1.06556,-0.124355,99,132,2.298,0,72.9819,-26.0181,
-37.785,37.785,-35.8957,0,-1.18344,-0.286051,99,133,2.3274,0,65.2088,-33.7912,
-33.1259,33.1259,-31.4696,0,-1.25039,-0.463648,100,133,2.3574,0,60.7307,-39.2693,
-8.5858,8.5858,-8.15651,0,-1.25556,-1.05165,100,132,2.3793,0,60.0438,-39.9562,
0.101972,-0.101972,0.0968734,0,-1.2096,-1.21203,100,132,2.4066,0,62.3344,-37.6656,
20.1079,-20.1079,19.1025,0,-1.09323,-1.5708,101,132,2.4369,0,68.6275,-32.3725,
31.7752,-31.7752,30.1864,0,-0.940491,-1.69515,100,131,2.4639,0,76.8526,-23.1474,
39.4801,-39.4801,37.5061,0,-0.757498,-1.69515,100,131,2.4912,0,86.6892,-13.3108,
42.6404,-42.6404,40.5084,0,-0.558087,-1.5708,101,132,2.52,0,97.4607,-3.5393,
49.7284,-49.7284,47.242,0,-0.389747,-1.5708,101,132,2.5464,0,106.518,5.51792,
34.0159,-34.0159,32.3151,0,-0.243774,-1.05165,100,132,2.5758,0,114.447,14.4466,
30.2042,-30.2042,28.694,0,-0.158708,-0.876058,100,132,2.6025,0,118.809,18.8088,
8.15397,-8.15397,7.74627,0,-0.128094,-0.321751,100,133,2.6319,0,119.887,19.8873,
-4.09618,4.09618,-3.89137,0,-0.15604,-0.0587558,99,133,2.6589,0,117.319,18.3188,
-18.1341,18.1341,-17.2274,0,-0.256012,0.174672,99,133,2.6907,0,110.343,11.3433,
-25.7106,25.7106,-24.4251,0,-0.365648,0.244979,99,133,2.7156,0,102.568,3.56835,
-36.8855,36.8855,-35.0412,0,-0.55428,0.321751,99,133,2.7489,0,90.4147,-8.58532,
-38.8983,38.8983,-36.9534,0,-0.678857,0.244979,99,133,2.772,0,81.8114,-17.1886,
-41.981,41.981,-39.8819,0,-0.822375,0.174672,99,133,2.7999,0,72.397,-26.603,
-37.3521,37.3521,-35.4845,0,-0.945869,-0.0587558,99,133,2.832,0,64.2742,-34.7258,
-23.3736,23.3736,-22.2049,0,-0.99175,-0.436627,100,133,2.8563,0,60.8245,-39.1755,
-8.67947,8.67947,-8.24549,0,-0.991535,-0.785398,101,133,2.8872,0,60.3519,-40.6481,
7.39512,-7.39512,7.02537,0,-0.931515,-1.10715,101,132,2.913,0,63.3559,-37.6441,
22.0414,-22.0414,20.9394,0,-0.802334,-1.32582,101,132,2.943,0,70.3024,-30.6976,
33.655,-33.655,31.9723,0,-0.647134,-1.44644,101,131,2.9691,0,78.6415,-22.3585,
38.7017,-38.7017,36.7666,0,-0.454235,-1.3734,101,132,2.9976,0,89.0954,-11.9046,
45.0504,-45.0504,42.7979,0,-0.255871,-1.32582,101,132,3.0267,0,99.8779,-1.12213,
39.2424,-39.2424,37.2803,0,-0.0983692,-1.03038,101,132,3.0525,0,108.387,7.38721,
34.5481,-34.5481,32.8207,0,0.0351194,-0.785398,101,133,3.081,0,115.53,14.5298,
18.2883,-18.2883,17.3739,0,0.112598,-0.321751,100,133,3.1086,0,119.365,19.3652,
12.8729,-12.8729,12.2292,0,0.131059,-0.174672,100,133,3.1374,0,119.637,19.6365,
-1.68793,1.68793,-1.60353,0,0.0842667,0.124355,99,133,3.1668,0,115.956,16.9556,
-18.6463,18.6463,-17.714,0,-0.00622167,0.436627,99,133,3.1932,0,109.641,10.6406,
-25.6523,25.6523,-24.3697,0,-0.145594,0.463648,99,133,3.2217,0,100.445,1.44538,
-31.4278,31.4278,-29.8564,0,-0.309784,0.436627,99,133,3.2505,0,89.8115,-9.18849,
-33.6302,33.6302,-31.9487,0,-0.476968,0.321751,99,133,3.2799,0,78.9913,-20.0087,
-36.1739,36.1739,-34.3652,0,-0.614151,0.244979,100,133,3.3078,0,70.0759,-29.9241,
-25.0746,25.0746,-23.8209,0,-0.70618,-0.110657,100,133,3.3339,0,63.9131,-36.0869,
-21.5669,21.5669,-20.4885,0,-0.757192,-0.244979,100,133,3.3627,0,60.3576,-39.6424,
-13.0386,13.0386,-12.3866,0,-0.746293,-0.436627,100,133,3.3894,0,60.4898,-39.5102,
5.14588,-5.14588,4.88859,0,-0.663183,-0.785398,101,133,3.4212,0,64.9154,-36.0846,
17.0203,-17.0203,16.1693,0,-0.546314,-0.950547,101,133,3.4464,0,71.2869,-29.7131,
27.3525,-27.3525,25.9848,0,-0.380756,-1.03038,101,132,3.4743,0,80.4789,-20.5211,
35.1973,-35.1973,33.4375,0,-0.19444,-1.03038,101,132,3.5022,0,90.8293,-10.1707,
43.7243,-43.7243,41.5381,0,0.00807466,-1.03038,101,132,3.5331,0,102.122,1.12169,
47.6738,-47.6738,45.2901,0,0.263713,-0.868539,101,132,3.5862,0,116.504,15.5041,
39.3039,-39.3039,37.3387,0,0.313218,-0.620249,101,133,3.6447,0,119.085,18.0854,
-11.3488,11.3488,-10.7814,0,0.270885,0.54042,99,133,3.6702,0,115.289,16.2894,
-30.5327,30.5327,-29.0061,0,0.150905,0.876058,98,132,3.699,0,107.937,9.93715,
-48.1531,48.1531,-45.7454,0,-0.00946664,1.13417,99,132,3.7278,0,98.2611,-0.738933,
-60.6659,60.6659,-57.6326,0,-0.19177,1.24905,98,132,3.7569,0,87.402,-10.598,
-62.7869,62.7869,-59.6476,0,-0.35702,1.13417,99,132,3.7842,0,77.5002,-21.4998,
-50.4062,50.4062,-47.8859,0,-0.50241,0.694738,99,133,3.8127,0,68.7335,-30.2665,
-35.6865,35.6865,-33.9021,0,-0.602575,0.244979,100,133,3.8415,0,62.6193,-37.3807,
-21.8648,21.8648,-20.7715,0,-0.643643,-0.124355,100,133,3.87,0,60.0592,-39.9408,
10.5022,-10.5022,9.97708,0,-0.619112,-0.868539,101,133,3.8997,0,61.4336,-39.5664,
25.0542,-25.0542,23.8015,0,-0.539133,-1.13417,101,133,3.9261,0,65.9755,-35.0245,
44.2529,-44.2529,42.0403,0,-0.395434,-1.44644,101,132,3.9555,0,74.0847,-26.9153,
51.5973,-51.5973,49.0174,0,-0.221006,-1.44644,101,132,3.9834,0,83.7872,-17.2128,
56.1148,-56.1148,53.3091,0,-0.0406743,-1.3734,101,132,4.0101,0,93.7974,-7.2026,
50.189,-50.189,47.6796,0,0.140339,-1.05165,101,132,4.0383,0,103.888,2.88774,
44.9841,-44.9841,42.7349,0,0.282974,-0.785398,101,133,4.0647,0,111.791,10.7915,
21.6912,-21.6912,20.6066,0,0.390811,-0.124355,100,133,4.0935,0,117.68,17.6802,
6.44879,-6.44879,6.12635,0,0.43921,0.286051,100,133,4.1223,0,119.983,19.9827,
-3.95611,3.95611,-3.75831,0,0.425188,0.519146,99,133,4.1499,0,118.543,19.5433,
-25.3002,25.3002,-24.0351,0,0.349668,0.950547,99,133,4.1784,0,113.495,14.4952,
-33.7173,33.7173,-32.0314,0,0.229592,1.03038,99,133,4.2054,0,105.947,6.94728,
-40.4762,40.4762,-38.4524,0,0.0690666,1.03038,99,133,4.2336,0,96.139,-2.86102,
-44.3947,44.3947,-42.175,0,-0.103828,0.950547,99,133,4.2615,0,85.6797,-13.3203,
-37.2018,37.2018,-35.3417,0,-0.277998,0.605545,100,133,4.2912,0,75.1526,-24.8474,
-30.8624,30.8624,-29.3193,0,-0.411231,0.321751,100,133,4.3194,0,67.0294,-32.9706,
-23.3499,23.3499,-22.1824,0,-0.495805,0.0587558,101,133,4.3467,0,61.8772,-39.1228,
-2.62822,2.62822,-2.49681,0,-0.526068,-0.463648,101,133,4.3764,0,60.0046,-40.9954,
5.10621,-5.10621,4.8509,0,-0.484272,-0.605545,101,133,4.407,0,62.393,-38.607,
22.5826,-22.5826,21.4535,0,-0.332202,-0.868539,102,133,4.446,0,71.1693,-30.8307,
29.4235,-29.4235,27.9523,0,-0.169731,-0.868539,102,133,4.4745,0,80.5504,-21.4496,
36.8353,-36.8353,34.9936,0,0.00629988,-0.868539,102,133,4.5018,0,90.6785,-11.3215,
44.8161,-44.8161,42.5753,0,0.188324,-0.876058,101,133,4.5303,0,101.149,0.148813,
36.4719,-36.4719,34.6483,0,0.347061,-0.519146,101,133,4.5591,0,110.288,9.28777,
34.335,-34.335,32.6182,0,0.456685,-0.358771,101,133,4.5864,0,116.539,15.5394,
19.203,-19.203,18.2428,0,0.514826,0.0587558,101,133,4.6143,0,119.729,18.7292,
6.44884,-6.44884,6.12639,0,0.511931,0.358771,100,133,4.6425,0,119.278,19.2775,
-10.5518,10.5518,-10.0243,0,0.444132,0.694738,99,133,4.6716,0,115.002,16.0015,
-22.7942,22.7942,-21.6545,0,0.327178,0.868539,99,133,4.6992,0,107.877,8.87666,
-29.2696,29.2696,-27.8061,0,0.173387,0.868539,99,133,4.7265,0,98.7311,-0.268915,
-38.717,38.717,-36.7812,0,-0.043471,0.876058,99,133,4.7607,0,85.9783,-13.0217,
-40.4109,40.4109,-38.3903,0,-0.17436,0.785398,100,133,4.7823,0,78.1548,-21.8452,
-39.402,39.402,-37.4319,0,-0.330253,0.605545,100,133,4.812,0,68.9205,-31.0795,
-30.0609,30.0609,-28.5579,0,-0.427896,0.286051,100,133,4.8387,0,63.0675,-36.9325,
-22.5692,22.5692,-21.4407,0,-0.477262,0.0587558,101,133,4.8681,0,60.1127,-40.8873,
-4.1877,4.1877,-3.97831,0,-0.458228,-0.358771,101,133,4.8978,0,61.2229,-39.7771,
10.2198,-10.2198,9.70884,0,-0.377529,-0.620249,102,133,4.926,0,65.953,-36.047,
18.8353,-18.8353,17.8936,0,-0.254918,-0.702257,102,133,4.9524,0,73.1063,-28.8937,
33.0776,-33.0776,31.4238,0,-0.0829456,-0.868539,102,133,4.9815,0,83.0883,-18.9117,
40.5064,-40.5064,38.4811,0,0.0934881,-0.868539,102,133,5.0088,0,93.3108,-8.68924,
48.0242,-48.0242,45.623,0,0.272035,-0.868539,102,133,5.0376,0,103.653,1.65329,
46.8303,-46.8303,44.4888,0,0.409962,-0.702257,102,133,5.0643,0,111.688,9.68757,
31.7563,-31.7563,30.1685,0,0.509234,-0.244979,101,134,5.0922,0,117.488,16.4875,
23.2578,-23.2578,22.0949,0,0.552373,0,101,134,5.121,0,119.962,18.9621,
8.71717,-8.71717,8.28131,0,0.528783,0.321751,100,134,5.1504,0,118.485,18.4847,
-13.9836,13.9836,-13.2844,0,0.453288,0.785398,100,133,5.1765,0,113.934,13.9338,
-26.9994,26.9994,-25.6494,0,0.324016,0.965252,100,133,5.2041,0,106.36,6.36024,
-37.8724,37.8724,-35.9788,0,0.15218,1.05165,99,133,5.2329,0,96.3971,-2.60295,
-46.3177,46.3177,-44.0018,0,-0.0483951,1.05165,99,133,5.2638,0,84.8236,-14.1764,
-48.4099,48.4099,-45.9894,0,-0.199188,0.950547,100,133,5.2884,0,76.0789,-23.9211,
-39.9318,39.9318,-37.9353,0,-0.342837,0.605545,100,133,5.3166,0,67.7225,-32.2775,
-33.7623,33.7623,-32.0742,0,-0.443084,0.358771,100,133,5.3466,0,61.8903,-38.1097,
-9.73667,9.73667,-9.24984,0,-0.476225,-0.244979,101,134,5.3736,0,60.0046,-40.9954,
3.6947,-3.6947,3.50997,0,-0.431397,-0.519146,101,133,5.409,0,62.6968,-38.3032,
14.5141,-14.5141,13.7884,0,-0.357546,-0.702257,102,133,5.4309,0,67.1023,-34.8977,
34.1926,-34.1926,32.483,0,-0.218302,-1.03038,102,133,5.4591,0,75.251,-26.749,
38.3023,-38.3023,36.3872,0,-0.0555726,-0.965252,102,133,5.4858,0,84.6751,-17.3249,
42.8386,-42.8386,40.6967,0,0.148878,-0.868539,102,133,5.5173,0,96.4707,-5.52931,
42.3785,-42.3785,40.2596,0,0.304233,-0.702257,102,133,5.5431,0,105.466,3.4655,
41.362,-41.362,39.2939,0,0.441928,-0.54042,102,133,5.5713,0,113.425,11.4247,
22.5479,-22.5479,21.4205,0,0.535513,0,101,134,5.6025,0,118.809,17.8088,
16.1157,-16.1157,15.3099,0,0.557419,0.174672,100,134,5.6286,0,119.969,19.9693,
-3.47386,3.47386,-3.30016,0,0.523041,0.605545,100,133,5.6559,0,117.767,17.7666,
-19.2083,19.2083,-18.2478,0,0.419862,0.876058,99,133,5.6859,0,111.635,12.6354,
-28.6005,28.6005,-27.1704,0,0.285991,0.965252,100,133,5.712,0,103.787,3.7874,
-35.5976,35.5976,-33.8177,0,0.119809,0.965252,100,133,5.739,0,94.1337,-5.86629,
-43.2902,43.2902,-41.1257,0,-0.0628905,0.965252,100,133,5.7672,0,83.5661,-16.4339,
-43.018,43.018,-40.8671,0,-0.23628,0.785398,100,134,5.7963,0,73.5136,-26.4864,
-37.3566,37.3566,-35.4887,0,-0.368072,0.519146,100,133,5.8245,0,65.8408,-34.1592,
-21.314,21.314,-20.2483,0,-0.447453,0.0587558,101,133,5.8521,0,61.2336,-39.7664,
-7.66917,7.66917,-7.28571,0,-0.468194,-0.286051,101,134,5.8818,0,60.1095,-40.8905,
-3.01744,3.01744,-2.86657,0,-0.430435,-0.358771,101,133,5.9073,0,62.4375,-38.5625,
16.1979,-16.1979,15.388,0,-0.317558,-0.702257,102,133,5.9388,0,69.1362,-32.8638,
25.9049,-25.9049,24.6097,0,-0.170156,-0.785398,102,134,5.9667,0,77.8094,-24.1906,
34.0523,-34.0523,32.3497,0,0.0233445,-0.785398,102,134,5.9976,0,89.0954,-12.9046,
37.7037,-37.7037,35.8185,0,0.193206,-0.702257,102,133,6.0243,0,99.0192,-2.98082,
44.581,-44.581,42.352,0,0.356542,-0.702257,102,133,6.0531,0,108.565,6.56542,
39.5736,-39.5736,37.5949,0,0.503246,-0.436627,101,134,6.09,0,117.145,16.1448,
23.1912,-23.1912,22.0316,0,0.55079,0,101,134,6.1215,0,119.971,18.971,
11.9108,-11.9108,11.3153,0,0.527861,0.244979,101,134,6.1494,0,118.601,17.6008,
-9.94451,9.94451,-9.44729,0,0.458556,0.694738,100,133,6.174,0,114.49,14.4902,
-27.0613,27.0613,-25.7083,0,0.322545,0.965252,100,133,6.2034,0,106.581,6.58081,
-36.8947,36.8947,-35.05,0,0.154128,1.03038,100,133,6.2316,0,96.875,-3.12501,
-49.5034,49.5034,-47.0283,0,-0.0415377,1.13417,100,133,6.2616,0,85.6424,-14.3576,
-49.2826,49.2826,-46.8184,0,-0.20521,0.965252,100,133,6.288,0,76.2126,-23.7874,
-43.9366,43.9366,-41.7398,0,-0.348757,0.694738,100,133,6.3159,0,67.9001,-32.0999,
-34.0264,34.0264,-32.3251,0,-0.449356,0.358771,100,133,6.3453,0,62.0653,-37.9347,
-22.9167,22.9167,-21.7709,0,-0.485516,0.0587558,101,133,6.372,0,60.0213,-40.9787,
2.37607,-2.37607,2.25726,0,-0.462715,-0.519146,102,133,6.3999,0,61.4567,-40.5433,
13.4619,-13.4619,12.7888,0,-0.382536,-0.702257,102,133,6.4272,0,66.2262,-35.7738,
34.7277,-34.7277,32.9914,0,-0.226866,-1.05165,102,133,6.4593,0,75.3167,-26.6833,
42.4098,-42.4098,40.2894,0,-0.0444164,-1.05165,102,133,6.489,0,85.8663,-16.1337,
49.1442,-49.1442,46.687,0,0.115524,-1.05165,102,133,6.5136,0,95.1022,-6.89784,
52.2758,-52.2758,49.662,0,0.291003,-0.950547,102,133,6.5424,0,105.239,3.23878,
47.0956,-47.0956,44.7408,0,0.423782,-0.694738,102,133,6.5694,0,112.971,10.9706,
31.9012,-31.9012,30.3061,0,0.512675,-0.244979,102,134,6.597,0,118.162,16.162,
18.2728,-18.2728,17.3592,0,0.544637,0.110657,101,134,6.6282,0,119.976,18.9757,
-8.07526,8.07526,-7.6715,0,0.502951,0.694738,100,133,6.6582,0,117.427,17.4268,
-22.7535,22.7535,-21.6158,0,0.424857,0.965252,100,133,6.6813,0,112.8,12.7999,
-39.174,39.174,-37.2153,0,0.281642,1.21203,100,133,6.7098,0,104.519,4.51864,
-44.9371,44.9371,-42.6902,0,0.0986487,1.1659,100,133,6.7392,0,94.059,-5.94098,
-51.8868,51.8868,-49.2925,0,-0.0981428,1.13417,100,133,6.7692,0,82.8318,-17.1682,
-47.0756,47.0756,-44.7218,0,-0.241986,0.876058,100,133,6.7929,0,74.5992,-25.4008,
-38.164,38.164,-36.2558,0,-0.387249,0.519146,100,133,6.8226,0,66.2723,-33.7277,
-30.3948,30.3948,-28.8751,0,-0.476899,0.244979,101,134,6.8523,0,61.2123,-39.7877,
-10.775,10.775,-10.2363,0,-0.500886,-0.244979,102,134,6.8778,0,60.0186,-41.9814,
5.85832,-5.85832,5.5654,0,-0.46641,-0.605545,102,134,6.9063,0,62.2908,-39.7092,
24.3882,-24.3882,23.1688,0,-0.371326,-0.950547,103,133,6.9348,0,68.0794,-34.9206,
34.8937,-34.8937,33.149,0,-0.222924,-1.05165,102,133,6.9639,0,76.8526,-25.1474,
41.2337,-41.2337,39.172,0,-0.0510773,-1.03038,103,133,6.9918,0,86.9141,-16.0859,
43.0815,-43.0815,40.9274,0,0.147127,-0.876058,102,133,7.0227,0,98.4421,-3.55789,
45.4102,-45.4102,43.1397,0,0.293095,-0.785398,103,134,7.0479,0,106.987,3.98701,
31.3875,-31.3875,29.8181,0,0.423702,-0.321751,102,134,7.0767,0,114.642,12.6416,
25.5404,-25.5404,24.2633,0,0.495926,-0.110657,102,134,7.1028,0,118.84,16.8402,
14.284,-14.284,13.5698,0,0.513918,0.174672,101,134,7.1343,0,119.795,18.7954,
-6.4907,6.4907,-6.16617,0,0.466095,0.620249,101,134,7.1619,0,116.832,15.8321,
-18.5446,18.5446,-17.6173,0,0.344964,0.785398,101,133,7.1931,0,109.669,8.66912,
-31.5593,31.5593,-29.9813,0,0.215718,0.965252,101,133,7.2171,0,102.053,1.05268,
-45.3671,45.3671,-43.0987,0,-0.0258179,1.05165,100,133,7.2552,0,88.041,-11.959,
-46.0904,46.0904,-43.7859,0,-0.218589,0.876058,100,133,7.2864,0,76.7511,-23.2489,
-40.7613,40.7613,-38.7232,0,-0.362536,0.605545,101,133,7.3143,0,68.3124,-32.6876,
-33.5319,33.5319,-31.8553,0,-0.474632,0.321751,101,134,7.3476,0,61.7608,-39.2392,
-21.1075,21.1075,-20.0521,0,-0.501303,0,102,134,7.3848,0,60.2272,-41.7728,
10.6473,-10.6473,10.1149,0,-0.449385,-0.702257,103,133,7.4136,0,63.4606,-39.5394,
21.9236,-21.9236,20.8274,0,-0.347855,-0.868539,103,133,7.44,0,69.4636,-33.5364,
37.1296,-37.1296,35.2732,0,-0.169821,-1.05165,103,133,7.4724,0,79.8024,-23.1976,
48.7819,-48.7819,46.3428,0,-0.00733538,-1.1659,103,133,7.4979,0,89.2084,-13.7916,
51.2527,-51.2527,48.69,0,0.186874,-1.03038,103,133,7.5282,0,100.41,-2.58997,
46.9063,-46.9063,44.561,0,0.328627,-0.785398,103,134,7.5534,0,108.654,5.65412,
40.8503,-40.8503,38.8078,0,0.451049,-0.519146,102,133,7.5822,0,115.765,13.7645,
32.0268,-32.0268,30.4255,0,0.515659,-0.244979,102,134,7.6104,0,119.497,17.4965,
8.32477,-8.32477,7.90853,0,0.519464,0.321751,101,134,7.6377,0,119.619,18.6188,
-7.12792,7.12792,-6.77152,0,0.450961,0.620249,101,134,7.6692,0,115.49,14.4902,
-30.1899,30.1899,-28.6804,0,0.334641,1.05165,100,133,7.6968,0,108.595,8.59501,
-39.9384,39.9384,-37.9415,0,0.185632,1.13417,101,133,7.7232,0,99.9135,-1.08654,
-47.1394,47.1394,-44.7825,0,0.0146078,1.13417,101,133,7.7499,0,90.0377,-10.9623,
-48.0898,48.0898,-45.6853,0,-0.176881,0.965252,101,133,7.7799,0,78.9913,-22.0087,
-47.1205,47.1205,-44.7645,0,-0.333714,0.785398,101,133,7.8084,0,69.9074,-31.0926,
-28.9443,28.9443,-27.4971,0,-0.44245,0.244979,102,134,7.8357,0,63.5847,-38.4153,
-18.6089,18.6089,-17.6785,0,-0.500718,-0.0587558,102,134,7.8642,0,60.2759,-41.7241,
5.18145,-5.18145,4.92237,0,-0.49719,-0.620249,103,134,7.8918,0,60.6661,-42.3339,
14.7102,-14.7102,13.9746,0,-0.436032,-0.785398,103,134,7.9185,0,64.3717,-38.6283,
23.7212,-23.7212,22.5352,0,-0.312679,-0.876058,103,133,7.9476,0,71.6426,-31.3574,
39.7243,-39.7243,37.7381,0,-0.108197,-1.05165,103,133,7.9827,0,83.5293,-19.4707,
45.0805,-45.0805,42.8264,0,0.120114,-0.950547,103,134,8.0181,0,96.7649,-6.23514,
45.2054,-45.2054,42.9451,0,0.288229,-0.785398,103,134,8.0466,0,106.581,3.58081,
35.946,-35.946,34.1487,0,0.417091,-0.436627,102,134,8.0742,0,114.092,12.092,
31.2812,-31.2812,29.7171,0,0.497949,-0.244979,102,134,8.1021,0,118.766,16.7664,
19.3823,-19.3823,18.4132,0,0.519086,0.0587558,102,134,8.1318,0,119.891,17.8905,
-2.85699,2.85699,-2.71414,0,0.472566,0.54042,101,134,8.1609,0,116.999,15.9986,
-17.1178,17.1178,-16.2619,0,0.378851,0.785398,101,134,8.187,0,111.346,10.3461,
-34.358,34.358,-32.6401,0,0.235648,1.05165,100,133,8.2146,0,102.91,2.90966,
-45.5241,45.5241,-43.2479,0,0.052971,1.13417,101,133,8.244,0,92.2598,-8.7402,
-46.0156,46.0156,-43.7148,0,-0.127619,0.965252,101,133,8.2722,0,81.7389,-19.2611,
-44.8174,44.8174,-42.5766,0,-0.279016,0.785398,101,134,8.2983,0,72.8889,-28.1111,
-42.6341,42.6341,-40.5024,0,-0.407016,0.605545,102,133,8.3265,0,65.4014,-36.5986,
-20.2276,20.2276,-19.2162,0,-0.480406,0,103,134,8.3535,0,61.0883,-41.9117,
-10.6139,10.6139,-10.0832,0,-0.497058,-0.244979,103,134,8.3835,0,60.171,-42.829,
0.805748,-0.805748,0.765461,0,-0.444511,-0.463648,103,134,8.4129,0,63.3386,-39.6614,
25.3705,-25.3705,24.1019,0,-0.347998,-0.950547,104,134,8.4387,0,69.1091,-34.8909,
29.7161,-29.7161,28.2303,0,-0.162782,-0.868539,104,133,8.4726,0,79.8733,-24.1267,
42.6773,-42.6773,40.5434,0,-0.016791,-1.03038,104,133,8.4957,0,88.3797,-15.6203,
43.1611,-43.1611,41.0031,0,0.156537,-0.868539,104,133,8.5227,0,98.4421,-5.55789,
48.0036,-48.0036,45.6034,0,0.354688,-0.785398,104,134,8.5578,0,109.924,5.92405,
37.28,-37.28,35.416,0,0.448773,-0.436627,103,134,8.5806,0,115.45,12.4503,
27.0373,-27.0373,25.6854,0,0.517781,-0.124355,102,134,8.6097,0,119.447,17.4472,
3.59856,-3.59856,3.41863,0,0.522093,0.436627,102,134,8.6379,0,119.607,17.6067,
-10.0909,10.0909,-9.58633,0,0.462599,0.702257,101,134,8.6664,0,116.031,15.0309,
-29.0993,29.0993,-27.6443,0,0.360542,1.05165,101,133,8.6919,0,110.008,9.00846,
-36.046,36.046,-34.2437,0,0.195559,1.05165,101,133,8.7216,0,100.481,-0.519286,
-43.338,43.338,-41.1711,0,0.0223719,1.05165,101,133,8.7486,0,90.5278,-10.4722,
-43.984,43.984,-41.7848,0,-0.17608,0.868539,101,134,8.7795,0,79.1317,-21.8683,
-45.6854,45.6854,-43.4012,0,-0.382772,0.702257,101,134,8.8185,0,67.2491,-33.7509,
-27.6378,27.6378,-26.2559,0,-0.481725,0.174672,102,134,8.8491,0,61.575,-40.425,
-10.9355,10.9355,-10.3887,0,-0.504696,-0.244979,103,134,8.8881,0,60.4056,-42.5944,
14.7768,-14.7768,14.038,0,-0.434449,-0.785398,104,134,8.9208,0,64.833,-39.167,
26.7311,-26.7311,25.3946,0,-0.330387,-0.965252,104,134,8.9457,0,71.0814,-32.9186,
40.12,-40.12,38.114,0,-0.18132,-1.13417,104,134,8.9724,0,79.8024,-24.1976,
48.0971,-48.0971,45.6923,0,0.00813733,-1.13417,104,134,9.0021,0,90.7916,-13.2084,
51.312,-51.312,48.7464,0,0.188283,-1.03038,104,133,9.0306,0,101.254,-2.74627,
46.3945,-46.3945,44.0748,0,0.399612,-0.702257,104,134,9.0717,0,113.519,9.51861,
28.0445,-28.0445,26.6423,0,0.491385,-0.174672,103,134,9.1038,0,118.942,15.9417,
16.2369,-16.2369,15.4251,0,0.509982,0.124355,102,134,9.1281,0,119.977,17.9772,
-9.77095,9.77095,-9.2824,0,0.470197,0.702257,101,134,9.1575,0,117.533,16.5326,
-25.6516,25.6516,-24.3691,0,0.356025,0.965252,102,133,9.189,0,110.81,8.8096,
-41.4389,41.4389,-39.367,0,0.227851,1.21203,101,133,9.2133,0,103.35,2.35031,
-48.8021,48.8021,-46.362,0,0.0529758,1.21203,101,133,9.2412,0,93.3108,-7.68924,
-58.0759,58.0759,-55.1721,0,-0.167276,1.21203,101,133,9.2751,0,80.6936,-20.3064,
-49.6918,49.6918,-47.2072,0,-0.311641,0.868539,101,134,9.3,0,72.3664,-28.6336,
-43.4847,43.4847,-41.3105,0,-0.427217,0.605545,102,134,9.3252,0,65.6852,-36.3148,
-18.4926,18.4926,-17.568,0,-0.505767,-0.0665682,103,134,9.3525,0,61.1912,-41.8088,
-7.01296,7.01296,-6.66231,0,-0.525329,-0.358771,103,134,9.3849,480,60.2319,-42.7681,
23.1373,-23.1373,21.9804,0,-0.152746,-0.702257,104,134,9.4101,480,62.8713,-41.1287,
68.8536,-68.8536,65.4109,0,0.583623,-1.05165,104,133,9.4401,480,69.4911,-34.5089,
111.906,-111.906,106.311,0,1.52361,-1.13417,104,134,9.4656,480,77.4316,-26.5684,
146.478,-146.478,139.154,0,2.5136,-0.965252,104,134,9.4932,480,87.4396,-16.5604,
179.938,-179.938,170.941,0,3.57878,-0.694738,104,134,9.5208,480,97.7524,-6.24757,
198.569,-198.569,188.641,0,4.51862,-0.197396,103,135,9.5514,480,108.058,5.0578,
157.443,-157.443,149.57,0,5.24349,1.50423,101,134,9.5772,480,114.749,13.7487,
133.12,-133.12,126.464,0,5.80925,2.64765,101,132,9.6081,480,119.326,18.326,
35.7717,-35.7717,33.9832,0,6.25671,5.40713,104,133,9.6372,480,119.648,15.6481,
6.94376,-6.94376,6.59657,0,6.69308,6.52816,103,135,9.6648,480,116.325,13.3254,
-64.9688,64.9688,-61.7204,0,7.09637,8.63938,101,133,9.6927,480,109.783,8.78274,
-65.3114,65.3114,-62.0458,0,7.55188,9.10303,102,132,9.7197,480,101.149,-0.851187,
-57.5861,57.5861,-54.7068,0,7.81213,9.1798,102,132,9.7635,480,84.935,-17.065,
-22.3321,22.3321,-21.2155,0,8.19965,8.73004,101,132,9.789,480,75.8789,-25.1211,
27.5642,-27.5642,26.186,0,8.5752,7.92055,101,133,9.8202,480,66.8366,-34.1634,
61.1036,-61.1036,58.0484,0,8.9003,7.44909,101,134,9.8454,480,62.0515,-38.9485,
87.5687,-87.5687,83.1902,0,9.14834,7.06858,101,134,9.8745,480,60.0006,-40.9994,
95.022,-95.022,90.2709,0,9.41601,7.15924,101,134,9.9063,480,62.2908,-38.7092,
77.8519,-77.8519,73.9593,0,9.64421,7.79523,101,133,9.9306,480,67.0294,-33.9706,
66.6826,-66.6826,63.3484,0,9.87432,8.29061,100,133,9.9573,480,74.6639,-25.3361,
50.5343,-50.5343,48.0076,0,10.1058,8.90563,101,132,9.9852,480,84.4526,-16.5474,
12.2803,-12.2803,11.6663,0,10.3367,10.045,103,132,10.0131,480,94.9163,-8.08369,
1.10159,-1.10159,1.04651,0,10.5851,10.5589,103,132,10.0449,480,106.043,3.04296,
-16.0576,16.0576,-15.2547,0,10.7889,11.1702,104,133,10.071,480,113.354,9.35387,
-16.7736,16.7736,-15.935,0,10.956,11.3543,103,133,10.0989,480,118.401,15.4008,
-9.76231,9.76231,-9.2742,0,11.0855,11.3173,104,133,10.1295,480,119.952,15.952,
-7.29365,7.29365,-6.92897,0,11.1441,11.3173,104,133,10.1583,480,117.411,13.4115,
-3.48506,3.48506,-3.31081,0,11.1578,11.2406,104,133,10.1865,480,111.478,7.47809,
-4.27397,4.27397,-4.06028,0,11.139,11.2406,104,133,10.2132,480,103.384,-0.61594,
-4.26932,4.26932,-4.05586,0,11.0689,11.1702,104,133,10.2438,480,92.335,-11.665,
-7.82341,7.82341,-7.43224,0,10.9844,11.1702,104,133,10.2771,480,79.9799,-24.0201,
-12.7561,12.7561,-12.1183,0,10.8673,11.1702,104,133,10.3173,480,67.5466,-36.4534,
-15.2671,15.2671,-14.5037,0,10.878,11.2406,104,133,10.3566,480,60.7984,-43.2016,
-12.0249,12.0249,-11.4237,0,10.955,11.2406,104,133,10.3803,480,60.0665,-43.9335,
-4.9386,4.9386,-4.69167,0,11.053,11.1702,104,133,10.41,480,62.8552,-41.1448,
2.78954,-2.78954,2.65006,0,11.1862,11.1199,104,133,10.4364,480,68.4956,-35.5044,
11.4544,-11.4544,10.8817,0,11.392,11.1199,104,133,10.47,480,78.9563,-25.0437,
18.7068,-18.7068,17.7715,0,11.5642,11.1199,104,133,10.494,480,87.7402,-16.2598,
26.6919,-26.6919,25.3573,0,11.7539,11.1199,104,133,10.5207,480,97.716,-6.28399,
35.6272,-35.6272,33.8459,0,11.9661,11.1199,104,133,10.5543,480,108.919,4.91865,
43.2979,-43.2979,41.133,0,12.1483,11.1199,104,133,10.596,480,118.03,14.0299,
33.8792,-33.8792,32.1853,0,12.2368,11.4322,104,134,10.6188,480,119.909,15.909,
27.1612,-27.1612,25.8031,0,12.2462,11.6011,104,134,10.6494,480,118.601,14.6008,
7.25195,-7.25195,6.88935,0,12.1982,12.026,104,134,10.6767,480,113.888,9.8883,
-10.9145,10.9145,-10.3688,0,12.0622,12.3214,104,134,10.7091,480,104.749,0.749003,
-21.3851,21.3851,-20.3159,0,11.9341,12.442,103,134,10.7319,480,96.7649,-6.23514,
-36.8961,36.8961,-35.0513,0,11.7488,12.6251,103,134,10.761,480,85.8663,-17.1337,
-44.0268,44.0268,-41.8255,0,11.5795,12.6251,103,134,10.7898,480,75.6135,-27.3865,
-46.4255,46.4255,-44.1042,0,11.4638,12.5664,103,134,10.8168,480,67.6721,-35.3279,
-41.6287,41.6287,-39.5473,0,11.403,12.3917,104,134,10.8453,480,62.0653,-41.9347,
-22.6787,22.6787,-21.5448,0,11.4222,11.9608,104,134,10.8726,480,60.0136,-43.9864,
-4.22276,4.22276,-4.01163,0,11.5008,11.6011,104,134,10.8996,480,61.4221,-42.5779,
11.8368,-11.8368,11.245,0,11.6355,11.3543,104,133,10.9278,480,66.3648,-37.6352,
34.4519,-34.4519,32.7293,0,11.8138,10.9956,105,133,10.9569,480,74.5345,-30.4655,
42.6501,-42.6501,40.5176,0,12.0085,10.9956,105,133,10.9848,480,84.3045,-20.6955,
51.4042,-51.4042,48.834,0,12.2164,10.9956,105,133,11.0136,480,95.1022,-9.89784,
56.9009,-56.9009,54.0558,0,12.4057,11.0543,104,133,11.0406,480,104.65,0.650413,
51.6484,-51.6484,49.066,0,12.581,11.3543,104,133,11.0703,480,113.187,9.18732,
34.9719,-34.9719,33.2233,0,12.7022,11.8716,104,134,11.097,480,118.162,14.162,
21.6851,-21.6851,20.6009,0,12.7596,12.2446,104,134,11.1273,480,119.987,15.9875,
-8.40073,8.40073,-7.98069,0,12.7256,12.9251,102,134,11.1573,480,117.562,15.5625,
-20.1036,20.1036,-19.0984,0,12.6081,13.0855,102,134,11.1825,480,112.503,10.5033,
-35.8628,35.8628,-34.0697,0,12.4094,13.2611,102,134,11.2104,480,104.32,2.32028,
-53.9511,53.9511,-51.2536,0,12.1536,13.4349,102,134,11.2389,480,94.171,-7.82896,
-61.607,61.607,-58.5267,0,11.8886,13.3518,102,134,11.2671,480,83.6029,-18.3971,
-57.3102,57.3102,-54.4447,0,11.6419,13.003,103,134,11.2968,480,73.3564,-29.6436,
-53.5983,53.5983,-50.9184,0,11.4681,12.741,103,134,11.3229,480,66.2032,-36.7968,
-43.7211,43.7211,-41.5351,0,11.3533,12.3917,104,134,11.352,480,61.2443,-42.7557,
-12.1776,12.1776,-11.5687,0,11.3119,11.6011,104,134,11.3814,480,60.097,-43.903,
-0.0162703,0.0162703,-0.0154568,0,11.3169,11.3173,105,133,11.4072,480,62.4226,-42.5774,
32.7219,-32.7219,31.0858,0,11.3678,10.5907,105,133,11.4351,480,68.1568,-36.8432,
36.8721,-36.8721,35.0285,0,11.4347,10.5589,105,132,11.4624,480,76.3467,-28.6533,
40.8827,-40.8827,38.8386,0,11.5299,10.5589,105,132,11.4915,480,86.8017,-18.1983,
44.6612,-44.6612,42.4281,0,11.6197,10.5589,105,132,11.5191,480,97.1316,-7.86841,
37.4672,-37.4672,35.5938,0,11.7107,10.8209,105,133,11.5473,480,106.8,1.80009,
21.4744,-21.4744,20.4007,0,11.7839,11.2739,105,133,11.5752,480,114.315,9.31475,
11.974,-11.974,11.3753,0,11.8204,11.536,105,133,11.6046,480,119.02,14.0196,
-10.4405,10.4405,-9.91849,0,11.7993,12.0472,104,134,11.6325,480,119.867,15.8669,
-17.5464,17.5464,-16.669,0,11.713,12.1297,104,134,11.6607,480,117.031,13.0314,
-26.8748,26.8748,-25.5311,0,11.5693,12.2076,104,134,11.6865,480,111.478,7.47809,
-35.6916,35.6916,-33.907,0,11.3599,12.2076,104,134,11.7162,480,102.363,-1.63739,
-46.163,46.163,-43.8548,0,11.1112,12.2076,104,134,11.7468,480,91.206,-12.794,
-45.1573,45.1573,-42.8995,0,10.8883,11.9608,104,134,11.7732,480,81.3772,-22.6228,
-46.5615,46.5615,-44.2334,0,10.6751,11.781,105,134,11.802,480,71.7621,-33.2379,
-42.7732,42.7732,-40.6345,0,10.4989,11.5147,105,134,11.8311,480,64.4504,-40.5496,
-26.081,26.081,-24.777,0,10.3761,10.9956,105,133,11.8575,480,60.7225,-44.2775,
-15.647,15.647,-14.8646,0,10.3022,10.6738,105,133,11.886,480,60.2862,-44.7138,
5.96604,-5.96604,5.66774,0,10.2687,10.127,105,132,11.916,480,63.8945,-41.1055,
16.3854,-16.3854,15.5662,0,10.2506,9.86141,105,131,11.9412,480,69.7957,-35.2043,
17.9489,-17.9489,17.0514,0,10.256,9.82967,105,132,11.9685,480,78.4325,-26.5675,
21.9503,-21.9503,20.8528,0,10.3049,9.78355,104,131,11.9982,480,89.3215,-14.6785,
23.5126,-23.5126,22.337,0,10.342,9.78355,104,131,12.0258,480,99.5569,-4.44313,
21.7859,-21.7859,20.6966,0,10.3788,9.86141,105,131,12.0537,480,108.743,3.74257,
21.4589,-21.4589,20.386,0,10.3981,9.88843,105,132,12.0813,480,115.589,10.589,
14.7763,-14.7763,14.0375,0,10.396,10.045,105,132,12.1113,480,119.557,14.5565,
2.55563,-2.55563,2.42785,0,10.354,10.2933,105,132,12.1371,480,119.654,14.6539,
-4.78198,4.78198,-4.54288,0,10.2618,10.3753,106,132,12.1689,480,115.55,9.54961,
-14.406,14.406,-13.6857,0,10.1343,10.4764,105,132,12.1971,480,108.506,3.50613,
-20.2597,20.2597,-19.2467,0,9.99526,10.4764,105,132,12.2223,480,100.233,-4.76695,
-31.2586,31.2586,-29.6957,0,9.81655,10.5589,106,132,12.2514,480,89.4722,-16.5278,
-38.3381,38.3381,-36.4211,0,9.64842,10.5589,106,132,12.279,480,79.3076,-26.6924,
-40.1918,40.1918,-38.1822,0,9.5006,10.4552,105,132,12.306,480,70.5883,-34.4117,
-35.1932,35.1932,-33.4336,0,9.37434,10.2102,106,132,12.3357,480,63.5847,-42.4153,
-27.247,27.247,-25.8846,0,9.29681,9.94392,105,131,12.3855,480,60.2608,-44.7392,
-18.6996,18.6996,-17.7646,0,9.33943,9.78355,104,131,12.4206,480,64.7921,-39.2079,
12.5135,-12.5135,11.8878,0,9.40022,9.10303,104,131,12.4617,480,76.1123,-27.8877,
34.236,-34.236,32.5242,0,9.45249,8.63938,103,131,12.489,480,85.8663,-17.1337,
42.8624,-42.8624,40.7192,0,9.5667,8.54872,103,131,12.5187,480,96.985,-6.01497,
46.3897,-46.3897,44.0702,0,9.65048,8.54872,103,131,12.5448,480,106.011,3.01109,
43.0128,-43.0128,40.8622,0,9.75159,8.73004,103,131,12.5772,480,114.749,11.7487,
37.0537,-37.0537,35.201,0,9.78566,8.90563,103,131,12.6015,480,118.701,15.7014,
25.7974,-25.7974,24.5075,0,9.79249,9.1798,104,131,12.6306,480,119.926,15.9257,
0.357892,-0.357892,0.339997,0,9.75503,9.74653,104,131,12.6573,480,117.562,13.5625,
-13.7363,13.7363,-13.0494,0,9.63896,9.9652,105,131,12.6915,480,110.121,5.12057,
-36.1263,36.1263,-34.32,0,9.53203,10.39,106,131,12.7146,480,102.91,-3.09034,
-43.9986,43.9986,-41.7986,0,9.34506,10.39,106,131,12.747,480,91.1307,-14.8693,
-50.2294,50.2294,-47.7179,0,9.19708,10.39,106,131,12.7725,480,81.6303,-24.3697,
-48.6221,48.6221,-46.191,0,9.0554,10.2102,106,131,12.7992,480,72.6113,-33.3887,
-43.182,43.182,-41.0229,0,8.93962,9.9652,105,131,12.8274,480,65.2088,-39.7912,
-23.4171,23.4171,-22.2462,0,8.86862,9.42478,105,130,12.8571,480,60.7558,-44.2442,
-10.303,10.303,-9.78789,0,8.85833,9.10303,104,130,12.8898,480,60.5173,-43.4827,
19.8024,-19.8024,18.8122,0,8.92983,8.45953,103,131,12.9252,480,65.7739,-37.2261,
30.5865,-30.5865,29.0571,0,9.01704,8.29061,103,131,12.9552,480,73.9889,-29.0111,
40.275,-40.275,38.2612,0,9.13226,8.17573,103,131,12.9819,480,83.2351,-19.7649,
41.3743,-41.3743,39.3056,0,9.27325,8.29061,103,131,13.0101,480,93.7974,-9.2026,
40.1491,-40.1491,38.1417,0,9.41307,8.45953,103,131,13.0392,480,104.188,1.1876,
37.1378,-37.1378,35.2809,0,9.5214,8.63938,103,131,13.0668,480,112.328,9.32795,
20.6955,-20.6955,19.6607,0,9.59455,9.10303,104,130,13.0944,480,117.809,13.8092,
10.6689,-10.6689,10.1354,0,9.61941,9.36602,104,130,13.1217,480,119.974,15.9742,
-0.467181,0.467181,-0.443822,0,9.58835,9.59945,104,130,13.1505,480,118.473,14.4729,
-18.3712,18.3712,-17.4526,0,9.50761,9.94392,105,130,13.1769,480,113.843,8.84261,
-24.3513,24.3513,-23.1338,0,9.36558,9.94392,105,130,13.2063,480,105.659,0.658882,
-32.0285,32.0285,-30.427,0,9.18325,9.94392,105,130,13.2363,480,95.1393,-9.8607,
-36.1054,36.1054,-34.3001,0,9.0039,9.86141,105,130,13.2639,480,84.7864,-20.2136,
-34.9285,34.9285,-33.182,0,8.84021,9.66976,105,130,13.2906,480,75.3496,-29.6504,
-36.2631,36.2631,-34.45,0,8.68788,9.54913,104,130,13.3209,480,66.6698,-37.3302,
-29.6238,29.6238,-28.1426,0,8.59686,9.30042,104,130,13.3479,480,61.7229,-42.2771,
-14.7085,14.7085,-13.9731,0,8.5563,8.90563,103,130,13.3773,480,60.0125,-42.9875,
-6.44302,6.44302,-6.12087,0,8.57702,8.73004,103,130,13.4061,480,62.262,-40.738,
11.5747,-11.5747,10.9959,0,8.64803,8.37313,103,130,13.4343,480,67.9511,-35.0489,
24.0704,-24.0704,22.8669,0,8.78442,8.21275,103,130,13.4658,480,77.5002,-25.4998,
30.2804,-30.2804,28.7664,0,8.89489,8.17573,103,130,13.4889,480,85.829,-17.171,
36.8856,-36.8856,35.0413,0,9.05177,8.17573,103,130,13.518,480,96.7281,-6.27188,
37.1503,-37.1503,35.2928,0,9.17293,8.29061,103,131,13.5432,480,105.498,2.49779,
31.0676,-31.0676,29.5142,0,9.28658,8.54872,103,130,13.5711,480,113.378,10.3775,
26.7246,-26.7246,25.3883,0,9.36475,8.73004,103,130,13.6035,480,118.912,15.9117,
16.1575,-16.1575,15.3496,0,9.37189,8.98815,103,130,13.6275,480,119.985,16.9852,
-1.80169,1.80169,-1.71161,0,9.32323,9.36602,104,130,13.6575,480,117.533,13.5326,
-15.6957,15.6957,-14.911,0,9.22668,9.59945,104,130,13.6836,480,112.227,8.22695,
-28.9333,28.9333,-27.4866,0,9.05936,9.74653,104,130,13.7148,480,102.842,-1.15844,
-36.6111,36.6111,-34.7805,0,8.87702,9.74653,104,130,13.743,480,92.6355,-11.3645,
-41.1103,41.1103,-39.0548,0,8.69339,9.66976,105,130,13.7706,480,82.3204,-22.6796,
-40.5404,40.5404,-38.5134,0,8.5207,9.48353,105,129,13.7991,480,72.6421,-32.3579,
-43.4157,43.4157,-41.2449,0,8.3349,9.36602,104,129,13.8441,480,62.2334,-41.7666,
-26.093,26.093,-24.7883,0,8.28592,8.90563,103,129,13.8705,480,60.048,-42.952,
-7.09247,7.09247,-6.73784,0,8.29108,8.45953,103,130,13.8963,480,61.0683,-41.9317,
10.624,-10.624,10.0928,0,8.42805,8.17573,103,130,13.9413,480,69.8236,-33.1764,
34.8811,-34.8811,33.1371,0,8.62365,7.79523,103,130,13.9809,480,82.8684,-20.1316,
46.1298,-46.1298,43.8233,0,8.77489,7.67931,103,131,14.0088,480,93.3108,-9.68924,
52.4236,-52.4236,49.8024,0,8.92437,7.67931,103,131,14.0358,480,103.046,0.0456181,
56.1495,-56.1495,53.342,0,9.06318,7.72963,103,130,14.0655,480,111.998,8.99766,
36.4402,-36.4402,34.6182,0,9.15606,8.29061,103,130,14.097,480,118.162,15.162,
26.4422,-26.4422,25.1201,0,9.17672,8.54872,103,129,14.1186,480,119.903,16.903,
10.0668,-10.0668,9.56344,0,9.14472,8.90563,103,129,14.1516,480,118.34,15.3395,
-23.0179,23.0179,-21.867,0,9.00246,9.54913,104,129,14.1909,480,110.288,6.28777,
-41.8746,41.8746,-39.7809,0,8.83515,9.82967,105,129,14.2203,480,100.939,-4.0615,
-49.188,49.188,-46.7286,0,8.66146,9.82967,105,129,14.2467,480,91.2437,-13.7563,
-53.9673,53.9673,-51.2689,0,8.46481,9.74653,104,129,14.2764,480,80.229,-23.771,
-52.128,52.128,-49.5216,0,8.31109,9.54913,104,129,14.3025,480,71.6128,-32.3872,
-50.4698,50.4698,-47.9463,0,8.16736,9.36602,104,129,14.3361,480,63.5135,-40.4865,
-26.1047,26.1047,-24.7995,0,8.11005,8.73004,103,129,14.3616,480,60.4243,-42.5757,
-11.1155,11.1155,-10.5598,0,8.10913,8.37313,103,129,14.3928,480,60.7474,-42.2526,
17.8893,-17.8893,16.9948,0,8.1545,7.72963,103,130,14.4162,480,63.9317,-39.0683,
35.4273,-35.4273,33.656,0,8.25875,7.41735,103,130,14.4441,480,70.6171,-32.3829,
52.8184,-52.8184,50.1775,0,8.40616,7.15172,103,131,14.4723,480,79.767,-23.233,
56.4416,-56.4416,53.6195,0,8.58892,7.24844,103,131,14.5023,480,90.867,-12.133,
48.619,-48.619,46.1881,0,8.76371,7.609,103,131,14.5314,480,101.533,-1.46727,
41.0242,-41.0242,38.973,0,8.89487,7.92055,103,130,14.5566,480,109.584,6.58359,
30.1131,-30.1131,28.6075,0,9.0058,8.29061,102,130,14.5851,480,116.307,14.3073,
3.09261,-3.09261,2.93798,0,9.0616,8.98815,103,129,14.6133,480,119.676,16.6763,
-5.21365,5.21365,-4.95297,0,9.05598,9.1798,104,129,14.6412,480,119.381,15.3805,
-18.4775,18.4775,-17.5537,0,8.98594,9.42478,104,129,14.67,480,115.33,11.3298,
-33.915,33.915,-32.2192,0,8.86428,9.66976,104,129,14.6976,480,108.357,4.35741,
-40.6406,40.6406,-38.6085,0,8.70454,9.66976,104,129,14.7249,480,99.3064,-4.69364,
-46.0677,46.0677,-43.7644,0,8.50534,9.59945,104,129,14.7552,480,88.041,-15.959,
-43.5074,43.5074,-41.332,0,8.33272,9.36602,103,129,14.7819,480,78.2935,-24.7065,
-42.2056,42.2056,-40.0953,0,8.17742,9.1798,104,129,14.8098,480,69.5186,-34.4814,
-24.2052,24.2052,-22.995,0,8.06451,8.63938,103,129,14.8377,480,63.2357,-39.7643,
-15.574,15.574,-14.7953,0,8.00325,8.37313,102,129,14.8689,480,60.0881,-41.9119,
7.1264,-7.1264,6.77008,0,8.02323,7.85398,103,130,14.9028,480,61.8121,-41.1879,
19.1752,-19.1752,18.2165,0,8.13472,7.67931,102,130,14.9379,480,68.8937,-33.1063,
32.6312,-32.6312,30.9997,0,8.2702,7.49521,102,130,14.9664,480,77.7061,-24.2939,
39.4363,-39.4363,37.4645,0,8.43182,7.49521,102,130,14.9937,480,87.6274,-14.3726,
47.3264,-47.3264,44.9601,0,8.61921,7.49521,102,130,15.0243,480,99.0192,-2.98082,
48.3126,-48.3126,45.897,0,8.82673,7.67931,102,130,15.0639,480,111.583,9.5831,
22.8161,-22.8161,21.6753,0,8.91501,8.37313,102,129,15.0915,480,117.381,15.3807,
13.2377,-13.2377,12.5758,0,8.95378,8.63938,103,129,15.1191,480,119.918,16.9176,
0.668334,-0.668334,0.634917,0,8.9215,8.90563,103,128,15.1527,480,118.201,15.2008,
-19.086,19.086,-18.1317,0,8.84713,9.30042,103,128,15.1764,480,113.957,10.9565,
-27.294,27.294,-25.9293,0,8.71779,9.36602,103,129,15.2034,480,106.581,3.58081,
-34.2322,34.2322,-32.5206,0,8.55301,9.36602,103,129,15.2307,480,97.2048,-5.79519,
-40.1878,40.1878,-38.1785,0,8.34596,9.30042,103,128,15.2622,480,85.4187,-17.5813,
-44.7379,44.7379,-42.501,0,8.18758,9.25011,104,128,15.2874,480,76.4139,-27.5861,
-36.8667,36.8667,-35.0233,0,8.03005,8.90563,103,128,15.3177,480,67.4469,-35.5531,
-33.5096,33.5096,-31.8342,0,7.92667,8.72252,103,128,15.3483,480,61.6728,-41.3272,
-11.9197,11.9197,-11.3237,0,7.89264,8.17573,102,129,15.3717,480,60.0258,-41.9742,
-2.60058,2.60058,-2.47055,0,7.91657,7.97834,102,129,15.4026,480,61.7864,-40.2136,
8.98156,-8.98156,8.53249,0,8.00073,7.78741,102,130,15.4311,480,67.1511,-34.8489,
26.668,-26.668,25.3346,0,8.12858,7.49521,102,130,15.4584,480,75.0218,-26.9782,
34.2069,-34.2069,32.4966,0,8.30762,7.49521,102,130,15.4887,480,85.7543,-16.2457,
40.9482,-40.9482,38.9007,0,8.46773,7.49521,102,130,15.5145,480,95.4362,-6.56383,
46.143,-46.143,43.8359,0,8.62813,7.53223,102,130,15.5418,480,105.044,3.04351,
43.4275,-43.4275,41.2562,0,8.76103,7.72963,102,129,15.57,480,113.115,11.1154,
28.1248,-28.1248,26.7185,0,8.8437,8.17573,102,129,15.5976,480,118.239,16.2392,
17.2993,-17.2993,16.4344,0,8.87039,8.45953,102,129,15.6246,480,120,17.9996,
-6.49643,6.49643,-6.17161,0,8.83386,8.98815,103,128,15.6543,480,117.989,14.9894,
-20.064,20.064,-19.0608,0,8.70328,9.1798,104,128,15.69,480,110.536,6.53641,
-35.9193,35.9193,-34.1233,0,8.51294,9.36602,103,128,15.7239,480,99.664,-3.33599,
-40.8355,40.8355,-38.7937,0,8.33058,9.30042,103,128,15.7518,480,89.3215,-13.6785,
-46.461,46.461,-44.138,0,8.14666,9.25011,104,128,15.7803,480,78.8512,-25.1488,
-49.949,49.949,-47.4515,0,7.99351,9.1798,104,128,15.8076,480,70.1324,-33.8676,
-35.7474,35.7474,-33.9601,0,7.87352,8.72252,103,128,15.8373,480,63.3041,-39.6959,
-27.1145,27.1145,-25.7587,0,7.81556,8.45953,102,129,15.867,480,60.1515,-41.8485,
-1.48006,1.48006,-1.40606,0,7.81883,7.85398,102,129,15.8913,480,60.6271,-41.3729,
11.7709,-11.7709,11.1824,0,7.88856,7.609,102,130,15.9213,480,64.9361,-37.0639,
29.039,-29.039,27.587,0,8.02451,7.33484,102,130,15.9522,480,73.0441,-28.9559,
34.9004,-34.9004,33.1554,0,8.16372,7.33484,102,130,15.9765,480,81.2689,-20.7311,
43.1522,-43.1522,40.9946,0,8.3597,7.33484,102,130,16.0071,480,92.6731,-9.32691,
45.8487,-45.8487,43.5562,0,8.538,7.44909,103,130,16.0359,480,103.08,0.0795559,
44.73,-44.73,42.4935,0,8.67134,7.609,102,130,16.0614,480,110.918,8.91796,
28.6017,-28.6017,27.1716,0,8.77825,8.09896,102,129,16.0905,480,117.225,15.2245,
19.004,-19.004,18.0538,0,8.82447,8.37313,102,128,16.1196,480,119.931,17.931,
1.31169,-1.31169,1.24611,0,8.76119,8.73004,102,128,16.1655,480,116.198,14.1979,
-20.9562,20.9562,-19.9084,0,8.68209,9.1798,103,128,16.1865,480,111.478,8.47809,
-32.5687,32.5687,-30.9403,0,8.52692,9.30042,103,128,16.2162,480,102.363,-0.637392,
-46.0794,46.0794,-43.7755,0,8.33039,9.42478,103,128,16.2474,480,90.98,-12.02,
-44.4227,44.4227,-42.2016,0,8.17234,9.22738,103,128,16.272,480,81.8114,-21.1886,
-47.6002,47.6002,-45.2202,0,8.00822,9.13873,103,128,16.3002,480,72.3055,-30.6945,
-28.0034,28.0034,-26.6032,0,7.88364,8.54872,102,128,16.3281,480,65.0611,-36.9389,
-19.0479,19.0479,-18.0955,0,7.80649,8.25887,102,129,16.3584,480,60.6504,-41.3496,
-9.73872,9.73872,-9.25179,0,7.79736,8.02865,102,129,16.386,480,60.2862,-41.7138,
10.21,-10.21,9.69949,0,7.85149,7.609,102,130,16.4145,480,63.6205,-38.3795,
22.4061,-22.4061,21.2858,0,7.98123,7.44909,102,130,16.4463,480,71.2574,-30.7426,
30.3748,-30.3748,28.8561,0,8.13876,7.41735,102,129,16.4742,480,80.4431,-21.5569,
37.1356,-37.1356,35.2788,0,8.29933,7.41735,102,129,16.4994,480,89.7738,-12.2262,
43.2237,-43.2237,41.0625,0,8.47565,7.44909,102,130,16.527,480,99.9846,-2.01541,
41.5829,-41.5829,39.5038,0,8.64418,7.65659,102,129,16.5573,480,109.783,7.78274,
37.5873,-37.5873,35.7079,0,8.74668,7.85398,102,129,16.5822,480,115.765,13.7645,
26.8449,-26.8449,25.5027,0,8.8133,8.17573,102,128,16.6125,480,119.631,17.6307,
7.19706,-7.19706,6.83721,0,8.81031,8.63938,102,128,16.6413,480,119.373,17.3729,
-9.61103,9.61103,-9.13048,0,8.75989,8.98815,102,128,16.665,480,116.289,14.2892,
-32.9918,32.9918,-31.3422,0,8.64122,9.42478,103,128,16.6944,480,109.296,6.29646,
-39.2538,39.2538,-37.2911,0,8.4925,9.42478,103,128,16.7211,480,100.657,-2.34288,
-46.8444,46.8444,-44.5022,0,8.31222,9.42478,103,128,16.7493,480,90.2639,-12.7361,
-44.2248,44.2248,-42.0136,0,8.12946,9.1798,103,128,16.7778,480,79.7315,-23.2685,
-42.8284,42.8284,-40.687,0,7.97098,8.98815,102,128,16.806,480,70.5883,-31.4117,
-29.6919,29.6919,-28.2073,0,7.85106,8.55624,102,128,16.8351,480,63.6927,-38.3073,
-16.2001,16.2001,-15.3901,0,7.79098,8.17573,102,128,16.863,480,60.3404,-41.6596,
5.68692,-5.68692,5.40257,0,7.79165,7.65659,102,129,16.8906,480,60.5746,-41.4254,
17.3369,-17.3369,16.4701,0,7.86084,7.44909,102,130,16.9203,480,64.7309,-37.2691,
27.5984,-27.5984,26.2185,0,7.9903,7.33484,102,129,16.9497,480,72.2751,-29.7249,
40.1224,-40.1224,38.1163,0,8.20134,7.24844,102,129,16.9851,480,84.4156,-17.5844,
45.2232,-45.2232,42.9621,0,8.40889,7.33484,102,129,17.0169,480,96.3234,-5.67663,
44.0484,-44.0484,41.846,0,8.57838,7.53223,101,130,17.0451,480,106.107,5.10662,
27.9184,-27.9184,26.5225,0,8.71444,8.05138,101,129,17.0736,480,113.957,12.9565,
21.3685,-21.3685,20.3001,0,8.79811,8.29061,101,129,17.1015,480,118.701,17.7014,
11.5312,-11.5312,10.9546,0,8.82259,8.54872,101,128,17.1309,480,119.918,18.9176,
-10.3715,10.3715,-9.85288,0,8.77356,9.01989,102,128,17.1621,480,116.798,14.7983,
-17.6847,17.6847,-16.8004,0,8.68302,9.10303,102,127,17.1873,480,111.266,9.26645,
-28.5276,28.5276,-27.1012,0,8.54985,9.22738,102,128,17.2134,480,103.317,1.31654,
-36.1263,36.1263,-34.32,0,8.36938,9.22738,102,128,17.2428,480,92.7106,-9.28937,
-41.4129,41.4129,-39.3422,0,8.19624,9.1798,102,128,17.2701,480,82.5028,-19.4972,
-45.8692,45.8692,-43.5758,0,8.01363,9.10303,102,127,17.3019,480,71.792,-30.208,
-40.379,40.379,-38.3601,0,7.86023,8.81923,101,128,17.3406,480,62.7597,-38.2403,
-23.4222,23.4222,-22.2511,0,7.81685,8.37313,101,128,17.3682,540,60.1095,-40.8905,
-0.67387,0.67387,-0.640176,0,7.83798,7.85398,101,129,17.3964,540,61.0783,-39.9217,
16.4499,-16.4499,15.6274,0,7.99969,7.609,102,129,17.4408,540,69.6845,-32.3155,
40.289,-40.289,38.2746,0,8.1906,7.23373,102,130,17.4693,540,78.7113,-23.2887,
52.3225,-52.3225,49.7064,0,8.39438,7.15172,101,130,17.4969,540,88.8316,-12.1684,
64.559,-64.559,61.3311,0,8.685,7.15172,101,130,17.5389,540,104.088,3.08785,
60.2692,-60.2692,57.2558,0,8.84875,7.41735,101,129,17.5668,540,112.328,11.3279,
38.8311,-38.8311,36.8895,0,8.95089,8.02865,101,128,17.595,540,117.893,16.8933,
22.3836,-22.3836,21.2644,0,8.99114,8.45953,101,128,17.6232,540,119.992,18.9923,
-11.8362,11.8362,-11.2444,0,8.969,9.25011,102,127,17.6514,540,118.364,16.3642,
-24.8029,24.8029,-23.5628,0,8.89446,9.48353,103,127,17.6787,540,113.425,10.4247,
-39.476,39.476,-37.5022,0,8.77327,9.71083,103,127,17.7066,540,105.562,2.5623,
-52.7112,52.7112,-50.0756,0,8.60951,9.86141,103,127,17.7363,540,95.1393,-7.8607,
-54.3905,54.3905,-51.671,0,8.45475,9.74653,102,127,17.7627,540,85.2325,-16.7675,
-54.7647,54.7647,-52.0264,0,8.29879,9.59945,102,127,17.7906,540,75.3496,-26.6504,
-34.7434,34.7434,-33.0062,0,8.163,8.98815,101,127,17.8203,540,66.8127,-34.1873,
-23.4248,23.4248,-22.2536,0,8.08304,8.63938,101,128,17.8482,540,61.6853,-39.3147,
5.9038,-5.9038,5.60861,0,8.06077,7.92055,101,128,17.8761,540,60.0029,-40.9971,
15.9995,-15.9995,15.1995,0,8.10961,7.72963,101,128,17.9058,540,62.2191,-38.7809,
32.5295,-32.5295,30.903,0,8.22167,7.44909,101,129,17.9328,540,67.5716,-33.4284,
40.8495,-40.8495,38.8071,0,8.38753,7.41735,101,128,17.9607,540,75.7792,-25.2208,
47.8931,-47.8931,45.4984,0,8.58655,7.44909,101,129,17.9883,540,85.6051,-15.3949,
51.0894,-51.0894,48.5349,0,8.82238,7.609,101,129,18.0201,540,97.4972,-3.50279,
50.8339,-50.8339,48.2922,0,9.00253,7.79523,101,128,18.0459,540,106.36,5.36024,
31.956,-31.956,30.3582,0,9.15336,8.3944,101,127,18.0732,540,113.865,12.8655,
22.6719,-22.6719,21.5383,0,9.26098,8.72252,101,127,18.1014,540,118.69,17.6904,
13.5133,-13.5133,12.8376,0,9.30909,8.98815,101,127,18.1296,540,119.95,18.9499,
-10.5622,10.5622,-10.034,0,9.29828,9.54913,102,126,18.1575,540,117.533,15.5326,
-18.3736,18.3736,-17.455,0,9.23338,9.66976,102,127,18.1854,540,111.766,9.76556,
-28.2198,28.2198,-26.8089,0,9.11333,9.78355,102,126,18.2151,540,102.739,0.739257,
-31.8262,31.8262,-30.2349,0,8.99066,9.74653,102,127,18.2406,540,93.5355,-8.46452,
-38.5334,38.5334,-36.6067,0,8.83136,9.74653,102,127,18.2706,540,82.3204,-19.6796,
-35.2256,35.2256,-33.4643,0,8.71253,9.54913,102,126,18.2967,540,73.3878,-28.6122,
-31.8722,31.8722,-30.2786,0,8.60906,9.36602,102,127,18.3246,540,65.8184,-36.1816,
-18.4638,18.4638,-17.5406,0,8.54964,8.98815,101,127,18.3543,540,61.0093,-39.9907,
-10.5485,10.5485,-10.021,0,8.554,8.80453,101,127,18.3804,540,60.069,-40.931,
2.62967,-2.62967,2.49819,0,8.61869,8.55624,101,127,18.4101,540,62.8713,-38.1287,
18.8515,-18.8515,17.9089,0,8.73833,8.29061,100,127,18.438,540,68.9205,-31.0795,
25.9496,-25.9496,24.6521,0,8.90691,8.29061,100,127,18.4665,540,77.7405,-22.2595,
33.8912,-33.8912,32.1966,0,9.09552,8.29061,100,127,18.4941,540,87.7778,-12.2222,
41.9651,-41.9651,39.8668,0,9.28728,8.29061,100,127,18.5214,540,97.9707,-2.02928,
49.8919,-49.8919,47.3973,0,9.47554,8.29061,100,127,18.5514,540,108.058,8.0578,
41.2865,-41.2865,39.2222,0,9.61994,8.63938,101,127,18.5817,540,115.667,14.6674,
34.1324,-34.1324,32.4258,0,9.695,8.88436,101,126,18.6072,540,119.253,18.2526,
9.88606,-9.88606,9.39175,0,9.71833,9.48353,102,126,18.6357,540,119.729,17.7292,
-2.92235,2.92235,-2.77624,0,9.67712,9.74653,102,126,18.6648,540,116.325,14.3254,
-26.0179,26.0179,-24.717,0,9.59225,10.2102,103,126,18.6912,540,110.204,7.20431,
-31.9899,31.9899,-30.3904,0,9.45042,10.2102,103,126,18.7203,540,100.939,-2.0615,
-42.6301,42.6301,-40.4986,0,9.19771,10.2102,103,126,18.7626,540,85.2697,-17.7303,
-48.295,48.295,-45.8803,0,9.06317,10.2102,103,126,18.789,540,75.8789,-27.1211,
-35.5428,35.5428,-33.7656,0,8.93941,9.78355,102,125,18.816,540,67.8746,-34.1254,
-31.3738,31.3738,-29.8051,0,8.85432,9.59945,102,126,18.8445,540,62.1766,-39.8234,
-6.78865,6.78865,-6.44922,0,8.82692,8.98815,101,126,18.8748,540,60.0001,-40.9999,
1.86629,-1.86629,1.77297,0,8.86356,8.81923,101,126,18.9015,540,61.6481,-39.3519,
13.6628,-13.6628,12.9797,0,8.96387,8.63938,101,126,18.9309,540,67.1023,-33.8977,
30.1022,-30.1022,28.5971,0,9.10933,8.3944,101,126,18.9588,540,75.1526,-25.8474,
38.2763,-38.2763,36.3625,0,9.28219,8.37313,100,126,18.9861,540,84.7864,-15.2136,
42.4093,-42.4093,40.2889,0,9.48145,8.47423,101,126,19.0158,540,95.9174,-5.0826,
45.816,-45.816,43.5252,0,9.64437,8.55624,101,126,19.0416,540,104.978,3.97823,
34.7798,-34.7798,33.0408,0,9.81417,8.98815,101,126,19.0758,540,114.447,13.4466,
29.9935,-29.9935,28.4938,0,9.89214,9.1798,102,126,19.1001,540,118.543,16.5433,
21.1021,-21.1021,20.047,0,9.92595,9.42478,102,126,19.1283,540,119.974,17.9742,
-1.84864,1.84864,-1.75621,0,9.90002,9.94392,102,125,19.1556,540,117.809,15.8092,
-12.7103,12.7103,-12.0747,0,9.81765,10.1195,102,125,19.1829,540,112.403,10.4033,
-30.041,30.041,-28.5389,0,9.66185,10.3753,103,126,19.215,540,102.773,-0.226621,
-39.4382,39.4382,-37.4663,0,9.5185,10.4552,103,126,19.2396,540,93.9096,-9.09044,
-47.4704,47.4704,-45.0969,0,9.32773,10.4552,103,126,19.2705,540,82.3569,-20.6431,
-42.7485,42.7485,-40.6111,0,9.1949,10.2102,103,125,19.2945,540,74.0847,-28.9153,
-41.8432,41.8432,-39.7511,0,9.05125,10.045,103,125,19.3269,540,65.3154,-37.6846,
-31.8071,31.8071,-30.2168,0,8.99111,9.74653,102,125,19.3509,540,61.3653,-40.6347,
-8.67356,8.67356,-8.23989,0,8.9738,9.1798,102,125,19.3797,540,60.0523,-41.9477,
4.7549,-4.7549,4.51716,0,9.01856,8.90563,101,125,19.4073,540,62.4375,-38.5625,
23.697,-23.697,22.5122,0,9.11904,8.55624,101,125,19.4349,540,68.1052,-32.8948,
34.5101,-34.5101,32.7846,0,9.29385,8.47423,101,126,19.4673,540,78.0164,-22.9836,
41.7501,-41.7501,39.6626,0,9.4658,8.47423,101,126,19.494,540,87.7402,-13.2598,
45.8877,-45.8877,43.5934,0,9.64607,8.55624,101,125,19.5213,540,97.9344,-3.06563,
47.1073,-47.1073,44.7519,0,9.84132,8.72252,101,125,19.5546,540,109.006,8.00629,
33.8342,-33.8342,32.1425,0,9.94229,9.13873,101,125,19.5768,540,114.663,13.6631,
29.8818,-29.8818,28.3877,0,10.0238,9.31412,102,125,19.6056,540,119.113,17.1129,
6.43593,-6.43593,6.11413,0,10.0413,9.88843,103,125,19.6353,540,119.749,16.7491,
-9.13131,9.13131,-8.67474,0,9.99331,10.2102,103,125,19.6635,540,116.557,13.5569,
-24.3773,24.3773,-23.1584,0,9.89747,10.4764,103,125,19.6896,540,110.646,7.64608,
-35.1379,35.1379,-33.381,0,9.72442,10.5589,103,125,19.7217,540,100.445,-2.55462,
-38.0524,38.0524,-36.1498,0,9.57268,10.4764,103,125,19.746,540,91.5073,-11.4927,
-42.1341,42.1341,-40.0274,0,9.37464,10.3753,104,125,19.7772,540,79.9443,-24.0557,
-37.199,37.199,-35.339,0,9.24356,10.127,103,125,19.8006,540,72.184,-30.816,
-34.9603,34.9603,-33.2123,0,9.11362,9.94392,103,124,19.8306,540,64.5497,-38.4503,
-18.3767,18.3767,-17.4578,0,9.04709,9.48353,103,124,19.8588,540,60.6195,-42.3805,
-8.83773,8.83773,-8.39584,0,9.04021,9.25011,102,124,19.8855,540,60.2608,-41.7392,
11.6682,-11.6682,11.0848,0,9.09635,8.81923,101,124,19.9146,540,63.6385,-37.3615,
20.0644,-20.0644,19.0612,0,9.20657,8.73004,101,124,19.9425,540,70.1606,-30.8394,
30.7622,-30.7622,29.2241,0,9.36998,8.63938,101,125,19.9722,540,79.7315,-21.2685,
37.8588,-37.8588,35.9659,0,9.53853,8.63938,101,125,19.9989,540,89.5853,-11.4147,
41.1085,-41.1085,39.0531,0,9.70637,8.73004,101,124,20.0253,540,99.378,-1.62199,
40.8184,-40.8184,38.7775,0,9.87507,8.90563,101,124,20.0553,540,109.21,8.20973,
34.3879,-34.3879,32.6685,0,9.99651,9.1798,102,124,20.085,540,116.289,14.2892,
19.2295,-19.2295,18.268,0,10.0561,9.59945,102,124,20.1141,540,119.719,17.719,
7.94689,-7.94689,7.54954,0,10.0501,9.86141,103,124,20.1426,540,119.269,16.2693,
-5.86633,5.86633,-5.57302,0,9.98771,10.127,103,124,20.169,540,115.53,12.5298,
-22.6018,22.6018,-21.4717,0,9.85324,10.39,104,124,20.1999,540,107.664,3.66404,
-28.6467,28.6467,-27.2144,0,9.70967,10.39,104,124,20.2248,540,99.3422,-4.65781,
-35.7993,35.7993,-34.0093,0,9.5398,10.39,104,124,20.2512,540,89.5476,-14.4524,
-43.4593,43.4593,-41.2863,0,9.35787,10.39,104,124,20.2797,540,79.0615,-24.9385,
-46.1281,46.1281,-43.8217,0,9.19778,10.2933,103,124,20.3088,540,69.7957,-33.2043,
-31.289,31.289,-29.7246,0,9.08656,9.82967,103,124,20.3373,540,63.3041,-39.6959,
-21.69,21.69,-20.6055,0,9.034,9.54913,103,123,20.3643,540,60.2708,-42.7292,
-2.67546,2.67546,-2.54169,0,9.03949,9.10303,102,123,20.3919,540,60.674,-41.326,
12.086,-12.086,11.4817,0,9.10628,8.81923,101,124,20.4201,540,64.6904,-36.3096,
24.8334,-24.8334,23.5917,0,9.22917,8.63938,101,124,20.4486,540,71.9422,-29.0578,
31.4688,-31.4688,29.8954,0,9.38676,8.63938,101,124,20.4762,540,81.1608,-19.8392,
39.2241,-39.2241,37.2629,0,9.57095,8.63938,101,124,20.505,540,91.8837,-9.11628,
39.3806,-39.3806,37.4115,0,9.75452,8.81923,101,124,20.5344,540,102.568,1.56835,
38.0609,-38.0609,36.1579,0,9.8921,8.98815,101,124,20.5602,540,110.591,9.59131,
34.518,-34.518,32.7921,0,9.9996,9.1798,102,124,20.5881,540,116.832,14.8321,
21.2479,-21.2479,20.1855,0,10.0538,9.54913,102,123,20.6193,540,119.923,17.9231,
7.50234,-7.50234,7.12722,0,10.0396,9.86141,103,123,20.6457,540,118.991,15.9907,
-14.5938,14.5938,-13.8641,0,9.94672,10.2933,103,124,20.6784,540,113.495,10.4952,
-23.3696,23.3696,-22.2011,0,9.8203,10.3753,104,124,20.7048,540,106.138,2.13841,
-30.4387,30.4387,-28.9168,0,9.65241,10.3753,104,124,20.7327,540,96.4707,-7.52931,
-38.6778,38.6778,-36.7439,0,9.45673,10.3753,104,124,20.7627,540,85.2325,-18.7675,
-45.249,45.249,-42.9865,0,9.30066,10.3753,104,124,20.7879,540,76.2461,-27.7539,
-37.1686,37.1686,-35.3101,0,9.16227,10.045,104,124,20.8146,540,68.2344,-35.7656,
-33.6382,33.6382,-31.9563,0,9.0625,9.86141,103,123,20.8425,540,62.4674,-40.5326,
-14.5929,14.5929,-13.8633,0,9.01944,9.36602,102,123,20.8719,540,60.0228,-41.9772,
-2.63927,2.63927,-2.50731,0,9.04034,9.10303,102,123,20.8992,540,61.3766,-40.6234,
9.80586,-9.80586,9.31556,0,9.11725,8.88436,102,123,20.9262,540,65.9981,-36.0019,
22.2032,-22.2032,21.093,0,9.24985,8.72252,102,123,20.9547,540,73.8298,-28.1702,
37.0309,-37.0309,35.1793,0,9.43572,8.55624,102,123,20.9859,540,84.7122,-17.2878,
40.0815,-40.0815,38.0775,0,9.59132,8.63938,102,123,21.0102,540,93.8348,-8.16521,
44.0647,-44.0647,41.8615,0,9.76906,8.72252,102,123,21.0393,540,104.221,2.2208,
43.5188,-43.5188,41.3429,0,9.91793,8.88436,102,123,21.0693,540,112.946,10.9463,
26.8618,-26.8618,25.5187,0,10.004,9.36602,102,123,21.096,540,118.03,16.0299,
18.451,-18.451,17.5285,0,10.0377,9.59945,103,123,21.1251,540,120,17,
6.20625,-6.20625,5.89594,0,10.0088,9.86141,103,122,21.1521,540,118.277,15.2771,
-19.1486,19.1486,-18.1912,0,9.92054,10.3753,104,123,21.18,540,113.115,9.1154,
-26.118,26.118,-24.8121,0,9.76973,10.39,104,123,21.21,540,104.453,0.45261,
-37.7213,37.7213,-35.8352,0,9.58055,10.4764,104,123,21.2403,540,93.6478,-10.3522,
-44.706,44.706,-42.4707,0,9.41466,10.4764,104,123,21.2655,540,84.1935,-19.8065,
-40.3228,40.3228,-38.3066,0,9.25251,10.2102,104,123,21.2919,540,74.9239,-29.0761,
-39.0978,39.0978,-37.1429,0,9.10175,10.0303,104,122,21.3225,540,66.2953,-37.7047,
-32.3423,32.3423,-30.7252,0,9.01542,9.78355,103,122,21.3507,540,61.3879,-41.6121,
-10.981,10.981,-10.4319,0,8.98931,9.25011,103,122,21.3774,540,60.0136,-42.9864,
-1.88354,1.88354,-1.78936,0,9.02127,9.06601,102,122,21.4047,540,62.0653,-39.9347,
20.148,-20.148,19.1406,0,9.11789,8.63938,102,123,21.4341,540,67.9001,-34.0999,
29.7173,-29.7173,28.2314,0,9.26202,8.55624,102,122,21.4626,540,76.4139,-25.5861,
36.4201,-36.4201,34.5991,0,9.42122,8.55624,102,122,21.4887,540,85.7543,-16.2457,
41.04,-41.04,38.988,0,9.61408,8.63938,102,123,21.5187,540,96.985,-5.01497,
44.1026,-44.1026,41.8975,0,9.76996,8.72252,102,122,21.5451,540,106.107,4.10662,
35.226,-35.226,33.4647,0,9.90263,9.06601,102,122,21.5733,540,113.888,11.8883,
23.5318,-23.5318,22.3552,0,9.98366,9.42478,103,122,21.6009,540,118.635,15.6347,
19.2817,-19.2817,18.3176,0,10.0071,9.54913,103,122,21.6288,540,119.966,16.9658,
-3.37307,3.37307,-3.20442,0,9.95021,10.0303,104,122,21.6633,540,116.592,12.5919,
-14.5327,14.5327,-13.806,0,9.86503,10.2102,104,122,21.6861,540,111.583,7.5831,
-32.2772,32.2772,-30.6634,0,9.70984,10.4764,104,122,21.7155,540,102.603,-1.39743,
-39.8619,39.8619,-37.8688,0,9.52971,10.4764,104,122,21.744,540,92.2598,-11.7402,
-47.6664,47.6664,-45.2831,0,9.34435,10.4764,104,122,21.7725,540,81.6303,-22.3697,
-48.309,48.309,-45.8935,0,9.1535,10.3008,104,122,21.8058,540,70.6459,-33.3541,
-31.9687,31.9687,-30.3703,0,9.02429,9.78355,104,121,21.8382,540,63.151,-40.849,
-24.0404,24.0404,-22.8384,0,8.97817,9.54913,103,121,21.8601,540,60.5243,-42.4757,
-13.6825,13.6825,-12.9984,0,8.97546,9.30042,103,121,21.8892,540,60.4764,-42.5236,
16.5115,-16.5115,15.686,0,9.03153,8.63938,102,122,21.9162,540,63.9317,-38.0683,
21.2905,-21.2905,20.2259,0,9.14503,8.63938,102,122,21.9441,540,70.6171,-31.3829,
35.9354,-35.9354,34.1386,0,9.31299,8.45953,102,122,21.9741,540,80.4074,-21.5926,
39.0254,-39.0254,37.0741,0,9.47557,8.54872,102,122,21.9996,540,89.8492,-12.1508,
42.9352,-42.9352,40.7884,0,9.65909,8.63938,102,122,22.0284,540,100.481,-1.51929,
43.0166,-43.0166,40.8658,0,9.82617,8.80453,103,122,22.0587,540,110.176,7.17643,
36.5197,-36.5197,34.6937,0,9.93335,9.06601,103,121,22.0857,540,116.415,13.4153,
18.4754,-18.4754,17.5516,0,9.98792,9.54913,103,121,22.1112,540,119.55,16.55,
8.83866,-8.83866,8.39673,0,9.99347,9.78355,104,121,22.1343,540,119.795,15.7954,
-4.92016,4.92016,-4.67416,0,9.91347,10.0303,104,121,22.1712,540,115.085,11.0846,
-21.0325,21.0325,-19.9808,0,9.7938,10.2933,104,122,22.1988,540,107.998,3.99753,
-31.1049,31.1049,-29.5497,0,9.63658,10.3753,105,122,22.2261,540,98.8752,-6.12476,
-42.6937,42.6937,-40.559,0,9.36135,10.3753,105,122,22.2687,540,83.015,-21.985,
-42.9392,42.9392,-40.7922,0,9.19037,10.2102,105,121,22.2978,540,73.0441,-31.9559,
-36.7764,36.7764,-34.9376,0,9.07048,9.94392,104,121,22.3236,540,66.0435,-37.9565,
-33.6225,33.6225,-31.9414,0,8.98501,9.78355,104,121,22.3536,540,61.0783,-42.9217,
-16.8014,16.8014,-15.9613,0,8.96699,9.36602,103,121,22.3803,540,60.0665,-42.9335,
-2.38761,2.38761,-2.26823,0,9.0093,9.06601,103,121,22.4085,540,62.6193,-40.3807,
20.6441,-20.6441,19.6119,0,9.12968,8.63938,103,122,22.4409,540,69.7122,-33.2878,
29.9891,-29.9891,28.4896,0,9.26096,8.54872,102,121,22.4655,540,77.3974,-24.6026,
40.9189,-40.9189,38.873,0,9.43135,8.45953,102,122,22.4928,540,87.2894,-14.7106,
44.4248,-44.4248,42.2035,0,9.61133,8.55624,103,121,22.5207,540,97.716,-5.28399,
48.3456,-48.3456,45.9283,0,9.78759,8.63938,102,122,22.551,540,107.937,5.93715,
38.5062,-38.5062,36.5809,0,9.90267,8.98815,103,121,22.5768,540,114.663,11.6631,
28.5207,-28.5207,27.0947,0,9.97779,9.30042,103,121,22.6047,540,119.029,16.0292,
8.79633,-8.79633,8.35652,0,9.99246,9.78355,104,121,22.6338,540,119.817,15.8168,
-7.5558,7.5558,-7.17801,0,9.94758,10.127,104,121,22.6602,540,117.113,13.1126,
-30.2874,30.2874,-28.773,0,9.83962,10.5589,105,121,22.689,540,110.81,5.8096,
-36.8369,36.8369,-34.9951,0,9.68407,10.5589,105,121,22.7175,540,101.914,-3.08556,
-49.9257,49.9257,-47.4295,0,9.37321,10.5589,105,121,22.7655,540,84.1935,-20.8065,
-49.5228,49.5228,-47.0467,0,9.11715,10.2933,105,121,22.8096,540,69.5738,-35.4262,
-34.8391,34.8391,-33.0971,0,9.03398,9.86141,105,120,22.8294,540,64.7921,-40.2079,
-17.3908,17.3908,-16.5212,0,8.95299,9.36602,103,121,22.8657,540,60.2046,-42.7954,
-3.21521,3.21521,-3.05445,0,8.98965,9.06601,103,120,22.9077,540,62.4974,-40.5026,
21.0037,-21.0037,19.9535,0,9.04756,8.54872,102,121,22.9275,540,66.2953,-35.7047,
37.4725,-37.4725,35.5989,0,9.18058,8.29061,102,121,22.9557,540,74.1486,-27.8514,
44.5788,-44.5788,42.3499,0,9.34936,8.29061,102,121,22.9839,540,83.9718,-18.0282,
49.6106,-49.6106,47.1301,0,9.55138,8.37313,102,121,23.0151,540,95.6585,-6.34153,
48.1967,-48.1967,45.7868,0,9.70091,8.55624,103,121,23.0397,540,104.353,1.3534,
43.7044,-43.7044,41.5192,0,9.84251,8.80453,103,121,23.0679,540,112.603,9.60277,
21.6092,-21.6092,20.5287,0,9.938,9.42478,103,120,23.097,540,118.162,15.162,
12.6842,-12.6842,12.05,0,9.97101,9.66976,104,120,23.1243,540,119.999,15.9988,
-11.2503,11.2503,-10.6877,0,9.94298,10.2102,105,120,23.1525,540,118.226,13.2264,
-21.9187,21.9187,-20.8228,0,9.85476,10.3753,105,121,23.1804,540,113.019,8.01898,
-31.3923,31.3923,-29.8227,0,9.70959,10.4552,105,121,23.2095,540,104.618,-0.382496,
-44.08,44.08,-41.876,0,9.51205,10.5589,105,120,23.2413,540,93.2733,-11.7267,
-47.2999,47.2999,-44.9349,0,9.35306,10.4764,105,120,23.2656,540,84.1565,-20.8435,
-39.9119,39.9119,-37.9163,0,9.17161,10.1195,105,120,23.2956,540,73.7347,-31.2653,
-34.6263,34.6263,-32.895,0,9.03903,9.86141,105,119,23.3232,540,66.1345,-38.8655,
-30.1114,30.1114,-28.6058,0,8.95461,9.66976,104,120,23.3508,540,61.3766,-42.6234,
-5.78016,5.78016,-5.49115,0,8.92873,9.06601,103,119,23.3811,540,60.0881,-42.9119,
6.07051,-6.07051,5.76698,0,8.96341,8.81923,103,120,23.4069,540,62.3783,-40.6217,
24.7198,-24.7198,23.4838,0,9.06133,8.47423,103,120,23.4357,540,68.3124,-34.6876,
33.9334,-33.9334,32.2367,0,9.20032,8.3944,103,120,23.463,540,76.5485,-26.4515,
40.8377,-40.8377,38.7958,0,9.3643,8.3944,103,120,23.4897,540,86.1278,-16.8722,
41.8186,-41.8186,39.7277,0,9.54943,8.55624,103,120,23.5185,540,96.9117,-6.08832,
45.5906,-45.5906,43.3111,0,9.72216,8.63938,103,120,23.5479,540,106.987,3.98701,
32.8437,-32.8437,31.2015,0,9.84605,9.06601,103,119,23.5749,540,114.248,11.2483,
26.4953,-26.4953,25.1705,0,9.92969,9.30042,103,119,23.6055,540,119.104,16.1038,
3.53932,-3.53932,3.36236,0,9.94546,9.86141,105,119,23.6304,540,119.931,14.931,
-6.10649,6.10649,-5.80117,0,9.9,10.045,105,120,23.6598,540,117.177,12.1768,
-17.46,17.46,-16.587,0,9.7955,10.2102,105,120,23.6883,540,110.999,5.99888,
-31.5505,31.5505,-29.9729,0,9.626,10.3753,105,120,23.7198,540,101.114,-3.88619,
-34.8637,34.8637,-33.1206,0,9.4653,10.2933,105,120,23.7453,540,91.7708,-13.2292,
-39.0818,39.0818,-37.1277,0,9.28198,10.2102,105,120,23.7738,540,81.1608,-23.8392,
-45.7002,45.7002,-43.4152,0,9.1248,10.2102,105,119,23.8011,540,72.0326,-32.9674,
-36.843,36.843,-35.0008,0,8.98638,9.86141,105,119,23.8335,540,63.9879,-41.0121,
-26.1392,26.1392,-24.8322,0,8.92833,9.54913,104,119,23.8587,540,60.6271,-43.3729,
-13.9127,13.9127,-13.217,0,8.91968,9.25011,104,119,23.8851,540,60.2413,-43.7587,
10.3209,-10.3209,9.80482,0,8.97516,8.73004,103,119,23.9145,540,63.6205,-39.3795,
21.8429,-21.8429,20.7508,0,9.07501,8.55624,103,119,23.9403,540,69.5462,-33.4538,
32.7935,-32.7935,31.1539,0,9.25308,8.47423,103,120,23.9727,540,79.9088,-23.0912,
40.6173,-40.6173,38.5864,0,9.43889,8.47423,103,120,24.0018,540,90.6785,-12.3215,
47.8384,-47.8384,45.4464,0,9.61039,8.47423,103,120,24.0288,540,100.622,-2.37812,
42.8721,-42.8721,40.7285,0,9.74825,8.73004,103,119,24.0534,540,108.654,5.65412,
40.3995,-40.3995,38.3796,0,9.86512,8.90563,103,119,24.0807,540,115.47,12.4703,
18.9045,-18.9045,17.9593,0,9.93252,9.48353,104,119,24.1089,540,119.388,15.3881,
7.90657,-7.90657,7.51124,0,9.93431,9.74653,104,119,24.1407,540,119.418,15.418,
-9.80494,9.80494,-9.3147,0,9.81216,10.045,105,119,24.1836,540,112.227,7.22695,
-25.6334,25.6334,-24.3517,0,9.69204,10.3008,105,119,24.2082,540,105.044,0.0435101,
-33.0094,33.0094,-31.3589,0,9.50934,10.2933,105,119,24.2382,540,94.4322,-10.5678,
-44.4004,44.4004,-42.1804,0,9.23881,10.2933,105,119,24.2805,540,78.7812,-26.2188,
-44.4712,44.4712,-42.2476,0,9.07084,10.127,105,119,24.312,540,68.9205,-36.0795,
-37.1332,37.1332,-35.2765,0,8.97949,9.86141,105,118,24.336,540,63.5313,-41.4687,
-28.6427,28.6427,-27.2106,0,8.91919,9.59945,104,119,24.3732,540,60.0077,-43.9923,
-12.1357,12.1357,-11.5289,0,8.96188,9.25011,104,118,24.4077,540,62.4974,-41.5026,
17.369,-17.369,16.5006,0,9.05189,8.63938,103,119,24.4341,540,67.9001,-35.0999,
34.5156,-34.5156,32.7898,0,9.19287,8.37313,103,119,24.4617,540,76.1123,-26.8877,
48.5484,-48.5484,46.121,0,9.36578,8.21275,103,119,24.4896,540,86.0904,-16.9096,
51.215,-51.215,48.6542,0,9.58948,8.37313,103,119,24.5241,540,98.9472,-4.05276,
52.9893,-52.9893,50.3398,0,9.71802,8.45953,103,119,24.546,540,106.392,3.39183,
39.5959,-39.5959,37.6161,0,9.84603,8.90563,103,118,24.573,540,113.82,10.8197,
28.6197,-28.6197,27.1887,0,9.92982,9.25011,104,118,24.6012,540,118.668,14.6682,
16.7485,-16.7485,15.9111,0,9.94691,9.54913,104,118,24.6384,540,119.576,15.5757,
-9.54618,9.54618,-9.06887,0,9.90031,10.127,105,119,24.6633,540,116.592,11.5919,
-20.4987,20.4987,-19.4737,0,9.80647,10.2933,105,119,24.6882,540,111.026,6.02578,
-36.5404,36.5404,-34.7133,0,9.66409,10.5319,105,119,24.7152,540,102.705,-2.29488,
-48.1399,48.1399,-45.7329,0,9.49348,10.6368,105,119,24.7425,540,92.8232,-12.1768,
-52.8702,52.8702,-50.2267,0,9.30328,10.5589,106,119,24.7719,540,81.8477,-24.1523,
-48.9751,48.9751,-46.5263,0,9.13768,10.3008,105,118,24.8004,540,72.2447,-32.7553,
-39.9153,39.9153,-37.9195,0,9.01721,9.9652,105,118,24.8274,540,65.2088,-39.7912,
-20.3703,20.3703,-19.3518,0,8.94098,9.42478,105,118,24.8568,540,60.7812,-44.2188,
-10.5465,10.5465,-10.0192,0,8.92932,9.1798,104,118,24.8841,540,60.1959,-43.8041,
17.8963,-17.8963,17.0015,0,8.97376,8.54872,103,118,24.9105,540,62.936,-40.064,
22.5645,-22.5645,21.4363,0,9.08463,8.54872,103,118,24.9399,540,69.4361,-33.5639,
36.6143,-36.6143,34.7836,0,9.24272,8.37313,103,118,24.969,540,78.6066,-24.3934,
36.1935,-36.1935,34.3838,0,9.40832,8.54872,103,118,24.9951,540,88.1539,-14.8461,
44.3492,-44.3492,42.1317,0,9.60201,8.54872,103,118,25.0251,540,99.3064,-3.69364,
39.559,-39.559,37.5811,0,9.75876,8.81923,103,118,25.0524,540,108.357,5.35741,
36.3914,-36.3914,34.5718,0,9.88418,9.01989,104,118,25.0812,540,115.569,11.5694,
29.4817,-29.4817,28.0076,0,9.9503,9.25011,104,117,25.1076,540,119.286,15.2857,
5.47728,-5.47728,5.20341,0,9.95976,9.82967,105,118,25.137,540,119.66,14.6596,
-2.345,2.345,-2.22775,0,9.9095,9.9652,105,118,25.1637,540,116.522,11.5218,
-24.8805,24.8805,-23.6365,0,9.78441,10.3753,106,118,25.1952,540,109.065,3.06456,
-31.3947,31.3947,-29.825,0,9.6444,10.39,106,118,25.2207,540,100.798,-5.20205,
-37.9412,37.9412,-36.0441,0,9.47422,10.3753,106,118,25.2477,540,90.867,-15.133,
-46.2778,46.2778,-43.9639,0,9.27623,10.3753,106,118,25.2789,540,79.3429,-26.6571,
-42.0136,42.0136,-39.9129,0,9.12921,10.127,105,118,25.3056,540,70.7035,-34.2965,
-35.9667,35.9667,-34.1684,0,9.0072,9.86141,105,117,25.3359,540,63.549,-41.451,
-22.3213,22.3213,-21.2052,0,8.9534,9.48353,105,117,25.3623,540,60.3812,-44.6188,
-12.343,12.343,-11.7259,0,8.95696,9.25011,104,117,25.3914,540,60.6348,-43.3652,
12.3345,-12.3345,11.7177,0,9.02298,8.73004,103,117,25.4196,540,64.5897,-38.4103,
24.6122,-24.6122,23.3816,0,9.13326,8.54872,103,117,25.4457,540,71.0814,-31.9186,
34.9235,-34.9235,33.1773,0,9.28896,8.45953,103,118,25.4733,540,80.1221,-22.8779,
43.0276,-43.0276,40.8762,0,9.48143,8.45953,103,118,25.5033,720,91.2437,-11.7563,
49.8748,-49.8748,47.3811,0,9.64405,8.45953,103,118,25.5294,720,100.833,-2.16689,
44.1423,-44.1423,41.9352,0,9.77842,8.73004,103,117,25.5576,720,109.868,6.86762,
35.8104,-35.8104,34.0199,0,9.83865,8.98815,104,117,25.587,720,116.644,12.6441,
13.0593,-13.0593,12.4063,0,9.79369,9.48353,105,117,25.6143,720,119.729,14.7292,
-7.60653,7.60653,-7.22621,0,9.68075,9.86141,105,117,25.6416,720,119.35,14.3496,
-38.8797,38.8797,-36.9358,0,9.46664,10.39,106,117,25.6746,720,114.359,8.35884,
-49.185,49.185,-46.7258,0,9.22189,10.39,106,117,25.6992,720,107.877,1.87666,
-61.5986,61.5986,-58.5187,0,8.92706,10.39,106,117,25.7292,720,97.7524,-8.24757,
-66.0848,66.0848,-62.7805,0,8.64066,10.2102,106,117,25.7553,720,88.0034,-17.9966,
-67.5577,67.5577,-64.1798,0,8.3607,9.9652,105,117,25.7838,720,77.6374,-27.3626,
-47.6631,47.6631,-45.2799,0,8.09538,9.22738,104,117,25.8147,720,68.2085,-35.7915,
-37.7053,37.7053,-35.8201,0,7.92373,8.81923,103,117,25.8408,720,62.7282,-40.2718,
-22.2905,22.2905,-21.176,0,7.84373,8.37313,103,117,25.8699,720,60.0616,-42.9384,
11.4404,-11.4404,10.8684,0,7.88071,7.609,104,119,25.8963,720,61.0683,-42.9317,
30.0314,-30.0314,28.5298,0,8.04808,7.33484,103,119,25.926,720,65.953,-37.047,
49.7698,-49.7698,47.2813,0,8.34128,7.15924,103,119,25.9518,720,72.9199,-30.0801,
73.2085,-73.2085,69.548,0,8.71662,6.97792,103,119,25.9842,720,84.0826,-18.9174,
85.3024,-85.3024,81.0373,0,9.09452,7.06858,104,119,26.0103,720,93.8722,-10.1278,
80.6029,-80.6029,76.5727,0,9.44655,7.53223,103,119,26.0361,720,103.147,0.147369,
79.5792,-79.5792,75.6003,0,9.74399,7.85398,103,118,26.0664,720,112.227,9.22695,
40.7628,-40.7628,38.7247,0,9.95627,8.98815,103,117,26.0928,720,117.577,14.5774,
25.6125,-25.6125,24.3319,0,10.0918,9.48353,104,116,26.1204,720,119.95,15.9499,
5.77102,-5.77102,5.48247,0,10.1674,10.0303,105,116,26.1495,720,118.589,13.5894,
-25.3221,25.3221,-24.056,0,10.1968,10.7982,106,117,26.1801,720,113.091,7.09135,
-39.1726,39.1726,-37.214,0,10.1896,11.1199,105,117,26.2068,720,105.498,0.497793,
-41.5756,41.5756,-39.4968,0,10.1828,11.1702,106,117,26.2338,720,96.0652,-9.93484,
-42.4407,42.4407,-40.3187,0,10.112,11.1199,105,117,26.2656,720,84.1565,-20.8435,
-26.7975,26.7975,-25.4577,0,10.1142,10.7506,106,117,26.2884,720,76.0789,-29.9211,
-13.1547,13.1547,-12.497,0,10.0629,10.3753,106,117,26.3199,720,66.9087,-39.0913,
-1.4382,1.4382,-1.36629,0,10.0854,10.1195,105,116,26.3445,720,62.1766,-42.8234,
9.85445,-9.85445,9.36172,0,10.1225,9.88843,105,116,26.3778,720,60.0186,-44.9814,
20.2811,-20.2811,19.2671,0,10.2282,9.74653,105,116,26.4015,720,61.6481,-43.3519,
29.5949,-29.5949,28.1151,0,10.3726,9.66976,105,116,26.4288,720,66.5989,-38.4011,
38.7118,-38.7118,36.7762,0,10.5892,9.66976,105,116,26.4603,720,75.6466,-29.3534,
44.5073,-44.5073,42.2819,0,10.8036,9.74653,105,116,26.4858,720,84.6751,-20.3249,
45.0858,-45.0858,42.8315,0,11.036,9.9652,105,116,26.5137,720,95.1393,-9.8607,
48.4095,-48.4095,45.9891,0,11.2768,10.127,105,116,26.5446,720,105.947,0.94728,
45.4905,-45.4905,43.216,0,11.4704,10.39,106,116,26.5722,720,113.635,7.63516,
29.0474,-29.0474,27.5951,0,11.6189,10.929,106,117,26.5995,720,118.473,12.4729,
17.0708,-17.0708,16.2173,0,11.7228,11.3173,106,117,26.6295,720,119.952,13.952,
-3.53044,3.53044,-3.35392,0,11.7878,11.8716,106,118,26.6556,720,117.809,11.8092,
-9.45608,9.45608,-8.98327,0,11.8014,12.026,106,118,26.6844,720,112.023,6.02328,
-18.1984,18.1984,-17.2885,0,11.8124,12.2446,106,118,26.7117,720,103.888,-2.11226,
-19.7588,19.7588,-18.7708,0,11.7753,12.2446,106,118,26.7396,720,93.9096,-12.0904,
-24.6609,24.6609,-23.4279,0,11.7357,12.3214,106,119,26.7681,720,83.2351,-22.7649,
-23.4489,23.4489,-22.2764,0,11.6877,12.2446,106,118,26.7978,720,73.0441,-32.9559,
-19.1536,19.1536,-18.1959,0,11.6748,12.1297,105,118,26.826,720,65.5098,-39.4902,
-7.52015,7.52015,-7.14415,0,11.6855,11.8641,106,118,26.8509,720,61.3653,-44.6347,
-2.27667,2.27667,-2.16284,0,11.7269,11.781,106,118,26.88,720,60.0592,-45.9408,
5.31891,-5.31891,5.05296,0,11.8166,11.6903,106,118,26.9094,720,62.7597,-43.2403,
14.2953,-14.2953,13.5805,0,11.9406,11.6011,106,118,26.9364,720,68.4956,-37.5044,
21.4379,-21.4379,20.366,0,12.1103,11.6011,106,118,26.9661,720,77.6031,-28.3969,
29.0444,-29.0444,27.5922,0,12.2909,11.6011,106,118,26.994,720,87.7402,-18.2598,
38.0711,-38.0711,36.1675,0,12.5053,11.6011,106,118,27.0267,720,99.8779,-6.12213,
46.7915,-46.7915,44.4519,0,12.7124,11.6011,106,118,27.063,720,111.346,5.34607,
33.773,-33.773,32.0843,0,12.8493,12.0472,106,118,27.0915,720,117.381,11.3807,
30.453,-30.453,28.9304,0,12.9309,12.2076,105,118,27.1194,720,119.926,14.9257,
18.9388,-18.9388,17.9919,0,12.9574,12.5076,105,119,27.147,720,118.861,13.8608,
-3.09578,3.09578,-2.94099,0,12.9295,13.003,105,118,27.177,720,113.82,8.81971,
-16.8364,16.8364,-15.9946,0,12.8688,13.2686,104,118,27.204,720,106.392,2.39183,
-24.6449,24.6449,-23.4127,0,12.7665,13.3518,104,118,27.2328,720,96.4339,-7.56612,
-32.3975,32.3975,-30.7777,0,12.6655,13.4349,104,118,27.2589,720,86.6518,-17.3482,
-33.7472,33.7472,-32.0599,0,12.5503,13.3518,104,118,27.2874,720,76.4139,-27.5861,
-30.3447,30.3447,-28.8274,0,12.4659,13.1866,105,118,27.3147,720,68.2085,-36.7915,
-24.8733,24.8733,-23.6296,0,12.4123,13.003,105,118,27.3435,720,62.3198,-42.6802,
-9.08677,9.08677,-8.63243,0,12.4093,12.6251,105,118,27.3708,720,60.0418,-44.9582,
0.773505,-0.773505,0.73483,0,12.4604,12.442,105,118,27.4011,720,61.5992,-43.4008,
7.15502,-7.15502,6.79727,0,12.5616,12.3917,106,118,27.429,720,66.6461,-39.3539,
22.5435,-22.5435,21.4163,0,12.6969,12.1615,106,119,27.4557,720,74.1486,-31.8514,
27.6448,-27.6448,26.2626,0,12.8642,12.2076,106,118,27.4833,720,83.7504,-22.2496,
33.933,-33.933,32.2364,0,13.0505,12.2446,106,118,27.5121,720,94.544,-11.456,
42.0485,-42.0485,39.9461,0,13.2433,12.2446,106,118,27.5436,720,105.627,-0.373287,
41.1485,-41.1485,39.0911,0,13.369,12.3917,106,118,27.5679,720,112.603,6.60277,
35.6735,-35.6735,33.8898,0,13.4724,12.6251,105,118,27.5961,720,118.043,13.0433,
28.1956,-28.1956,26.7858,0,13.5221,12.8524,105,118,27.6267,720,119.993,14.9932,
6.93644,-6.93644,6.58961,0,13.5165,13.3518,104,118,27.6519,720,118.302,14.3022,
-2.96234,2.96234,-2.81423,0,13.4466,13.5169,104,118,27.6807,720,112.946,8.94629,
-26.1308,26.1308,-24.8243,0,13.3192,13.9398,104,117,27.711,720,104.121,0.121118,
-32.0145,32.0145,-30.4138,0,13.1794,13.9398,104,117,27.7377,720,94.6185,-9.38145,
-38.295,38.295,-36.3803,0,13.0303,13.9398,104,117,27.7638,720,84.8236,-19.1764,
-43.5765,43.5765,-41.3977,0,12.8572,13.8922,104,118,27.7959,720,73.6398,-30.3602,
-36.2459,36.2459,-34.4336,0,12.7572,13.618,104,117,27.8214,720,66.5518,-37.4482,
-20.3642,20.3642,-19.346,0,12.6883,13.1719,105,118,27.849,720,61.5871,-43.4129,
-13.6933,13.6933,-13.0087,0,12.6778,13.003,105,118,27.8847,720,60.2226,-44.7774,
5.18961,-5.18961,4.93013,0,12.814,12.6907,105,118,27.933,720,67.6218,-37.3782,
24.4441,-24.4441,23.2219,0,12.9722,12.3917,106,118,27.9642,720,76.9544,-29.0456,
37.3381,-37.3381,35.4712,0,13.1314,12.2446,106,118,27.9903,720,86.3522,-19.6478,
46.4518,-46.4518,44.1292,0,13.3108,12.2076,106,118,28.0185,720,96.9117,-9.08832,
51.5155,-51.5155,48.9398,0,13.4681,12.2446,106,118,28.0452,720,106.138,0.138414,
41.549,-41.549,39.4716,0,13.6119,12.6251,106,118,28.0758,720,114.447,8.44655,
35.3037,-35.3037,33.5385,0,13.6909,12.8524,105,118,28.1025,720,118.809,13.8088,
26.5797,-26.5797,25.2507,0,13.7168,13.0855,104,118,28.1307,720,119.923,15.9231,
-5.77066,5.77066,-5.48212,0,13.6784,13.8154,104,118,28.1598,720,117.177,13.1768,
-18.1508,18.1508,-17.2433,0,13.5817,14.0128,104,117,28.1874,720,111.24,7.23984,
-39.6935,39.6935,-37.7089,0,13.4394,14.3821,104,117,28.2147,720,102.876,-1.12438,
-47.2011,47.2011,-44.8411,0,13.2611,14.3821,104,117,28.2429,720,92.6731,-11.3269,
-52.2665,52.2665,-49.6531,0,13.0705,14.3118,104,117,28.272,720,81.8114,-22.1886,
-46.348,46.348,-44.0306,0,12.912,14.0128,104,117,28.299,720,72.6728,-31.3272,
-31.6651,31.6651,-30.0819,0,12.7796,13.5316,104,118,28.3287,720,64.9361,-39.0639,
-19.4852,19.4852,-18.5109,0,12.7091,13.1719,105,118,28.356,720,60.851,-44.149,
-9.68191,9.68191,-9.19782,0,12.6952,12.9251,105,118,28.3845,720,60.2135,-44.7865,
14.7974,-14.7974,14.0575,0,12.7431,12.3917,106,118,28.4133,720,63.4081,-42.5919,
21.7091,-21.7091,20.6236,0,12.837,12.3214,106,119,28.44,720,69.4636,-36.5364,
32.9427,-32.9427,31.2955,0,12.99,12.2076,106,118,28.4703,720,79.0615,-26.9385,
34.6968,-34.6968,32.962,0,13.1454,12.3214,106,119,28.497,720,88.8693,-17.1307,
38.4445,-38.4445,36.5223,0,13.3048,12.3917,106,118,28.5237,720,98.8032,-7.19681,
35.4396,-35.4396,33.6676,0,13.4668,12.6251,106,118,28.554,720,108.831,2.83074,
32.2767,-32.2767,30.6629,0,13.5779,12.8113,106,119,28.5822,720,115.765,9.76451,
26.8044,-26.8044,25.4642,0,13.6396,13.003,105,118,28.6128,720,119.648,14.6481,
8.13653,-8.13653,7.7297,0,13.6357,13.4424,104,118,28.6383,720,119.582,15.582,
-2.04748,2.04748,-1.94511,0,13.5694,13.618,104,118,28.6671,720,115.899,11.8987,
-23.8846,23.8846,-22.6904,0,13.4456,14.0128,104,117,28.6956,720,108.948,4.94789,
-31.537,31.537,-29.9601,0,13.2638,14.0128,104,117,28.7262,720,98.8392,-5.16078,
-38.8607,38.8607,-36.9177,0,13.0899,14.0128,104,117,28.752,720,89.2461,-14.7539,
-46.5974,46.5974,-44.2675,0,12.9061,14.0128,104,117,28.7796,720,79.0966,-24.9034,
-44.7834,44.7834,-42.5442,0,12.7518,13.8154,104,118,28.8063,720,70.5022,-33.4978,
-30.5444,30.5444,-29.0172,0,12.6263,13.3518,105,118,28.8363,720,63.4782,-41.5218,
-25.4686,25.4686,-24.1952,0,12.567,13.1719,105,118,28.8624,720,60.3753,-44.6247,
-2.56896,2.56896,-2.44051,0,12.5641,12.6251,106,118,28.8909,720,60.5968,-45.4032,
9.90783,-9.90783,9.41244,0,12.627,12.3917,106,118,28.9209,720,64.8536,-41.1464,
18.9222,-18.9222,17.9761,0,12.7297,12.2803,106,119,28.9476,720,71.6426,-34.3574,
27.9341,-27.9341,26.5374,0,12.871,12.2076,106,118,28.9746,720,80.5862,-25.4138,
35.0474,-35.0474,33.2951,0,13.04,12.2076,106,118,29.0031,720,91.1684,-14.8316,
38.9348,-38.9348,36.9881,0,13.205,12.2803,106,119,29.0313,720,101.498,-4.50208,
40.0815,-40.0815,38.0774,0,13.3436,12.3917,106,118,29.0589,720,110.232,4.23216,
39.715,-39.715,37.7293,0,13.4508,12.5076,106,119,29.0889,720,116.966,10.9657,
23.9879,-23.9879,22.7885,0,13.4949,12.9251,105,118,29.1189,720,119.912,14.9119,
12.2767,-12.2767,11.6629,0,13.4782,13.1866,105,119,29.1435,720,119.193,14.193,
-13.9111,13.9111,-13.2156,0,13.3702,13.7005,105,118,29.1798,720,113.163,8.16338,
-26.6208,26.6208,-25.2898,0,13.2599,13.8922,105,118,29.2017,720,107.111,2.11109,
-39.074,39.074,-37.1203,0,13.0848,14.0128,104,117,29.2299,720,97.4972,-6.50279,
-46.6289,46.6289,-44.2975,0,12.9054,14.0128,104,117,29.2563,720,87.6274,-16.3726,
-50.0331,50.0331,-47.5315,0,12.7039,13.8922,105,118,29.2872,720,76.4812,-28.5188,
-44.7477,44.7477,-42.5103,0,12.5553,13.618,105,118,29.3145,720,68.2604,-36.7396,
-30.3025,30.3025,-28.7874,0,12.4522,13.1719,106,118,29.3415,720,62.6193,-43.3807,
-22.0166,22.0166,-20.9157,0,12.4022,12.9251,105,118,29.3685,720,60.1,-44.9,
0.957369,-0.957369,0.9095,0,12.4144,12.3917,107,118,29.3985,720,61.2986,-45.7014,
15.963,-15.963,15.1648,0,12.4818,12.1027,107,119,29.4258,720,65.908,-41.092,
30.6881,-30.6881,29.1537,0,12.6005,11.8716,107,118,29.4534,720,73.4192,-33.5808,
38.1382,-38.1382,36.2313,0,12.7699,11.8641,108,118,29.4837,720,83.8979,-24.1021,
44.5979,-44.5979,42.368,0,12.9308,11.8716,107,118,29.5104,720,93.9096,-13.0904,
45.2235,-45.2235,42.9623,0,13.1,12.026,107,118,29.5395,720,104.287,-2.71285,
44.3019,-44.3019,42.0868,0,13.2279,12.1758,107,118,29.5665,720,112.252,5.25225,
24.3112,-24.3112,23.0956,0,13.3184,12.741,106,119,29.5953,720,117.935,11.9347,
14.5515,-14.5515,13.8239,0,13.3486,13.003,106,118,29.6226,720,119.986,13.9864,
-8.9891,8.9891,-8.53965,0,13.3181,13.5316,106,118,29.6508,720,118.437,12.4371,
-19.9153,19.9153,-18.9196,0,13.2276,13.7005,105,118,29.6784,720,113.495,8.49518,
-31.2638,31.2638,-29.7006,0,13.0729,13.8154,105,118,29.7084,720,104.978,-0.0217709,
-39.1395,39.1395,-37.1825,0,12.8859,13.8154,105,118,29.7375,720,94.693,-10.307,
-46.4306,46.4306,-44.1091,0,12.7127,13.8154,105,118,29.7627,720,85.2325,-19.7675,
-49.0447,49.0447,-46.5924,0,12.5357,13.7005,105,118,29.7903,720,75.4484,-29.5516,
-37.8565,37.8565,-35.9637,0,12.3695,13.2686,105,119,29.8227,720,66.2492,-38.7508,
-34.744,34.744,-33.0068,0,12.2816,13.1068,106,119,29.8488,720,61.6113,-44.3887,
-6.14901,6.14901,-5.84156,0,12.2457,12.3917,107,118,29.8746,720,60.0004,-46.9996,
2.8226,-2.8226,2.68147,0,12.2746,12.2076,107,118,29.9061,720,62.262,-44.738,
17.3023,-17.3023,16.4372,0,12.3571,11.9461,107,119,29.9334,720,67.7225,-39.2775,
32.6594,-32.6594,31.0264,0,12.4735,11.6978,108,118,29.9589,720,75.1854,-32.8146,
40.3698,-40.3698,38.3513,0,12.6566,11.6978,108,118,29.9904,720,86.3897,-21.6103,
43.6379,-43.6379,41.456,0,12.8174,11.781,108,119,30.0168,720,96.2865,-11.7135,
42.6454,-42.6454,40.5131,0,12.9737,11.9608,107,119,30.0444,720,105.883,-1.11663,
33.0557,-33.0557,31.4029,0,13.1065,12.3214,107,119,30.0741,720,114.07,7.06953,
25.8151,-25.8151,24.5244,0,13.1795,12.5664,107,119,30.1014,720,118.69,11.6904,
7.04245,-7.04245,6.69033,0,13.1973,13.03,106,119,30.1287,720,119.968,13.9676,
-4.8729,4.8729,-4.62926,0,13.1529,13.2686,105,119,30.1572,720,117.577,12.5774,
-16.4374,16.4374,-15.6155,0,13.052,13.4424,105,118,30.1848,720,111.921,6.9206,
-27.1148,27.1148,-25.7591,0,12.8876,13.5316,106,118,30.2154,720,102.637,-3.36323,
-33.93,33.93,-32.2335,0,12.7258,13.5316,106,118,30.2406,720,93.5355,-12.4645,
-42.2808,42.2808,-40.1668,0,12.5275,13.5316,106,118,30.2706,720,82.3204,-23.6796,
-42.1302,42.1302,-40.0237,0,12.3512,13.3518,106,118,30.3,720,72.3664,-33.6336,
-39.85,39.85,-37.8575,0,12.2255,13.1719,106,118,30.327,720,65.294,-40.706,
-20.7687,20.7687,-19.7303,0,12.1319,12.6251,107,118,30.3675,720,60.1331,-46.8669,
-2.93468,2.93468,-2.78794,0,12.1379,12.2076,107,118,30.396,720,61.0386,-45.9614,
8.31164,-8.31164,7.89606,0,12.2234,12.026,108,118,30.4281,720,66.4347,-41.5653,
26.3735,-26.3735,25.0548,0,12.3242,11.6978,108,118,30.4512,720,72.7344,-35.2656,
32.6943,-32.6943,31.0596,0,12.4743,11.6978,108,118,30.4779,720,81.7752,-26.2248,
40.4438,-40.4438,38.4216,0,12.6584,11.6978,108,118,30.5073,720,92.7482,-15.2518,
44.1233,-44.1233,41.9172,0,12.8289,11.781,108,119,30.5355,720,102.944,-5.05632,
42.9672,-42.9672,40.8188,0,12.9813,11.9608,108,119,30.5658,720,112.074,4.0744,
31.465,-31.465,29.8917,0,13.0687,12.3214,108,119,30.5919,720,117.442,9.44202,
22.8791,-22.8791,21.7351,0,13.1097,12.5664,107,119,30.6246,720,120,12.9996,
8.26303,-8.26303,7.84987,0,13.0844,12.8881,106,119,30.6492,720,118.623,12.6234,
-10.7259,10.7259,-10.1896,0,13.0064,13.2611,106,118,30.6756,720,114.137,8.13687,
-28.0934,28.0934,-26.6887,0,12.8644,13.5316,106,118,30.7053,720,105.979,-0.0208014,
-39.2826,39.2826,-37.3184,0,12.6851,13.618,106,118,30.7347,720,95.7325,-10.2675,
-43.5403,43.5403,-41.3632,0,12.4975,13.5316,106,118,30.7632,720,85.0465,-20.9535,
-50.4514,50.4514,-47.9289,0,12.3334,13.5316,106,118,30.7896,720,75.6797,-30.3203,
-37.6261,37.6261,-35.7448,0,12.1919,13.0855,106,118,30.8172,720,67.5716,-38.4284,
-34.9404,34.9404,-33.1933,0,12.0953,12.9251,106,118,30.8451,720,62.0928,-43.9072,
-11.167,11.167,-10.6087,0,12.0562,12.3214,108,119,30.8748,720,60.0001,-47.9999,
1.39582,-1.39582,1.32603,0,12.0804,12.0472,108,118,30.9015,720,61.6481,-46.3519,
23.6954,-23.6954,22.5106,0,12.1639,11.6011,108,118,30.9294,720,66.7411,-41.2589,
29.717,-29.717,28.2312,0,12.3069,11.6011,108,118,30.9588,720,75.1526,-32.8474,
37.2514,-37.2514,35.3888,0,12.4858,11.6011,108,118,30.9882,720,85.5678,-22.4322,
40.9892,-40.9892,38.9397,0,12.6638,11.6903,108,118,31.0158,720,95.9174,-12.0826,
43.942,-43.942,41.7449,0,12.8246,11.781,108,119,31.0425,720,105.271,-2.72876,
35.306,-35.306,33.5407,0,12.9683,12.1297,108,119,31.0722,720,113.635,5.63516,
30.6935,-30.6935,29.1588,0,13.0504,12.3214,108,119,31.0989,720,118.401,10.4008,
24.0478,-24.0478,22.8454,0,13.0788,12.5076,107,119,31.128,720,119.979,12.9787,
0.555689,-0.555689,0.527904,0,13.0432,13.03,107,119,31.1559,720,117.767,10.7666,
-13.3754,13.3754,-12.7066,0,12.951,13.2686,106,119,31.1835,720,112.252,6.25225,
-34.2174,34.2174,-32.5066,0,12.8054,13.618,106,118,31.2123,720,103.687,-2.31315,
-41.539,41.539,-39.462,0,12.6315,13.618,106,118,31.2405,720,93.5729,-12.4271,
-49.0456,49.0456,-46.5933,0,12.4532,13.618,106,118,31.2681,720,83.2351,-22.7649,
-45.6879,45.6879,-43.4035,0,12.2667,13.3518,107,118,31.2999,720,72.397,-34.603,
-44.9926,44.9926,-42.743,0,12.1033,13.1719,107,118,31.3398,720,62.8874,-44.1126,
-21.379,21.379,-20.31,0,12.0586,12.5664,108,119,31.3653,720,60.2226,-47.7774,
0.988769,-0.988769,0.939331,0,12.0707,12.0472,108,118,31.3953,720,60.9708,-47.0292,
18.8183,-18.8183,17.8774,0,12.1448,11.6978,109,118,31.4232,720,65.3369,-43.6631,
34.8251,-34.8251,33.0838,0,12.2593,11.4322,109,118,31.4487,720,71.9723,-37.0277,
42.5015,-42.5015,40.3764,0,12.4416,11.4322,109,118,31.4796,720,82.3933,-26.6067,
51.2267,-51.2267,48.6654,0,12.6171,11.4005,109,118,31.5063,720,92.3726,-16.6274,
45.8831,-45.8831,43.5889,0,12.7876,11.6978,109,118,31.533,720,102.087,-6.91281,
45.5985,-45.5985,43.3185,0,12.9471,11.8641,109,118,31.5624,720,111.187,2.18653,
38.9468,-38.9468,36.9994,0,13.0547,12.1297,108,119,31.5909,720,117.288,9.28754,
15.2306,-15.2306,14.4691,0,13.1028,12.741,107,119,31.6182,720,119.891,12.8905,
5.39932,-5.39932,5.12936,0,13.0852,12.957,107,119,31.6494,720,118.601,11.6008,
-17.7634,17.7634,-16.8752,0,13.013,13.4349,106,119,31.6758,720,114.092,8.09201,
-34.6458,34.6458,-32.9135,0,12.8777,13.7005,107,118,31.7052,720,106.011,-0.988908,
-41.4417,41.4417,-39.3696,0,12.7163,13.7005,107,118,31.7325,720,96.5443,-10.4557,
-48.8392,48.8392,-46.3973,0,12.5406,13.7005,107,118,31.7598,720,86.3148,-20.6852,
-50.0382,50.0382,-47.5363,0,12.3432,13.5316,107,118,31.7922,720,74.8262,-32.1738,
-42.8726,42.8726,-40.729,0,12.1684,13.1866,108,119,31.8303,720,64.6097,-43.3903,
-22.4286,22.4286,-21.3071,0,12.1003,12.6329,108,119,31.8597,720,60.5528,-47.4472,
-7.82676,7.82676,-7.43542,0,12.0944,12.2803,108,119,31.8858,720,60.2759,-47.7241,
19.5996,-19.5996,18.6196,0,12.1558,11.6903,109,118,31.9164,720,63.9691,-45.0309,
