-18.6481,18.6481,-17.7157,0,0,0.708626,226,118,194.186,0,90,-136,
-18.9358,18.9358,-17.989,0,0.302501,0.702257,226,119,194.222,420,107.332,-118.668,
-23.9936,23.9936,-22.7939,0,0.195726,0.702257,226,119,194.254,420,103.654,-122.346,
-27.5645,27.5645,-26.1862,0,0.0236283,0.605545,227,118,194.294,420,97.2279,-129.772,
-29.9208,29.9208,-28.4248,0,-0.195035,0.436627,227,118,194.334,420,89.8178,-137.182,
-28.9696,28.9696,-27.5212,0,-0.436909,0.174672,227,118,194.379,420,81.7068,-145.293,
-17.798,17.798,-16.9081,0,-0.620715,-0.244979,228,118,194.423,420,75.0269,-152.973,
-7.73974,7.73974,-7.35275,0,-0.703814,-0.54042,228,117,194.489,420,70.0997,-157.9,
16.6489,-16.6489,15.8164,0,-0.517064,-0.868539,228,116,194.534,420,70.9886,-157.011,
45.8494,-45.8494,43.5569,0,-0.166238,-1.13417,227,116,194.576,420,74.9274,-152.073,
64.6324,-64.6324,61.4007,0,0.257312,-1.10715,227,116,194.618,420,81.1617,-145.838,
84.3144,-84.3144,80.0987,0,0.749594,-1.03038,227,116,194.661,420,88.9324,-138.068,
77.051,-77.051,73.1985,0,1.23603,-0.390607,227,116,194.701,420,96.3415,-130.659,
55.1858,-55.1858,52.4265,0,1.68418,0.519146,225,117,194.745,420,103.418,-121.582,
23.1451,-23.1451,21.9879,0,2.05942,1.5708,225,116,194.788,420,108.218,-116.782,
-23.6945,23.6945,-22.5098,0,2.35532,2.85554,224,115,194.829,420,109.986,-114.014,
-38.2005,38.2005,-36.2905,0,2.58012,3.38657,225,115,194.87,420,108.811,-116.189,
-47.9868,47.9868,-45.5875,0,2.74879,3.76184,226,115,194.913,420,104.661,-121.339,
-33.1316,33.1316,-31.475,0,2.87878,3.57822,225,114,194.956,420,98.0754,-126.925,
-6.47916,6.47916,-6.1552,0,3.00481,3.14159,225,115,194.998,420,90.4524,-134.548,
27.5711,-27.5711,26.1926,0,3.1181,2.53605,224,115,195.038,420,82.9187,-141.081,
50.1799,-50.1799,47.6709,0,3.2504,2.19105,224,115,195.08,420,76.3779,-147.622,
65.8633,-65.8633,62.5702,0,3.42489,2.03444,224,115,195.122,420,71.7385,-152.262,
61.9358,-61.9358,58.839,0,3.66373,2.35619,224,115,195.154,420,70.1379,-153.862,
50.3367,-50.3367,47.8199,0,3.88251,2.81984,224,113,195.192,420,70.5674,-153.433,
26.5394,-26.5394,25.2124,0,4.16552,3.60524,225,113,195.221,420,72.5195,-152.481,
7.64755,-7.64755,7.26517,0,4.41019,4.24874,225,113,195.251,420,76.0052,-148.995,
-6.47097,6.47097,-6.14742,0,4.70013,4.83674,225,113,195.295,420,82.9129,-142.087,
-6.50193,6.50193,-6.17683,0,5.09427,5.23154,225,113,195.333,420,89.9937,-135.006,
14.0447,-14.0447,13.3425,0,5.44552,5.14902,225,114,195.376,420,97.8101,-127.19,
27.7588,-27.7588,26.3708,0,5.81755,5.23154,225,113,195.422,420,104.847,-120.153,
48.4977,-48.4977,46.0728,0,6.17286,5.14902,225,114,195.461,420,108.651,-116.349,
57.0617,-57.0617,54.2086,0,6.45744,5.25281,225,113,195.502,420,109.996,-115.004,
53.9531,-53.9531,51.2554,0,6.71994,5.58093,225,113,195.55,420,107.854,-117.146,
42.5721,-42.5721,40.4435,0,7.00726,6.10851,224,114,195.588,420,103.465,-120.535,
10.4111,-10.4111,9.89053,0,7.20523,6.98544,223,114,195.629,420,96.9871,-126.013,
-14.5605,14.5605,-13.8325,0,7.43594,7.74332,223,114,195.662,420,90.917,-132.083,
-21.7783,21.7783,-20.6894,0,7.56889,8.02865,223,113,195.7,420,83.7838,-139.216,
-23.7675,23.7675,-22.5791,0,7.74283,8.24459,223,113,195.744,420,76.6798,-146.32,
-7.73537,7.73537,-7.3486,0,7.97673,8.14003,222,113,195.784,420,72.1316,-149.868,
8.6754,-8.6754,8.24163,0,8.2118,8.02865,222,113,195.824,420,70.0757,-151.924,
29.142,-29.142,27.6849,0,8.4692,7.85398,222,113,195.867,420,71.0161,-150.984,
45.3163,-45.3163,43.0504,0,8.7519,7.79523,222,113,195.91,420,74.9853,-147.015,
56.9004,-56.9004,54.0554,0,9.05521,7.85398,222,113,195.954,420,81.547,-140.453,
60.2518,-60.2518,57.2392,0,9.37094,8.09896,222,113,195.995,420,89.1332,-132.867,
51.0308,-51.0308,48.4793,0,9.63356,8.55624,221,112,196.024,420,94.5221,-126.478,
34.4295,-34.4295,32.7081,0,9.86557,9.13873,221,112,196.063,420,101.221,-119.779,
7.98289,-7.98289,7.58375,0,10.1125,9.94392,222,111,196.094,420,105.502,-116.498,
-6.98844,6.98844,-6.63901,0,10.3076,10.4552,222,111,196.135,420,109.11,-112.89,
-20.4641,20.4641,-19.4409,0,10.5048,10.9368,223,111,196.163,420,109.987,-113.013,
-15.3639,15.3639,-14.5957,0,10.6125,10.9368,223,111,196.205,420,108.682,-114.318,
-10.0071,10.0071,-9.50677,0,10.7256,10.9368,223,111,196.249,420,104.288,-118.712,
-0.533886,0.533886,-0.507191,0,10.8096,10.8209,223,111,196.289,420,98.0466,-124.953,
10.3594,-10.3594,9.84146,0,10.8555,10.6368,222,111,196.334,420,89.912,-132.088,
13.5644,-13.5644,12.8862,0,10.9232,10.6368,222,111,196.376,420,82.2593,-139.741,
16.6481,-16.6481,15.8157,0,10.9883,10.6368,222,111,196.418,420,75.6681,-146.332,
21.4229,-21.4229,20.3517,0,11.0891,10.6368,222,111,196.46,420,71.4394,-150.561,
24.6838,-24.6838,23.4496,0,11.2306,10.7095,222,111,196.502,420,70.002,-151.998,
28.286,-28.286,26.8717,0,11.4181,10.8209,222,112,196.542,420,71.5465,-150.453,
28.24,-28.24,26.828,0,11.6505,11.0543,222,112,196.588,420,76.4794,-145.521,
30.1234,-30.1234,28.6173,0,11.9176,11.2816,222,112,196.626,420,82.5208,-139.479,
32.2448,-32.2448,30.6325,0,12.1954,11.5147,222,112,196.669,420,90.3644,-131.636,
27.6134,-27.6134,26.2328,0,12.4471,11.8641,222,112,196.7,420,96.1445,-125.856,
21.8188,-21.8188,20.7279,0,12.6682,12.2076,221,112,196.74,420,102.705,-118.295,
13.7616,-13.7616,13.0735,0,12.8569,12.5664,221,112,196.769,420,106.413,-114.587,
11.8889,-11.8889,11.2945,0,12.992,12.741,221,113,196.81,420,109.527,-111.473,
3.65871,-3.65871,3.47578,0,13.0802,13.003,221,112,196.852,420,109.704,-111.296,
3.81017,-3.81017,3.61966,0,13.0834,13.003,221,112,196.895,420,106.737,-114.263,
-0.807171,0.807171,-0.766813,0,13.013,13.03,221,112,196.937,420,101.221,-119.779,
-5.24747,5.24747,-4.9851,0,12.8922,13.003,221,112,196.979,420,93.9141,-127.086,
-11.69,11.69,-11.1055,0,12.7562,13.003,221,112,197.021,420,86.1044,-134.896,
-15.5811,15.5811,-14.8021,0,12.6741,13.003,221,112,197.049,420,81.038,-139.962,
-20.227,20.227,-19.2156,0,12.603,13.03,221,112,197.08,420,76.3641,-144.636,
-22.4948,22.4948,-21.3701,0,12.5281,13.003,221,112,197.136,420,70.8296,-150.17,
-18.7735,18.7735,-17.8349,0,12.6067,13.003,221,112,197.175,420,70.0617,-150.938,
-3.42319,3.42319,-3.25203,0,12.7391,12.8113,221,113,197.218,420,72.2866,-148.713,
15.6949,-15.6949,14.9102,0,12.9565,12.6251,221,112,197.264,420,77.9013,-143.099,
33.2487,-33.2487,31.5863,0,13.2095,12.5076,221,112,197.303,420,84.378,-136.622,
45.8901,-45.8901,43.5956,0,13.4764,12.5076,221,112,197.346,420,92.3258,-128.674,
54.859,-54.859,52.1161,0,13.7245,12.5664,221,112,197.385,420,99.4085,-121.591,
41.0173,-41.0173,38.9665,0,13.9514,13.0855,220,112,197.429,420,105.628,-114.372,
24.3258,-24.3258,23.1095,0,14.1103,13.5967,220,112,197.473,420,109.337,-110.663,
-6.59246,6.59246,-6.26283,0,14.1727,14.3118,220,111,197.513,420,109.855,-110.145,
-29.6811,29.6811,-28.197,0,14.1433,14.7699,219,111,197.543,420,108.395,-110.605,
-45.8974,45.8974,-43.6026,0,14.0304,14.9993,219,110,197.584,420,104.026,-114.974,
-56.4661,56.4661,-53.6428,0,13.8136,15.0057,219,110,197.626,420,97.4967,-121.503,
-61.2182,61.2182,-58.1573,0,13.547,14.8394,219,110,197.668,420,89.8241,-129.176,
-37.4004,37.4004,-35.5304,0,13.2888,14.0784,219,111,197.711,420,81.9706,-137.029,
-17.5511,17.5511,-16.6736,0,13.0644,13.4349,219,112,197.754,420,75.3349,-143.665,
10.4362,-10.4362,9.9144,0,12.911,12.6907,220,111,197.794,420,71.386,-148.614,
30.6341,-30.6341,29.1024,0,12.8225,12.1758,221,111,197.837,420,70.0089,-150.991,
39.3137,-39.3137,37.348,0,12.7761,11.9461,221,111,197.864,420,70.8349,-150.165,
40.4021,-40.4021,38.382,0,12.7991,11.9461,221,111,197.905,420,74.415,-146.585,
25.629,-25.629,24.3476,0,12.8624,12.3214,220,111,197.953,420,81.3595,-138.64,
8.12707,-8.12707,7.72071,0,12.9353,12.7638,220,111,197.995,420,88.9826,-131.017,
-11.9293,11.9293,-11.3329,0,13.0093,13.2611,219,111,198.033,420,96.1744,-122.826,
-20.9933,20.9933,-19.9436,0,13.0737,13.5169,219,111,198.076,420,103.117,-115.883,
-24.4421,24.4421,-23.22,0,13.0807,13.5967,219,111,198.119,420,108.048,-110.952,
-27.9887,27.9887,-26.5893,0,13.0059,13.5967,219,111,198.161,420,109.972,-109.028,
-23.7911,23.7911,-22.6016,0,12.8495,13.3518,219,111,198.201,420,108.944,-110.056,
-22.2666,22.2666,-21.1533,0,12.6154,13.0855,219,111,198.245,420,104.856,-114.144,
-28.454,28.454,-27.0313,0,12.3244,12.9251,219,111,198.284,420,98.9508,-120.049,
-32.221,32.221,-30.61,0,12.0105,12.6907,219,111,198.329,420,90.7412,-128.259,
-33.2744,33.2744,-31.6107,0,11.6892,12.3917,220,110,198.369,420,83.4029,-136.597,
-30.8685,30.8685,-29.3251,0,11.3956,12.0472,220,110,198.416,420,76.0142,-143.986,
-26.8229,26.8229,-25.4818,0,11.1316,11.6978,220,109,198.458,420,71.5831,-148.417,
-14.9036,14.9036,-14.1584,0,10.9259,11.2406,220,109,198.5,420,70,-150,
-9.80927,9.80927,-9.31881,0,10.7885,10.9956,219,108,198.554,420,72.489,-146.511,
2.44178,-2.44178,2.31969,0,10.6105,10.5589,219,108,198.598,420,77.9715,-141.028,
-1.15949,1.15949,-1.10152,0,10.5074,10.5319,219,108,198.639,420,84.8439,-134.156,
-4.63034,4.63034,-4.39882,0,10.4342,10.5319,219,109,198.682,420,92.8616,-126.138,
-9.76378,9.76378,-9.27559,0,10.3528,10.5589,219,108,198.723,420,100.078,-118.922,
-10.4418,10.4418,-9.91969,0,10.256,10.4764,218,108,198.765,420,105.96,-112.04,
-16.0102,16.0102,-15.2097,0,10.1384,10.4764,219,108,198.807,420,109.401,-109.599,
-23.2014,23.2014,-22.0413,0,9.98662,10.4764,219,108,198.851,420,109.739,-109.261,
-31.5559,31.5559,-29.9782,0,9.81025,10.4764,219,108,198.892,420,107.03,-111.97,
-40.2207,40.2207,-38.2096,0,9.60605,10.4552,219,108,198.934,420,101.715,-117.285,
-39.4049,39.4049,-37.4347,0,9.37829,10.2102,219,108,198.977,420,94.2279,-124.772,
-28.2101,28.2101,-26.7996,0,9.15098,9.74653,218,108,199.019,420,86.5305,-131.47,
-25.9179,25.9179,-24.622,0,8.93638,9.48353,219,108,199.06,420,79.3472,-139.653,
-2.26224,2.26224,-2.14912,0,8.75677,8.80453,218,108,199.088,420,75.1989,-142.801,
2.60461,-2.60461,2.47438,0,8.61122,8.55624,218,108,199.123,420,71.6775,-146.322,
4.30281,-4.30281,4.08767,0,8.46396,8.37313,217,108,199.159,420,70.0578,-146.942,
-1.8276,1.8276,-1.73622,0,8.33454,8.37313,217,108,199.201,420,71.032,-145.968,
-8.96631,8.96631,-8.518,0,8.18384,8.37313,217,108,199.244,420,75.0186,-141.981,
-10.3893,10.3893,-9.86988,0,8.07128,8.29061,217,108,199.285,420,81.1843,-135.816,
-19.5624,19.5624,-18.5843,0,7.96014,8.37313,217,108,199.328,420,88.901,-128.099,
-24.659,24.659,-23.4261,0,7.85255,8.37313,217,108,199.369,420,96.6327,-120.367,
-29.8671,29.8671,-28.3737,0,7.7426,8.37313,217,108,199.411,420,103.311,-113.689,
-27.8557,27.8557,-26.4629,0,7.62469,8.21275,217,108,199.454,420,108.11,-108.89,
-20.2559,20.2559,-19.2431,0,7.48511,7.91274,217,109,199.495,420,109.98,-107.02,
-16.526,16.526,-15.6997,0,7.33043,7.67931,217,109,199.538,420,108.704,-108.296,
-7.32265,7.32265,-6.95651,0,7.15897,7.31356,217,109,199.579,420,104.759,-112.241,
-8.51306,8.51306,-8.08741,0,6.96564,7.14536,217,109,199.624,420,97.8448,-119.155,
-10.0321,10.0321,-9.5305,0,6.77365,6.98544,217,109,199.664,420,90.4838,-126.516,
-19.374,19.374,-18.4053,0,6.57644,6.98544,217,109,199.707,420,82.5791,-134.421,
-27.9681,27.9681,-26.5697,0,6.395,6.98544,217,109,199.748,420,76.0727,-140.927,
-31.9328,31.9328,-30.3362,0,6.2293,6.90343,218,109,199.788,420,71.7745,-146.225,
-34.0739,34.0739,-32.3702,0,6.08299,6.80233,217,109,199.832,420,70.0014,-146.999,
-27.4857,27.4857,-26.1115,0,5.94791,6.52816,218,109,199.861,420,70.6712,-147.329,
-16.4993,16.4993,-15.6743,0,5.87611,6.22443,218,109,199.89,420,72.814,-145.186,
-5.82517,5.82517,-5.53391,0,5.80144,5.92441,218,108,199.917,420,75.9024,-142.098,
6.45346,-6.45346,6.13079,0,5.79918,5.66294,219,108,199.96,420,82.62,-136.38,
7.37748,-7.37748,7.0086,0,5.73668,5.58093,219,107,200.001,420,90.1319,-128.868,
8.86047,-8.86047,8.41744,0,5.68484,5.49779,219,108,200.043,420,97.9372,-121.063,
0.230368,-0.230368,0.218849,0,5.58579,5.58093,219,107,200.072,420,102.612,-116.388,
-1.01569,1.01569,-0.964903,0,5.55949,5.58093,219,107,200.116,420,107.728,-111.272,
-6.32071,6.32071,-6.00468,0,5.44749,5.58093,219,107,200.158,420,109.932,-109.068,
-12.732,12.732,-12.0954,0,5.31214,5.58093,219,107,200.199,420,109.095,-109.905,
-20.6255,20.6255,-19.5942,0,5.1455,5.58093,219,107,200.242,420,105.18,-113.82,
-29.6709,29.6709,-28.1874,0,4.95454,5.58093,219,107,200.283,420,99.0854,-119.915,
-35.2638,35.2638,-33.5006,0,4.75333,5.49779,219,108,200.325,420,91.6255,-127.374,
-40.9569,40.9569,-38.909,0,4.55,5.41465,219,107,200.366,420,83.8675,-135.133,
-30.4812,30.4812,-28.9572,0,4.35495,4.99844,218,107,200.41,420,76.8304,-141.17,
-22.048,22.048,-20.9456,0,4.18818,4.65363,218,106,200.451,420,72.1204,-145.88,
-6.23338,6.23338,-5.92171,0,4.06165,4.19324,217,106,200.493,420,70.0435,-146.956,
6.16959,-6.16959,5.86111,0,3.98047,3.85022,217,106,200.536,420,71.1339,-145.866,
17.6778,-17.6778,16.7939,0,3.95142,3.57822,217,106,200.578,420,75.1525,-141.847,
18.0252,-18.0252,17.124,0,3.95875,3.57822,217,106,200.619,420,81.3652,-135.635,
20.2331,-20.2331,19.2214,0,4.00536,3.57822,217,106,200.663,420,89.3278,-127.672,
16.8997,-16.8997,16.0547,0,4.03878,3.68201,217,106,200.703,420,96.7688,-120.231,
8.94155,-8.94155,8.49447,0,4.03262,3.84385,217,106,200.733,420,101.705,-115.295,
1.20907,-1.20907,1.14862,0,4.03566,4.01013,217,106,200.761,420,105.482,-111.518,
-2.29766,2.29766,-2.18278,0,4.04363,4.09214,218,106,200.803,420,109.199,-108.801,
-5.57004,5.57004,-5.29154,0,3.97455,4.09214,218,106,200.846,420,109.862,-108.138,
-11.165,11.165,-10.6067,0,3.85643,4.09214,218,106,200.888,420,107.422,-110.578,
-18.781,18.781,-17.8419,0,3.69565,4.09214,218,106,200.931,420,102.064,-115.936,
-27.6679,27.6679,-26.2845,0,3.50804,4.09214,218,106,200.973,420,95.0346,-122.965,
-37.3169,37.3169,-35.4511,0,3.30434,4.09214,218,106,201.015,420,87.126,-130.874,
-42.5722,42.5722,-40.4436,0,3.11139,4.01013,217,106,201.058,420,79.5715,-137.429,
-34.5295,34.5295,-32.803,0,2.95306,3.68201,217,106,201.098,420,74.1011,-142.899,
-14.6862,14.6862,-13.9519,0,2.83155,3.14159,217,106,201.142,420,70.5294,-146.471,
3.15051,-3.15051,2.99298,0,2.77148,2.70497,216,106,201.183,420,70.2365,-145.763,
28.1031,-28.1031,26.698,0,2.78433,2.19105,216,106,201.226,420,73.0665,-142.934,
35.5039,-35.5039,33.7287,0,2.86074,2.11122,216,106,201.267,420,78.3411,-137.659,
37.6321,-37.6321,35.7505,0,2.9855,2.19105,216,106,201.309,420,85.5085,-130.492,
36.3298,-36.3298,34.5133,0,3.12316,2.35619,216,106,201.35,420,93.0914,-122.909,
20.6425,-20.6425,19.6103,0,3.25563,2.81984,216,105,201.392,420,100.568,-115.432,
7.28372,-7.28372,6.91953,0,3.35412,3.20035,216,104,201.436,420,106.46,-109.54,
-9.74783,9.74783,-9.26044,0,3.39945,3.60524,217,104,201.478,420,109.579,-107.421,
-25.3047,25.3047,-24.0395,0,3.39278,3.92699,217,104,201.519,420,109.67,-107.33,
-27.946,27.946,-26.5487,0,3.33702,3.92699,217,104,201.562,420,106.661,-110.339,
-32.5401,32.5401,-30.9131,0,3.24003,3.92699,217,104,201.605,420,101.059,-115.941,
-27.1138,27.1138,-25.7581,0,3.10961,3.68201,216,104,201.649,420,93.3891,-122.611,
-21.3698,21.3698,-20.3014,0,2.93543,3.38657,216,104,201.704,420,83.1957,-132.804,
-5.1852,5.1852,-4.92594,0,2.78715,2.89661,216,104,201.762,420,74.317,-141.683,
18.0386,-18.0386,17.1367,0,2.73701,2.35619,215,104,201.817,420,70.2394,-144.761,
29.3502,-29.3502,27.8827,0,2.81066,2.19105,215,104,201.872,420,71.3,-143.7,
37.3033,-37.3033,35.4381,0,2.97856,2.19105,215,104,201.917,420,75.8756,-139.124,
46.3117,-46.3117,43.9961,0,3.16874,2.19105,215,104,201.956,420,81.9591,-133.041,
33.8503,-33.8503,32.1578,0,3.39256,2.67795,215,103,201.998,420,89.6419,-125.358,
27.8644,-27.8644,26.4712,0,3.61918,3.03094,215,103,202.04,420,97.4325,-117.567,
10.1078,-10.1078,9.60237,0,3.81863,3.60524,215,102,202.082,420,104.017,-110.983,
-0.941536,0.941536,-0.894459,0,3.98389,4.00376,215,102,202.125,420,108.478,-106.522,
-10.3982,10.3982,-9.8783,0,4.10226,4.32178,216,102,202.155,420,109.873,-106.127,
-7.53123,7.53123,-7.15467,0,4.16279,4.32178,216,102,202.195,420,109.311,-106.689,
-8.90356,8.90356,-8.45838,0,4.20267,4.39064,216,102,202.237,420,105.776,-110.224,
-4.8688,4.8688,-4.62536,0,4.25083,4.35362,216,101,202.266,420,101.812,-114.188,
-5.50257,5.50257,-5.22744,0,4.20562,4.32178,216,102,202.308,420,94.675,-121.325,
-7.51212,7.51212,-7.13652,0,4.19503,4.35362,216,101,202.349,420,87.1509,-128.849,
-5.02109,5.02109,-4.77004,0,4.21578,4.32178,216,102,202.378,420,81.8442,-134.156,
-6.5437,6.5437,-6.21652,0,4.18364,4.32178,216,102,202.419,420,75.5113,-140.489,
-5.27837,5.27837,-5.01445,0,4.21035,4.32178,216,102,202.464,420,71.1402,-144.86,
-1.56593,1.56593,-1.48763,0,4.28872,4.32178,216,102,202.504,420,70.0115,-145.988,
2.27714,-2.27714,2.16328,0,4.40169,4.35362,216,101,202.549,420,72.0867,-143.913,
10.9424,-10.9424,10.3953,0,4.55279,4.32178,216,102,202.589,420,76.563,-139.437,
19.735,-19.735,18.7483,0,4.73841,4.32178,216,102,202.632,420,83.6347,-132.365,
27.5335,-27.5335,26.1568,0,4.93488,4.35362,216,101,202.674,420,91.3812,-124.619,
35.01,-35.01,33.2595,0,5.12974,4.39064,216,102,202.717,420,99.0686,-116.931,
36.4406,-36.4406,34.6185,0,5.30702,4.53772,216,102,202.762,420,105.636,-110.364,
28.6564,-28.6564,27.2236,0,5.44171,4.83674,216,102,202.802,420,109.107,-106.893,
14.4305,-14.4305,13.709,0,5.53618,5.23154,216,102,202.842,420,109.933,-106.067,
-2.91848,2.91848,-2.77256,0,5.60132,5.66294,216,103,202.883,420,107.84,-108.16,
-19.2267,19.2267,-18.2654,0,5.63231,6.03821,216,103,202.926,420,102.802,-113.198,
-25.0249,25.0249,-23.7736,0,5.64423,6.17253,216,103,202.967,420,96.0487,-119.951,
-25.3371,25.3371,-24.0702,0,5.63763,6.17253,216,103,203.011,420,87.949,-128.051,
-18.9052,18.9052,-17.9599,0,5.6391,6.03821,216,103,203.054,420,80.3374,-135.663,
-3.91759,3.91759,-3.72171,0,5.66006,5.74277,216,102,203.093,420,74.6178,-141.382,
9.77612,-9.77612,9.28731,0,5.70417,5.49779,216,102,203.126,420,71.423,-144.577,
15.6295,-15.6295,14.848,0,5.7446,5.41465,216,101,203.168,420,70.0018,-145.998,
27.8665,-27.8665,26.4732,0,5.8411,5.25281,216,101,203.209,420,71.5417,-144.458,
30.6269,-30.6269,29.0956,0,5.97921,5.33264,216,101,203.253,420,76.2633,-139.737,
33.9963,-33.9963,32.2965,0,6.13235,5.41465,215,101,203.291,420,82.2999,-132.7,
30.9461,-30.9461,29.3988,0,6.31624,5.66294,215,102,203.338,420,90.804,-124.196,
20.9158,-20.9158,19.87,0,6.47976,6.03821,215,102,203.376,420,97.8275,-117.173,
8.36231,-8.36231,7.9442,0,6.6344,6.45786,214,102,203.418,420,104.319,-109.681,
-6.27733,6.27733,-5.96346,0,6.77091,6.90343,214,101,203.461,420,108.657,-105.343,
-9.26829,9.26829,-8.80487,0,6.87292,7.06858,214,101,203.504,420,109.985,-104.015,
-5.65988,5.65988,-5.37689,0,6.9491,7.06858,214,101,203.545,420,108.213,-105.787,
-4.59985,4.59985,-4.36985,0,6.97148,7.06858,214,101,203.591,420,103.155,-110.845,
-3.58095,3.58095,-3.4019,0,6.99299,7.06858,214,101,203.632,420,96.4902,-117.51,
-3.34439,3.34439,-3.17717,0,6.99798,7.06858,214,101,203.672,420,89.0893,-124.911,
-3.34965,3.34965,-3.18216,0,6.99787,7.06858,214,101,203.712,420,81.6611,-132.339,
-2.99372,2.99372,-2.84403,0,7.00538,7.06858,214,101,203.755,420,75.182,-138.818,
-0.34514,0.34514,-0.327883,0,7.0613,7.06858,214,101,203.783,420,72.1999,-141.8,
1.11119,-1.11119,1.05563,0,7.09204,7.06858,214,101,203.812,420,70.4067,-143.593,
3.65556,-3.65556,3.47279,0,7.14576,7.06858,214,101,203.855,420,70.4194,-143.581,
9.02684,-9.02684,8.5755,0,7.25915,7.06858,214,101,203.897,420,73.4725,-140.527,
15.594,-15.594,14.8143,0,7.39779,7.06858,214,101,203.938,420,78.9514,-135.049,
21.3616,-21.3616,20.2935,0,7.51955,7.06858,214,101,203.968,420,84.0952,-129.905,
28.9582,-28.9582,27.5102,0,7.67992,7.06858,214,101,204.012,420,92.2009,-121.799,
32.3711,-32.3711,30.7525,0,7.83511,7.15172,214,101,204.052,420,99.3974,-114.603,
31.3694,-31.3694,29.801,0,7.97581,7.31356,213,101,204.093,420,105.37,-107.63,
24.8908,-24.8908,23.6462,0,8.0934,7.56793,214,101,204.136,420,109.165,-104.835,
6.78939,-6.78939,6.44992,0,8.17199,8.02865,213,100,204.178,420,109.882,-103.118,
-7.77309,7.77309,-7.38444,0,8.2303,8.3944,213,100,204.208,420,108.487,-104.513,
-15.9261,15.9261,-15.1298,0,8.22002,8.55624,213,99,204.249,420,104.314,-108.686,
-20.4423,20.4423,-19.4202,0,8.20782,8.63938,213,100,204.289,420,98.0811,-114.919,
-19.9558,19.9558,-18.958,0,8.21809,8.63938,212,100,204.318,420,92.8242,-119.176,
-23.5035,23.5035,-22.3283,0,8.1432,8.63938,212,100,204.363,420,84.4805,-127.519,
-12.7763,12.7763,-12.1375,0,8.12468,8.3944,212,99,204.403,420,77.7617,-134.238,
-9.38774,9.38774,-8.91835,0,8.11944,8.31763,212,100,204.447,420,72.4437,-139.556,
2.60233,-2.60233,2.47221,0,8.1539,8.09896,212,100,204.489,420,70.1133,-141.887,
12.5437,-12.5437,11.9165,0,8.22945,7.96464,212,100,204.532,420,70.9139,-141.086,
16.834,-16.834,15.9923,0,8.33372,7.97834,211,100,204.572,420,74.4782,-136.522,
26.3266,-26.3266,25.0103,0,8.46852,7.91274,211,100,204.613,420,80.3429,-130.657,
28.3336,-28.3336,26.9169,0,8.62681,8.02865,212,99,204.656,420,88.0115,-123.988,
30.6427,-30.6427,29.1106,0,8.78693,8.14003,211,100,204.698,420,95.8388,-115.161,
25.6689,-25.6689,24.3855,0,8.9363,8.3944,211,99,204.741,420,102.893,-108.107,
19.9053,-19.9053,18.91,0,9.0596,8.63938,210,99,204.785,420,107.919,-102.081,
3.52912,-3.52912,3.35266,0,9.14051,9.06601,210,98,204.832,420,109.998,-100.002,
-9.04662,9.04662,-8.59429,0,9.17504,9.36602,210,98,204.869,420,108.874,-101.126,
-15.7263,15.7263,-14.9399,0,9.15153,9.48353,211,97,204.914,420,104.441,-106.559,
-17.6495,17.6495,-16.767,0,9.11093,9.48353,211,97,204.953,420,98.6064,-112.394,
-23.5355,23.5355,-22.3587,0,9.03858,9.53544,211,97,204.995,420,90.8668,-120.133,
-24.8226,24.8226,-23.5815,0,8.9595,9.48353,211,97,205.039,420,82.8307,-128.169,
-25.3358,25.3358,-24.069,0,8.88991,9.42478,211,97,205.087,420,75.352,-135.648,
-13.0793,13.0793,-12.4254,0,8.86261,9.13873,210,97,205.139,420,70.7006,-139.299,
4.32614,-4.32614,4.10983,0,8.91056,8.81923,210,97,205.179,420,70.1285,-139.872,
20.4016,-20.4016,19.3815,0,8.98694,8.55624,210,97,205.223,420,72.7342,-137.266,
33.9663,-33.9663,32.268,0,9.11147,8.3944,210,97,205.268,420,78.4178,-131.582,
39.7477,-39.7477,37.7604,0,9.23352,8.3944,210,97,205.304,420,84.5047,-125.495,
44.9729,-44.9729,42.7243,0,9.42366,8.47423,210,97,205.358,420,94.6261,-115.374,
27.659,-27.659,26.2761,0,9.57206,8.98815,209,96,205.401,420,101.862,-107.138,
12.4334,-12.4334,11.8118,0,9.68726,9.42478,210,96,205.444,420,107.269,-102.731,
-9.87484,9.87484,-9.3811,0,9.75673,9.9652,210,95,205.486,420,109.816,-100.184,
-32.3162,32.3162,-30.7004,0,9.77292,10.4552,210,95,205.527,420,109.37,-100.63,
-36.7578,36.7578,-34.9199,0,9.75593,10.5319,211,95,205.555,420,107.354,-103.646,
-38.9559,38.9559,-37.0081,0,9.70952,10.5319,211,95,205.583,420,104.133,-106.867,
-33.2478,33.2478,-31.5854,0,9.59142,10.2933,210,95,205.629,420,96.9518,-113.048,
-24.7901,24.7901,-23.5506,0,9.44185,9.9652,210,95,205.678,420,87.8303,-122.17,
-9.54504,9.54504,-9.06779,0,9.28203,9.48353,210,95,205.734,420,78.0974,-131.903,
13.8224,-13.8224,13.1313,0,9.17616,8.88436,209,95,205.791,420,71.5929,-137.407,
23.8357,-23.8357,22.6439,0,9.14258,8.63938,209,95,205.839,420,70.0316,-138.968,
24.8221,-24.8221,23.581,0,9.1634,8.63938,209,95,205.886,420,72.4227,-136.577,
27.1437,-27.1437,25.7865,0,9.21241,8.63938,209,95,205.923,420,76.7691,-132.231,
23.7327,-23.7327,22.5461,0,9.32026,8.81923,208,94,205.971,420,84.547,-123.453,
12.8736,-12.8736,12.2299,0,9.4105,9.13873,208,94,206.008,420,91.5441,-116.456,
6.76153,-6.76153,6.42345,0,9.50877,9.36602,208,93,206.049,420,98.9115,-109.089,
-3.51806,3.51806,-3.34216,0,9.59549,9.66976,209,93,206.094,420,105.49,-103.51,
-3.56878,3.56878,-3.39035,0,9.63549,9.71083,209,92,206.139,420,109.338,-99.6616,
-4.32495,4.32495,-4.1087,0,9.61952,9.71083,209,92,206.178,420,109.892,-99.108,
-10.7453,10.7453,-10.2081,0,9.5567,9.78355,208,92,206.219,420,107.634,-100.366,
-12.3998,12.3998,-11.7798,0,9.44906,9.71083,209,92,206.26,420,102.719,-106.281,
-19.1162,19.1162,-18.1604,0,9.30727,9.71083,209,92,206.302,420,95.8388,-113.161,
-27.0472,27.0472,-25.6948,0,9.13983,9.71083,209,92,206.347,420,87.4497,-121.55,
-32.0963,32.0963,-30.4915,0,8.99217,9.66976,209,92,206.388,420,80.1947,-128.805,
-31.5334,31.5334,-29.9567,0,8.86973,9.53544,209,92,206.428,420,74.4426,-134.557,
-24.5375,24.5375,-23.3106,0,8.78241,9.30042,208,91,206.471,420,70.7526,-137.247,
-10.2607,10.2607,-9.74762,0,8.74452,8.96113,209,92,206.514,420,70.1738,-138.826,
5.56141,-5.56141,5.28334,0,8.75679,8.63938,208,92,206.558,420,72.8949,-135.105,
26.6637,-26.6637,25.3305,0,8.80749,8.24459,208,92,206.599,420,78.0772,-129.923,
32.98,-32.98,31.331,0,8.909,8.21275,207,92,206.648,420,86.5738,-120.426,
38.3676,-38.3676,36.4492,0,9.02273,8.21275,207,92,206.697,420,95.6944,-111.306,
24.6702,-24.6702,23.4367,0,9.08342,8.56261,207,91,206.738,420,102.47,-104.53,
8.30485,-8.30485,7.88961,0,9.13646,8.96113,207,91,206.78,420,107.562,-99.4377,
-13.1852,13.1852,-12.526,0,9.14642,9.42478,207,90,206.823,420,109.905,-97.0948,
-26.7649,26.7649,-25.4266,0,9.10472,9.66976,208,90,206.865,420,109.132,-98.8676,
-31.5398,31.5398,-29.9628,0,9.00392,9.66976,208,90,206.911,420,104.927,-103.073,
-38.148,38.148,-36.2406,0,8.86441,9.66976,208,90,206.954,420,98.4871,-109.513,
-30.7383,30.7383,-29.2014,0,8.7171,9.36602,207,90,206.992,420,91.4689,-115.531,
-24.7521,24.7521,-23.5145,0,8.54346,9.06601,207,90,207.038,420,82.9717,-124.028,
-10.9422,10.9422,-10.3951,0,8.40838,8.63938,207,90,207.076,420,76.8399,-130.16,
-4.60307,4.60307,-4.37292,0,8.29723,8.3944,207,90,207.117,420,72.1514,-134.849,
9.46233,-9.46233,8.98922,0,8.22841,8.02865,206,90,207.147,420,70.3531,-135.647,
10.4917,-10.4917,9.96715,0,8.19983,7.97834,206,90,207.19,420,70.4776,-135.522,
10.8738,-10.8738,10.3302,0,8.1942,7.96464,206,91,207.229,420,73.3741,-132.626,
9.65826,-9.65826,9.17534,0,8.23255,8.02865,206,90,207.271,420,78.8521,-127.148,
13.3538,-13.3538,12.6861,0,8.26025,7.97834,206,90,207.302,420,84.1432,-121.857,
17.5815,-17.5815,16.7024,0,8.3495,7.97834,206,90,207.343,420,91.8008,-114.199,
23.6773,-23.6773,22.4934,0,8.41259,7.91274,206,91,207.383,420,99.091,-106.909,
22.9706,-22.9706,21.8221,0,8.46327,7.97834,206,90,207.427,420,105.402,-100.598,
21.2473,-21.2473,20.1849,0,8.47721,8.02865,207,90,207.47,420,109.179,-97.8206,
9.56171,-9.56171,9.08363,0,8.44645,8.24459,207,90,207.514,420,109.836,-97.1641,
-4.99703,4.99703,-4.74718,0,8.36874,8.47423,207,90,207.555,420,107.373,-99.6274,
-18.099,18.099,-17.1941,0,8.25729,8.63938,206,90,207.595,420,102.52,-103.48,
-28.9431,28.9431,-27.4959,0,8.1115,8.72252,206,89,207.637,420,95.4832,-110.517,
-36.4265,36.4265,-34.6052,0,7.95352,8.72252,206,89,207.679,420,87.643,-118.357,
-35.9515,35.9515,-34.1539,0,7.79726,8.55624,206,89,207.723,420,79.9221,-126.078,
-30.6637,30.6637,-29.1305,0,7.67028,8.31763,206,90,207.764,420,74.0745,-131.926,
-10.1285,10.1285,-9.62209,0,7.5814,7.79523,206,90,207.806,420,70.6409,-135.359,
-1.42153,1.42153,-1.35046,0,7.53792,7.56793,206,90,207.852,420,70.3087,-135.691,
18.942,-18.942,17.9949,0,7.54524,7.14536,206,90,207.897,420,73.4619,-132.538,
28.0204,-28.0204,26.6194,0,7.57698,6.98544,206,91,207.933,420,78.1479,-127.852,
27.1155,-27.1155,25.7597,0,7.64102,7.06858,207,90,207.974,420,85.0566,-121.943,
21.6981,-21.6981,20.6132,0,7.6793,7.22123,206,90,208.003,420,90.49,-115.51,
16.5178,-16.5178,15.6919,0,7.73904,7.39033,206,91,208.033,420,96.1026,-109.897,
12.0827,-12.0827,11.4785,0,7.82301,7.56793,206,90,208.075,420,103.018,-102.982,
6.09817,-6.09817,5.79326,0,7.85837,7.72963,205,90,208.116,420,107.789,-97.2114,
-3.08038,3.08038,-2.92636,0,7.84771,7.91274,205,90,208.145,420,109.588,-95.4117,
-4.16499,4.16499,-3.95674,0,7.82481,7.91274,205,90,208.185,420,109.692,-95.3076,
-9.21033,9.21033,-8.74982,0,7.7702,7.96464,205,90,208.213,420,108.131,-96.8688,
-10.1907,10.1907,-9.68113,0,7.6976,7.91274,205,90,208.244,420,104.869,-100.131,
-18.2456,18.2456,-17.3334,0,7.57945,7.96464,205,90,208.284,420,98.9171,-106.083,
-25.4486,25.4486,-24.1762,0,7.42739,7.96464,205,90,208.328,420,91.099,-113.901,
-32.8663,32.8663,-31.223,0,7.27079,7.96464,205,90,208.371,420,83.0482,-121.952,
-31.1557,31.1557,-29.5979,0,7.13749,7.79523,205,90,208.412,420,76.5212,-128.479,
-25.2513,25.2513,-23.9887,0,7.03485,7.56793,205,90,208.454,420,71.8901,-133.11,
-16.1116,16.1116,-15.3061,0,6.97343,7.31356,205,91,208.497,420,70.0097,-134.99,
2.55319,-2.55319,2.42553,0,6.95734,6.90343,206,91,208.537,420,71.2167,-134.783,
19.8945,-19.8945,18.8997,0,6.98923,6.56924,206,90,208.579,420,75.2795,-130.721,
23.2991,-23.2991,22.1342,0,7.02003,6.52816,206,90,208.609,420,79.5929,-126.407,
27.8328,-27.8328,26.4412,0,7.11575,6.52816,206,90,208.65,420,86.9272,-119.073,
30.0993,-30.0993,28.5944,0,7.20467,6.56924,206,90,208.692,420,94.675,-111.325,
21.8192,-21.8192,20.7282,0,7.28423,6.8236,205,90,208.734,420,101.812,-103.188,
7.62361,-7.62361,7.24243,0,7.31267,7.15172,205,90,208.763,420,105.741,-99.2587,
-2.57142,2.57142,-2.44285,0,7.33605,7.39033,205,90,208.792,420,108.494,-96.5056,
-9.2361,9.2361,-8.77429,0,7.33725,7.53223,205,90,208.818,420,109.783,-95.2167,
-14.0869,14.0869,-13.3825,0,7.31161,7.609,205,90,208.86,420,109.386,-95.6144,
-16.8912,16.8912,-16.0466,0,7.25241,7.609,205,90,208.89,420,107.215,-97.7852,
-21.7172,21.7172,-20.6314,0,7.15053,7.609,205,90,208.931,420,102.094,-102.906,
-26.4069,26.4069,-25.0865,0,7.05152,7.609,205,90,208.961,420,97.1693,-107.831,
-25.7686,25.7686,-24.4802,0,6.95121,7.49521,204,90,208.99,420,91.9009,-112.099,
-30.0103,30.0103,-28.5098,0,6.86166,7.49521,204,90,209.015,420,87.2193,-116.781,
-28.9591,28.9591,-27.5111,0,6.75572,7.36708,205,90,209.046,420,81.547,-123.453,
-23.8186,23.8186,-22.6277,0,6.64252,7.14536,204,90,209.085,420,75.5982,-128.402,
-7.12524,7.12524,-6.76898,0,6.56939,6.71981,205,90,209.115,420,72.3512,-132.649,
-5.97873,5.97873,-5.6798,0,6.51574,6.64196,205,90,209.158,420,70.0636,-134.936,
4.70381,-4.70381,4.46862,0,6.50684,6.40754,205,90,209.2,420,70.9731,-134.027,
6.49747,-6.49747,6.1726,0,6.54471,6.40754,205,90,209.242,420,74.8205,-130.18,
10.2732,-10.2732,9.7595,0,6.62442,6.40754,205,90,209.285,420,81.1167,-123.883,
17.9143,-17.9143,17.0185,0,6.72013,6.34194,205,90,209.325,420,88.4872,-116.513,
22.8938,-22.8938,21.7491,0,6.82525,6.34194,205,90,209.367,420,96.2938,-108.706,
21.4167,-21.4167,20.3459,0,6.90999,6.45786,205,90,209.408,420,102.955,-102.045,
23.4589,-23.4589,22.286,0,6.9531,6.45786,205,90,209.441,420,106.967,-98.0331,
16.0772,-16.0772,15.2734,0,6.98136,6.64196,205,89,209.48,420,109.66,-95.3403,
7.74771,-7.74771,7.36033,0,6.96589,6.80233,205,89,209.512,420,109.881,-95.1194,
-7.04779,7.04779,-6.6954,0,6.9198,7.06858,205,89,209.549,420,107.922,-97.0783,
-14.0891,14.0891,-13.3846,0,6.84792,7.14536,204,89,209.581,420,104.463,-99.5373,
-19.3565,19.3565,-18.3887,0,6.73672,7.14536,204,89,209.62,420,98.4815,-105.519,
-24.3077,24.3077,-23.0924,0,6.63856,7.15172,204,89,209.649,420,93.2589,-110.741,
-24.7758,24.7758,-23.537,0,6.54554,7.06858,205,89,209.676,420,88.1867,-116.813,
-29.2914,29.2914,-27.8268,0,6.45021,7.06858,205,89,209.705,420,82.9658,-122.034,
-29.573,29.573,-28.0944,0,6.36749,6.99181,205,89,209.732,420,78.5256,-126.474,
-25.3016,25.3016,-24.0366,0,6.28946,6.8236,205,89,209.762,420,74.4111,-130.589,
-17.5125,17.5125,-16.6369,0,6.23523,6.60494,205,89,209.788,420,71.8057,-133.194,
-12.2326,12.2326,-11.6209,0,6.19961,6.45786,205,89,209.816,420,70.2542,-134.746,
4.18934,-4.18934,3.97987,0,6.19695,6.10851,206,88,209.862,420,70.7255,-135.274,
9.32572,-9.32572,8.85943,0,6.23508,6.03821,206,88,209.901,420,73.9649,-132.035,
13.4555,-13.4555,12.7827,0,6.28119,5.99713,206,88,209.93,420,77.6675,-128.332,
20.3505,-20.3505,19.333,0,6.39106,5.96143,206,87,209.972,420,84.6922,-121.308,
28.2144,-28.2144,26.8036,0,6.52005,5.92441,206,87,210.017,420,93.2093,-112.791,
31.1634,-31.1634,29.6052,0,6.61933,5.96143,206,87,210.056,420,99.9909,-106.009,
26.9751,-26.9751,25.6263,0,6.67799,6.10851,206,87,210.085,420,104.389,-101.611,
15.7587,-15.7587,14.9707,0,6.74022,6.40754,205,87,210.127,420,108.612,-96.3883,
0.168177,-0.168177,0.159768,0,6.75038,6.74683,205,87,210.17,420,109.988,-95.0124,
-17.0636,17.0636,-16.2105,0,6.70835,7.06858,205,87,210.213,420,108.147,-96.853,
-21.1012,21.1012,-20.0461,0,6.62311,7.06858,205,87,210.254,420,103.585,-101.415,
-26.4926,26.4926,-25.1679,0,6.5093,7.06858,205,87,210.294,420,97.1928,-107.807,
-29.2792,29.2792,-27.8152,0,6.36733,6.98544,205,87,210.338,420,89.1018,-115.898,
-27.8894,27.8894,-26.4949,0,6.23483,6.8236,205,87,210.38,420,81.5698,-123.43,
-21.2327,21.2327,-20.171,0,6.12099,6.56924,206,86,210.422,420,75.1905,-130.81,
-5.32701,5.32701,-5.06066,0,6.06007,6.17253,206,86,210.452,420,71.9791,-134.021,
-0.740058,0.740058,-0.703056,0,6.02258,6.03821,206,86,210.491,420,70.0751,-135.925,
12.2136,-12.2136,11.603,0,6.02188,5.76404,206,85,210.521,420,70.4054,-135.595,
14.3646,-14.3646,13.6463,0,6.06729,5.76404,206,85,210.562,420,73.277,-132.723,
17.0266,-17.0266,16.1752,0,6.12349,5.76404,206,85,210.59,420,76.8304,-129.17,
21.0438,-21.0438,19.9916,0,6.2083,5.76404,206,85,210.623,420,81.9131,-124.087,
24.06,-24.06,22.857,0,6.32747,5.81954,206,85,210.661,420,88.97,-117.03,
25.6597,-25.6597,24.3767,0,6.46612,5.92441,205,84,210.706,420,97.2279,-107.772,
27.1616,-27.1616,25.8035,0,6.57055,5.99713,205,84,210.746,420,103.53,-101.47,
14.5613,-14.5613,13.8332,0,6.64935,6.34194,205,83,210.789,420,108.302,-96.6977,
3.3803,-3.3803,3.21129,0,6.6763,6.60494,204,84,210.83,420,109.989,-94.0111,
-11.9296,11.9296,-11.3331,0,6.65159,6.90343,204,84,210.874,420,108.535,-95.4652,
-19.2721,19.2721,-18.3085,0,6.58496,6.99181,204,83,210.914,420,104.441,-99.559,
-24.2531,24.2531,-23.0405,0,6.4798,6.99181,204,83,210.956,420,98.0409,-105.959,
-30.1016,30.1016,-28.5965,0,6.35633,6.99181,204,83,210.998,420,90.4712,-113.529,
-29.002,29.002,-27.5519,0,6.21134,6.8236,204,83,211.046,420,81.6839,-122.316,
-19.6688,19.6688,-18.6854,0,6.11293,6.52816,205,83,211.085,420,75.6244,-129.376,
-14.0201,14.0201,-13.3191,0,6.04596,6.34194,205,82,211.125,420,71.5224,-133.478,
8.46338,-8.46338,8.04021,0,6.02523,5.84656,205,82,211.153,420,70.1681,-134.832,
8.56762,-8.56762,8.13924,0,6.02743,5.84656,205,82,211.181,420,70.1697,-134.83,
13.7463,-13.7463,13.059,0,6.05424,5.76404,205,81,211.209,420,71.5709,-133.429,
17.1578,-17.1578,16.3,0,6.10499,5.74277,206,81,211.238,420,74.3287,-131.671,
20.4492,-20.4492,19.4267,0,6.17447,5.74277,206,81,211.266,420,78.1429,-127.857,
23.2191,-23.2191,22.0582,0,6.25422,5.76404,205,81,211.293,420,82.5266,-122.473,
28.8063,-28.8063,27.366,0,6.3509,5.74277,205,81,211.322,420,87.8865,-117.113,
28.3431,-28.3431,26.926,0,6.44491,5.84656,205,81,211.35,420,93.0728,-111.927,
29.1467,-29.1467,27.6894,0,6.57676,5.96143,205,81,211.392,420,100.455,-104.545,
22.0102,-22.0102,20.9097,0,6.68909,6.22443,204,81,211.437,420,106.608,-97.3916,
10.3789,-10.3789,9.85997,0,6.74727,6.52816,204,81,211.478,420,109.564,-94.4362,
-6.96771,6.96771,-6.61932,0,6.75634,6.90343,204,81,211.521,420,109.61,-94.3904,
-24.4513,24.4513,-23.2287,0,6.71754,7.23373,204,81,211.562,420,106.702,-97.2977,
-28.744,28.744,-27.3068,0,6.62691,7.23373,204,81,211.607,420,100.647,-103.353,
-33.3581,33.3581,-31.6902,0,6.51701,7.22123,204,80,211.649,420,93.4076,-110.592,
-27.9753,27.9753,-26.5766,0,6.40122,6.99181,204,80,211.689,420,85.766,-118.234,
-20.1361,20.1361,-19.1293,0,6.29472,6.71981,205,80,211.73,420,78.7895,-126.21,
-8.58737,8.58737,-8.15801,0,6.21255,6.39384,205,80,211.772,420,73.2701,-131.73,
8.34768,-8.34768,7.9303,0,6.17336,5.99713,205,80,211.815,420,70.2978,-134.702,
16.1659,-16.1659,15.3576,0,6.18784,5.84656,205,79,211.855,420,70.4232,-134.577,
20.6512,-20.6512,19.6187,0,6.25551,5.81954,205,79,211.898,420,73.5794,-131.421,
23.1991,-23.1991,22.0392,0,6.33632,5.84656,205,79,211.928,420,77.4609,-127.539,
30.2623,-30.2623,28.7492,0,6.45841,5.81954,205,79,211.967,420,83.8974,-121.103,
25.3844,-25.3844,24.1152,0,6.5741,6.03821,205,79,211.999,420,89.7927,-115.207,
22.9314,-22.9314,21.7848,0,6.70854,6.22443,204,79,212.038,420,96.94,-107.06,
14.4143,-14.4143,13.6936,0,6.80616,6.50185,204,78,212.067,420,101.806,-102.194,
7.70668,-7.70668,7.32134,0,6.88251,6.71981,204,78,212.095,420,105.632,-98.3678,
1.8918,-1.8918,1.79721,0,6.95587,6.91593,204,78,212.138,420,109.249,-94.7509,
-0.316281,0.316281,-0.300467,0,6.98513,6.99181,203,78,212.18,420,109.833,-93.1673,
-4.87894,4.87894,-4.63499,0,6.96558,7.06858,204,78,212.221,420,107.471,-96.5286,
-4.50608,4.50608,-4.28077,0,6.89668,6.99181,204,78,212.264,420,102.189,-101.811,
-9.21916,9.21916,-8.7582,0,6.79718,6.99181,204,78,212.306,420,95.0225,-108.978,
-14.6189,14.6189,-13.8879,0,6.68319,6.99181,204,78,212.349,420,87.0017,-116.998,
-19.3861,19.3861,-18.4168,0,6.58255,6.99181,204,78,212.39,420,79.803,-124.197,
-23.1226,23.1226,-21.9665,0,6.50367,6.99181,203,78,212.432,420,73.9574,-129.043,
-20.7409,20.7409,-19.7039,0,6.46557,6.90343,204,78,212.474,420,70.5793,-133.421,
-16.6002,16.6002,-15.7702,0,6.47316,6.8236,204,78,212.505,420,70.0196,-133.98,
-9.6824,9.6824,-9.19828,0,6.51541,6.71981,205,77,212.546,420,71.8109,-133.189,
9.49601,-9.49601,9.02121,0,6.60801,6.40754,205,77,212.587,420,76.3825,-128.617,
16.919,-16.919,16.073,0,6.75102,6.39384,205,77,212.634,420,83.8854,-121.115,
25.7052,-25.7052,24.4199,0,6.88461,6.34194,205,76,212.671,420,90.8543,-114.146,
32.5115,-32.5115,30.8859,0,7.02829,6.34194,205,76,212.713,420,98.4928,-106.507,
35.8038,-35.8038,34.0136,0,7.1497,6.39384,205,76,212.755,420,104.78,-100.22,
27.1172,-27.1172,25.7614,0,7.21443,6.64196,205,75,212.783,420,107.774,-97.2257,
16.7101,-16.7101,15.8746,0,7.2562,6.90343,205,76,212.813,420,109.637,-95.3625,
5.73043,-5.73043,5.44391,0,7.26633,7.14536,204,75,212.854,420,109.625,-94.3746,
-9.98412,9.98412,-9.48491,0,7.2526,7.46337,204,76,212.883,420,107.823,-96.177,
-18.2194,18.2194,-17.3085,0,7.1833,7.56793,204,75,212.924,420,103.117,-100.883,
-22.9921,22.9921,-21.8425,0,7.08254,7.56793,204,75,212.967,420,96.1744,-107.826,
-28.5219,28.5219,-27.0958,0,6.9658,7.56793,204,75,213.009,420,88.2492,-115.751,
-34.0796,34.0796,-32.3757,0,6.84847,7.56793,204,75,213.054,420,80.3044,-123.696,
-25.8661,25.8661,-24.5728,0,6.7675,7.31356,204,76,213.094,420,74.5219,-129.478,
-12.9211,12.9211,-12.2751,0,6.71903,6.99181,204,75,213.136,420,70.8189,-133.181,
7.19186,-7.19186,6.83227,0,6.72106,6.56924,205,75,213.178,420,70.118,-134.882,
20.4579,-20.4579,19.435,0,6.77383,6.34194,205,75,213.219,420,72.4107,-132.589,
29.49,-29.49,28.0155,0,6.847,6.22443,205,75,213.251,420,75.9247,-129.075,
35.0224,-35.0224,33.2713,0,6.96379,6.22443,205,75,213.29,420,82.1263,-122.874,
34.5571,-34.5571,32.8292,0,7.07148,6.34194,205,75,213.321,420,87.6805,-117.32,
32.412,-32.412,30.7914,0,7.21242,6.52816,205,75,213.362,420,95.3017,-109.698,
19.3483,-19.3483,18.3809,0,7.3119,6.90343,205,75,213.391,420,100.375,-104.625,
8.70431,-8.70431,8.2691,0,7.41749,7.23373,204,75,213.431,420,105.929,-98.0707,
-4.30784,4.30784,-4.09245,0,7.47699,7.56793,204,74,213.46,420,108.589,-95.4114,
-7.92651,7.92651,-7.53019,0,7.51197,7.67931,203,75,213.503,420,109.994,-93.0056,
-13.526,13.526,-12.8497,0,7.51585,7.8014,203,75,213.529,420,109.247,-93.7526,
-14.3428,14.3428,-13.6256,0,7.49243,7.79523,203,74,213.557,420,107.231,-95.7692,
-20.8868,20.8868,-19.8425,0,7.41304,7.85398,203,74,213.599,420,101.938,-101.062,
-15.5054,15.5054,-14.7301,0,7.35197,7.67931,203,75,213.627,420,97.304,-105.696,
-22.319,22.319,-21.203,0,7.27215,7.74332,203,75,213.656,420,91.9322,-111.068,
-20.6998,20.6998,-19.6648,0,7.19832,7.63531,203,74,213.683,420,86.9148,-116.085,
-21.213,21.213,-20.1524,0,7.1201,7.56793,203,74,213.712,420,81.6782,-121.322,
-15.8663,15.8663,-15.073,0,7.05538,7.39033,203,75,213.74,420,77.237,-125.763,
-18.2314,18.2314,-17.3198,0,7.00545,7.39033,203,75,213.768,420,73.6732,-129.327,
-12.9767,12.9767,-12.3279,0,6.95978,7.23373,204,75,213.812,420,70.4219,-133.578,
-4.5458,4.5458,-4.31851,0,6.97262,7.06858,204,75,213.853,420,70.3288,-133.671,
6.22135,-6.22135,5.91028,0,7.03477,6.90343,204,75,213.894,420,73.2118,-130.788,
9.61999,-9.61999,9.13899,0,7.10652,6.90343,204,75,213.923,420,76.7408,-127.259,
15.5382,-15.5382,14.7613,0,7.23146,6.90343,204,75,213.965,420,83.5395,-120.461,
20.3865,-20.3865,19.3672,0,7.33382,6.90343,204,75,213.994,420,88.9073,-115.093,
27.0484,-27.0484,25.6959,0,7.47446,6.90343,204,75,214.036,420,96.6386,-107.361,
31.2949,-31.2949,29.7302,0,7.56411,6.90343,204,75,214.064,420,101.268,-102.732,
34.8559,-34.8559,33.1131,0,7.63928,6.90343,204,75,214.092,420,105.212,-98.7878,
26.6657,-26.6657,25.3324,0,7.71467,7.15172,203,75,214.136,420,109.143,-93.8566,
9.83359,-9.83359,9.34191,0,7.73983,7.53223,203,75,214.178,420,109.89,-93.11,
-9.40431,9.40431,-8.9341,0,7.7142,7.91274,202,75,214.219,420,107.598,-94.4017,
-27.2702,27.2702,-25.9067,0,7.63705,8.21275,202,74,214.263,420,102.352,-99.6477,
-33.5786,33.5786,-31.8996,0,7.53571,8.24459,202,74,214.303,420,95.6582,-106.342,
-34,34,-32.3,0,7.45795,8.17573,202,74,214.331,420,90.3644,-111.636,
-30.7598,30.7598,-29.2218,0,7.37928,8.02865,202,74,214.359,420,85.2639,-116.736,
-23.3896,23.3896,-22.2201,0,7.30145,7.79523,202,74,214.387,420,80.277,-121.723,
-19.0244,19.0244,-18.0732,0,7.20738,7.609,202,75,214.429,420,74.36,-127.64,
-3.68509,3.68509,-3.50083,0,7.15594,7.23373,202,75,214.472,420,70.7172,-131.283,
8.10162,-8.10162,7.69654,0,7.15648,6.98544,202,75,214.513,420,70.1546,-131.845,
17.5017,-17.5017,16.6266,0,7.19309,6.8236,202,75,214.545,420,71.7719,-130.228,
21.1825,-21.1825,20.1233,0,7.27079,6.8236,202,75,214.584,420,75.9068,-126.093,
25.2066,-25.2066,23.9462,0,7.35574,6.8236,202,75,214.614,420,80.4255,-121.574,
31.6608,-31.6608,30.0778,0,7.492,6.8236,202,75,214.656,420,87.9928,-114.007,
30.457,-30.457,28.9341,0,7.62842,6.98544,202,75,214.696,420,95.4953,-106.505,
25.496,-25.496,24.2212,0,7.75948,7.22123,202,75,214.739,420,102.661,-99.3389,
8.3099,-8.3099,7.8944,0,7.85474,7.67931,201,75,214.782,420,107.705,-93.2954,
-2.97432,2.97432,-2.82561,0,7.90185,7.96464,201,75,214.824,420,109.923,-91.0773,
-16.6581,16.6581,-15.8252,0,7.89292,8.24459,201,74,214.869,420,108.881,-92.1194,
-19.349,19.349,-18.3815,0,7.83611,8.24459,201,74,214.91,420,105.064,-95.9356,
-22.2004,22.2004,-21.0903,0,7.74408,8.21275,200,74,214.949,420,99.2808,-100.719,
-29.6209,29.6209,-28.1398,0,7.61926,8.24459,201,74,214.991,420,91.6193,-109.381,
-25.6499,25.6499,-24.3675,0,7.53115,8.07265,200,74,215.021,420,86.0489,-113.951,
-23.7742,23.7742,-22.5855,0,7.41084,7.91274,200,75,215.063,420,78.7947,-121.205,
-16.875,16.875,-16.0313,0,7.32306,7.67931,200,75,215.105,420,73.3046,-126.695,
-4.7947,4.7947,-4.55496,0,7.28911,7.39033,201,75,215.134,420,70.9634,-130.037,
-1.74293,1.74293,-1.65579,0,7.27677,7.31356,201,75,215.161,420,70.0327,-130.967,
10.309,-10.309,9.79355,0,7.28622,7.06858,201,75,215.188,420,70.4105,-130.59,
11.8443,-11.8443,11.2521,0,7.31863,7.06858,201,75,215.216,420,72.1316,-128.868,
14.5545,-14.5545,13.8268,0,7.37585,7.06858,201,75,215.246,420,75.3093,-125.691,
17.9096,-17.9096,17.0141,0,7.44667,7.06858,201,75,215.273,420,79.2941,-121.706,
21.7523,-21.7523,20.6646,0,7.5278,7.06858,201,75,215.3,420,83.8914,-117.109,
28.2444,-28.2444,26.8322,0,7.66485,7.06858,201,75,215.342,420,91.7069,-109.293,
27.3097,-27.3097,25.9442,0,7.79777,7.22123,201,75,215.384,420,99.2585,-101.742,
23.3058,-23.3058,22.1405,0,7.88235,7.39033,201,75,215.416,420,103.999,-97.0007,
18.5966,-18.5966,17.6668,0,7.96053,7.56793,200,75,215.457,420,108.38,-91.62,
1.32502,-1.32502,1.25877,0,7.99261,7.96464,200,75,215.499,420,110,-90.0004,
-7.91885,7.91885,-7.5229,0,7.97286,8.14003,199,75,215.54,420,108.609,-90.3906,
-15.0114,15.0114,-14.2609,0,7.92768,8.24459,199,74,215.57,420,105.757,-93.2432,
-23.213,23.213,-22.0524,0,7.82758,8.31763,199,74,215.612,420,99.8381,-99.1619,
-29.4703,29.4703,-27.9968,0,7.69548,8.31763,199,74,215.656,420,92.026,-106.974,
-31.8223,31.8223,-30.2312,0,7.57278,8.24459,199,74,215.695,420,84.7407,-114.259,
-25.7253,25.7253,-24.439,0,7.48556,8.02865,199,74,215.725,420,79.5179,-119.482,
-22.1885,22.1885,-21.0791,0,7.38556,7.85398,198,74,215.768,420,73.6298,-124.37,
-9.35088,9.35088,-8.88333,0,7.33482,7.53223,199,75,215.809,420,70.5409,-128.459,
0.840929,-0.840929,0.798883,0,7.33132,7.31356,199,75,215.85,420,70.2462,-128.754,
18.5116,-18.5116,17.586,0,7.37624,6.98544,199,75,215.89,420,72.8044,-126.196,
21.5001,-21.5001,20.425,0,7.43933,6.98544,199,75,215.921,420,76.4609,-122.539,
26.6659,-26.6659,25.3326,0,7.54839,6.98544,199,75,215.961,420,82.7603,-116.24,
29.2415,-29.2415,27.7794,0,7.6859,7.06858,199,75,216.004,420,90.735,-108.265,
22.0112,-22.0112,20.9106,0,7.77824,7.31356,199,75,216.033,420,96.1206,-102.879,
23.8305,-23.8305,22.639,0,7.89342,7.39033,199,75,216.074,420,102.773,-96.2273,
13.3038,-13.3038,12.6386,0,7.96017,7.67931,198,75,216.104,420,106.622,-91.3776,
2.21195,-2.21195,2.10135,0,8.01134,7.96464,198,75,216.144,420,109.545,-88.4546,
-3.76126,3.76126,-3.5732,0,8.01956,8.09896,198,75,216.172,420,109.976,-88.0243,
-10.8586,10.8586,-10.3157,0,7.98351,8.21275,197,74,216.216,420,107.877,-89.1232,
-14.9675,14.9675,-14.2191,0,7.89677,8.21275,197,74,216.259,420,102.864,-94.1357,
-20.3745,20.3745,-19.3557,0,7.78262,8.21275,197,74,216.299,420,96.2878,-100.712,
-25.2137,25.2137,-23.953,0,7.68046,8.21275,197,74,216.331,420,90.4021,-106.598,
-31.0249,31.0249,-29.4737,0,7.55778,8.21275,197,74,216.369,420,83.3495,-113.65,
-33.2443,33.2443,-31.5821,0,7.43821,8.14003,196,74,216.412,420,76.4656,-119.534,
-28.4626,28.4626,-27.0395,0,7.37746,7.97834,196,74,216.442,420,72.9538,-123.046,
-17.3465,17.3465,-16.4792,0,7.33118,7.69738,197,74,216.482,420,70.2935,-126.706,
-2.669,2.669,-2.53555,0,7.33399,7.39033,197,75,216.524,420,70.501,-126.499,
18.3816,-18.3816,17.4626,0,7.3735,6.98544,197,75,216.558,420,72.8851,-124.115,
29.752,-29.752,28.2644,0,7.4517,6.8236,197,75,216.595,420,77.4804,-119.52,
35.8291,-35.8291,34.0377,0,7.58,6.8236,197,75,216.64,420,85.0079,-111.992,
34.0275,-34.0275,32.3262,0,7.7038,6.98544,197,75,216.679,420,92.3008,-104.699,
26.7584,-26.7584,25.4204,0,7.79863,7.23373,197,75,216.71,420,97.9083,-99.0917,
19.1974,-19.1974,18.2376,0,7.90049,7.49521,196,75,216.748,420,103.859,-92.1405,
-0.257108,0.257108,-0.244253,0,7.95921,7.96464,196,75,216.778,420,107.332,-88.668,
-1.28956,1.28956,-1.22508,0,8.00143,8.02865,196,74,216.819,420,109.818,-86.1822,
-13.8135,13.8135,-13.1228,0,7.99899,8.29061,195,74,216.85,420,109.757,-85.2433,
-15.9598,15.9598,-15.1618,0,7.95368,8.29061,195,74,216.89,420,107.234,-87.766,
-18.7616,18.7616,-17.8235,0,7.89453,8.29061,195,74,216.918,420,103.963,-91.0367,
-22.3513,22.3513,-21.2338,0,7.81875,8.29061,195,74,216.946,420,99.7121,-95.2879,
-27.9713,27.9713,-26.5727,0,7.72712,8.31763,195,74,216.976,420,94.5589,-100.441,
-27.7847,27.7847,-26.3954,0,7.58917,8.17573,195,74,217.017,420,86.7535,-108.247,
-27.0636,27.0636,-25.7104,0,7.45731,8.02865,195,74,217.06,420,79.3472,-115.653,
-23.5742,23.5742,-22.3954,0,7.35631,7.85398,195,74,217.101,420,73.7096,-121.29,
-9.41609,9.41609,-8.94529,0,7.29643,7.49521,195,74,217.144,420,70.4708,-124.529,
2.62172,-2.62172,2.49063,0,7.28908,7.23373,196,75,217.185,420,70.2978,-125.702,
19.4315,-19.4315,18.4599,0,7.31365,6.90343,196,75,217.215,420,72.0146,-123.985,
23.1075,-23.1075,21.9521,0,7.39126,6.90343,196,75,217.256,420,76.6938,-119.306,
28.509,-28.509,27.0835,0,7.50529,6.90343,196,75,217.299,420,83.5871,-112.413,
26.9602,-26.9602,25.6121,0,7.63774,7.06858,196,75,217.342,420,91.5567,-104.443,
19.4681,-19.4681,18.4947,0,7.72456,7.31356,195,75,217.371,420,96.8988,-98.1012,
16.0065,-16.0065,15.2061,0,7.83313,7.49521,194,75,217.411,420,103.353,-90.647,
10.038,-10.038,9.53611,0,7.89122,7.67931,194,75,217.441,420,106.977,-87.0231,
1.03307,-1.03307,0.981419,0,7.93455,7.91274,194,75,217.48,420,109.653,-84.3472,
-4.72826,4.72826,-4.49184,0,7.92884,8.02865,194,74,217.523,420,109.552,-84.448,
-6.57156,6.57156,-6.24299,0,7.88992,8.02865,194,74,217.553,420,107.547,-86.4527,
-10.4497,10.4497,-9.92725,0,7.80805,8.02865,194,74,217.592,420,103.013,-90.9872,
-14.5825,14.5825,-13.8533,0,7.7208,8.02865,194,74,217.622,420,98.2074,-95.7926,
-21.084,21.084,-20.0298,0,7.58355,8.02865,194,74,217.664,420,90.4838,-103.516,
-27.437,27.437,-26.0651,0,7.44943,8.02865,194,74,217.705,420,83.0011,-110.999,
-30.8768,30.8768,-29.333,0,7.32649,7.97834,193,74,217.748,420,76.1541,-116.846,
-29.0032,29.0032,-27.5531,0,7.24169,7.85398,193,74,217.792,420,71.5056,-121.494,
-18.8499,18.8499,-17.9074,0,7.21106,7.609,194,75,217.834,420,70.0001,-124,
-0.0249802,0.0249802,-0.0237312,0,7.2332,7.23373,194,75,217.875,420,71.5441,-122.456,
13.7196,-13.7196,13.0336,0,7.27508,6.98544,194,75,217.904,420,74.2859,-119.714,
25.9777,-25.9777,24.6788,0,7.37202,6.8236,194,75,217.945,420,80.0745,-113.926,
33.5937,-33.5937,31.914,0,7.45603,6.74683,195,75,217.975,420,85.2578,-109.742,
39.7919,-39.7919,37.8023,0,7.58688,6.74683,195,75,218.016,420,93.0045,-101.995,
38.5406,-38.5406,36.6135,0,7.71707,6.90343,195,75,218.061,420,100.828,-94.1723,
19.6883,-19.6883,18.7039,0,7.80598,7.39033,194,75,218.101,420,106.279,-87.7205,
5.35228,-5.35228,5.08467,0,7.85632,7.74332,193,75,218.141,420,109.436,-83.5644,
-16.8737,16.8737,-16.03,0,7.85653,8.21275,193,74,218.186,420,109.686,-83.3142,
-31.8422,31.8422,-30.2501,0,7.80201,8.47423,193,74,218.227,420,106.832,-86.1675,
-36.5604,36.5604,-34.7324,0,7.7024,8.47423,193,74,218.269,420,101.459,-91.5411,
-38.9996,38.9996,-37.0497,0,7.57108,8.3944,193,74,218.31,420,94.3077,-98.6923,
-31.6856,31.6856,-30.1014,0,7.47111,8.14003,192,74,218.339,420,88.97,-103.03,
-21.9499,21.9499,-20.8524,0,7.33184,7.79523,193,74,218.381,420,81.2464,-111.754,
-8.36416,8.36416,-7.94595,0,7.21376,7.39033,193,75,218.424,420,74.8779,-118.122,
7.02406,-7.02406,6.67286,0,7.1401,6.99181,193,75,218.465,420,71.109,-121.891,
13.7429,-13.7429,13.0558,0,7.11373,6.8236,193,75,218.493,420,70.0473,-122.953,
13.7621,-13.7621,13.074,0,7.11414,6.8236,193,75,218.521,420,70.3979,-122.602,
14.9803,-14.9803,14.2313,0,7.13986,6.8236,193,75,218.55,420,72.2056,-120.794,
18.6025,-18.6025,17.6724,0,7.21632,6.8236,193,75,218.591,420,76.93,-116.07,
24.0953,-24.0953,22.8906,0,7.33228,6.8236,193,75,218.635,420,84.1012,-108.899,
25.6512,-25.6512,24.3686,0,7.45746,6.91593,194,74,218.676,420,91.8133,-102.187,
31.7093,-31.7093,30.1238,0,7.58535,6.91593,194,74,218.72,420,99.6516,-94.3484,
21.0307,-21.0307,19.9791,0,7.67771,7.23373,194,75,218.76,420,105.446,-88.5538,
14.3198,-14.3198,13.6038,0,7.71966,7.41735,193,74,218.789,420,108.287,-84.7129,
2.24519,-2.24519,2.13293,0,7.74478,7.69738,193,74,218.833,420,110,-83.0002,
-9.38839,9.38839,-8.91897,0,7.71454,7.91274,192,74,218.873,420,108.632,-83.3677,
-22.0956,22.0956,-20.9908,0,7.6325,8.09896,192,74,218.916,420,104.27,-87.7296,
-27.8554,27.8554,-26.4626,0,7.5109,8.09896,192,74,218.958,420,97.6595,-94.3405,
-31.1346,31.1346,-29.5779,0,7.37137,8.02865,192,74,219,420,90,-102,
-27.436,27.436,-26.0642,0,7.27478,7.85398,192,74,219.028,420,84.8014,-107.199,
-21.3104,21.3104,-20.2449,0,7.18543,7.63531,192,74,219.056,420,79.9113,-112.089,
-15.9509,15.9509,-15.1534,0,7.08061,7.41735,193,74,219.097,420,74.1355,-118.865,
-2.06548,2.06548,-1.96221,0,7.02498,7.06858,193,74,219.128,420,71.3269,-121.673,
0.533266,-0.533266,0.506603,0,6.9967,6.98544,193,75,219.168,420,70.0016,-122.998,
8.4583,-8.4583,8.03539,0,7.00217,6.8236,193,75,219.196,420,70.739,-122.261,
11.0138,-11.0138,10.4631,0,7.03484,6.80233,193,74,219.225,420,72.9177,-120.082,
12.3677,-12.3677,11.7493,0,7.0847,6.8236,193,75,219.252,420,76.0863,-116.914,
18.9384,-18.9384,17.9914,0,7.20214,6.80233,193,74,219.296,420,83.1248,-109.875,
22.4847,-22.4847,21.3605,0,7.27701,6.80233,193,74,219.322,420,87.9053,-105.095,
26.8513,-26.8513,25.5088,0,7.36919,6.80233,193,74,219.352,420,93.4819,-99.5181,
31.6817,-31.6817,30.0976,0,7.49244,6.8236,193,74,219.394,420,100.854,-92.1459,
24.3438,-24.3438,23.1266,0,7.58251,7.06858,193,74,219.436,420,106.46,-86.54,
15.7908,-15.7908,15.0012,0,7.62874,7.29538,192,74,219.476,420,109.507,-82.4927,
-0.219572,0.219572,-0.208593,0,7.63068,7.63531,192,74,219.506,420,109.964,-82.0364,
-11.5999,11.5999,-11.0199,0,7.6091,7.85398,192,74,219.535,420,108.946,-83.054,
-20.5107,20.5107,-19.4852,0,7.53163,7.96464,192,74,219.579,420,104.708,-87.2922,
-28.7622,28.7622,-27.3241,0,7.42145,8.02865,192,74,219.619,420,98.7027,-93.2973,
-32.2652,32.2652,-30.652,0,7.28348,7.96464,192,74,219.661,420,91.0865,-100.914,
-30.7823,30.7823,-29.2432,0,7.14538,7.79523,192,74,219.702,420,83.4622,-108.538,
-24.4771,24.4771,-23.2532,0,7.05119,7.56793,192,74,219.733,420,78.3564,-113.644,
-17.0231,17.0231,-16.172,0,6.95418,7.31356,192,75,219.774,420,73.0165,-118.983,
3.64341,-3.64341,3.46124,0,6.90052,6.8236,192,75,219.815,420,70.285,-121.715,
8.12002,-8.12002,7.71402,0,6.89124,6.71981,193,74,219.844,420,70.1048,-122.895,
16.9237,-16.9237,16.0776,0,6.92652,6.56924,193,74,219.886,420,72.3779,-120.622,
19.3135,-19.3135,18.3478,0,6.97697,6.56924,193,74,219.915,420,75.5982,-117.402,
25.0787,-25.0787,23.8247,0,7.09868,6.56924,193,74,219.961,420,82.7955,-110.204,
30.3876,-30.3876,28.8682,0,7.21075,6.56924,193,74,219.998,420,89.5288,-103.471,
26.0201,-26.0201,24.7191,0,7.29615,6.74683,193,74,220.025,420,94.7422,-98.2578,
25.7146,-25.7146,24.4288,0,7.38465,6.84178,192,74,220.056,420,100.024,-91.9764,
19.4666,-19.4666,18.4933,0,7.47955,7.06858,193,74,220.096,420,105.679,-87.3209,
6.31641,-6.31641,6.00059,0,7.52368,7.39033,192,74,220.125,420,108.456,-83.5441,
-1.07829,1.07829,-1.02438,0,7.54517,7.56793,192,74,220.154,420,109.846,-82.1538,
-6.9981,6.9981,-6.64819,0,7.53157,7.67931,191,74,220.197,420,109.204,-81.7959,
-15.552,15.552,-14.7744,0,7.46691,7.79523,191,74,220.238,420,105.671,-85.3287,
-20.8862,20.8862,-19.8418,0,7.3543,7.79523,191,74,220.282,420,99.3697,-91.6303,
-24.4543,24.4543,-23.2316,0,7.22707,7.74332,191,74,220.322,420,92.2259,-98.7741,
-26.0575,26.0575,-24.7546,0,7.08521,7.63531,191,74,220.364,420,84.2274,-106.773,
-25.1296,25.1296,-23.8731,0,6.9647,7.49521,191,74,220.405,420,77.4657,-113.534,
-15.4171,15.4171,-14.6462,0,6.89576,7.22123,192,74,220.435,420,73.6805,-118.32,
-14.6665,14.6665,-13.9332,0,6.83573,7.14536,191,74,220.48,420,70.3685,-120.631,
1.39711,-1.39711,1.32725,0,6.83183,6.80233,192,74,220.521,420,70.3794,-121.621,
11.1578,-11.1578,10.5999,0,6.87751,6.64196,192,74,220.561,420,73.2357,-118.764,
15.5697,-15.5697,14.7912,0,6.97065,6.64196,192,74,220.604,420,78.7843,-113.216,
21.2475,-21.2475,20.1851,0,7.09051,6.64196,192,74,220.645,420,85.8705,-106.13,
27.5346,-27.5346,26.1578,0,7.22324,6.64196,192,74,220.686,420,93.6797,-98.3203,
30.3906,-30.3906,28.8711,0,7.31537,6.67379,192,74,220.717,420,99.1693,-92.8307,
31.7913,-31.7913,30.2017,0,7.41798,6.74683,193,74,220.758,420,105.204,-87.796,
23.4548,-23.4548,22.2821,0,7.4806,6.98544,192,74,220.799,420,108.986,-83.0141,
12.364,-12.364,11.7458,0,7.49475,7.23373,192,74,220.84,420,109.965,-82.0349,
-9.83869,9.83869,-9.34676,0,7.4716,7.67931,191,74,220.871,420,108.766,-82.234,
-17.3595,17.3595,-16.4916,0,7.42875,7.79523,191,73,220.898,420,106.388,-84.6118,
-27.6802,27.6802,-26.2962,0,7.32838,7.91274,191,74,220.94,420,100.701,-90.2994,
-32.3203,32.3203,-30.7043,0,7.23042,7.91274,191,74,220.972,420,95.1804,-95.8196,
-38.3064,38.3064,-36.391,0,7.10405,7.91274,190,74,221.011,420,88.0053,-101.995,
-31.6257,31.6257,-30.0444,0,7.01166,7.67931,190,74,221.039,420,82.7955,-107.204,
-26.8708,26.8708,-25.5273,0,6.8961,7.46337,190,74,221.081,420,76.2405,-113.759,
-12.0752,12.0752,-11.4714,0,6.81366,7.06858,191,74,221.123,420,71.6399,-119.36,
5.27449,-5.27449,5.01076,0,6.78514,6.67379,191,74,221.153,420,70.1561,-120.844,
15.8192,-15.8192,15.0282,0,6.79182,6.45786,191,74,221.194,420,70.6409,-120.359,
26.7937,-26.7937,25.454,0,6.84883,6.28319,191,73,221.235,420,74.0063,-116.994,
32.802,-32.802,31.1619,0,6.91692,6.22443,191,74,221.265,420,77.9464,-113.054,
36.1486,-36.1486,34.3412,0,7.04632,6.28319,191,73,221.309,420,85.3616,-105.638,
27.1431,-27.1431,25.786,0,7.17796,6.60494,191,74,221.349,420,92.8864,-98.1136,
17.1004,-17.1004,16.2454,0,7.26444,6.90343,191,74,221.376,420,97.8275,-93.1725,
9.12035,-9.12035,8.66433,0,7.34427,7.15172,190,74,221.404,420,102.387,-87.6132,
1.98407,-1.98407,1.88487,0,7.43222,7.39033,191,74,221.445,420,107.401,-83.5994,
-6.66651,6.66651,-6.33319,0,7.46827,7.609,190,74,221.474,420,109.393,-80.6066,
-6.11517,6.11517,-5.80941,0,7.4799,7.609,190,74,221.502,420,109.995,-80.0047,
-10.0564,10.0564,-9.55359,0,7.46701,7.67931,190,74,221.531,420,109.179,-80.8206,
-9.83479,9.83479,-9.34305,0,7.40138,7.609,190,74,221.574,420,105.33,-84.6701,
-17.8573,17.8573,-16.9645,0,7.30232,7.67931,190,74,221.614,420,99.4916,-90.5084,
-18.6266,18.6266,-17.6952,0,7.21578,7.609,190,74,221.643,420,94.369,-95.631,
-22.8936,22.8936,-21.7489,0,7.12569,7.609,190,74,221.672,420,89.0893,-100.911,
-29.4472,29.4472,-27.9749,0,6.98734,7.609,190,74,221.716,420,81.0492,-108.951,
-27.2715,27.2715,-25.9079,0,6.88764,7.46337,189,74,221.755,420,75.182,-113.818,
-19.6905,19.6905,-18.706,0,6.81804,7.23373,190,74,221.798,420,71.0742,-118.926,
-4.82166,4.82166,-4.58058,0,6.80164,6.90343,190,74,221.841,420,70.0482,-119.952,
9.44355,-9.44355,8.97137,0,6.84132,6.64196,190,74,221.884,420,72.2546,-117.745,
22.3733,-22.3733,21.2547,0,6.93018,6.45786,190,74,221.927,420,77.2709,-112.729,
31.093,-31.093,29.5383,0,7.05025,6.39384,191,74,221.968,420,84.0412,-106.959,
34.7166,-34.7166,32.9807,0,7.19076,6.45786,190,74,222.011,420,91.976,-98.024,
36.1196,-36.1196,34.3136,0,7.33176,6.56924,191,74,222.055,420,99.9419,-91.0581,
24.9543,-24.9543,23.7065,0,7.43025,6.90343,190,74,222.094,420,105.478,-84.5219,
8.70465,-8.70465,8.26942,0,7.49733,7.31356,189,74,222.137,420,109.213,-79.7871,
-13.4199,13.4199,-12.7489,0,7.51192,7.79523,189,73,222.178,420,109.894,-79.1061,
-26.5463,26.5463,-25.219,0,7.46823,8.02865,189,73,222.223,420,107.228,-81.7724,
-30.3076,30.3076,-28.7923,0,7.38883,8.02865,189,73,222.262,420,102.515,-86.4853,
-36.1603,36.1603,-34.3523,0,7.30927,8.07265,188,73,222.291,420,97.8217,-90.1783,
-34.7843,34.7843,-33.0451,0,7.1784,7.91274,188,74,222.332,420,90.2325,-97.7675,
-27.8774,27.8774,-26.4835,0,7.09079,7.67931,188,74,222.36,420,85.081,-102.919,
-18.347,18.347,-17.4296,0,7.00301,7.39033,189,74,222.389,420,79.9656,-109.034,
-3.89246,3.89246,-3.69784,0,6.90327,6.98544,189,74,222.43,420,74.1738,-114.826,
6.55014,-6.55014,6.22263,0,6.85809,6.71981,190,74,222.459,420,71.4961,-118.504,
12.6001,-12.6001,11.9701,0,6.83524,6.56924,190,74,222.488,420,70.1257,-119.874,
16.4326,-16.4326,15.611,0,6.84877,6.50185,190,74,222.531,420,70.8314,-119.169,
21.7336,-21.7336,20.6469,0,6.91668,6.45786,190,74,222.573,420,74.5857,-115.414,
23.5127,-23.5127,22.3371,0,7.02454,6.52816,190,74,222.615,420,80.5915,-109.409,
27.9863,-27.9863,26.587,0,7.16006,6.56924,190,73,222.657,420,88.1804,-101.82,
27.606,-27.606,26.2257,0,7.30261,6.71981,190,73,222.7,420,96.1624,-93.8376,
24.583,-24.583,23.3538,0,7.42241,6.90343,190,74,222.741,420,102.85,-87.1501,
13.2591,-13.2591,12.5962,0,7.51365,7.23373,190,74,222.784,420,107.894,-82.1063,
-0.666795,0.666795,-0.633455,0,7.55385,7.56793,189,73,222.828,420,109.975,-79.0253,
-8.93346,8.93346,-8.48678,0,7.54103,7.72963,188,73,222.867,420,108.984,-79.0161,
-17.8272,17.8272,-16.9358,0,7.47763,7.85398,188,73,222.909,420,105.089,-82.9108,
-22.6279,22.6279,-21.4965,0,7.37628,7.85398,188,73,222.95,420,99.0126,-88.9874,
-26.6298,26.6298,-25.2983,0,7.2918,7.85398,188,73,222.979,420,93.8956,-94.1044,
-30.3343,30.3343,-28.8175,0,7.15484,7.79523,188,73,223.022,420,85.8643,-102.136,
-26.5358,26.5358,-25.209,0,7.07511,7.63531,188,73,223.049,420,81.0211,-106.979,
-18.59,18.59,-17.6605,0,6.99788,7.39033,189,74,223.079,420,76.4332,-112.567,
-14.1268,14.1268,-13.4204,0,6.923,7.22123,189,73,223.119,420,71.9845,-117.015,
-0.918755,0.918755,-0.872818,0,6.89654,6.91593,189,73,223.149,420,70.2673,-118.733,
7.35895,-7.35895,6.991,0,6.90219,6.74683,189,74,223.19,420,70.4613,-118.539,
14.1411,-14.1411,13.434,0,6.94049,6.64196,189,73,223.22,420,72.483,-116.517,
18.3351,-18.3351,17.4184,0,7.02903,6.64196,189,73,223.261,420,77.4266,-111.573,
22.0677,-22.0677,20.9643,0,7.10783,6.64196,189,73,223.288,420,81.7468,-107.253,
28.9698,-28.9698,27.5213,0,7.25354,6.64196,189,73,223.333,420,89.9749,-99.0251,
34.0712,-34.0712,32.3676,0,7.43909,6.71981,189,73,223.391,420,100.407,-88.5929,
22.4346,-22.4346,21.3129,0,7.5422,7.06858,189,74,223.433,420,106.121,-82.879,
10.1054,-10.1054,9.60012,0,7.60367,7.39033,189,74,223.473,420,109.356,-79.6441,
-8.50356,8.50356,-8.07838,0,7.61571,7.79523,188,73,223.515,420,109.808,-78.1916,
-21.3579,21.3579,-20.2901,0,7.57776,8.02865,188,73,223.555,420,107.382,-80.618,
-25.5735,25.5735,-24.2948,0,7.48877,8.02865,188,73,223.598,420,102.044,-85.9565,
-31.3779,31.3779,-29.809,0,7.36623,8.02865,188,73,223.641,420,94.791,-93.209,
-30.105,30.105,-28.5997,0,7.27719,7.91274,187,73,223.67,420,89.466,-97.534,
-28.4645,28.4645,-27.0412,0,7.14241,7.74332,188,73,223.713,420,81.5926,-106.407,
-17.2476,17.2476,-16.3853,0,7.02622,7.39033,188,74,223.759,420,74.7227,-113.277,
-0.754577,0.754577,-0.716848,0,6.96951,6.98544,188,74,223.795,420,71.2978,-116.702,
9.62756,-9.62756,9.14618,0,6.95008,6.74683,189,74,223.84,420,70.0349,-118.965,
19.7018,-19.7018,18.7167,0,6.98516,6.56924,189,73,223.88,420,71.8874,-117.113,
22.3018,-22.3018,21.1867,0,7.04005,6.56924,189,73,223.909,420,74.8615,-114.139,
27.6174,-27.6174,26.2366,0,7.15227,6.56924,189,73,223.952,420,81.173,-107.827,
30.1577,-30.1577,28.6498,0,7.27862,6.64196,188,73,223.991,420,88.2117,-99.7883,
26.2185,-26.2185,24.9076,0,7.37711,6.8236,188,74,224.02,420,93.6735,-94.3265,
22.9504,-22.9504,21.8029,0,7.46995,6.98544,188,74,224.049,420,98.8608,-89.1392,
16.5088,-16.5088,15.6834,0,7.58225,7.23373,188,74,224.091,420,105.163,-82.8369,
4.14056,-4.14056,3.93354,0,7.65534,7.56793,188,73,224.135,420,109.121,-78.8786,
-2.99063,2.99063,-2.8411,0,7.66649,7.72963,187,73,224.19,420,109.518,-77.4817,
-15.3589,15.3589,-14.5909,0,7.58849,7.91274,187,73,224.246,420,104.691,-82.3093,
-23.1036,23.1036,-21.9484,0,7.42499,7.91274,186,73,224.307,420,94.9677,-91.0323,
-25.8224,25.8224,-24.5313,0,7.30884,7.85398,187,73,224.344,420,87.9553,-99.0447,
-28.8166,28.8166,-27.3757,0,7.18688,7.79523,187,73,224.384,420,80.7415,-106.258,
-26.3105,26.3105,-24.995,0,7.07987,7.63531,187,73,224.429,420,74.3718,-112.628,
-17.5818,17.5818,-16.7027,0,7.01916,7.39033,187,74,224.473,420,70.6632,-116.337,
-2.52483,2.52483,-2.39859,0,7.01528,7.06858,188,74,224.517,420,70.2562,-117.744,
7.57755,-7.57755,7.19867,0,7.06341,6.90343,188,74,224.558,420,72.8656,-115.134,
27.9833,-27.9833,26.5841,0,7.15999,6.56924,188,73,224.6,420,78.2595,-109.74,
33.8398,-33.8398,32.1478,0,7.28363,6.56924,188,73,224.641,420,85.1907,-102.809,
40.1448,-40.1448,38.1376,0,7.41674,6.56924,188,73,224.681,420,92.6562,-95.3438,
28.7471,-28.7471,27.3098,0,7.51032,6.90343,188,74,224.71,420,97.8737,-90.1263,
28.8575,-28.8575,27.4146,0,7.59466,6.98544,187,74,224.739,420,102.603,-84.3973,
13.8049,-13.8049,13.1146,0,7.68177,7.39033,187,74,224.78,420,107.481,-79.5195,
-3.24511,3.24511,-3.08285,0,7.72672,7.79523,187,73,224.821,420,109.869,-77.1306,
-14.721,14.721,-13.985,0,7.71788,8.02865,186,73,224.864,420,109.165,-76.8349,
-26.1377,26.1377,-24.8308,0,7.66096,8.21275,186,73,224.904,420,105.726,-80.2742,
-31.5039,31.5039,-29.9287,0,7.54767,8.21275,186,73,224.95,420,99.0966,-86.9034,
-32.0907,32.0907,-30.4862,0,7.42149,8.09896,186,73,224.991,420,91.7508,-94.2492,
-32.188,32.188,-30.5786,0,7.28511,7.96464,186,73,225.033,420,83.8256,-102.174,
-22.1658,22.1658,-21.0575,0,7.16737,7.63531,186,73,225.075,420,76.9681,-109.032,
-6.56059,6.56059,-6.23256,0,7.08273,7.22123,186,73,225.119,420,72.0256,-113.974,
10.6813,-10.6813,10.1472,0,7.0491,6.8236,186,74,225.16,420,70.0407,-115.959,
20.197,-20.197,19.1872,0,7.06834,6.64196,187,73,225.202,420,71.0926,-115.907,
23.5077,-23.5077,22.3323,0,7.13823,6.64196,187,73,225.244,420,75.0311,-111.969,
30.2987,-30.2987,28.7838,0,7.24457,6.60494,187,74,225.284,420,81.0492,-105.951,
30.6185,-30.6185,29.0876,0,7.39322,6.74683,187,74,225.331,420,89.4848,-97.5152,
25.4456,-25.4456,24.1734,0,7.52263,6.98544,186,74,225.37,420,96.8102,-89.1898,
19.3119,-19.3119,18.3463,0,7.64143,7.23373,186,74,225.412,420,103.534,-82.4656,
7.36312,-7.36312,6.99496,0,7.72337,7.56793,186,73,225.454,420,108.118,-77.8821,
-4.52787,4.52787,-4.30147,0,7.75839,7.85398,185,73,225.496,420,109.987,-75.0128,
-13.7522,13.7522,-13.0645,0,7.73833,8.02865,185,73,225.539,420,108.698,-76.3022,
-16.9813,16.9813,-16.1323,0,7.67016,8.02865,185,73,225.579,420,104.669,-80.3306,
-22.4197,22.4197,-21.2988,0,7.55535,8.02865,185,73,225.623,420,97.9833,-87.0167,
-30.8231,30.8231,-29.282,0,7.42194,8.07265,184,73,225.665,420,90.2388,-93.7612,
-35.0919,35.0919,-33.3373,0,7.28782,8.02865,184,73,225.708,420,82.4568,-101.543,
-29.2403,29.2403,-27.7782,0,7.17793,7.79523,184,73,225.749,420,76.0592,-107.941,
-21.5165,21.5165,-20.4407,0,7.11369,7.56793,184,73,225.782,420,72.2866,-111.713,
-7.41725,7.41725,-7.04639,0,7.07715,7.23373,184,74,225.821,420,70.1394,-113.861,
12.5311,-12.5311,11.9046,0,7.08815,6.8236,184,74,225.862,420,70.7356,-113.264,
25.8586,-25.8586,24.5657,0,7.15084,6.60494,185,74,225.904,420,74.2976,-110.702,
32.7864,-32.7864,31.1471,0,7.26139,6.56924,185,73,225.948,420,80.5859,-104.414,
39.0632,-39.0632,37.1101,0,7.3939,6.56924,185,73,225.99,420,88.1178,-96.8822,
36.8541,-36.8541,35.0114,0,7.52486,6.74683,185,74,226.03,420,95.5617,-89.4383,
23.6005,-23.6005,22.4205,0,7.64996,7.15172,184,74,226.073,420,102.671,-81.3291,
8.09668,-8.09668,7.69184,0,7.73886,7.56793,184,73,226.115,420,107.684,-76.3159,
-13.8675,13.8675,-13.1742,0,7.77989,8.07265,183,73,226.158,420,109.929,-73.0714,
-26.2607,26.2607,-24.9477,0,7.76324,8.31763,183,73,226.202,420,108.895,-74.1049,
-29.3954,29.3954,-27.9256,0,7.69706,8.31763,183,73,226.243,420,105.093,-77.9067,
-34.3692,34.3692,-32.6507,0,7.59206,8.31763,183,73,226.283,420,99.119,-83.881,
-30.602,30.602,-29.0719,0,7.49399,8.14003,182,73,226.314,420,93.5685,-88.4315,
-25.971,25.971,-24.6725,0,7.36446,7.91274,182,73,226.354,420,86.203,-95.797,
-12.4217,12.4217,-11.8006,0,7.23298,7.49521,182,73,226.397,420,78.7376,-103.262,
-4.66278,4.66278,-4.42965,0,7.1353,7.23373,183,74,226.439,420,73.2357,-109.764,
4.2783,-4.2783,4.06438,0,7.08213,6.99181,183,73,226.481,420,70.3165,-112.684,
12.2711,-12.2711,11.6576,0,7.08266,6.8236,183,74,226.524,420,70.4969,-112.503,
14.8826,-14.8826,14.1385,0,7.13779,6.8236,183,74,226.567,420,73.8123,-109.188,
19.4925,-19.4925,18.5178,0,7.23511,6.8236,183,74,226.608,420,79.5447,-103.455,
25.5046,-25.5046,24.2293,0,7.36203,6.8236,183,74,226.651,420,86.9831,-96.0169,
27.4878,-27.4878,26.1134,0,7.49623,6.91593,184,73,226.693,420,94.8398,-89.1602,
29.9393,-29.9393,28.4423,0,7.62386,6.99181,183,73,226.737,420,102.308,-80.6923,
19.5605,-19.5605,18.5825,0,7.70833,7.29538,183,73,226.778,420,107.294,-75.7057,
12.0942,-12.0942,11.4895,0,7.75053,7.49521,182,73,226.819,420,109.815,-72.1848,
-5.31373,5.31373,-5.04805,0,7.7418,7.85398,182,73,226.86,420,109.386,-72.6144,
-13.6168,13.6168,-12.936,0,7.67717,7.96464,182,73,226.904,420,105.749,-76.251,
-24.8131,24.8131,-23.5725,0,7.57513,8.09896,182,73,226.945,420,99.9746,-82.0254,
-33.0844,33.0844,-31.4301,0,7.44159,8.14003,181,73,226.987,420,92.4069,-88.5931,
-39.5506,39.5506,-37.5731,0,7.30508,8.14003,181,73,227.029,420,84.6741,-96.3259,
-34.8349,34.8349,-33.0932,0,7.17733,7.91274,181,73,227.072,420,77.4315,-103.568,
-22.6554,22.6554,-21.5226,0,7.08965,7.56793,182,73,227.113,420,72.486,-109.514,
-1.03032,1.03032,-0.978807,0,7.04683,7.06858,182,73,227.154,420,70.1357,-111.864,
19.6532,-19.6532,18.6705,0,7.05686,6.64196,182,73,227.198,420,70.8385,-111.161,
33.7735,-33.7735,32.0848,0,7.12054,6.40754,182,73,227.24,420,74.6018,-107.398,
38.8941,-38.8941,36.9494,0,7.22864,6.40754,182,73,227.283,420,80.8643,-101.136,
37.7345,-37.7345,35.8478,0,7.36585,6.56924,182,73,227.327,420,88.7693,-93.2307,
28.0015,-28.0015,26.6014,0,7.49458,6.90343,182,74,227.367,420,96.1863,-85.8137,
14.3206,-14.3206,13.6046,0,7.61589,7.31356,181,74,227.41,420,103.17,-77.8304,
-4.52538,4.52538,-4.29911,0,7.69969,7.79523,181,73,227.452,420,107.98,-73.0201,
-22.6539,22.6539,-21.5212,0,7.7345,8.21275,180,73,227.494,420,109.97,-70.0299,
-27.2147,27.2147,-25.854,0,7.71608,8.29061,180,73,227.534,420,108.958,-71.042,
-30.6935,30.6935,-29.1589,0,7.64263,8.29061,180,73,227.578,420,104.847,-75.1525,
-27.0448,27.0448,-25.6925,0,7.52802,8.09896,180,73,227.621,420,98.4302,-81.5698,
-21.935,21.935,-20.8382,0,7.39091,7.85398,180,73,227.663,420,90.7287,-89.2713,
-11.3952,11.3952,-10.8254,0,7.25465,7.49521,180,73,227.704,420,83.0718,-96.9282,
-0.760461,0.760461,-0.722438,0,7.13567,7.15172,180,74,227.746,420,76.4148,-103.585,
3.07883,-3.07883,2.92489,0,7.05044,6.98544,181,74,227.789,420,71.7129,-109.287,
5.37922,-5.37922,5.11026,0,7.017,6.90343,181,74,227.832,420,70.0024,-110.998,
6.26578,-6.26578,5.95249,0,7.03571,6.90343,181,74,227.872,420,71.3067,-109.693,
9.79976,-9.79976,9.30977,0,7.11032,6.90343,181,74,227.916,420,75.8091,-105.191,
18.8101,-18.8101,17.8696,0,7.22071,6.8236,181,74,227.959,420,82.3928,-98.6072,
20.8332,-20.8332,19.7916,0,7.34325,6.90343,181,74,227.998,420,89.6607,-91.3393,
27.3423,-27.3423,25.9752,0,7.48066,6.90343,181,74,228.042,420,97.7638,-83.2362,
24.666,-24.666,23.4327,0,7.58931,7.06858,181,74,228.084,420,104.231,-76.7693,
20.3129,-20.3129,19.2972,0,7.66256,7.23373,181,74,228.127,420,108.632,-72.3677,
10.4127,-10.4127,9.89205,0,7.6832,7.46337,180,74,228.17,420,109.988,-70.0124,
-6.78895,6.78895,-6.4495,0,7.6519,7.79523,180,73,228.21,420,108.333,-71.6674,
-21.8327,21.8327,-20.7411,0,7.56774,8.02865,180,73,228.254,420,103.627,-76.3733,
-27.3068,27.3068,-25.9415,0,7.45218,8.02865,180,73,228.295,420,97.14,-82.86,
-33.9696,33.9696,-32.2711,0,7.31152,8.02865,180,73,228.337,420,89.2148,-90.7852,
-32.1695,32.1695,-30.561,0,7.17485,7.85398,179,73,228.38,420,81.5185,-97.4815,
-27.0309,27.0309,-25.6794,0,7.06466,7.63531,179,73,228.421,420,75.3434,-103.657,
-11.5798,11.5798,-11.0008,0,6.98927,7.23373,180,74,228.463,420,71.1718,-108.828,
2.97326,-2.97326,2.8246,0,6.9662,6.90343,180,74,228.506,420,70.0364,-109.964,
23.4741,-23.4741,22.3004,0,6.99742,6.50185,180,73,228.548,420,72.0201,-107.98,
29.196,-29.196,27.7362,0,7.07422,6.45786,180,74,228.589,420,76.577,-103.423,
34.8985,-34.8985,33.1536,0,7.1946,6.45786,180,74,228.632,420,83.599,-96.401,
32.5831,-32.5831,30.9539,0,7.32982,6.64196,180,73,228.674,420,91.4564,-88.5436,
26.2899,-26.2899,24.9754,0,7.45844,6.90343,180,74,228.716,420,98.934,-81.066,
11.8852,-11.8852,11.2909,0,7.56447,7.31356,179,74,228.757,420,105.106,-73.8944,
-5.25888,5.25888,-4.99594,0,7.6323,7.74332,179,74,228.801,420,109.061,-69.9385,
-18.1097,18.1097,-17.2042,0,7.64634,8.02865,179,73,228.843,420,109.917,-69.0829,
-22.1475,22.1475,-21.0401,0,7.60509,8.07265,178,73,228.886,420,107.622,-70.3779,
-26.6922,26.6922,-25.3576,0,7.50915,8.07265,178,73,228.93,420,102.213,-75.7866,
-27.6898,27.6898,-26.3053,0,7.39377,7.97834,178,73,228.969,420,95.7064,-82.2936,
-25.6635,25.6635,-24.3803,0,7.25344,7.79523,179,73,229.012,420,87.7616,-91.2384,
-19.647,19.647,-18.6646,0,7.11746,7.53223,178,74,229.055,420,80.0745,-97.9255,
-14.2604,14.2604,-13.5473,0,7.01251,7.31356,178,74,229.097,420,74.1815,-103.818,
-1.71299,1.71299,-1.62734,0,6.94928,6.98544,179,74,229.138,420,70.7006,-108.299,
12.5133,-12.5133,11.8877,0,6.93796,6.67379,179,74,229.182,420,70.2167,-108.783,
14.5442,-14.5442,13.817,0,6.98084,6.67379,179,74,229.224,420,72.8204,-106.18,
18.9403,-18.9403,17.9933,0,7.07364,6.67379,179,74,229.267,420,78.2799,-100.72,
26.1185,-26.1185,24.8126,0,7.19335,6.64196,179,73,229.308,420,85.27,-93.73,
30.8175,-30.8175,29.2767,0,7.32438,6.67379,179,74,229.349,420,92.9051,-86.0949,
29.8996,-29.8996,28.4047,0,7.45482,6.8236,179,74,229.392,420,100.503,-78.4965,
22.9505,-22.9505,21.803,0,7.55309,7.06858,179,74,229.434,420,106.254,-72.7461,
13.9222,-13.9222,13.2261,0,7.60748,7.31356,178,74,229.475,420,109.465,-68.5351,
-8.72744,8.72744,-8.29107,0,7.61098,7.79523,178,73,229.518,420,109.722,-68.2776,
-22.3194,22.3194,-21.2034,0,7.55747,8.02865,178,73,229.562,420,106.702,-71.2977,
-26.8295,26.8295,-25.488,0,7.46225,8.02865,178,73,229.603,420,101.309,-76.6909,
-32.9581,32.9581,-31.3102,0,7.33287,8.02865,178,73,229.645,420,93.9634,-84.0366,
-33.9382,33.9382,-32.2413,0,7.19626,7.91274,177,74,229.687,420,86.2092,-90.7908,
-26.9487,26.9487,-25.6013,0,7.0664,7.63531,177,73,229.729,420,78.8364,-98.1636,
-12.674,12.674,-12.0403,0,6.96617,7.23373,178,74,229.773,420,73.1777,-104.822,
-3.33506,3.33506,-3.16831,0,6.91504,6.98544,178,74,229.813,420,70.359,-107.641,
12.9606,-12.9606,12.3126,0,6.91557,6.64196,178,74,229.858,420,70.5208,-107.479,
24.1654,-24.1654,22.9571,0,6.96802,6.45786,178,74,229.898,420,73.6442,-104.356,
28.8212,-28.8212,27.3801,0,7.0663,6.45786,178,74,229.94,420,79.3472,-98.6528,
31.7125,-31.7125,30.1269,0,7.19765,6.52816,179,74,229.984,420,86.921,-92.079,
27.4502,-27.4502,26.0777,0,7.32634,6.74683,179,74,230.023,420,94.3383,-84.6617,
22.2879,-22.2879,21.1735,0,7.45596,6.98544,178,74,230.067,420,101.806,-76.1935,
11.114,-11.114,10.5583,0,7.54819,7.31356,177,74,230.109,420,107.118,-69.8819,
-3.98459,3.98459,-3.78536,0,7.59519,7.67931,177,74,230.152,420,109.807,-67.1934,
-12.5475,12.5475,-11.9201,0,7.58909,7.85398,177,74,230.192,420,109.428,-67.5718,
-18.0876,18.0876,-17.1832,0,7.53089,7.91274,177,74,230.234,420,106.061,-70.9387,
-22.9271,22.9271,-21.7807,0,7.42872,7.91274,177,74,230.277,420,100.175,-76.8246,
-28.9485,28.9485,-27.5011,0,7.3016,7.91274,176,74,230.318,420,92.8616,-83.1384,
-30.1211,30.1211,-28.6151,0,7.15934,7.79523,177,73,230.362,420,84.6801,-92.3199,
-25.0642,25.0642,-23.811,0,7.0388,7.56793,177,74,230.403,420,77.7468,-99.2532,
-21.0813,21.0813,-20.0272,0,6.94528,7.39033,177,74,230.448,420,72.3809,-104.619,
-3.78861,3.78861,-3.59918,0,6.90546,6.98544,177,74,230.488,420,70.1236,-106.876,
11.7122,-11.7122,11.1266,0,6.92105,6.67379,177,74,230.535,420,71.0601,-105.94,
21.478,-21.478,20.4041,0,6.98159,6.52816,178,74,230.573,420,74.5617,-103.438,
33.209,-33.209,31.5486,0,7.09492,6.39384,178,74,230.617,420,81.0604,-96.9396,
39.3153,-39.3153,37.3495,0,7.22383,6.39384,178,74,230.658,420,88.4246,-89.5754,
37.3955,-37.3955,35.5257,0,7.3587,6.56924,178,73,230.7,420,96.1265,-81.8735,
27.2923,-27.2923,25.9277,0,7.47961,6.90343,178,74,230.742,420,103.037,-74.9633,
8.29583,-8.29583,7.88104,0,7.56547,7.39033,177,74,230.785,420,107.927,-69.0727,
-11.9309,11.9309,-11.3344,0,7.60211,7.85398,176,73,230.827,420,109.963,-66.0368,
-28.0071,28.0071,-26.6068,0,7.58447,8.17573,176,73,230.869,420,108.887,-67.1132,
-33.0431,33.0431,-31.3909,0,7.51518,8.21275,175,73,230.911,420,104.889,-70.1105,
-38.048,38.048,-36.1456,0,7.40952,8.21275,175,73,230.951,420,98.8439,-76.1561,
-35.6355,35.6355,-33.8537,0,7.27635,8.02865,176,73,230.993,420,91.2433,-84.7567,
-20.2901,20.2901,-19.2756,0,7.18066,7.609,176,74,231.022,420,85.7906,-90.2094,
-12.1628,12.1628,-11.5546,0,7.05679,7.31356,176,74,231.064,420,78.7168,-97.2832,
6.30915,-6.30915,5.99369,0,6.9568,6.8236,176,74,231.107,420,73.0398,-102.96,
11.0816,-11.0816,10.5275,0,6.90774,6.67379,177,74,231.148,420,70.2924,-106.708,
16.2089,-16.2089,15.3984,0,6.91142,6.56924,177,73,231.192,420,70.5541,-106.446,
19.1448,-19.1448,18.1876,0,6.97341,6.56924,177,73,231.236,420,74.1317,-102.868,
24.0764,-24.0764,22.8726,0,7.07752,6.56924,177,73,231.278,420,80.1017,-96.8983,
26.8109,-26.8109,25.4703,0,7.20796,6.64196,176,73,231.32,420,87.5682,-88.4318,
26.9169,-26.9169,25.571,0,7.33833,6.77008,177,73,231.36,420,95.0285,-81.9715,
22.8316,-22.8316,21.69,0,7.46744,6.98544,176,74,231.404,420,102.416,-73.5836,
15.8655,-15.8655,15.0722,0,7.55617,7.22123,176,73,231.446,420,107.474,-68.5256,
1.4665,-1.4665,1.39317,0,7.59889,7.56793,176,73,231.487,420,109.861,-66.1386,
-9.74985,9.74985,-9.26236,0,7.5894,7.79523,175,73,231.529,420,109.232,-65.768,
-15.3419,15.3419,-14.5748,0,7.5301,7.85398,175,73,231.571,420,105.734,-69.2665,
-23.6398,23.6398,-22.4578,0,7.42149,7.92055,175,73,231.615,420,99.4085,-75.5915,
-26.7199,26.7199,-25.3839,0,7.28989,7.85398,175,73,231.657,420,91.7633,-83.2367,
-32.8282,32.8282,-31.1867,0,7.16094,7.85398,174,73,231.697,420,84.2695,-89.7305,
-30.1814,30.1814,-28.6724,0,7.04215,7.67931,174,74,231.739,420,77.3681,-96.6319,
-20.5601,20.5601,-19.5321,0,6.95629,7.39033,175,74,231.781,420,72.366,-102.634,
-7.17183,7.17183,-6.81324,0,6.91718,7.06858,175,74,231.824,420,70.0757,-104.924,
8.8195,-8.8195,8.37853,0,6.93302,6.74683,175,74,231.866,420,70.9634,-104.037,
22.2759,-22.2759,21.1621,0,6.99843,6.52816,176,74,231.907,420,74.6903,-101.31,
30.7668,-30.7668,29.2284,0,7.10738,6.45786,175,74,231.95,420,80.8866,-94.1134,
33.8907,-33.8907,32.1962,0,7.24363,6.52816,176,74,231.993,420,88.6251,-87.3749,
35.0947,-35.0947,33.3399,0,7.38284,6.64196,175,73,232.035,420,96.5318,-78.4682,
28.5764,-28.5764,27.1476,0,7.50671,6.90343,175,74,232.079,420,103.567,-71.4332,
12.97,-12.97,12.3215,0,7.58737,7.31356,174,74,232.12,420,108.113,-65.8874,
-8.20999,8.20999,-7.79949,0,7.6219,7.79523,174,73,232.162,420,109.985,-64.0154,
-23.6429,23.6429,-22.4607,0,7.59983,8.09896,174,73,232.207,420,108.6,-65.3998,
-32.4572,32.4572,-30.8343,0,7.52755,8.21275,173,73,232.248,420,104.367,-68.6331,
-37.6792,37.6792,-35.7952,0,7.4173,8.21275,173,73,232.29,420,97.9948,-75.0052,
-35.4236,35.4236,-33.6525,0,7.28082,8.02865,174,73,232.333,420,90.1382,-83.8618,
-25.0579,25.0579,-23.805,0,7.15031,7.67931,173,73,232.373,420,82.6258,-90.3742,
-9.38566,9.38566,-8.91638,0,7.03559,7.23373,174,74,232.415,420,76.0277,-97.9723,
2.53649,-2.53649,2.40966,0,6.95698,6.90343,174,74,232.458,420,71.5248,-102.475,
13.6489,-13.6489,12.9665,0,6.9301,6.64196,174,73,232.498,420,70.002,-103.998,
21.4886,-21.4886,20.4142,0,6.9555,6.50185,174,73,232.541,420,71.4605,-102.539,
27.3742,-27.3742,26.0055,0,7.03576,6.45786,174,74,232.585,420,76.0277,-97.9723,
27.4779,-27.4779,26.104,0,7.14933,6.56924,174,73,232.626,420,82.4684,-91.5316,
25.5092,-25.5092,24.2337,0,7.28536,6.74683,175,74,232.668,420,90.1948,-84.8052,
24.3831,-24.3831,23.1639,0,7.41819,6.90343,174,74,232.709,420,97.7349,-76.2651,
14.2509,-14.2509,13.5383,0,7.53458,7.23373,174,74,232.751,420,104.328,-69.6725,
2.21942,-2.21942,2.10845,0,7.61478,7.56793,173,73,232.797,420,108.82,-64.1803,
-7.47824,7.47824,-7.10433,0,7.63735,7.79523,173,73,232.838,420,109.98,-63.0202,
-11.6472,11.6472,-11.0649,0,7.6081,7.85398,172,73,232.879,420,108.16,-63.8398,
-18.348,18.348,-17.4306,0,7.52539,7.91274,172,73,232.923,420,103.273,-68.7267,
-23.6203,23.6203,-22.4393,0,7.41409,7.91274,172,73,232.963,420,96.7452,-75.2548,
-27.6197,27.6197,-26.2388,0,7.2709,7.85398,172,73,233.008,420,88.3995,-83.6005,
-30.6727,30.6727,-29.1391,0,7.14769,7.79523,172,73,233.048,420,81.1899,-90.8101,
-24.8992,24.8992,-23.6543,0,7.04228,7.56793,172,73,233.09,420,75.0227,-96.9773,
-16.0573,16.0573,-15.2544,0,6.97458,7.31356,172,74,233.132,420,71.034,-100.966,
2.63108,-2.63108,2.49952,0,6.95898,6.90343,173,74,233.175,420,70.0662,-102.934,
11.8256,-11.8256,11.2343,0,6.99648,6.74683,173,74,233.216,420,72.1571,-100.843,
29.6862,-29.6862,28.2019,0,7.08457,6.45786,173,74,233.259,420,77.1501,-95.8499,
33.2013,-33.2013,31.5412,0,7.20277,6.50185,173,73,233.3,420,83.8376,-89.1624,
39.8323,-39.8323,37.8406,0,7.34276,6.50185,173,73,233.343,420,91.7633,-81.2367,
30.8228,-30.8228,29.2816,0,7.47431,6.8236,172,74,233.384,420,99.2083,-72.7917,
17.3129,-17.3129,16.4472,0,7.58673,7.22123,172,73,233.428,420,105.557,-66.4426,
3.96703,-3.96703,3.76868,0,7.65168,7.56793,172,73,233.469,420,109.152,-62.8476,
-14.7453,14.7453,-14.0081,0,7.66705,7.97834,171,73,233.511,420,109.887,-61.1133,
-23.4505,23.4505,-22.278,0,7.64497,8.14003,171,73,233.542,420,108.482,-62.5176,
-30.4131,30.4131,-28.8924,0,7.5707,8.21275,171,72,233.583,420,104.147,-66.8534,
-32.2291,32.2291,-30.6177,0,7.45964,8.14003,171,73,233.625,420,97.7059,-73.2941,
-28.0652,28.0652,-26.6619,0,7.32025,7.91274,171,73,233.668,420,89.6544,-81.3456,
-20.9649,20.9649,-19.9166,0,7.19272,7.63531,171,73,233.709,420,82.2825,-88.7175,
-7.31952,7.31952,-6.95354,0,7.07921,7.23373,172,74,233.751,420,75.7252,-96.2748,
4.72641,-4.72641,4.49009,0,7.00321,6.90343,172,74,233.794,420,71.345,-100.655,
11.0506,-11.0506,10.4981,0,6.98012,6.74683,172,74,233.837,420,70.0126,-101.987,
12.4656,-12.4656,11.8424,0,7.01,6.74683,172,74,233.878,420,71.7155,-100.285,
16.4306,-16.4306,15.609,0,7.0937,6.74683,172,74,233.921,420,76.5026,-95.4974,
21.7861,-21.7861,20.6968,0,7.20676,6.74683,172,74,233.962,420,82.9717,-89.0283,
28.4914,-28.4914,27.0668,0,7.34832,6.74683,172,74,234.006,420,91.0739,-80.9261,
34.5424,-34.5424,32.8153,0,7.47606,6.74683,172,74,234.046,420,98.3846,-73.6154,
28.5932,-28.5932,27.1635,0,7.58908,6.98544,171,74,234.089,420,104.852,-66.1483,
16.3465,-16.3465,15.5292,0,7.65866,7.31356,171,74,234.13,420,108.811,-62.1888,
0.0300089,-0.0300089,0.0285084,0,7.67994,7.67931,170,74,234.172,420,109.973,-60.0272,
-18.0184,18.0184,-17.1175,0,7.64826,8.02865,170,73,234.214,420,108.075,-61.9249,
-25.6029,25.6029,-24.3227,0,7.55845,8.09896,170,73,234.259,420,102.864,-67.1357,
-30.9119,30.9119,-29.3663,0,7.44638,8.09896,170,73,234.299,420,96.3951,-73.6049,
-33.9553,33.9553,-32.2575,0,7.31182,8.02865,170,73,234.34,420,88.6501,-81.3499,
-29.3098,29.3098,-27.8443,0,7.17646,7.79523,170,73,234.384,420,80.8587,-89.1413,
-18.9768,18.9768,-18.028,0,7.06275,7.46337,170,74,234.429,420,74.3131,-95.6869,
-3.13689,3.13689,-2.98004,0,7.00236,7.06858,171,74,234.469,420,70.853,-100.147,
11.4711,-11.4711,10.8976,0,6.989,6.74683,171,74,234.511,420,70.1113,-100.889,
23.7074,-23.7074,22.522,0,7.02865,6.52816,171,74,234.553,420,72.4077,-98.5923,
28.0152,-28.0152,26.6145,0,7.1196,6.52816,171,74,234.596,420,77.6132,-93.3868,
37.4365,-37.4365,35.5646,0,7.24818,6.45786,171,74,234.64,420,84.9532,-86.0468,
30.2265,-30.2265,28.7152,0,7.38495,6.74683,171,74,234.681,420,92.7496,-78.2504,
25.0131,-25.0131,23.7625,0,7.5135,6.98544,170,74,234.723,420,100.078,-69.9221,
10.5659,-10.5659,10.0376,0,7.61339,7.39033,170,74,234.763,420,105.753,-64.2471,
-5.58164,5.58164,-5.30256,0,7.67739,7.79523,169,73,234.806,420,109.345,-59.6552,
-16.1573,16.1573,-15.3494,0,7.68756,8.02865,169,73,234.847,420,109.837,-59.1633,
-23.4553,23.4553,-22.2826,0,7.64486,8.14003,169,73,234.889,420,107.319,-61.6805,
-27.7172,27.7172,-26.3313,0,7.55489,8.14003,169,73,234.931,420,102.124,-66.8763,
-30.4454,30.4454,-28.9232,0,7.42991,8.07265,168,73,234.973,420,94.9434,-73.0566,
-26.7546,26.7546,-25.4168,0,7.28916,7.85398,168,73,235.017,420,86.8651,-81.1349,
-19.4495,19.4495,-18.477,0,7.15733,7.56793,168,73,235.06,420,79.2994,-88.7006,
-11.9447,11.9447,-11.3475,0,7.0614,7.31356,168,74,235.1,420,73.8086,-94.1914,
-3.21296,3.21296,-3.05231,0,7.00075,7.06858,169,74,235.146,420,70.3673,-98.6327,
11.9456,-11.9456,11.3483,0,6.99902,6.74683,169,74,235.186,420,70.338,-98.662,
14.2434,-14.2434,13.5312,0,7.04753,6.74683,169,74,235.227,420,73.1777,-95.8223,
18.793,-18.793,17.8533,0,7.14357,6.74683,169,74,235.27,420,78.7427,-90.2573,
24.7775,-24.7775,23.5386,0,7.26991,6.74683,169,74,235.312,420,86.0427,-82.9573,
31.5489,-31.5489,29.9715,0,7.41287,6.74683,169,74,235.356,420,94.2954,-74.7046,
26.0708,-26.0708,24.7673,0,7.53583,6.98544,169,74,235.398,420,101.402,-67.5978,
22.7164,-22.7164,21.5806,0,7.63129,7.15172,168,74,235.44,420,106.917,-61.0832,
8.71902,-8.71902,8.28307,0,7.67928,7.49521,168,73,235.481,420,109.684,-58.3165,
-5.60858,5.60858,-5.32815,0,7.67682,7.79523,168,73,235.523,420,109.528,-58.4721,
-19.5721,19.5721,-18.5934,0,7.61547,8.02865,168,73,235.568,420,105.986,-62.0139,
-26.1791,26.1791,-24.8701,0,7.51998,8.07265,167,73,235.608,420,100.503,-66.4965,
-32.3231,32.3231,-30.707,0,7.39027,8.07265,167,73,235.65,420,93.0728,-73.9272,
-34.3105,34.3105,-32.595,0,7.254,7.97834,167,73,235.692,420,85.27,-81.73,
-26.1156,26.1156,-24.8098,0,7.12798,7.67931,167,74,235.735,420,78.052,-88.948,
-13.2479,13.2479,-12.5855,0,7.03388,7.31356,167,74,235.778,420,72.6774,-94.3226,
4.1191,-4.1191,3.91314,0,6.99039,6.90343,168,74,235.817,420,70.2336,-97.7664,
15.3845,-15.3845,14.6153,0,6.99858,6.67379,168,74,235.863,420,70.7612,-97.2388,
28.3117,-28.3117,26.8961,0,7.05555,6.45786,168,74,235.902,420,74.0783,-93.9217,
33.2186,-33.2186,31.5577,0,7.15914,6.45786,168,74,235.945,420,80.0254,-87.9746,
34.2086,-34.2086,32.4982,0,7.29142,6.56924,168,73,235.987,420,87.5931,-80.4069,
28.8789,-28.8789,27.4349,0,7.43327,6.8236,168,74,236.031,420,95.7064,-72.2936,
19.289,-19.289,18.3245,0,7.55257,7.14536,167,73,236.072,420,102.524,-64.4755,
3.44998,-3.44998,3.27748,0,7.64076,7.56793,167,73,236.113,420,107.541,-59.4588,
-13.9883,13.9883,-13.2889,0,7.68303,7.97834,166,73,236.156,420,109.901,-56.0991,
-20.3111,20.3111,-19.2956,0,7.67017,8.09896,166,73,236.198,420,109.112,-56.8878,
-23.421,23.421,-22.2499,0,7.60452,8.09896,166,73,236.241,420,105.326,-60.6742,
-25.1641,25.1641,-23.9059,0,7.49741,8.02865,166,73,236.283,420,99.186,-66.814,
-28.4324,28.4324,-27.0108,0,7.3644,7.96464,166,73,236.325,420,91.5692,-74.4308,
-21.2435,21.2435,-20.1813,0,7.23084,7.67931,165,73,236.366,420,83.9213,-81.0787,
-16.6745,16.6745,-15.8408,0,7.11136,7.46337,165,74,236.408,420,77.0876,-87.9124,
-9.36035,9.36035,-8.89234,0,7.02363,7.22123,166,73,236.451,420,72.0951,-93.9049,
3.93058,-3.93058,3.73405,0,6.98641,6.90343,166,74,236.494,420,70.0299,-95.9701,
8.53934,-8.53934,8.11237,0,7.00388,6.8236,166,74,236.536,420,71.1152,-94.8848,
11.6507,-11.6507,11.0682,0,7.06956,6.8236,166,74,236.576,420,74.9646,-91.0354,
16.9087,-16.9087,16.0633,0,7.18057,6.8236,166,74,236.62,420,81.4163,-84.5837,
23.1835,-23.1835,22.0243,0,7.31303,6.8236,166,74,236.662,420,89.1018,-76.8982,
29.8401,-29.8401,28.3481,0,7.45356,6.8236,166,74,236.706,420,97.2455,-68.7545,
35.2097,-35.2097,33.4492,0,7.56692,6.8236,166,74,236.748,420,103.832,-62.1677,
27.1642,-27.1642,25.806,0,7.64205,7.06858,166,74,236.788,420,108.218,-57.7823,
16.9821,-16.9821,16.133,0,7.67207,7.31356,165,74,236.831,420,109.994,-55.0057,
-3.97399,3.97399,-3.77529,0,7.64573,7.72963,165,73,236.875,420,108.506,-56.4937,
-21.5789,21.5789,-20.5,0,7.5731,8.02865,165,73,236.915,420,104.349,-60.6506,
-39.4885,39.4885,-37.5141,0,7.45696,8.29061,164,73,236.958,420,97.7117,-66.2883,
-45.62,45.62,-43.339,0,7.32752,8.29061,164,73,236.998,420,90.3393,-73.6607,
-45.1355,45.1355,-42.8787,0,7.18717,8.14003,164,73,237.042,420,82.3405,-81.6595,
-31.0534,31.0534,-29.5007,0,7.07405,7.72963,164,73,237.083,420,75.889,-88.111,
-3.47978,3.47978,-3.30579,0,6.99512,7.06858,165,74,237.127,420,71.4091,-93.5909,
24.2288,-24.2288,23.0173,0,6.96935,6.45786,165,74,237.168,420,70.0024,-94.9976,
42.1169,-42.1169,40.011,0,6.99765,6.10851,166,73,237.21,420,71.6449,-94.3551,
49.2644,-49.2644,46.8012,0,7.07823,6.03821,166,74,237.252,420,76.1677,-89.8323,
46.228,-46.228,43.9166,0,7.20035,6.22443,165,74,237.295,420,82.9658,-82.0342,
25.3203,-25.3203,24.0542,0,7.33687,6.80233,165,74,237.336,420,90.5591,-74.4409,
2.87481,-2.87481,2.73107,0,7.47804,7.41735,165,74,237.379,420,98.4302,-66.5698,
-17.6684,17.6684,-16.785,0,7.59164,7.96464,164,74,237.421,420,104.695,-59.305,
-29.5524,29.5524,-28.0748,0,7.66672,8.29061,163,74,237.463,420,108.77,-54.2297,
-32.3411,32.3411,-30.7241,0,7.69037,8.37313,163,73,237.507,420,109.953,-53.0473,
-20.8469,20.8469,-19.8045,0,7.65886,8.09896,164,74,237.547,420,108.054,-55.9465,
-15.9708,15.9708,-15.1722,0,7.57558,7.91274,163,74,237.59,420,103.212,-59.7879,
-5.25026,5.25026,-4.98775,0,7.45709,7.56793,164,74,237.632,420,96.3474,-67.6526,
0.417812,-0.417812,0.396921,0,7.32238,7.31356,163,74,237.674,420,88.5436,-74.4564,
-1.49026,1.49026,-1.41575,0,7.18977,7.22123,164,74,237.717,420,80.8643,-83.1357,
-7.14927,7.14927,-6.7918,0,7.0828,7.23373,164,75,237.759,420,74.6742,-89.3258,
-9.69015,9.69015,-9.20565,0,7.01666,7.22123,164,74,237.802,420,70.8548,-93.1452,
-10.3279,10.3279,-9.81146,0,7.0032,7.22123,164,74,237.844,420,70.0936,-93.9064,
-9.09149,9.09149,-8.63692,0,7.0418,7.23373,164,75,237.885,420,72.3512,-91.6488,
-5.02963,5.02963,-4.77814,0,7.12755,7.23373,164,75,237.927,420,77.3437,-86.6563,
0.94568,-0.94568,0.898396,0,7.2537,7.23373,164,75,237.971,420,84.6741,-79.3259,
7.05807,-7.05807,6.70516,0,7.38274,7.23373,164,75,238.012,420,92.1822,-71.8178,
13.6381,-13.6381,12.9562,0,7.50915,7.22123,164,74,238.053,420,99.5303,-64.4697,
18.8219,-18.8219,17.8808,0,7.61858,7.22123,164,74,238.097,420,105.887,-58.1126,
20.9891,-20.9891,19.9396,0,7.67683,7.23373,164,75,238.138,420,109.285,-54.7155,
22.0426,-22.0426,20.9405,0,7.68658,7.22123,164,74,238.179,420,109.865,-54.135,
15.5768,-15.5768,14.798,0,7.64241,7.31356,163,74,238.222,420,107.323,-55.6774,
2.49073,-2.49073,2.36619,0,7.54779,7.49521,163,74,238.266,420,101.857,-61.1429,
-17.5148,17.5148,-16.639,0,7.42547,7.79523,163,74,238.308,420,94.7849,-68.2151,
-24.0977,24.0977,-22.8929,0,7.2865,7.79523,163,74,238.351,420,86.7597,-76.2403,
-32.9147,32.9147,-31.2689,0,7.15912,7.85398,163,74,238.393,420,79.4004,-83.5996,
-34.9461,34.9461,-33.1988,0,7.05747,7.79523,163,74,238.436,420,73.5187,-89.4813,
-26.6777,26.6777,-25.3438,0,7.00473,7.56793,163,74,238.477,420,70.448,-92.552,
-6.7695,6.7695,-6.43103,0,7.00244,7.14536,163,74,238.518,420,70.2967,-92.7033,
10.8934,-10.8934,10.3487,0,7.05358,6.8236,163,75,238.561,420,73.2357,-89.7643,
29.3477,-29.3477,27.8803,0,7.14773,6.52816,164,75,238.603,420,78.6443,-85.3557,
38.9327,-38.9327,36.986,0,7.27977,6.45786,163,75,238.646,420,86.203,-76.797,
45.4484,-45.4484,43.176,0,7.41732,6.45786,163,75,238.688,420,94.0681,-68.9319,
41.207,-41.207,39.1466,0,7.54372,6.67379,163,75,238.73,420,101.304,-61.6961,
26.9916,-26.9916,25.642,0,7.63841,7.06858,163,75,238.772,420,106.73,-56.2701,
0.470858,-0.470858,0.447315,0,7.68925,7.67931,162,75,238.813,420,109.619,-52.3806,
-19.3887,19.3887,-18.4192,0,7.68964,8.09896,162,74,238.855,420,109.6,-52.4004,
-39.862,39.862,-37.8689,0,7.6327,8.47423,162,74,238.899,420,106.323,-55.6768,
-48.342,48.342,-45.9249,0,7.53569,8.55624,161,73,238.939,420,100.844,-60.1564,
-50.064,50.064,-47.5608,0,7.40262,8.45953,161,74,238.982,420,93.3581,-67.6419,
-30.7489,30.7489,-29.2115,0,7.26359,7.91274,161,74,239.024,420,85.5513,-75.4487,
-7.71882,7.71882,-7.33288,0,7.13243,7.29538,161,74,239.067,420,78.1935,-82.8065,
17.1125,-17.1125,16.2569,0,7.03506,6.67379,162,75,239.11,420,72.7948,-89.2052,
36.11,-36.11,34.3045,0,6.98675,6.22443,162,75,239.152,420,70.1934,-91.8066,
36.3966,-36.3966,34.5768,0,6.9928,6.22443,162,75,239.193,420,70.6128,-91.3872,
33.7075,-33.7075,32.0221,0,7.05354,6.34194,163,74,239.236,420,74.0745,-88.9255,
16.3145,-16.3145,15.4988,0,7.16802,6.8236,162,75,239.281,420,80.5638,-81.4362,
10.5703,-10.5703,10.0418,0,7.29173,7.06858,161,75,239.32,420,87.5869,-73.4131,
-3.06576,3.06576,-2.91247,0,7.43049,7.49521,160,75,239.363,420,95.4832,-64.5168,
-8.40806,8.40806,-7.98766,0,7.55212,7.72963,160,75,239.404,420,102.387,-57.6132,
-7.23568,7.23568,-6.8739,0,7.64247,7.79523,160,75,239.446,420,107.484,-52.5164,
-5.14239,5.14239,-4.88527,0,7.68666,7.79523,160,75,239.491,420,109.922,-50.0784,
-5.71388,5.71388,-5.42819,0,7.6746,7.79523,160,75,239.532,420,109.114,-50.886,
-6.28358,6.28358,-5.9694,0,7.61067,7.74332,160,75,239.574,420,105.33,-54.6701,
-11.1561,11.1561,-10.5983,0,7.50781,7.74332,160,75,239.615,420,99.2919,-60.7081,
-19.8268,19.8268,-18.8354,0,7.37666,7.79523,160,75,239.658,420,91.6318,-68.3682,
-26.0736,26.0736,-24.7699,0,7.24478,7.79523,160,75,239.699,420,83.9273,-76.0727,
-29.1853,29.1853,-27.726,0,7.12719,7.74332,160,75,239.741,420,77.0493,-82.9507,
-26.7037,26.7037,-25.3685,0,7.04526,7.609,160,75,239.783,420,72.2257,-87.7743,
-14.4213,14.4213,-13.7002,0,7.00911,7.31356,160,75,239.825,420,70.0602,-89.9398,
1.76847,-1.76847,1.68005,0,7.02915,6.99181,160,75,239.869,420,71.1507,-88.8493,
14.1071,-14.1071,13.4018,0,7.10015,6.80233,160,75,239.911,420,75.1863,-84.8137,
26.9126,-26.9126,25.567,0,7.21011,6.64196,160,75,239.953,420,81.4617,-78.5383,
33.3421,-33.3421,31.675,0,7.34584,6.64196,160,75,239.996,420,89.2085,-70.7915,
39.7013,-39.7013,37.7162,0,7.48009,6.64196,160,75,240.037,420,96.8693,-63.1307,
32.3957,-32.3957,30.7759,0,7.59984,6.91593,160,75,240.08,420,103.705,-56.2953,
25.1017,-25.1017,23.8467,0,7.68165,7.15172,159,76,240.123,420,108.353,-50.6474,
10.2446,-10.2446,9.73238,0,7.71149,7.49521,158,76,240.163,420,109.987,-48.0126,
-19.4278,19.4278,-18.4564,0,7.68882,8.09896,158,76,240.207,420,108.593,-49.4068,
-36.0853,36.0853,-34.281,0,7.61133,8.37313,157,75,240.25,420,104.075,-52.9247,
-41.2419,41.2419,-39.1798,0,7.50247,8.37313,157,75,240.291,420,97.8217,-59.1783,
-43.7591,43.7591,-41.5712,0,7.3668,8.29061,157,75,240.333,420,90.0628,-66.9372,
-29.4253,29.4253,-27.9541,0,7.23278,7.85398,158,76,240.375,420,82.3986,-75.6014,
-10.1938,10.1938,-9.68407,0,7.11963,7.33484,158,76,240.416,420,75.9336,-82.0664,
9.49132,-9.49132,9.01675,0,7.04216,6.84178,158,76,240.458,420,71.5393,-86.4607,
24.2736,-24.2736,23.06,0,7.0143,6.50185,158,76,240.5,420,70,-88,
29.9943,-29.9943,28.4946,0,7.02706,6.39384,159,76,240.529,420,70.7526,-88.2474,
29.9332,-29.9332,28.4366,0,7.08978,6.45786,158,76,240.571,420,74.3365,-83.6635,
22.4493,-22.4493,21.3268,0,7.19374,6.71981,159,75,240.613,420,80.244,-78.756,
20.1653,-20.1653,19.1571,0,7.32915,6.90343,159,76,240.656,420,87.9553,-71.0447,
11.4304,-11.4304,10.8589,0,7.47504,7.23373,158,76,240.7,420,96.2699,-61.7301,
10.2005,-10.2005,9.69051,0,7.60568,7.39033,157,76,240.747,420,103.696,-53.3045,
8.6438,-8.6438,8.21161,0,7.67769,7.49521,156,76,240.782,420,107.74,-48.2604,
7.10215,-7.10215,6.74704,0,7.71786,7.56793,156,76,240.825,420,109.934,-46.0662,
6.45115,-6.45115,6.12859,0,7.70412,7.56793,156,76,240.867,420,109.002,-46.9984,
0.716055,-0.716055,0.680252,0,7.62412,7.609,156,76,240.916,420,104.244,-51.756,
-3.92324,3.92324,-3.72708,0,7.48511,7.56793,156,76,240.967,420,96.0847,-59.9153,
-11.878,11.878,-11.2841,0,7.35825,7.609,156,76,241.008,420,88.5499,-67.4501,
-19.2803,19.2803,-18.3163,0,7.22828,7.63531,156,76,241.05,420,80.9202,-75.0798,
-21.0939,21.0939,-20.0392,0,7.12261,7.56793,156,76,241.093,420,74.6782,-81.3218,
-20.5542,20.5542,-19.5265,0,7.06129,7.49521,156,76,241.133,420,71.0102,-84.9898,
-13.6431,13.6431,-12.9609,0,7.04682,7.33484,156,76,241.175,420,70.0587,-85.9413,
-3.57284,3.57284,-3.3942,0,7.06993,7.14536,156,76,241.205,420,71.2978,-84.7022,
3.42732,-3.42732,3.25595,0,7.14094,7.06858,157,76,241.246,420,75.3221,-81.6779,
16.428,-16.428,15.6066,0,7.25025,6.90343,156,77,241.287,420,81.5413,-74.4587,
22.9158,-22.9158,21.7701,0,7.38721,6.90343,156,77,241.33,420,89.3529,-66.6471,
25.3873,-25.3873,24.1179,0,7.5214,6.98544,156,77,241.371,420,97.0048,-58.9952,
27.2446,-27.2446,25.8824,0,7.64375,7.06858,157,76,241.415,420,103.972,-53.0277,
20.2387,-20.2387,19.2268,0,7.72264,7.29538,156,76,241.458,420,108.432,-47.5684,
13.6528,-13.6528,12.9702,0,7.7516,7.46337,155,77,241.5,420,110,-45.0001,
7.39406,-7.39406,7.02436,0,7.72403,7.56793,154,76,241.544,420,108.297,-45.7028,
-1.26489,1.26489,-1.20164,0,7.65261,7.67931,153,77,241.584,420,104.053,-48.947,
-10.2685,10.2685,-9.75509,0,7.52654,7.74332,153,77,241.63,420,96.686,-56.314,
-12.9719,12.9719,-12.3233,0,7.40546,7.67931,152,77,241.669,420,89.5791,-62.4209,
-19.2007,19.2007,-18.2407,0,7.27396,7.67931,152,77,241.711,420,81.9016,-70.0984,
-24.3613,24.3613,-23.1432,0,7.16502,7.67931,152,77,241.753,420,75.5156,-76.4844,
-27.9299,27.9299,-26.5334,0,7.08968,7.67931,152,77,241.798,420,71.0681,-80.9319,
-18.4774,18.4774,-17.5536,0,7.0733,7.46337,152,77,241.837,420,70.0133,-81.9867,
-9.78663,9.78663,-9.2973,0,7.10696,7.31356,152,77,241.879,420,71.8635,-80.1365,
5.63994,-5.63994,5.35794,0,7.18765,7.06858,153,77,241.921,420,76.4332,-76.5668,
19.1333,-19.1333,18.1766,0,7.30736,6.90343,153,77,241.963,420,83.2548,-69.7452,
29.376,-29.376,27.9072,0,7.44377,6.8236,153,77,242.005,420,91.0363,-61.9637,
36.7968,-36.7968,34.9569,0,7.57915,6.80233,153,77,242.048,420,98.7593,-54.2407,
33.0206,-33.0206,31.3696,0,7.68891,6.99181,153,77,242.09,420,105.015,-47.9853,
24.849,-24.849,23.6066,0,7.75832,7.23373,153,77,242.132,420,108.948,-44.052,
4.64042,-4.64042,4.4084,0,7.77727,7.67931,152,77,242.173,420,109.962,-42.0379,
-18.8867,18.8867,-17.9424,0,7.74131,8.14003,151,77,242.217,420,107.817,-43.1827,
