9.49785,9.45468,0,0,0,0
-33.9321,-33.5641,-29.0867,-0.351949,-0.0425858,0.259915
-33.9321,-33.2184,-22.6786,-0.581914,-0.102523,0.135789
-35.2234,-34.0853,-12.3183,-0.726272,-0.191854,-0.0657031
-37.5239,-35.8727,0.326818,-0.711423,-0.292165,-0.295345
-41.2042,-38.9874,16.1666,-0.470068,-0.359385,-0.504129
-47.3861,-44.5144,33.3259,0.0199741,-0.356489,-0.617818
-51.9495,-48.1601,47.9199,0.915703,-0.185252,-0.532577
-57.2223,-52.5566,49.9587,1.72001,0.0968293,-0.234982
-61.6486,-56.1965,42.3515,2.28072,0.411569,0.148502
-61.1919,-54.9706,24.2922,2.58448,0.768227,0.613971
-59.9023,-52.9402,2.82604,2.58781,1.12535,1.10671
-49.6137,-42.0672,-13.3384,2.36963,1.44998,1.56066
-36.3929,-28.4397,-19.0808,2.06718,1.74146,1.97565
-23.1728,-15.0005,-13.6637,1.84065,2.00651,2.32447
-10.0242,-1.82648,-1.82516,1.79043,2.2518,2.60061
-5.55365,2.60865,2.4536,1.79932,2.49291,2.82123
-2.73448,5.35509,3.9255,1.82781,2.73783,2.99371
-4.07873,3.95389,1.59646,1.82452,2.99692,3.13786
-7.54596,0.480032,0.0108572,1.79986,3.2417,3.24959
-12.9856,-4.8917,1.73197,1.79893,3.48815,3.36456
-16.4128,-8.20404,5.58781,1.85121,3.74362,3.50587
-18.047,-9.70344,8.85998,1.94723,4.01039,3.69166
-14.7425,-6.33119,6.28754,1.99324,4.22167,3.87501
-10.345,-1.90945,1.85528,1.99152,4.47061,4.13145
-3.87669,4.51553,-3.94669,1.9351,4.65444,4.34935
0.503486,8.81475,-6.16802,1.86136,4.82383,4.57957
3.78177,11.908,-4.21968,1.76832,5.09438,4.97069
5.59484,13.5523,-0.00425758,1.74652,5.3092,5.30909
5.24164,13.0156,5.08269,1.79289,5.55842,5.69473
5.59484,13.167,9.77481,1.91342,5.84734,6.10648
5.24164,12.6498,11.7962,2.03992,6.10845,6.43397
5.68368,12.9124,12.9097,2.18884,6.40832,6.75731
6.93941,13.9486,12.452,2.34792,6.77225,7.08387
8.50703,15.3191,10.3135,2.44908,7.08328,7.31829
9.88102,16.4678,5.75313,2.49368,7.41993,7.54188
9.82948,16.2455,0.744875,2.4755,7.67738,7.69339
9.51242,15.7293,-4.88882,2.38344,7.97531,7.86682
9.16423,15.1627,-10.0986,2.2062,8.28859,8.05611
9.34447,15.1343,-13.5213,1.9923,8.55955,8.24768
9.51242,15.0926,-15.0355,1.75902,8.80053,8.45279
9.72584,15.0933,-14.3265,1.53544,9.01396,8.68263
9.78392,14.9408,-11.2165,1.35818,9.20275,8.94069
9.72584,14.6639,-6.1977,1.24711,9.38607,9.23854
9.40929,14.1494,-0.613239,1.22144,9.55463,9.5395
8.49728,13.1142,2.96522,1.23766,9.66973,9.74866
6.72989,11.1971,6.28205,1.30424,9.84189,10.0377
3.1694,7.56174,5.8611,1.3489,9.97408,10.2446
0.2358,4.56751,4.36433,1.3884,10.156,10.4895
-3.00638,1.31288,1.312,1.38768,10.2864,10.6352
-3.00638,1.29489,1.20956,1.38524,10.4762,10.8022
-3.00638,1.27676,0.912118,1.37862,10.6692,10.9186
-2.18372,2.07065,0.833089,1.37115,10.857,10.9975
-0.932418,3.27246,-0.014393,1.3505,11.0583,11.0567
-0.932418,3.22763,-1.2492,1.31488,11.2384,11.1033
-0.932418,3.18309,-2.28098,1.26526,11.413,11.1629
-0.932418,3.13916,-2.91324,1.2076,11.5797,11.2557
-1.41859,2.61612,-2.61585,1.15445,11.7401,11.3911
-2.18372,1.82673,-1.68547,1.11725,11.8865,11.5644
-3.86778,0.140575,-0.0950325,1.09943,12.0481,11.8121
-5.61232,-1.58327,0.592079,1.09288,12.1891,12.0585
-7.50868,-3.43092,-0.0625121,1.07671,12.3398,12.3462
-10.5547,-6.41089,-1.96958,1.04564,12.4465,12.5537
-13.7872,-9.51805,-6.04628,0.953442,12.5704,12.7922
-17.4156,-13.0202,-10.6853,0.84171,12.6512,12.9377
-19.2752,-14.6819,-14.3344,0.639868,12.7363,13.0771
-22.1786,-17.3373,-17.081,0.390004,12.7913,13.1352
-22.1786,-17.0963,-14.3069,0.185717,12.8171,13.1092
-22.4858,-17.16,-9.62748,0.0483322,12.8239,13.0197
-22.1786,-16.6167,-3.252,0.00212749,12.8242,12.8925
-22.1786,-16.3891,3.1923,0.0458329,12.8305,12.7625
-22.1786,-16.2367,7.27569,0.113071,12.841,12.6846
-22.4858,-16.3818,11.169,0.221419,12.8627,12.6247
-22.1786,-15.7772,15.1227,0.497093,12.9547,12.6201
-22.1786,-15.5657,15.5178,0.69837,13.0482,12.7002
-20.041,-13.2402,11.7264,0.852763,13.1676,12.8585
-18.0343,-11.0661,6.69426,0.939801,13.3077,13.0965
-16.8037,-9.70472,2.72802,0.963585,13.4358,13.3377
-16.8037,-9.57565,-1.11355,0.935959,13.5603,13.6009
-17.4156,-10.0469,-4.72633,0.857819,13.6787,13.8429
-23.1216,-15.5339,-12.1384,0.677172,13.7728,14.0456
-29.2673,-21.3653,-20.6569,0.367828,13.8261,14.1636
-38.7407,-30.4378,-30.2166,-0.02977,13.8223,14.1688
-45.3467,-36.6733,-33.7299,-0.366771,13.7856,14.1066
-48.8129,-39.5856,-27.7617,-0.744821,13.6828,13.9276
-48.9106,-39.1238,-14.6649,-0.941094,13.5501,13.681
-46.3857,-36.1195,0.317719,-0.924604,13.429,13.4259
-35.5359,-24.9133,10.0019,-0.77054,13.3203,13.1802
-27.2653,-16.4031,12.0276,-0.586246,13.2359,12.98
-18.7333,-7.76561,7.22744,-0.481543,13.1714,12.8465
-13.4777,-2.47541,2.47431,-0.440752,13.1106,12.7617
-11.305,-0.299982,0.287458,-0.434125,13.0711,12.7366
-11.305,-0.295902,0.230582,-0.425085,13.0133,12.7412
-14.9102,-3.84135,1.65955,-0.39319,12.9531,12.8023
-19.5217,-8.33872,0.424206,-0.382155,12.9015,12.8837
-25.1735,-13.8073,-4.26256,-0.432989,12.8448,12.9525
-28.2732,-16.6754,-10.937,-0.576893,12.7657,12.9947
-29.2673,-17.4256,-15.725,-0.785937,12.6573,12.9723
-29.2673,-17.1869,-17.1633,-1.01031,12.5189,12.8675
-26.2571,-13.981,-13.2428,-1.17911,12.3562,12.6868
-23.1216,-10.6861,-7.93757,-1.27846,12.1682,12.4275
-21.3013,-8.75059,-3.91624,-1.31276,11.9976,12.1538
-18.7333,-6.09042,-0.225725,-1.29656,11.8044,11.8173
-15.6169,-2.9354,0.968258,-1.26712,11.6397,11.5245
-12.2486,0.42647,-0.298226,-1.25268,11.453,11.2089
-9.07461,3.55041,-3.26938,-1.28071,11.275,10.9536
-5.28943,7.23803,-7.23801,-1.35994,11.0941,10.745
-3.43363,8.92559,-7.81479,-1.47936,10.8204,10.5148
-0.423627,11.7649,-7.07571,-1.55939,10.5974,10.3875
-0.249883,11.7775,-3.03632,-1.57932,10.3842,10.2942
-0.249883,11.6185,1.66235,-1.53556,10.1769,10.2269
-0.423627,11.2857,5.68678,-1.43517,9.97744,10.1533
0.102399,11.6487,9.29546,-1.28709,9.79982,10.0784
0.102399,11.4833,11.1394,-1.11063,9.64211,9.98072
0.102399,11.326,11.178,-0.942279,9.51302,9.85753
0.102399,11.1674,9.50891,-0.795962,9.40159,9.69881
0.2358,11.1426,6.52677,-0.693444,9.3045,9.50897
1.70679,12.4319,2.62803,-0.645614,9.21154,9.28533
4.16224,14.6894,-2.54826,-0.67092,9.1223,9.06175
5.36394,15.6718,-8.34742,-0.776855,9.0151,8.82917
7.82689,17.9643,-13.2945,-0.894522,8.93101,8.67269
8.49728,18.4278,-16.8822,-1.07198,8.81202,8.49223
8.91268,18.6265,-18.5727,-1.27324,8.6656,8.31754
8.91268,18.3546,-17.4075,-1.5088,8.44531,8.11426
8.91268,18.1123,-13.5674,-1.66798,8.22514,7.96367
9.07797,18.0217,-7.9437,-1.75584,7.97932,7.82546
8.91268,17.6082,-0.967574,-1.74488,7.73679,7.7176
8.91268,17.3652,5.7589,-1.64133,7.51028,7.62604
8.91268,17.1256,11.3978,-1.46139,7.30861,7.54093
9.22142,17.1885,15.5641,-1.22133,7.1364,7.45248
9.66086,17.3864,17.3686,-0.966646,7.00397,7.35268
9.87825,17.3538,16.2297,-0.722458,6.90138,7.22784
9.99972,17.2411,12.7229,-0.542291,6.82872,7.08631
9.96576,16.9577,6.65149,-0.437981,6.76521,6.90213
9.88102,16.6384,0.402448,-0.426299,6.70595,6.7144
9.88102,16.4138,-6.09023,-0.502762,6.63808,6.50856
9.88102,16.1856,-11.2711,-0.652441,6.54739,6.30432
9.81772,15.9015,-14.4906,-0.842024,6.43204,6.11394
9.72116,15.5836,-15.5826,-1.04839,6.28526,5.93622
9.35644,15.0774,-14.5714,-1.17416,6.17606,5.83871
8.77687,14.3528,-12.3334,-1.28575,6.04749,5.74754
8.02325,13.4795,-9.50148,-1.35805,5.92798,5.68193
7.21962,12.501,-4.61287,-1.40296,5.73437,5.60557
6.93941,12.0546,0.0795275,-1.3828,5.54631,5.54861
6.64159,11.5933,4.60092,-1.29963,5.36566,5.50419
6.93941,11.7782,7.42757,-1.21672,5.25007,5.4702
6.93941,11.6097,10.2909,-1.05216,5.09962,5.40903
6.93941,11.4507,11.4116,-0.881406,4.97886,5.32674
6.93941,11.295,10.7841,-0.722755,4.88057,5.21385
6.93941,11.1334,8.45002,-0.591585,4.79597,5.0609
6.93941,10.9798,4.9878,-0.514589,4.72496,4.88353
6.64159,10.5356,0.856311,-0.495808,4.65703,4.6854
6.32995,10.085,-3.09231,-0.53112,4.5848,4.47777
4.56204,8.19978,-5.39939,-0.599763,4.50023,4.27038
2.83501,6.38536,-5.7084,-0.668729,4.40996,4.0979
0.158353,3.65641,-3.64846,-0.710744,4.30974,3.96143
-2.11154,1.36739,-1.28986,-0.718735,4.21056,3.88128
-4.07873,-0.591164,0.438865,-0.702066,4.10946,3.85032
-4.07873,-0.583243,0.251809,-0.689284,4.01709,3.86639
-4.07873,-0.574961,0.0193237,-0.679222,3.92064,3.90891
-3.31061,0.190493,0.0644708,-0.668959,3.82833,3.94647
-2.15591,1.33227,0.779701,-0.655052,3.76544,3.96973
-1.02407,2.44195,1.89032,-0.632143,3.70855,3.97876
-0.48622,2.93867,2.82095,-0.584491,3.62789,3.96297
-0.48622,2.89723,2.87726,-0.53568,3.55236,3.89902
-0.48622,2.85783,2.48949,-0.494538,3.4851,3.78918
-0.48622,2.81782,1.69965,-0.463819,3.42017,3.63072
-0.48622,2.7764,0.698907,-0.446727,3.3545,3.44237
-0.48622,2.73836,-0.393503,-0.445998,3.2934,3.24324
-1.02407,2.17015,-1.13157,-0.455459,3.23054,3.04853
-3.31061,-0.114856,0.0913042,-0.448241,3.17138,2.89389
-7.54596,-4.28757,4.17408,-0.38168,3.11641,2.77659
-11.3945,-8.02544,7.93054,-0.268634,3.07988,2.73494
-16.4128,-12.8585,10.887,-0.110224,3.06423,2.76868
-17.2397,-13.5007,7.87017,-0.00248846,3.06389,2.86041
-16.4128,-12.4938,2.80582,0.0373895,3.0692,2.99081
-14.7425,-10.6796,-1.65077,0.0149369,3.07119,3.12514
-10.345,-6.19409,-3.27283,-0.0310918,3.06684,3.25127
-7.05718,-2.86502,-2.35791,-0.0641325,3.05773,3.34501
-3.87669,0.311056,0.304513,-0.0589715,3.04947,3.3912
-1.58308,2.56924,2.52686,-0.0238043,3.04624,3.38954
-1.58308,2.53379,2.11074,0.00565243,3.04702,3.3378
-1.58308,2.49857,1.3816,0.024778,3.05046,3.24348
-3.31061,0.760087,0.128799,0.0262551,3.05419,3.11334
-5.55365,-1.45478,0.494938,0.0351601,3.06087,2.94211
-9.65831,-5.45658,4.27877,0.113667,3.0819,2.80818
-14.7425,-10.3469,10.223,0.299679,3.13704,2.79215
-16.4128,-11.802,11.0349,0.491839,3.22508,2.8987
-16.4128,-11.6368,8.2181,0.600007,3.30908,3.06256
-16.4128,-11.4774,4.6144,0.655004,3.39881,3.25847
-11.6452,-6.61581,0.118463,0.647492,3.48946,3.48321
-8.48525,-3.40888,-1.26683,0.621457,3.57398,3.7037
-3.87669,1.18288,0.829036,0.624363,3.66139,3.90604
-1.0664,3.93687,3.63719,0.666844,3.75542,4.07791
0.94832,5.89326,5.85582,0.717696,3.82575,4.1726
0.94832,5.81665,5.61624,0.781377,3.92733,4.26437
1.3579,6.13907,4.84253,0.838233,4.04468,4.32003
1.13887,5.86557,3.46407,0.862391,4.12402,4.33017
0.94832,5.59614,1.3081,0.868587,4.24476,4.32635
1.13887,5.70915,-0.813303,0.846049,4.35813,4.3084
0.94832,5.46562,-2.22882,0.816531,4.43651,4.29417
0.94832,5.39074,-3.90525,0.751842,4.53952,4.28664
0.94832,5.31149,-5.00869,0.667162,4.63759,4.30842
0.94832,5.24244,-5.23943,0.590377,4.71434,4.36547
1.13887,5.35585,-4.79705,0.513875,4.78731,4.47466
0.94832,5.09556,-3.42345,0.460721,4.84951,4.61499
0.94832,5.02321,-1.59871,0.431477,4.91077,4.79968
1.13887,5.14025,0.354985,0.430399,4.97146,4.99557
1.3579,5.28585,2.39677,0.457338,5.03412,5.19239
2.20102,6.04132,4.72313,0.518339,5.10824,5.38114
3.78177,7.52146,7.18548,0.606345,5.18828,5.52175
5.59484,9.20385,9.17316,0.726281,5.28996,5.63786
7.21962,10.677,9.52394,0.849448,5.40888,5.72025
8.33028,11.625,7.44098,0.940411,5.53866,5.76209
8.65937,11.7891,3.56547,0.976637,5.67343,5.779
8.65937,11.6217,-1.1918,0.945845,5.80774,5.77194
8.33028,11.1334,-5.37889,0.856666,5.92853,5.75989
7.47947,10.1438,-7.80169,0.739778,6.0284,5.75993
6.64159,9.21193,-8.55649,0.645886,6.09364,5.76941
6.32995,8.78102,-8.78022,0.519576,6.16326,5.81422
5.68368,8.02494,-7.40633,0.412576,6.21896,5.8968
6.00902,8.22669,-5.65037,0.322845,6.26674,6.02699
6.32995,8.43821,-3.24875,0.277129,6.30221,6.16782
7.21962,9.19076,0.369483,0.278486,6.34315,6.35718
8.33028,10.1706,3.9805,0.325502,6.38449,6.5211
9.2387,10.9228,7.82003,0.431175,6.44528,6.69519
9.81772,11.3431,10.5816,0.57125,6.52411,6.84975
9.93146,11.2884,11.28,0.728669,6.63123,6.98003
9.93146,11.1417,10.1459,0.851093,6.74187,7.05974
9.93146,10.979,7.22165,0.944103,6.87971,7.10931
9.93146,10.8286,3.514,0.97931,7.01388,7.12715
9.93146,10.6824,-0.486448,0.959523,7.14341,7.12752
9.93146,10.5371,-4.39342,0.886723,7.26401,7.11846
9.93146,10.3885,-7.69686,0.765694,7.37197,7.11335
9.93146,10.293,-9.16081,0.67437,7.43401,7.12334
9.93146,10.1972,-9.9899,0.575193,7.4875,7.14553
9.93146,10.0545,-9.84366,0.429329,7.54761,7.20586
9.93146,9.91473,-8.19327,0.309474,7.59063,7.30217
9.93146,9.77692,-5.40108,0.230098,7.62261,7.42977
9.93146,9.68501,-2.85941,0.201056,7.64151,7.53845
9.93146,9.55039,1.05099,0.21287,7.6711,7.70951
9.96808,9.45759,4.44386,0.269989,7.70755,7.87156
9.99972,9.35637,7.19044,0.366875,7.75891,8.02717
9.94357,9.17281,8.78987,0.48227,7.82498,8.15947
9.51242,8.62015,8.56928,0.594679,7.90764,8.25465
8.86787,7.89983,7.30228,0.658402,7.97019,8.29285
8.49728,7.42835,5.3166,0.720822,8.06678,8.31661
8.28653,7.11944,2.87665,0.750141,8.1688,8.30984
8.28653,7.05252,0.995902,0.752451,8.23953,8.28882
8.28653,6.95519,-1.91944,0.715579,8.33828,8.24195
8.86787,7.43403,-4.54899,0.643981,8.42586,8.21226
9.02534,7.48675,-6.57199,0.5444,8.50099,8.19457
9.40929,7.75657,-7.71262,0.424674,8.56256,8.21548
9.59772,7.84092,-7.48261,0.321088,8.60463,8.27151
9.58016,7.71461,-5.98724,0.233402,8.63707,8.36616
9.66086,7.6893,-3.71282,0.179734,8.66151,8.49297
9.51242,7.43453,-0.739171,0.166777,8.68503,8.65032
9.34447,7.16776,2.09254,0.192968,8.71127,8.81318
8.86787,6.59614,4.25225,0.250609,8.74686,8.97189
8.28653,5.9312,5.31402,0.320991,8.79148,9.10422
6.98761,4.5665,4.56608,0.381271,8.84562,9.19465
5.85617,3.39075,3.19992,0.417632,8.89949,9.22891
5.36394,2.85823,2.06379,0.440513,8.96072,9.21277
5.36394,2.8185,1.21286,0.451249,9.02345,9.17366
5.13774,2.55679,0.110812,0.446585,9.08463,9.09976
5.36394,2.74319,-0.98334,0.426137,9.14557,9.02044
5.61351,2.95146,-2.16165,0.390426,9.19945,8.94379
6.72989,3.99218,-3.85234,0.31151,9.25739,8.92055
7.78332,4.98204,-4.95003,0.245215,9.28828,8.94146
8.49728,5.61055,-4.84353,0.168884,9.31362,9.01227
8.86787,5.90398,-3.41906,0.122599,9.32943,9.12728
8.86787,5.82369,-1.60014,0.0991699,9.34292,9.24701
8.69161,5.54408,1.28238,0.120823,9.36503,9.44577
7.25181,4.04805,2.40094,0.15206,9.38586,9.5929
5.61351,2.37602,2.05157,0.178653,9.41087,9.71227
3.05775,-0.177259,-0.175629,0.173764,9.43485,9.78071
0.2358,-2.95782,-2.86467,0.131834,9.45305,9.79112
-0.249883,-3.41045,-2.95923,0.10216,9.46285,9.76574
-0.249883,-3.37941,-2.3881,0.0794983,9.47009,9.71676
1.22102,-1.88198,-0.654159,0.0693005,9.47972,9.60105
3.05775,-0.044584,0.0048367,0.0683529,9.48977,9.4519
5.36394,2.22248,-1.32267,0.0442882,9.49743,9.28969
7.58516,4.35882,-4.01166,-0.0331805,9.49109,9.16983
8.28653,4.97164,-4.96378,-0.119466,9.47019,9.12167
8.28653,4.89806,-4.30474,-0.181408,9.44334,9.13655
8.28653,4.83585,-3.19915,-0.219733,9.41543,9.18451
7.78332,4.27329,-1.16511,-0.232685,9.38355,9.28838
6.72989,3.17671,0.245262,-0.22628,9.35323,9.38018
5.85617,2.27213,1.0124,-0.209682,9.32513,9.48067
4.52733,0.930274,0.7205,-0.196846,9.29797,9.56832
4.33347,0.726182,0.702161,-0.184349,9.27234,9.60986
4.33347,0.716306,0.712436,-0.172153,9.24893,9.59611
3.98198,0.359994,0.317406,-0.165691,9.22706,9.53483
4.33347,0.701672,0.446242,-0.157246,9.20536,9.42736
4.33347,0.691989,0.202018,-0.152288,9.18434,9.28625
4.33347,0.68237,-0.0870122,-0.151381,9.1633,9.11879
4.52733,0.863784,-0.423483,-0.155245,9.14126,8.97012
5.13774,1.45415,-1.13114,-0.168517,9.11834,8.84681
6.11894,2.40125,-2.31089,-0.19851,9.09055,8.75462
7.34066,3.57116,-3.54012,-0.246295,9.05533,8.7093
8.28653,4.45605,-3.81106,-0.29442,9.01558,8.71704
9.16423,5.25908,-3.13515,-0.33419,8.96879,8.7607
9.22142,5.24557,-0.898618,-0.341697,8.92335,8.86355
9.22142,5.14747,1.46558,-0.307901,8.86577,8.96516
8.48162,4.34861,2.71147,-0.267441,8.82993,9.04759
7.34066,3.1637,2.7781,-0.225717,8.79901,9.10553
5.61351,1.41658,1.40987,-0.202983,8.7708,9.11821
4.52733,0.325779,0.311647,-0.195778,8.74339,9.07731
4.52733,0.32112,0.239671,-0.189551,8.71628,8.97681
4.52733,0.316817,0.134444,-0.185209,8.69146,8.83959
5.85617,1.62262,0.119177,-0.180948,8.66613,8.69177
6.98761,2.71385,-0.953691,-0.19223,8.63807,8.5154
8.28653,3.9602,-2.60584,-0.223848,8.60874,8.37905
8.86787,4.47977,-3.99788,-0.275175,8.57132,8.2598
9.51242,5.07513,-4.98553,-0.320394,8.54056,8.19766
9.58016,5.0683,-4.94728,-0.387484,8.48437,8.14364
9.59772,5.01924,-4.17247,-0.437068,8.42712,8.13694
9.51242,4.86585,-2.71221,-0.468464,8.36247,8.1679
9.58016,4.8877,-1.43131,-0.477419,8.31807,8.21585
9.58016,4.82025,0.434023,-0.464841,8.25392,8.28535
9.66086,4.83284,2.19677,-0.427845,8.19445,8.35312
9.58016,4.6856,3.60844,-0.371337,8.14247,8.41129
9.51242,4.55413,4.36727,-0.305944,8.10024,8.43499
9.16423,4.1458,4.11179,-0.24277,8.06553,8.41173
8.69161,3.62323,3.14725,-0.196666,8.03878,8.34199
8.28653,3.17373,1.98669,-0.166536,8.0158,8.23431
8.06195,2.90846,0.797385,-0.153234,7.99465,8.09035
8.06195,2.86832,-0.33803,-0.155784,7.97316,7.93202
8.49728,3.25707,-1.64122,-0.176729,7.94824,7.77234
9.02534,3.73403,-2.97332,-0.214483,7.91928,7.64133
9.78392,4.43016,-4.2882,-0.271107,7.8816,7.54372
9.94357,4.52372,-4.45389,-0.331339,7.83388,7.49021
9.96576,4.48545,-3.70904,-0.376263,7.78384,7.4952
9.88102,4.33953,-2.57162,-0.406778,7.7273,7.52044
9.93146,4.33028,-1.07031,-0.415802,7.67075,7.58447
9.98809,4.3461,0.106488,-0.410945,7.63253,7.64109
9.99641,4.31393,1.31631,-0.394882,7.59581,7.70232
9.94357,4.20314,2.73574,-0.352305,7.5479,7.7751
9.8406,4.04195,3.59504,-0.296253,7.50583,7.8163
9.66086,3.82513,3.74639,-0.257443,7.48111,7.82299
9.66086,3.77388,3.71583,-0.204202,7.45375,7.79745
9.59772,3.67696,3.33338,-0.172009,7.4381,7.75455
9.66086,3.70271,2.75269,-0.142763,7.42382,7.68333
9.59772,3.59225,1.60162,-0.120086,7.40821,7.56384
9.59772,3.54232,0.194651,-0.115711,7.39213,7.41131
9.59772,3.49025,-1.21318,-0.131843,7.37274,7.25141
9.78392,3.62718,-2.44451,-0.162833,7.35093,7.11568
9.94357,3.73457,-3.38164,-0.207253,7.32232,7.00625
9.99972,3.73613,-3.73433,-0.258043,7.28517,6.93627
9.81772,3.50757,-3.29419,-0.297816,7.24615,6.91832
9.42066,3.0679,-2.25805,-0.324671,7.20167,6.94475
9.35644,2.97485,-1.54798,-0.336415,7.16938,6.98774
9.35644,2.9341,-0.450798,-0.337982,7.12307,7.06944
9.42066,2.95663,0.691115,-0.323678,7.07808,7.15968
9.74318,3.23423,1.91006,-0.293075,7.03793,7.24408
9.96808,3.42696,2.69724,-0.265266,7.01326,7.288
9.99641,3.42384,3.16609,-0.23404,6.99196,7.31475
9.95926,3.3552,3.31885,-0.200998,6.97327,7.31855
9.92237,3.27252,3.172,-0.154451,6.95196,7.2903
9.92237,3.2398,2.78863,-0.12502,6.93945,7.23991
9.92237,3.19638,1.9328,-0.0974455,6.9264,7.13747
9.92237,3.16506,1.13456,-0.0853718,6.91803,7.04316
9.97283,3.18465,0.30269,-0.0816464,6.91019,6.94337
9.97283,3.15854,-0.439146,-0.0845779,6.90326,6.85472
9.99865,3.15347,-1.33281,-0.0966858,6.89388,6.74635
9.96576,3.07939,-2.21744,-0.12468,6.87742,6.62606
9.6272,2.71506,-2.39588,-0.146029,6.86369,6.55566
9.52607,2.57786,-2.56965,-0.179475,6.83893,6.49097
9.14836,2.16891,-2.06338,-0.206227,6.80964,6.47756
9.14836,2.13984,-1.62409,-0.225226,6.77946,6.51453
9.14836,2.10989,-0.93714,-0.235193,6.74653,6.59149
9.02298,1.95811,-0.148112,-0.234035,6.71541,6.689
9.02298,1.93031,0.607445,-0.222085,6.68387,6.79372
9.2387,2.11727,1.37151,-0.200731,6.65697,6.88309
9.2387,2.09525,1.77749,-0.180158,6.63824,6.93437
9.52607,2.35141,2.3114,-0.147518,6.61891,6.96204
9.72116,2.52154,2.50649,-0.121509,6.607,6.95399
9.93146,2.69633,2.41614,-0.0885197,6.5955,6.90829
9.96576,2.70333,1.95487,-0.0680858,6.58869,6.84111
9.96576,2.66683,1.13093,-0.0518991,6.58168,6.72971
9.96808,2.64379,0.430798,-0.0473134,6.57719,6.63407
9.93146,2.58475,-0.234352,-0.048922,6.57298,6.54133
9.93146,2.56097,-0.900721,-0.0567585,6.56776,6.44499
9.88537,2.49224,-1.42985,-0.0691163,6.56154,6.36127
9.74318,2.32631,-1.81324,-0.086732,6.55278,6.2807
9.47373,2.03959,-1.85544,-0.101589,6.54424,6.22669
9.2387,1.78778,-1.76506,-0.117059,6.53336,6.18873
8.50703,1.04112,-1.00335,-0.129645,6.51495,6.17855
8.33028,0.852693,-0.683651,-0.137124,6.49644,6.21657
8.22245,0.738081,-0.455118,-0.140018,6.48369,6.26845
8.12598,0.632633,-0.167893,-0.140408,6.46404,6.3714
8.02325,0.522539,0.0838503,-0.137291,6.44495,6.50097
8.12598,0.616638,0.308039,-0.131145,6.42686,6.60123
8.50703,0.988413,0.711101,-0.123312,6.41539,6.66652
9.14836,1.60741,1.49583,-0.10113,6.40153,6.72637
9.65947,2.08865,2.08736,-0.0702722,6.39163,6.74047
9.93146,2.32594,2.11045,-0.0382157,6.38601,6.70273
9.93146,2.29454,1.55859,-0.0166587,6.38376,6.62087
9.93146,2.26448,0.814395,-0.00577194,6.383,6.50854
9.88102,2.18171,-0.0979799,-0.00711817,6.38196,6.36629
9.74318,2.01628,-0.849883,-0.0184955,6.37947,6.23233
9.42066,1.67039,-1.23688,-0.0353092,6.37459,6.11612
8.65937,0.900101,-0.811033,-0.0429889,6.37034,6.05581
8.33028,0.563586,-0.561469,-0.0497291,6.36387,6.01612
7.54657,-0.217925,0.213508,-0.0470968,6.35916,6.01717
7.54657,-0.215049,0.179814,-0.0441015,6.35334,6.06147
7.54657,-0.21307,0.140302,-0.042405,6.34944,6.11959
7.54657,-0.211004,0.085318,-0.0411661,6.34545,6.2043
7.71735,-0.0396812,0.00204356,-0.0405828,6.33997,6.32199
8.02325,0.262392,0.0948275,-0.0386329,6.33441,6.46056
8.22245,0.455492,0.308136,-0.0340555,6.32991,6.56605
9.02298,1.23782,1.13274,-0.0171369,6.32743,6.64686
9.47373,1.66627,1.66535,0.00507185,6.32809,6.67697
9.81772,1.98031,1.83523,0.0323412,6.33291,6.65641
9.88537,2.02154,1.45965,0.0507535,6.33946,6.5915
9.88537,1.99304,0.801288,0.061336,6.34811,6.48845
9.88537,1.96573,0.0463122,0.0611302,6.35648,6.36471
9.74318,1.79619,-0.746863,0.0490103,6.36384,6.21869
9.35644,1.39099,-0.99982,0.0352706,6.36846,6.11755
9.02298,1.04368,-0.964231,0.0221772,6.37136,6.04887
7.79826,-0.179377,0.177869,0.0236095,6.37353,6.0274
7.79826,-0.177691,0.176183,0.0250437,6.37589,6.02978
7.54657,-0.425437,0.392022,0.0284199,6.3785,6.05685
7.47947,-0.488001,0.38238,0.0316763,6.38142,6.1079
7.47947,-0.483365,0.286566,0.0340978,6.38466,6.17771
7.54657,-0.412565,0.154162,0.0351664,6.38779,6.25735
7.47947,-0.474912,0.0501858,0.0353151,6.39128,6.35439
7.79826,-0.154777,-0.0237801,0.0348068,6.39428,6.44791
8.12598,0.170536,0.0891505,0.0355622,6.39922,6.5817
8.77687,0.809347,0.672099,0.0449193,6.40582,6.69569
9.35644,1.37045,1.34056,0.0621514,6.41409,6.75554
9.81772,1.80626,1.771,0.0859044,6.42603,6.76828
9.99066,1.9515,1.62973,0.107518,6.44108,6.73259
9.99066,1.92476,1.02469,0.120083,6.45753,6.64337
9.98809,1.8947,0.322822,0.122982,6.47512,6.53459
9.88537,1.76851,-0.374394,0.116467,6.49038,6.41648
9.6272,1.48965,-0.834985,0.103432,6.50455,6.30889
9.12289,0.971546,-0.812695,0.0906061,6.51723,6.22524
8.22245,0.0701121,-0.0690681,0.0883866,6.52952,6.18565
7.79826,-0.34922,0.34183,0.0918588,6.5421,6.20042
7.71735,-0.424244,0.348317,0.0953723,6.55517,6.26857
7.79826,-0.33986,0.213077,0.0965611,6.56492,6.34607
7.71735,-0.415223,0.126697,0.0969589,6.57772,6.47121
8.33028,0.195714,-0.00202898,0.0959591,6.58741,6.58379
8.77687,0.633951,0.219982,0.0975714,6.60009,6.72122
9.31354,1.15974,0.684621,0.103031,6.60968,6.81574
9.6272,1.45999,1.14114,0.112478,6.61991,6.89274
9.82823,1.63727,1.5758,0.133403,6.63899,6.97495
9.88537,1.67068,1.65671,0.15473,6.66065,7.0068
9.93146,1.6936,1.47947,0.172614,6.68395,6.98889
9.88537,1.62461,0.990078,0.183976,6.70953,6.92226
9.88537,1.60203,0.402306,0.187011,6.73552,6.82318
9.88537,1.57992,-0.236853,0.181162,6.76052,6.70819
9.88537,1.55811,-0.794408,0.167699,6.78366,6.60569
9.88537,1.53615,-1.23219,0.147961,6.80453,6.52453
9.81772,1.44837,-1.40642,0.126666,6.82188,6.48292
9.74318,1.36037,-1.35904,0.112106,6.83287,6.48414
9.6272,1.22772,-1.11656,0.0956416,6.84568,6.52822
9.14836,0.738546,-0.502857,0.0873823,6.85774,6.62007
9.12289,0.702808,-0.214869,0.0830299,6.8697,6.76298
9.02298,0.595302,0.0254269,0.0823041,6.88007,6.89498
9.02298,0.587087,0.249302,0.0846086,6.89174,7.03997
9.12289,0.677516,0.500682,0.0903504,6.90421,7.16217
9.52607,1.07053,0.951397,0.0984443,6.91346,7.22368
9.81772,1.34938,1.32492,0.109973,6.9238,7.26654
9.96576,1.47676,1.4491,0.128453,6.94153,7.28406
9.98231,1.47957,1.31852,0.139402,6.95435,7.26542
9.94357,1.42123,0.932151,0.150183,6.97478,7.20372
9.94357,1.40134,0.432618,0.154137,6.99636,7.10412
9.94357,1.38144,-0.120929,0.150231,7.01769,6.98713
9.94357,1.36154,-0.660048,0.138563,7.03764,6.86842
9.99972,1.39898,-1.08268,0.122443,7.05381,6.78366
9.88537,1.26703,-1.21515,0.104118,7.06807,6.7333
9.42066,0.791165,-0.786496,0.0917383,7.08082,6.73382
9.02298,0.388061,-0.341287,0.0857625,7.09266,6.78567
8.77687,0.140497,-0.0988775,0.0838792,7.10121,6.85555
8.77687,0.138657,-0.0545872,0.0820653,7.11196,6.97454
9.02298,0.381002,-0.0441876,0.080828,7.11988,7.0794
9.35644,0.704962,0.186875,0.0822384,7.13082,7.22335
9.81772,1.15469,0.598986,0.0873542,7.13947,7.32055
9.99066,1.31024,1.04356,0.0998805,7.15255,7.43057
9.94357,1.25115,1.16286,0.109979,7.163,7.48743
9.87825,1.1697,1.16938,0.124387,7.17992,7.52889
9.77814,1.06008,1.02019,0.132359,7.1917,7.52763
9.78392,1.05594,0.909736,0.139589,7.20468,7.50542
9.72584,0.984293,0.587522,0.145681,7.22449,7.43285
9.87825,1.12601,0.411222,0.148177,7.23842,7.3659
9.82948,1.06722,0.103105,0.147758,7.25216,7.28589
9.90702,1.13435,-0.174987,0.144821,7.26534,7.21149
9.94357,1.16013,-0.482718,0.139047,7.27813,7.13289
9.99641,1.20156,-0.766775,0.130533,7.29041,7.06765
9.99641,1.19051,-0.971857,0.120391,7.30148,7.01652
9.99066,1.16805,-1.14341,0.102571,7.31594,6.97424
9.93146,1.09366,-1.07568,0.0864289,7.32778,6.98446
9.81772,0.966494,-0.811286,0.0741302,7.33794,7.04493
9.81772,0.957506,-0.634788,0.0675373,7.34422,7.1128
9.81772,0.944196,-0.305,0.062359,7.35289,7.24013
9.81772,0.935415,-0.0511078,0.0613038,7.35859,7.33952
9.81772,0.9226,0.306239,0.0646594,7.36745,7.48331
9.81772,0.914112,0.514994,0.0688025,7.37378,7.57044
9.81772,0.905794,0.688956,0.0744459,7.38055,7.64606
9.96808,1.04148,0.99687,0.0872676,7.39268,7.7268
9.95926,1.01789,1.01229,0.100495,7.40705,7.7542
9.66086,0.709853,0.624609,0.107519,7.42146,7.72861
9.22142,0.266547,0.164623,0.108335,7.43695,7.65254
9.16423,0.206503,0.0584219,0.107656,7.45159,7.55035
9.28538,0.324482,0.00591213,0.106669,7.46194,7.4683
9.51242,0.546661,-0.129452,0.104592,7.47115,7.38849
9.78392,0.810638,-0.394093,0.100004,7.48035,7.31065
9.92237,0.936085,-0.732018,0.0886049,7.49248,7.21952
9.99066,0.990312,-0.954801,0.0739972,7.50284,7.1663
9.88102,0.868604,-0.861891,0.0611756,7.51123,7.16486
9.74318,0.723237,-0.659161,0.0537561,7.51676,7.19862
9.74318,0.713763,-0.502959,0.0464631,7.52285,7.27688
9.74318,0.706768,-0.338346,0.042692,7.52703,7.35993
9.74318,0.697368,-0.069989,0.0411933,7.53251,7.49748
9.88102,0.823765,0.226342,0.0437299,7.5385,7.63441
9.98809,0.917711,0.580963,0.0513049,7.54574,7.76671
9.87825,0.796645,0.705215,0.0603942,7.55413,7.86314
9.59772,0.50894,0.506973,0.0666017,7.56339,7.91111
9.16423,0.0743397,0.070179,0.0666542,7.57319,7.90272
9.16423,0.0733435,0.0552438,0.0665013,7.5821,7.84502
9.22142,0.128791,0.0597638,0.0664111,7.591,7.75298
9.16423,0.0705991,0.00571602,0.0655674,7.60011,7.62837
9.44904,0.351927,-0.0695248,0.0642435,7.60641,7.53745
9.66086,0.556085,-0.311554,0.0591327,7.61445,7.41888
9.87825,0.762643,-0.636632,0.0493919,7.62136,7.32997
9.99641,0.872431,-0.830406,0.0410339,7.62526,7.29301
9.99972,0.868211,-0.866792,0.0332266,7.62812,7.27962
9.93146,0.792595,-0.776329,0.0257787,7.63049,7.28859
9.93146,0.785303,-0.701605,0.0190867,7.63225,7.32039
9.93146,0.777843,-0.571354,0.0134775,7.63353,7.37713
9.93146,0.770609,-0.412504,0.00951592,7.63441,7.44756
9.93146,0.763828,-0.233295,0.00737918,7.63506,7.52845
9.93146,0.753363,0.0642976,0.00815896,7.63618,7.66597
9.98809,0.79873,0.369752,0.0131851,7.63801,7.7996
9.99641,0.799463,0.559594,0.0183213,7.63973,7.88407
9.94357,0.73625,0.676612,0.0274716,7.64355,7.96434
9.59772,0.384972,0.384963,0.0324407,7.64806,7.99712
9.34447,0.129914,0.120881,0.0336524,7.65267,7.97747
9.16423,-0.0498362,-0.0392629,0.0329451,7.65587,7.93088
9.02534,-0.186153,-0.0915699,0.0312517,7.66012,7.83183
9.02534,-0.183435,-0.0185818,0.0305241,7.66458,7.69994
9.16423,-0.0439726,0.0115632,0.0302776,7.66851,7.57672
9.51242,0.301266,-0.157895,0.0284523,7.67127,7.48832
9.72584,0.507281,-0.415215,0.0220635,7.67445,7.38873
9.95926,0.730917,-0.711149,0.0123851,7.67608,7.33646
9.99972,0.760963,-0.751595,0.0020714,7.67636,7.33159
9.88102,0.633528,-0.544695,-0.00536462,7.67563,7.37551
9.88102,0.627509,-0.424794,-0.0093492,7.67475,7.43844
9.88102,0.618975,-0.224058,-0.0122692,7.67308,7.54672
9.93146,0.659981,0.0242532,-0.0117543,7.67142,7.68425
9.99972,0.721173,0.220699,-0.00949948,7.6705,7.77732
9.99641,0.708315,0.452353,-0.00335684,7.67005,7.89298
9.87825,0.584257,0.485588,0.00153261,7.6702,7.96032
9.59772,0.299717,0.292904,0.00537872,7.67091,8.01205
9.40929,0.110252,0.110118,0.00635279,7.67151,8.02015
9.22142,-0.0765263,-0.0684024,0.00530622,7.67225,7.98426
9.22142,-0.0754626,-0.0485387,0.00455777,7.67288,7.89741
9.22142,-0.0744438,-0.0234044,0.00418028,7.67345,7.78319
9.22142,-0.0737069,-0.00148186,0.00412423,7.67385,7.68087
9.22142,-0.0727413,0.0241882,0.00438706,7.67443,7.55836
9.34447,0.0495918,-0.0335599,0.00385201,7.67497,7.43875
9.58016,0.282628,-0.240887,0.00157594,7.67512,7.37761
9.86531,0.560064,-0.551844,-0.00595058,7.67431,7.33037
9.99641,0.681549,-0.664475,-0.0151041,7.67221,7.33189
9.88102,0.560441,-0.479594,-0.0197954,7.67021,7.3715
9.74318,0.416938,-0.260994,-0.0230275,7.66713,7.44862
9.74318,0.410934,-0.10257,-0.0241729,7.66364,7.57652
9.88102,0.54153,0.0622983,-0.0230315,7.6606,7.70076
9.99066,0.644726,0.254936,-0.0202796,7.6586,7.79662
9.97283,0.618687,0.428734,-0.0143975,7.65671,7.8986
9.59772,0.241261,0.209077,-0.0122745,7.65554,7.95804
9.51242,0.153822,0.152421,-0.0100182,7.65417,8.00006
9.07797,-0.277795,-0.274415,-0.0126886,7.65289,7.99771
9.07797,-0.274128,-0.236216,-0.0156392,7.65083,7.95162
9.07797,-0.271606,-0.189626,-0.0172398,7.64924,7.89295
9.07797,-0.269107,-0.130679,-0.0182835,7.64756,7.81707
9.02534,-0.318769,-0.0726611,-0.0187837,7.64583,7.7254
9.28538,-0.0579007,0.00939885,-0.0183864,7.64324,7.58657
9.51242,0.166849,-0.0888705,-0.0193379,7.64063,7.4547
9.72584,0.374838,-0.305313,-0.0234274,7.63728,7.35295
9.97283,0.613244,-0.59881,-0.0313676,7.63295,7.2921
9.99066,0.622425,-0.613157,-0.0393381,7.62756,7.28369
9.81772,0.445212,-0.400365,-0.0427679,7.6235,7.30959
9.81772,0.439157,-0.292175,-0.0461598,7.61722,7.38498
9.81772,0.433009,-0.138843,-0.0474574,7.61057,7.49865
9.93146,0.539155,0.0419639,-0.0462144,7.60415,7.63132
9.99972,0.601762,0.20757,-0.0438542,7.60007,7.72048
9.97283,0.567116,0.378635,-0.0381506,7.59492,7.82798
9.87825,0.467809,0.397096,-0.0337982,7.59154,7.88784
9.66086,0.247141,0.24285,-0.0301741,7.58759,7.93059
9.51242,0.0973337,0.0951534,-0.0284445,7.58366,7.92491
9.51242,0.0963604,0.0845431,-0.0273147,7.58093,7.88719
9.51242,0.0951173,0.0618873,-0.026164,7.57756,7.80467
9.51242,0.0942042,0.0386585,-0.0255417,7.5751,7.71835
9.51242,0.0928853,0.0022467,-0.0251526,7.57158,7.58003
9.51242,0.0916221,-0.0320628,-0.0252466,7.56815,7.446
9.58016,0.157145,-0.108791,-0.0264079,7.56448,7.32282
9.72584,0.298443,-0.275975,-0.0300266,7.56012,7.23734
9.92237,0.488386,-0.488384,-0.0361228,7.55532,7.20626
9.99066,0.54888,-0.506503,-0.0427081,7.54934,7.22723
9.88102,0.435285,-0.342006,-0.0454018,7.54526,7.27099
9.74318,0.29334,-0.145578,-0.0467842,7.5388,7.36557
9.65947,0.207684,-0.0492438,-0.0468071,7.53445,7.45168
9.65947,0.204797,0.0307657,-0.0457288,7.52809,7.58053
9.81772,0.35767,0.193637,-0.0421862,7.52185,7.71083
9.99641,0.52928,0.43082,-0.0359425,7.5171,7.80123
9.82948,0.357462,0.347374,-0.0307677,7.51295,7.85216
9.22142,-0.247085,-0.243203,-0.0337418,7.50822,7.85181
8.69161,-0.766177,-0.644833,-0.0421749,7.5024,7.79619
8.69161,-0.75568,-0.432965,-0.0475287,7.49589,7.69589
8.86787,-0.571314,-0.123051,-0.048586,7.48909,7.56427
9.34447,-0.0938319,0.00483228,-0.0480892,7.48462,7.46664
9.78392,0.340784,-0.149155,-0.0495041,7.47769,7.32491
9.99641,0.545302,-0.412305,-0.0547285,7.46981,7.20588
9.88537,0.428533,-0.40477,-0.059349,7.46197,7.13226
9.74318,0.283677,-0.283005,-0.061429,7.45626,7.10802
9.74318,0.281067,-0.275475,-0.0633983,7.45043,7.10831
9.74318,0.278481,-0.24777,-0.0650945,7.44444,7.13387
9.74318,0.274638,-0.179476,-0.0666729,7.43524,7.20712
9.74318,0.270765,-0.0798598,-0.0668589,7.42581,7.32286
9.82823,0.350983,0.0318227,-0.0655168,7.4169,7.44855
9.82823,0.346034,0.166989,-0.0622385,7.40812,7.57658
9.99066,0.501545,0.387349,-0.0561241,7.40049,7.67008
9.99244,0.498641,0.455934,-0.0513619,7.39572,7.71488
9.86531,0.366318,0.366314,-0.0455145,7.38934,7.73841
9.66086,0.159634,0.148717,-0.0428341,7.38343,7.70863
9.40929,-0.0906169,-0.0646569,-0.0431483,7.37722,7.62628
9.40929,-0.0893845,-0.0342319,-0.0430271,7.37137,7.50505
9.51242,0.0135548,-1.07642e-015,-0.0424333,7.36551,7.36551
9.72584,0.224848,-0.058445,-0.0425838,7.36151,7.27078
9.90702,0.402327,-0.202948,-0.0440431,7.3575,7.18142
9.99244,0.481111,-0.38163,-0.0486343,7.35089,7.074
9.93146,0.415977,-0.388379,-0.0519978,7.34574,7.01983
9.88102,0.360707,-0.360678,-0.0560724,7.33834,6.9893
9.74318,0.220794,-0.212636,-0.0575284,7.33299,6.99682
9.72116,0.196931,-0.168202,-0.0585577,7.32754,7.0294
9.74318,0.216953,-0.150932,-0.0593983,7.32214,7.07929
9.72116,0.192132,-0.0660469,-0.059494,7.31357,7.19357
9.72116,0.19046,-0.0199482,-0.05915,7.30842,7.27186
9.72116,0.188689,0.0328498,-0.0582944,7.303,7.36377
9.74318,0.207775,0.11276,-0.0559167,7.29523,7.48467
9.93146,0.390634,0.321491,-0.0507462,7.28828,7.57556
9.99877,0.451674,0.440547,-0.0440155,7.28225,7.62271
9.90702,0.356497,0.355849,-0.0402168,7.27843,7.62686
9.72584,0.173728,0.164573,-0.0383532,7.27494,7.60561
9.59772,0.0449467,0.0330532,-0.0373249,7.26956,7.52626
9.51242,-0.0398062,-0.0173211,-0.0370529,7.26452,7.41641
9.59772,0.0448676,0.00243734,-0.0365079,7.25948,7.27845
9.78392,0.227904,-0.074499,-0.0370284,7.25441,7.14031
9.94357,0.383756,-0.223415,-0.038855,7.2506,7.04738
9.99972,0.433831,-0.368398,-0.0434027,7.24461,6.9482
9.74318,0.174879,-0.172387,-0.0451569,7.23847,6.89438
9.6272,0.0583352,-0.0580296,-0.0452817,7.23408,6.88684
9.42066,-0.146226,0.12884,-0.0429485,7.22832,6.92076
9.42066,-0.144851,0.104306,-0.0415643,7.22442,6.97306
9.42066,-0.142896,0.0514746,-0.0403083,7.21898,7.09323
9.42066,-0.140881,0.00331912,-0.0396931,7.21338,7.20516
9.65947,0.0970112,0.0230023,-0.0391038,7.2097,7.29247
9.76127,0.196806,0.0986347,-0.0377126,7.20589,7.38084
9.93146,0.362261,0.283996,-0.0335626,7.20156,7.47522
9.99641,0.42319,0.390517,-0.0295763,7.19878,7.5209
9.94357,0.366948,0.364126,-0.0259542,7.1964,7.54278
9.87825,0.297434,0.285598,-0.0216236,7.19339,7.52857
9.78392,0.200322,0.156965,-0.019177,7.19076,7.46428
9.78392,0.197418,0.0924873,-0.0175578,7.18822,7.35175
9.82948,0.239744,0.0266825,-0.0169694,7.18596,7.22481
9.90702,0.312873,-0.0903047,-0.0179888,7.18346,7.08271
9.97283,0.373499,-0.234076,-0.0209492,7.18059,6.96183
9.98809,0.385099,-0.314232,-0.023706,7.17836,6.89353
9.96576,0.357553,-0.350965,-0.0284186,7.17427,6.83164
9.72116,0.111358,-0.109245,-0.0295582,7.1701,6.82766
9.52607,-0.0826386,0.0692688,-0.0282636,7.1664,6.87381
9.52607,-0.0814817,0.0456936,-0.0272282,7.16259,6.96684
9.52607,-0.0803898,0.0165987,-0.0266409,7.15902,7.08694
9.52607,-0.0792724,-0.014585,-0.0264733,7.15534,7.21956
9.56889,-0.0360765,-0.0165397,-0.026371,7.15262,7.31266
9.65947,0.0537792,0.040883,-0.0254765,7.14923,7.41459
9.88102,0.271581,0.25781,-0.0216238,7.14629,7.47766
9.99066,0.376001,0.375346,-0.0161854,7.14408,7.49253
9.87825,0.260957,0.244856,-0.0135749,7.14272,7.47025
9.78392,0.165128,0.135308,-0.012235,7.14162,7.42765
9.66086,0.0414937,0.0222004,-0.0117632,7.14,7.32677
9.66086,0.0410829,0.0106414,-0.0115414,7.13886,7.22928
9.66086,0.0405571,-0.00404502,-0.0114455,7.1374,7.10258
9.87825,0.25552,-0.0920445,-0.0122031,7.13625,7.01051
9.98231,0.354584,-0.243945,-0.0154243,7.13411,6.89396
9.93146,0.299541,-0.274979,-0.0190062,7.13148,6.81104
9.56889,-0.0624138,0.0619266,-0.018213,7.1297,6.78336
9.2387,-0.387382,0.374968,-0.0129837,7.12797,6.79009
8.90338,-0.712731,0.56996,-0.00493911,7.12729,6.84815
8.77687,-0.831268,0.500988,-0.000132809,7.12728,6.9169
8.90338,-0.694821,0.161141,0.00214115,7.12758,7.04662
9.47373,-0.122828,-0.0177268,0.0018789,7.12783,7.17821
9.81772,0.219104,0.0857514,0.00265891,7.12807,7.26469
9.96808,0.365997,0.226677,0.00476468,7.12852,7.34471
9.99641,0.388958,0.338405,0.00930219,7.12979,7.43349
9.92237,0.311963,0.3025,0.0120583,7.13092,7.4694
9.92237,0.309124,0.309052,0.0147609,7.13226,7.48125
9.87825,0.262566,0.251792,0.0169416,7.13382,7.46857
9.92237,0.302331,0.231735,0.0199916,7.13666,7.40422
9.87825,0.254751,0.1209,0.0213438,7.13952,7.30518
9.92237,0.296032,0.0646681,0.0217554,7.14159,7.21784
9.92237,0.293308,-0.0133565,0.0214324,7.14356,7.12766
9.92237,0.289202,-0.12943,0.0193203,7.14627,6.99004
9.98231,0.344466,-0.255214,0.0156415,7.14836,6.88974
9.99066,0.347907,-0.329221,0.0108479,7.14987,6.81955
9.81772,0.172497,-0.172081,0.00826864,7.15103,6.80281
9.52607,-0.117518,0.10427,0.00958385,7.15235,6.84263
9.2387,-0.399016,0.253956,0.0131272,7.15425,6.93209
9.12289,-0.507873,0.151316,0.0149928,7.15628,7.05227
9.2387,-0.386655,-0.038201,0.0142587,7.15824,7.19273
9.42066,-0.201668,-0.100248,0.012564,7.1601,7.33362
9.81772,0.192811,0.149218,0.0143678,7.162,7.43214
9.99972,0.369528,0.354985,0.0191705,7.1647,7.50003
9.78392,0.151641,0.150837,0.0209612,7.16755,7.51477
9.51242,-0.118076,-0.101709,0.0191334,7.1704,7.47108
9.51242,-0.116529,-0.0729162,0.0179276,7.17275,7.39117
9.44904,-0.178235,-0.069705,0.0171126,7.17434,7.31086
9.66086,0.0331325,0.000385119,0.0168851,7.17664,7.1807
9.87825,0.24819,-0.0610423,0.0161604,7.17814,7.09229
9.99641,0.362902,-0.182076,0.014297,7.17949,7.00435
9.88102,0.244146,-0.193195,0.0114751,7.18105,6.90483
9.6272,-0.00957661,0.00886024,0.0114507,7.18211,6.85916
9.42066,-0.214157,0.212812,0.0132831,7.18332,6.83645
9.31354,-0.31684,0.303669,0.0172905,7.18571,6.85115
9.2387,-0.38608,0.297557,0.0212983,7.18875,6.91972
9.35644,-0.264712,0.124527,0.0226919,7.19182,7.02761
9.42066,-0.197633,0.0179807,0.0226245,7.19505,7.16329
9.6272,0.00879137,0.0027088,0.0223497,7.19814,7.30569
9.81772,0.196612,0.126322,0.0237533,7.20134,7.42562
9.99066,0.364419,0.32604,0.0279551,7.20523,7.51753
9.94357,0.312889,0.312494,0.0319386,7.2097,7.55832
9.8406,0.207109,0.196587,0.0341449,7.21428,7.54561
9.72584,0.0910929,0.0687258,0.0346152,7.21898,7.48234
9.72584,0.0898267,0.0404785,0.0346967,7.22381,7.3811
9.72584,0.0889914,0.0173339,0.0345352,7.22702,7.29501
9.78392,0.144965,-0.0299766,0.0336127,7.23182,7.15964
9.90702,0.265703,-0.119286,0.0322672,7.23466,7.07795
9.99641,0.351789,-0.238632,0.0297478,7.23743,7.00065
9.98809,0.33866,-0.305056,0.0250606,7.24094,6.92651
9.82823,0.177054,-0.174688,0.023103,7.2432,6.8988
9.65947,0.008181,-0.00799229,0.0226895,7.24622,6.90521
9.52607,-0.124018,0.108621,0.0235144,7.24848,6.94275
9.52607,-0.122282,0.0768747,0.0242615,7.25187,7.03243
9.52607,-0.12123,0.0500267,0.024483,7.25398,7.10993
9.52607,-0.119484,0.000150148,0.0241327,7.25746,7.25702
9.6272,-0.0180866,-0.00941142,0.023653,7.26084,7.44248
9.93146,0.280934,0.226447,0.0273641,7.26585,7.54721
9.99641,0.341313,0.330322,0.0313631,7.26999,7.60781
9.78392,0.127089,0.125871,0.032639,7.27439,7.62011
9.51242,-0.142436,-0.123791,0.0304959,7.27857,7.58194
9.51242,-0.140442,-0.0845709,0.028885,7.28261,7.49281
9.51242,-0.13849,-0.0331753,0.0280223,7.28651,7.37013
9.66086,0.00986119,-0.000263297,0.0277536,7.28914,7.27982
9.82948,0.175961,-0.0739688,0.0263193,7.29286,7.14612
9.99641,0.33819,-0.258331,0.0224196,7.29593,7.02929
9.88102,0.219792,-0.20553,0.0193423,7.29854,6.97212
9.65947,-0.00172909,0.00172608,0.0190886,7.30129,6.95283
9.42066,-0.237247,0.214857,0.0217707,7.30427,6.98815
9.42066,-0.235135,0.17798,0.0231609,7.30633,7.04211
9.42066,-0.231749,0.102282,0.0243003,7.30983,7.15577
9.52607,-0.124682,0.0111486,0.024128,7.31299,7.28178
9.74318,0.091538,0.0168134,0.0240578,7.3153,7.37942
9.88102,0.227245,0.100679,0.0247703,7.3176,7.47225
9.99066,0.33207,0.251761,0.0280163,7.32161,7.58626
9.94357,0.281135,0.268785,0.0312667,7.32583,7.65956
9.8406,0.174872,0.170661,0.0338455,7.33209,7.67275
9.66086,-0.00477788,-0.00350952,0.0331469,7.33829,7.59469
9.66086,-0.00468614,-0.00116397,0.0324882,7.34453,7.43123
9.72584,0.0595534,-0.00608856,0.0320137,7.34847,7.31278
9.78392,0.116042,-0.0537188,0.0308563,7.35263,7.19104
9.90702,0.235671,-0.184156,0.0277386,7.35665,7.08389
9.99641,0.320509,-0.309881,0.0230119,7.35988,7.02239
9.93146,0.252165,-0.248935,0.019395,7.36246,7.01786
9.81772,0.136481,-0.116926,0.0174865,7.3649,7.06585
9.42066,-0.256982,0.150854,0.019327,7.36757,7.16266
9.42066,-0.253358,0.0609238,0.0199135,7.37038,7.28644
9.42066,-0.250039,-0.0332077,0.0192176,7.3729,7.41926
9.81772,0.145667,0.057347,0.0195684,7.3747,7.51212
9.88102,0.206962,0.130414,0.0206325,7.37668,7.59664
9.99641,0.318,0.27794,0.0241062,7.37993,7.68502
9.78392,0.104069,0.10339,0.0251924,7.38338,7.73017
9.51242,-0.16514,-0.158246,0.0226793,7.38649,7.72098
9.22142,-0.449839,-0.353703,0.0174852,7.3889,7.66337
9.22142,-0.443496,-0.201715,0.0143945,7.39093,7.5497
9.40929,-0.252053,-0.0220643,0.013884,7.39288,7.42343
9.59772,-0.0627379,0.0193683,0.0139603,7.39482,7.28705
9.90702,0.243084,-0.158392,0.0115301,7.39644,7.16899
9.98809,0.319776,-0.287389,0.0074947,7.39745,7.08374
9.74318,0.073833,-0.0736829,0.00637445,7.39833,7.04998
9.52607,-0.141254,0.133538,0.00816746,7.39949,7.06949
9.52607,-0.139305,0.104262,0.00949357,7.4008,7.13954
9.47373,-0.18906,0.0846119,0.0105077,7.40221,7.24599
9.65947,-0.00326705,8.41534e-005,0.0103513,7.40377,7.39478
9.88102,0.215464,0.0733677,0.0111642,7.40521,7.52407
9.99066,0.320587,0.216948,0.0140246,7.40716,7.64338
9.94357,0.269698,0.244318,0.0172257,7.40955,7.72577
9.72584,0.0512542,0.0512213,0.0176948,7.41199,7.76084
9.51242,-0.159918,-0.149506,0.0153708,7.41413,7.74047
9.51242,-0.157695,-0.115665,0.0135494,7.41601,7.67204
9.51242,-0.155472,-0.062059,0.0124833,7.41777,7.55711
9.44904,-0.215809,-0.00257628,0.012274,7.41948,7.42365
9.51242,-0.150342,0.0567031,0.0128826,7.42124,7.28959
9.78392,0.119478,-0.0832807,0.011546,7.42285,7.17954
9.94357,0.276197,-0.244619,0.00885623,7.42378,7.11462
9.99066,0.319211,-0.316987,0.00475061,7.42438,7.07774
9.74318,0.0707242,-0.0681229,0.00373038,7.4249,7.08867
9.47373,-0.195983,0.15387,0.00580232,7.4257,7.15164
9.42066,-0.245491,0.115554,0.00737176,7.42675,7.26245
9.42066,-0.242128,0.0227863,0.00758294,7.42779,7.39494
9.65947,-0.00327019,-0.000909394,0.00746745,7.42881,7.52588
9.96808,0.301067,0.190739,0.0100332,7.43021,7.65136
9.94357,0.272685,0.24111,0.0132683,7.43207,7.74072
9.44904,-0.218808,-0.218027,0.0100996,7.43346,7.78128
9.02534,-0.633122,-0.598145,0.0012192,7.43363,7.76341
9.02534,-0.624385,-0.471201,-0.00530019,7.4329,7.69633
9.02534,-0.61608,-0.280901,-0.00896569,7.43171,7.59087
9.34447,-0.29387,-0.0524336,-0.00941775,7.43073,7.49301
9.66086,0.0222404,-0.00422233,-0.00935177,7.42954,7.36327
9.97283,0.32953,-0.185566,-0.0118188,7.42789,7.23132
9.99066,0.342459,-0.287054,-0.0156996,7.42567,7.13308
9.88537,0.23385,-0.23015,-0.0187019,7.42306,7.07951
9.74318,0.0903822,-0.0881369,-0.019667,7.42032,7.07993
9.74318,0.0891711,-0.0721739,-0.0203706,7.41759,7.13506
9.74318,0.0879227,-0.045963,-0.0207289,7.41469,7.23221
9.74318,0.0866742,-0.0130745,-0.0206202,7.41176,7.35911
9.82823,0.169378,0.0409877,-0.0197762,7.40905,7.49352
9.88537,0.223185,0.137345,-0.0174665,7.40649,7.6213
9.99877,0.33208,0.287154,-0.0133846,7.40469,7.70653
9.97283,0.302035,0.299245,-0.00919536,7.40346,7.7493
9.72584,0.0542823,0.0526149,-0.0083362,7.4023,7.74064
9.59772,-0.0728089,-0.0573335,-0.00902216,7.40104,7.67591
9.40929,-0.25766,-0.128503,-0.010659,7.39958,7.57367
9.34447,-0.317968,-0.0382658,-0.0110455,7.39803,7.44004
9.34447,-0.313612,0.0835137,-0.00975008,7.3967,7.30374
9.66086,0.00274529,-0.00172521,-0.00963613,7.39533,7.17597
9.94357,0.281486,-0.246497,-0.0129285,7.39353,7.08785
9.93146,0.265685,-0.263882,-0.0163666,7.39129,7.04459
9.52607,-0.137752,0.131976,-0.0142898,7.38929,7.05486
9.14836,-0.508345,0.391381,-0.00869151,7.38809,7.11934
9.14836,-0.501178,0.228932,-0.00534102,7.38733,7.22789
9.42066,-0.225587,0.0138818,-0.00506421,7.38661,7.36513
9.81772,0.169192,0.0523336,-0.00430082,7.38603,7.494
9.99972,0.346347,0.228062,-0.00109421,7.38588,7.61573
9.78392,0.128723,0.115721,0.000541203,7.38596,7.69977
9.22142,-0.427701,-0.427062,-0.00544524,7.3852,7.73374
9.07797,-0.563448,-0.534094,-0.012582,7.3835,7.71438
9.07797,-0.555391,-0.412308,-0.0182981,7.38088,7.64002
9.40929,-0.220954,-0.0931345,-0.0193383,7.37819,7.52533
9.72584,0.0942823,0.00343512,-0.019024,7.37557,7.38829
9.97283,0.336594,-0.1166,-0.0203608,7.37278,7.25186
9.96808,0.327298,-0.222321,-0.0231277,7.36961,7.1325
9.88102,0.236893,-0.216604,-0.025817,7.36602,7.04685
9.81772,0.171075,-0.171055,-0.0279229,7.36197,7.01295
9.81772,0.168783,-0.157755,-0.0296627,7.358,7.03174
9.81772,0.166319,-0.118011,-0.0309526,7.35348,7.1058
9.74318,0.0905037,-0.034424,-0.0310008,7.34917,7.2164
9.81772,0.162881,-0.00276308,-0.0306309,7.34516,7.33923
9.81772,0.160535,0.0623185,-0.0292925,7.34094,7.47644
9.93146,0.270551,0.192507,-0.026276,7.33736,7.58574
9.99066,0.325165,0.302929,-0.0217,7.33435,7.65954
9.98231,0.312321,0.312127,-0.0169597,7.33194,7.68079
9.78392,0.112425,0.103052,-0.0153755,7.32991,7.64987
9.51242,-0.156836,-0.106858,-0.0166654,7.32756,7.56539
9.51242,-0.154703,-0.0552287,-0.0171899,7.32522,7.44984
9.51242,-0.152552,0.00598918,-0.0168677,7.32288,7.30917
9.72584,0.0600099,-0.0254486,-0.0169896,7.32047,7.17244
9.90702,0.237927,-0.17436,-0.0191141,7.31789,7.06208
9.99066,0.317034,-0.29846,-0.0230528,7.31463,6.98602
9.81772,0.142102,-0.141844,-0.0246921,7.31123,6.9628
9.31354,-0.357112,0.321041,-0.0199556,7.30849,6.99469
9.2387,-0.425992,0.285905,-0.0157347,7.30632,7.07205
9.2387,-0.419986,0.134417,-0.0136176,7.3044,7.19268
9.52607,-0.130773,-0.00952297,-0.0135607,7.30252,7.32794
9.81772,0.158686,0.0708845,-0.0124122,7.30083,7.45676
9.99972,0.335952,0.253738,-0.00871272,7.29962,7.56326
9.82948,0.163394,0.155727,-0.00641057,7.29872,7.63141
9.51242,-0.151501,-0.150872,-0.00844748,7.29753,7.64515
9.44904,-0.21185,-0.186662,-0.0109603,7.29598,7.60355
9.44904,-0.208821,-0.127521,-0.0126271,7.29418,7.50734
9.58016,-0.0766854,-0.0218799,-0.0127483,7.29251,7.3921
9.78392,0.125275,-0.0140208,-0.0127664,7.2907,7.25163
9.95926,0.296313,-0.147053,-0.0146867,7.2886,7.11536
9.99972,0.332159,-0.262713,-0.0180847,7.28612,7.01003
9.88102,0.210491,-0.203117,-0.0206566,7.28325,6.94641
9.56889,-0.100264,0.099178,-0.0190388,7.28068,6.93539
9.56889,-0.0988507,0.0849105,-0.0175732,7.2782,6.97836
9.56889,-0.0974766,0.0571218,-0.0165349,7.2759,7.07135
9.52607,-0.138333,0.0327156,-0.0158454,7.27368,7.19113
9.56889,-0.0941944,-0.0136821,-0.0158155,7.2715,7.3222
9.74318,0.0789794,0.041478,-0.0150192,7.26941,7.45273
9.93146,0.263496,0.214142,-0.011788,7.26775,7.55143
9.99972,0.327273,0.318517,-0.00732888,7.26676,7.60649
9.78392,0.109906,0.10838,-0.00569738,7.26596,7.61018
9.51242,-0.159271,-0.13301,-0.00753068,7.26487,7.55638
9.51242,-0.157105,-0.0888359,-0.00863643,7.2637,7.46108
9.51242,-0.154874,-0.0306914,-0.00894961,7.26243,7.3316
9.66086,-0.00634163,0.001202,-0.00881257,7.26124,7.19507
9.90702,0.23648,-0.131998,-0.0105248,7.25977,7.06493
9.99066,0.315703,-0.265542,-0.0140441,7.25784,6.96423
9.88102,0.203217,-0.199569,-0.0166043,7.25554,6.91274
9.52607,-0.149531,0.145637,-0.0142518,7.25348,6.9135
9.2387,-0.431089,0.35254,-0.0093735,7.25223,6.96677
9.2387,-0.425183,0.22647,-0.00614245,7.25139,7.06546
9.35644,-0.303041,0.0466537,-0.00538747,7.25062,7.19688
9.65947,-1.66023e-005,-3.60131e-006,-0.00531479,7.2499,7.32562
9.88102,0.218451,0.128957,-0.00344841,7.24942,7.45548
9.99972,0.332465,0.284559,0.000554892,7.2495,7.54827
9.87825,0.20796,0.205949,0.00351257,7.25001,7.5957
9.72584,0.0548098,0.0532427,0.00417896,7.25057,7.58965
9.66086,-0.010029,-0.00805398,0.00400769,7.25113,7.53145
9.66086,-0.00989163,-0.00503257,0.00388384,7.25166,7.42925
9.66086,-0.00975512,-0.00139574,0.00381098,7.25218,7.30213
9.78392,0.111705,-0.0297129,0.0033383,7.25266,7.15981
9.94357,0.267584,-0.163937,0.00101317,7.2528,7.03894
9.99641,0.315836,-0.278238,-0.00298013,7.25237,6.94486
9.88102,0.19774,-0.196519,-0.0055929,7.25161,6.90471
9.56889,-0.112717,0.106742,-0.0039528,7.25104,6.92047
9.35644,-0.320966,0.247758,-0.000705733,7.25095,6.9815
9.12289,-0.546756,0.244388,0.00272558,7.25133,7.0953
9.12289,-0.539374,0.0424878,0.00326237,7.25177,7.22427
9.42066,-0.2383,-0.0729976,0.00221761,7.25207,7.359
9.81772,0.156536,0.102036,0.00361506,7.25258,7.48011
9.99641,0.330466,0.296218,0.00777002,7.25368,7.56657
9.72584,0.0590903,0.0589817,0.0084665,7.25483,7.60326
9.28538,-0.37603,-0.355101,0.00337655,7.25531,7.58494
9.22142,-0.434007,-0.323107,-0.00106363,7.25516,7.51503
9.22142,-0.427974,-0.189248,-0.00367939,7.25465,7.40901
9.51242,-0.135063,-0.00839598,-0.00374542,7.25413,7.27582
9.92237,0.272279,-0.057307,-0.00425426,7.25372,7.18025
9.99972,0.34494,-0.194601,-0.00680491,7.25281,7.05588
9.74318,0.0871349,-0.0738913,-0.00776425,7.2517,6.95569
9.56889,-0.0859757,0.0847186,-0.00651573,7.25082,6.90686
9.42066,-0.230882,0.224486,-0.0032355,7.25036,6.91096
9.42066,-0.227581,0.180566,-0.000607139,7.25027,6.97332
9.42066,-0.224394,0.111056,0.000956141,7.25041,7.07765
9.52607,-0.117341,0.0142677,0.00113984,7.25056,7.20812
9.68607,0.0420808,0.0105803,0.00126729,7.25074,7.3385
9.88102,0.23376,0.145123,0.00325249,7.25118,7.46789
9.98809,0.335956,0.293532,0.00740349,7.25224,7.55723
9.94357,0.287536,0.285543,0.0111306,7.25373,7.60038
9.78392,0.126108,0.121265,0.0126614,7.25549,7.59116
9.72584,0.0671131,0.0527963,0.0132033,7.25728,7.53188
9.6517,-0.00692845,-0.00325933,0.0129695,7.25912,7.42333
9.72584,0.0662517,0.00584103,0.0128676,7.26096,7.29173
9.72584,0.0653706,-0.0187303,0.0124473,7.26261,7.1626
9.87825,0.214749,-0.135635,0.010389,7.26406,7.04359
9.99641,0.328278,-0.289442,0.0062213,7.26492,6.95715
9.93146,0.25962,-0.258637,0.0024868,7.26527,6.91753
9.65947,-0.0121998,0.0116121,0.00261364,7.26564,6.93339
9.35644,-0.310906,0.237993,0.00583834,7.26644,6.99923
9.2387,-0.422607,0.192569,0.00847124,7.26763,7.10857
9.35644,-0.300594,0.0206648,0.00864195,7.26884,7.24484
9.52607,-0.129176,-0.0421877,0.00794558,7.26993,7.38393
9.81772,0.16018,0.108657,0.00936561,7.27125,7.50804
9.99972,0.33746,0.305613,0.0134538,7.27311,7.58923
9.78392,0.11996,0.119868,0.0149436,7.2752,7.624
9.40929,-0.251132,-0.233555,0.0114895,7.2768,7.60143
9.22142,-0.432938,-0.310999,0.00703915,7.27777,7.52852
9.22142,-0.426791,-0.170606,0.0045166,7.27841,7.41794
9.51242,-0.13395,-0.00092579,0.00444258,7.27901,7.28143
9.87825,0.228729,-0.0843343,0.00323521,7.27945,7.15075
9.99066,0.336327,-0.234963,-0.000123383,7.27944,7.03557
9.81772,0.161113,-0.148829,-0.0021904,7.27913,6.95668
9.52607,-0.128733,0.12872,-0.000383835,7.27908,6.93005
9.31354,-0.336551,0.311975,0.00392671,7.27962,6.95604
9.2387,-0.405427,0.283238,0.00797672,7.28078,7.03691
9.42066,-0.22052,0.0830435,0.0089676,7.28196,7.15051
9.65947,0.0180384,0.000175672,0.00884539,7.28319,7.28659
9.81772,0.173852,0.0672359,0.00965118,7.28452,7.41952
9.99066,0.341974,0.244982,0.0129223,7.28632,7.53638
9.94357,0.290759,0.2736,0.0165718,7.28864,7.6171
9.78392,0.129299,0.129169,0.0181256,7.29114,7.63985
9.72584,0.0702395,0.0637783,0.0187556,7.29373,7.61068
9.66086,0.00518362,0.00344019,0.0185381,7.29636,7.52802
9.66086,0.00511364,0.00172462,0.0183111,7.29883,7.41656
9.72584,0.0690715,-0.00552744,0.0179631,7.30145,7.27352
9.78392,0.125483,-0.0552755,0.0170037,7.30368,7.14992
9.94357,0.281198,-0.210579,0.013863,7.3056,7.04419
9.99972,0.332621,-0.315425,0.00925301,7.30689,6.97587
9.81772,0.148435,-0.147944,0.00697365,7.3079,6.95999
9.65947,-0.0096792,0.00863525,0.00699592,7.30884,6.99742
9.2387,-0.424466,0.272717,0.0106894,7.31033,7.08605
9.31354,-0.3448,0.10624,0.012008,7.31198,7.20443
9.31354,-0.339939,-0.0299704,0.0114161,7.31359,7.34437
9.74318,0.0884772,0.0407364,0.0118149,7.3152,7.47591
9.98809,0.328587,0.255598,0.0153254,7.31741,7.58893
9.94357,0.280208,0.268334,0.0187663,7.31996,7.65423
9.58016,-0.0820421,-0.0815773,0.0173615,7.32239,7.66948
9.34447,-0.314618,-0.290744,0.014342,7.32379,7.64637
9.22142,-0.431752,-0.30539,0.0100256,7.32515,7.57205
9.34447,-0.30448,-0.117314,0.00828108,7.32628,7.46077
9.66086,0.0117509,-0.000203031,0.00816315,7.32742,7.32139
9.90702,0.254295,-0.0981258,0.00667511,7.32835,7.19366
9.99066,0.333272,-0.23787,0.00330039,7.32881,7.07966
9.81772,0.15802,-0.147394,0.0011304,7.32897,7.00338
9.65947,-0.000222587,0.000222447,0.00111805,7.32912,6.98028
9.65947,-0.000219515,0.000200687,0.00110539,7.32927,7.01015
9.65947,-0.000216376,0.000146026,0.00109167,7.32943,7.09386
9.65947,-0.000213477,7.50194e-005,0.00107805,7.32957,7.20691
9.65947,-0.00021051,-1.13034e-005,0.00106291,7.32972,7.34847
9.65947,-0.000207647,-8.70517e-005,0.00104727,7.32986,7.4762
9.88102,0.218196,0.162029,0.0033332,7.33034,7.58955
9.99972,0.332349,0.312594,0.00750823,7.33135,7.65967
9.87825,0.20793,0.207647,0.0103102,7.3328,7.68139
9.51242,-0.155724,-0.140736,0.00822573,7.33393,7.6494
9.40929,-0.255099,-0.164084,0.00572724,7.33476,7.55929
9.40929,-0.25163,-0.0804595,0.0045551,7.33538,7.447
9.51242,-0.146482,0.00988646,0.00462761,7.33601,7.31245
9.78392,0.123259,-0.0563376,0.003768,7.33654,7.17699
9.98231,0.316826,-0.248501,-1.6031e-005,7.33654,7.06275
9.93146,0.26257,-0.251371,-0.00323338,7.33612,7.00195
9.65947,-0.00928986,0.00923816,-0.00305878,7.3357,6.98857
9.35644,-0.308067,0.27098,0.000668158,7.33579,7.02874
9.35644,-0.303662,0.18807,0.003348,7.33627,7.12008
9.2387,-0.415339,0.104806,0.00480901,7.33696,7.24888
9.65947,0.00535737,0.000736526,0.00475362,7.3376,7.38559
9.88102,0.223818,0.112781,0.00622279,7.33845,7.51434
9.99641,0.334629,0.263569,0.00969696,7.33976,7.6147
9.78392,0.120422,0.116477,0.0112025,7.34134,7.67897
9.51242,-0.148997,-0.147781,0.00900858,7.34258,7.6888
9.34447,-0.312542,-0.270653,0.00512128,7.34329,7.64558
9.34447,-0.308198,-0.186824,0.00245324,7.34364,7.55523
9.44904,-0.200775,-0.0496253,0.00172414,7.34388,7.43016
9.72584,0.0749736,-0.0117517,0.00153682,7.34409,7.28938
9.94357,0.288486,-0.154349,-0.000707929,7.34399,7.15723
9.99972,0.340048,-0.275293,-0.00435991,7.34341,7.06082
9.93146,0.267742,-0.262825,-0.00821103,7.34219,6.99953
9.65947,-0.00419378,0.00412292,-0.00804946,7.34113,6.99796
9.65947,-0.00413633,0.00347913,-0.00789152,7.34005,7.04645
9.65947,-0.00407925,0.00229606,-0.00775093,7.33898,7.1425
9.65947,-0.00402132,0.00079567,-0.00762957,7.3379,7.26883
9.65947,-0.00396382,-0.000851307,-0.00753264,7.33682,7.41179
9.88102,0.214645,0.122372,-0.00577893,7.33604,7.53505
9.96808,0.297456,0.2516,-0.00214988,7.33574,7.63099
9.97283,0.298067,0.29335,0.00189847,7.336,7.67954
9.78392,0.10765,0.105109,0.00332277,7.33646,7.67728
9.51242,-0.161576,-0.129149,0.00148142,7.33666,7.61567
9.44904,-0.221873,-0.116522,-0.000135234,7.33664,7.51996
9.44904,-0.218745,-0.0336082,-0.000607203,7.33656,7.39019
9.58016,-0.0864358,0.020442,-0.000320934,7.33651,7.25396
9.87825,0.208674,-0.124662,-0.00207415,7.33622,7.12769
9.99972,0.325519,-0.281942,-0.00599229,7.33538,7.03305
9.81772,0.141623,-0.139969,-0.00776078,7.33436,6.98937
9.56889,-0.105585,0.101566,-0.00610994,7.33343,6.99765
9.2387,-0.430109,0.342404,-0.00157925,7.33323,7.05534
9.2387,-0.424088,0.211505,0.00140393,7.33343,7.15934
9.42066,-0.238765,0.0287341,0.00178382,7.33367,7.29167
9.74318,0.0825568,0.0235551,0.00209515,7.33397,7.43357
9.96576,0.300965,0.188471,0.0046485,7.33461,7.5532
9.94357,0.274952,0.24115,0.00788858,7.33569,7.64184
9.58016,-0.0872422,-0.0868099,0.00658174,7.3366,7.68394
9.40929,-0.254522,-0.243223,0.00310945,7.33703,7.6706
9.40929,-0.250984,-0.192327,0.000392888,7.33709,7.60457
9.51242,-0.1458,-0.0669659,-0.0005434,7.33701,7.49734
9.59772,-0.0596632,-0.00468112,-0.0006005,7.33693,7.36432
9.87825,0.21782,-0.0662027,-0.00150581,7.33672,7.23063
9.98231,0.317441,-0.204945,-0.00431328,7.33612,7.11076
9.98809,0.318656,-0.285276,-0.00827485,7.33496,7.02246
9.81772,0.14615,-0.145932,-0.0102571,7.33348,6.98494
9.74318,0.070637,-0.0666982,-0.0110247,7.33198,7.00238
9.74318,0.0696622,-0.05237,-0.0115953,7.33038,7.06796
9.74318,0.06868,-0.0294766,-0.0118474,7.32871,7.1789
9.74318,0.0677391,-0.00304214,-0.0117268,7.3271,7.31143
9.74318,0.0667704,0.0241893,-0.0112132,7.3255,7.45196
9.74318,0.065869,0.0455559,-0.0104468,7.32409,7.56551
9.93146,0.250672,0.228334,-0.0071755,7.32311,7.64107
9.99972,0.314431,0.314342,-0.0026421,7.32274,7.6717
9.8406,0.153082,0.141649,-0.000564309,7.32265,7.64565
9.51242,-0.172811,-0.123987,-0.00218114,7.32237,7.57281
9.07797,-0.598639,-0.230826,-0.00542789,7.3216,7.45619
9.07797,-0.590558,-0.0100181,-0.00548986,7.32086,7.32678
9.34447,-0.31952,0.122368,-0.00369985,7.32034,7.18666
9.8406,0.174162,-0.12288,-0.00535646,7.31959,7.07331
9.93146,0.261309,-0.242898,-0.00868205,7.31838,6.99391
9.2387,-0.425542,0.425491,-0.00273387,7.318,6.96898
8.50703,-1.14112,1.04727,0.0118612,7.31965,6.9993
8.33028,-1.29916,0.898518,0.0244517,7.32312,7.08171
8.77687,-0.840554,0.295632,0.0282754,7.32711,7.20434
9.72116,0.10233,0.00286079,0.0279297,7.33091,7.34067
9.99244,0.368262,0.155226,0.0297501,7.33516,7.4823
9.59772,-0.0260953,-0.0191735,0.0290847,7.33912,7.5956
9.07797,-0.538261,-0.505167,0.0216586,7.34213,7.66973
8.91268,-0.693554,-0.691913,0.0115259,7.34377,7.69201
9.40929,-0.194289,-0.17538,0.00900264,7.34498,7.66008
9.66086,0.0564772,0.0373091,0.00940176,7.34631,7.5769
9.94357,0.334471,0.106151,0.0107466,7.3478,7.45859
9.99972,0.385187,-0.0280495,0.0102073,7.34922,7.3238
9.98809,0.368401,-0.168281,0.00774417,7.35029,7.19084
9.99066,0.365854,-0.280351,0.00376847,7.35081,7.08332
9.98809,0.35805,-0.342747,-0.00122136,7.35063,7.01649
9.98809,0.353217,-0.351564,-0.00595099,7.34983,7.0024
9.99066,0.350915,-0.309661,-0.0101118,7.34844,7.04042
9.99066,0.346072,-0.218999,-0.0129945,7.34665,7.12576
9.99066,0.341158,-0.0908491,-0.0141,7.34465,7.25169
9.99066,0.336484,0.0367137,-0.0134038,7.34281,7.3809
9.98809,0.329337,0.156934,-0.0110702,7.3413,7.50763
9.98809,0.324562,0.257823,-0.00717127,7.34026,7.61754
9.99066,0.32275,0.311204,-0.00290504,7.33987,7.67645
9.98809,0.31576,0.313629,0.00146313,7.34007,7.68678
9.99972,0.322709,0.279508,0.00543916,7.34085,7.64318
9.97283,0.291623,0.17289,0.00781697,7.34196,7.5489
9.78392,0.101315,0.0242392,0.00804032,7.34305,7.42656
9.78392,0.099917,-0.0161883,0.00770596,7.34411,7.28756
9.72584,0.0412587,-0.0218662,0.00729491,7.34513,7.16013
9.78392,0.0979348,-0.0807048,0.00605411,7.34598,7.05833
9.94357,0.253979,-0.24829,0.0024933,7.34633,7.00508
9.96576,0.272416,-0.268375,-0.00119051,7.34617,7.00228
9.74318,0.049125,-0.0411773,-0.00175432,7.34592,7.05333
9.35644,-0.332981,0.189062,0.000859864,7.34604,7.14784
9.2387,-0.444416,0.0843722,0.00202904,7.34632,7.28005
9.2387,-0.438016,-0.0890937,0.000716869,7.34643,7.41743
9.56889,-0.106393,-0.060133,-9.24348e-005,7.34641,7.54371
9.93146,0.252541,0.21125,0.00290863,7.34683,7.63882
9.87825,0.19664,0.192897,0.00547348,7.34757,7.68999
9.40929,-0.268537,-0.263161,0.00173946,7.34781,7.68989
8.69161,-0.972111,-0.793396,-0.00963098,7.34643,7.63132
8.49728,-1.1507,-0.623882,-0.0179234,7.34401,7.53327
8.72504,-0.910019,-0.152796,-0.0198116,7.34124,7.39985
9.66086,0.0254475,-0.00566037,-0.0196135,7.33849,7.26085
9.99877,0.358236,-0.211475,-0.0223187,7.33534,7.12928
9.56889,-0.0706685,0.0607934,-0.0211801,7.33244,7.03215
8.77687,-0.850526,0.842303,-0.00900498,7.33117,6.98548
8.77687,-0.838789,0.813088,0.0023399,7.3315,6.99313
9.02298,-0.584435,0.465372,0.00877605,7.33272,7.05476
9.74318,0.133762,-0.0631107,0.00771931,7.33385,7.16916
9.93146,0.317796,-0.0383442,0.00711127,7.33479,7.29267
9.97283,0.354246,0.0971204,0.0083444,7.33593,7.43163
9.8406,0.218955,0.135608,0.0101006,7.33733,7.55352
9.78392,0.160033,0.139897,0.0118918,7.33897,7.64411
9.78392,0.157712,0.157094,0.0139973,7.341,7.68869
9.78392,0.155599,0.148706,0.0158023,7.34311,7.67672
9.82948,0.198301,0.151996,0.0177363,7.34563,7.61319
9.82948,0.195604,0.0908764,0.018731,7.34818,7.51035
9.78392,0.14796,0.0120721,0.0186384,7.35077,7.37925
9.78392,0.145918,-0.0443056,0.0177698,7.35322,7.24724
9.82948,0.188738,-0.122214,0.015768,7.35548,7.12945
9.92237,0.277828,-0.246909,0.0122219,7.35713,7.04691
9.99972,0.350237,-0.349183,0.00719837,7.35813,7.01011
9.88537,0.232469,-0.219094,0.00391713,7.3587,7.02971
9.72116,0.067326,-0.0498675,0.00318028,7.35913,7.10058
9.52607,-0.12603,0.0538041,0.00386876,7.35966,7.21064
9.52607,-0.124265,0.00491764,0.00388345,7.3602,7.34639
9.52607,-0.12255,-0.0420915,0.00324899,7.36065,7.48054
9.82823,0.177099,0.121354,0.00490246,7.36134,7.60053
9.96808,0.312352,0.286624,0.00898742,7.36264,7.68295
9.97283,0.313012,0.312815,0.0129068,7.36431,7.71315
9.40929,-0.246898,-0.229532,0.00939143,7.36567,7.69018
8.91268,-0.733095,-0.515928,0.00203696,7.36595,7.61161
8.91268,-0.723198,-0.282832,-0.00180876,7.36571,7.50222
9.07797,-0.549937,-0.00172767,-0.0018076,7.36545,7.36655
9.72584,0.0966093,-0.0367183,-0.00228239,7.36514,7.23247
9.99998,0.365703,-0.257206,-0.00574935,7.36436,7.11885
9.76127,0.125255,-0.115615,-0.00725451,7.36336,7.04116
9.31354,-0.31793,0.31793,-0.00266941,7.36299,7.01392
9.12289,-0.503848,0.484888,0.00186488,7.36316,7.02723
9.2387,-0.382569,0.299618,0.00606319,7.36402,7.09064
9.6272,0.00585297,-0.00285507,0.00594012,7.36484,7.19456
9.81772,0.193635,-0.0197967,0.00558238,7.36561,7.32992
9.99066,0.361263,0.113254,0.00714362,7.36665,7.47608
9.99641,0.361982,0.247877,0.0104417,7.36808,7.60711
9.97283,0.333941,0.296199,0.0142137,7.36995,7.67957
9.94357,0.300446,0.299451,0.0181785,7.37248,7.72039
9.94357,0.296269,0.28148,0.0218384,7.37552,7.70716
9.92237,0.271218,0.193161,0.0242369,7.37891,7.62751
9.94357,0.287067,0.0873352,0.0253916,7.38356,7.48975
9.92237,0.262437,-0.0190285,0.0248185,7.38676,7.36145
9.90702,0.243551,-0.11057,0.0228825,7.39003,7.23156
9.94357,0.276267,-0.211645,0.0196695,7.39272,7.12531
9.97283,0.301311,-0.286092,0.01545,7.39486,7.06342
9.99998,0.323927,-0.322975,0.0107797,7.39634,7.0483
9.96576,0.286959,-0.268338,0.00812807,7.39712,7.0707
9.93146,0.249118,-0.182827,0.0054547,7.39788,7.1417
9.81772,0.133531,-0.056475,0.00461246,7.39851,7.25087
9.81772,0.131648,-0.00425919,0.00448737,7.39914,7.38785
9.88102,0.192239,0.0673299,0.00536088,7.39988,7.52214
9.93146,0.239287,0.167169,0.0076262,7.40095,7.64482
9.99877,0.302339,0.278629,0.0113931,7.40254,7.72423
9.98231,0.281846,0.281845,0.0152065,7.40468,7.75374
9.94357,0.239555,0.21916,0.0181842,7.40734,7.72668
9.87825,0.171986,0.120846,0.0195086,7.40985,7.65512
9.82948,0.12138,0.0405772,0.0198225,7.41281,7.5295
9.87825,0.167973,-0.00353534,0.0195235,7.4153,7.40796
9.87825,0.165671,-0.0670833,0.018337,7.41782,7.27647
9.87825,0.163369,-0.118315,0.0164375,7.4201,7.1673
9.87825,0.161,-0.152401,0.0139894,7.42213,7.09171
9.98231,0.261564,-0.26139,0.0103544,7.4235,7.07466
9.99972,0.27509,-0.249458,0.00674297,7.42443,7.10789
9.93146,0.204,-0.138381,0.00475477,7.42509,7.1883
9.81772,0.0890002,-0.0300162,0.00427145,7.42568,7.30795
9.74318,0.0142569,0.000738694,0.00422164,7.42627,7.44436
9.72116,-0.00764726,-0.00334922,0.00411413,7.42686,7.57974
9.88537,0.154447,0.115949,0.0056239,7.42762,7.68967
9.99066,0.2561,0.242629,0.00894197,7.42887,7.75957
9.87825,0.141723,0.141454,0.0107574,7.43034,7.77875
9.34447,-0.386533,-0.344348,0.0057504,7.43115,7.74212
