9.80936,9.67559,0,0,0,0
-47.6368,-46.0508,-11.228,-0.404209,-0.048505,0.127614
-47.6368,-44.987,1.46958,-0.360924,-0.0762962,-0.0171806
-47.6368,-43.9478,14.7308,-0.0123053,-0.0772437,-0.175582
-47.6368,-42.8271,26.2065,0.656275,-0.0214603,-0.320419
-48.825,-40.3181,39.9265,3.95497,1.08593,-0.517427
-57.2923,-47.6584,43.3244,4.86441,1.46049,-0.474523
-60.3466,-49.5412,36.3687,5.59216,1.89109,-0.382488
-64.8011,-52.6189,25.754,6.10628,2.41012,-0.253862
-64.8011,-51.2771,9.35507,6.18913,2.9362,-0.0925899
-59.132,-44.2535,-8.67432,5.74768,3.50522,0.106138
-50.5834,-34.7837,-16.9865,5.16114,3.94907,0.259647
-29.1916,-13.0183,-10.0308,4.73729,4.38964,0.407829
-18.3402,-2.10635,-2.0105,4.54902,4.8127,0.504583
-0.187399,15.618,15.6165,4.84452,5.24386,0.528793
3.59542,18.8537,17.5122,5.20175,5.73283,0.492077
6.95383,21.639,16.5512,5.49457,6.20536,0.406694
8.70089,22.8459,12.3865,5.65377,6.6407,0.290524
8.70089,22.3181,6.22656,5.667,7.07706,0.153156
8.70089,21.7892,-0.492818,5.52102,7.51322,-0.00432929
8.70089,21.1878,-7.94807,5.14927,7.98695,-0.188428
8.70089,20.5713,-14.082,4.58964,8.43215,-0.349996
8.70089,19.9973,-17.8291,3.96416,8.80082,-0.458027
9.07853,19.8126,-19.6716,3.31181,9.1055,-0.510767
9.36832,19.5717,-19.0676,2.72099,9.34495,-0.500768
9.62648,19.2766,-16.1843,2.19354,9.54895,-0.430055
9.99504,19.1914,-12.233,1.86028,9.69219,-0.324062
9.80134,18.5588,-7.17749,1.65151,9.81936,-0.192679
9.37476,17.6916,-1.55423,1.57361,9.94682,-0.036052
8.38225,16.2582,3.74573,1.63095,10.0903,0.130722
6.75584,14.2236,7.92078,1.80644,10.2583,0.301838
5.93368,13.0235,10.7253,2.05795,10.4518,0.441652
4.49248,11.2627,10.8503,2.30062,10.6634,0.515092
3.59691,10.0841,10.0525,2.51225,10.8921,0.532851
2.81219,9.0399,8.1747,2.67023,11.1404,0.484626
1.19656,7.20376,4.90485,2.7366,11.4113,0.367916
0.12952,5.9784,2.46362,2.72955,11.6461,0.227414
-0.317191,5.37901,0.418663,2.66577,11.8913,0.0526444
-1.76975,3.81454,-1.05501,2.55973,12.1345,-0.132681
-2.86879,2.63893,-1.57251,2.4432,12.3641,-0.299642
-4.08094,1.39382,-1.11619,2.36098,12.5459,-0.40676
-4.76955,0.688917,-0.64671,2.2915,12.7224,-0.478798
-4.76955,0.67197,-0.671638,2.21861,12.9043,-0.510436
-4.76955,0.654431,-0.626579,2.14435,13.0909,-0.488224
-4.76955,0.639314,-0.528312,2.08261,13.2512,-0.419437
-4.76955,0.624546,-0.380925,2.0257,13.4072,-0.305948
-5.34764,0.0453855,-0.0168665,1.97852,13.5596,-0.181024
-5.9795,-0.57011,0.0150431,1.92374,13.7385,-7.73797e-005
-10.0623,-4.51615,-1.50306,1.82299,13.9171,0.188181
-12.8755,-7.13803,-4.43845,1.65957,14.0615,0.339637
-16.6061,-10.5523,-9.24065,1.34237,14.1917,0.472707
-25.8118,-19.2187,-18.922,0.789153,14.2635,0.52978
-31.3501,-24.0588,-23.6097,0.101106,14.273,0.528098
-40.9657,-32.8157,-28.515,-0.628604,14.2196,0.469197
-43.5923,-34.411,-21.7338,-1.24277,14.099,0.344802
-45.2713,-35.0939,-11.4718,-1.52509,13.9587,0.185117
-45.2713,-34.1674,0.085872,-1.48256,13.8283,0.0125123
-42.4585,-30.6302,8.61946,-1.2492,13.7321,-0.133611
-39.8323,-27.3572,14.9766,-0.874385,13.6648,-0.272977
-35.0804,-22.0696,17.128,-0.447729,13.6294,-0.392731
-24.3827,-11.0614,10.4717,-0.149628,13.6158,-0.482072
-19.3105,-5.82386,5.82237,0.0151991,13.6172,-0.509848
-10.5921,2.80938,-2.5962,-0.061576,13.6111,-0.470257
-8.4288,4.83547,-3.52491,-0.157164,13.5967,-0.36809
-8.07784,5.04795,-2.35367,-0.215811,13.5775,-0.230557
-8.4288,4.56595,-0.509595,-0.224007,13.5566,-0.044881
-10.0623,2.84971,0.642596,-0.199569,13.5379,0.131607
-15.7889,-2.7983,-1.51126,-0.235378,13.5165,0.296293
-18.337,-5.19728,-4.2314,-0.346867,13.4842,0.439775
-22.1719,-8.76928,-8.43629,-0.582269,13.4277,0.517144
-27.3156,-13.529,-13.488,-0.938468,13.3414,0.535352
-29.7662,-15.5578,-14.247,-1.28981,13.2279,0.492712
-31.8276,-17.1328,-12.3708,-1.59565,13.0811,0.391146
-31.8276,-16.6548,-7.05338,-1.74792,12.9185,0.234665
-31.8276,-16.1852,-0.853836,-1.7227,12.7566,0.0403786
-27.3156,-11.344,2.91769,-1.59185,12.607,-0.122063
-23.0611,-6.89175,3.99461,-1.43598,12.4734,-0.291016
-15.015,1.12249,-0.929975,-1.42202,12.3426,-0.421454
-11.1288,4.86594,-4.7176,-1.51594,12.1986,-0.495438
-7.46475,8.29972,-8.25242,-1.69783,12.0458,-0.508569
-2.15363,13.2311,-11.7814,-1.97916,11.8617,-0.454369
-0.582732,14.389,-9.98099,-2.20241,11.6569,-0.351539
1.19656,15.7075,-6.07477,-2.31277,11.4372,-0.191061
1.19656,15.2787,-0.882698,-2.27373,11.2303,-0.0190197
1.19656,14.8478,4.71227,-2.07673,11.035,0.17721
0.84444,14.0739,8.98466,-1.75484,10.8648,0.345126
0.443155,13.3158,11.5038,-1.40879,10.7423,0.463091
-0.317191,12.1298,12.036,-0.95301,10.6346,0.530187
-0.582732,11.5902,11.4311,-0.666937,10.5832,0.526995
-1.37006,10.5209,9.2259,-0.408734,10.5477,0.469697
-1.37006,10.2211,6.70131,-0.206098,10.5281,0.353819
-1.37006,9.90216,2.96511,-0.107157,10.5169,0.167304
-1.06115,9.95681,-0.0125121,-0.1048,10.5082,0.00985025
-0.317191,10.4086,-3.5504,-0.198865,10.4901,-0.16811
-0.317191,10.1307,-6.45757,-0.365972,10.4576,-0.323297
2.32896,12.4166,-10.766,-0.659254,10.3956,-0.443602
3.59691,13.3109,-13.1255,-0.999582,10.3046,-0.505998
5.93368,15.2111,-14.9123,-1.38775,10.1756,-0.503137
6.91986,15.7454,-13.5527,-1.72715,10.0149,-0.440669
7.88292,16.2473,-10.1983,-1.96095,9.83454,-0.318824
8.05045,15.9519,-4.96753,-2.04574,9.64224,-0.15341
8.05045,15.5165,0.350944,-1.98031,9.46203,0.0213045
8.05045,14.7624,8.95975,-1.44862,9.22735,0.327016
7.88292,14.2577,11.5662,-1.14798,9.13896,0.433896
7.88292,13.8898,13.2367,-0.776854,9.07215,0.508051
7.88292,13.4815,13.4419,-0.358823,9.03698,0.531098
7.88292,13.1337,12.1117,-0.0370837,9.03379,0.49189
8.05045,12.9101,9.26546,0.236411,9.05696,0.384838
7.88292,12.3794,5.12974,0.375871,9.09267,0.226059
7.88292,12.0526,1.10409,0.395096,9.12744,0.0570922
7.88292,11.7163,-3.12712,0.296826,9.15504,-0.130595
7.88292,11.3965,-6.66388,0.106799,9.16476,-0.297
8.05045,11.2587,-9.19911,-0.138877,9.15254,-0.418661
8.05045,10.9345,-10.5978,-0.440093,9.11029,-0.498364
8.67454,11.2534,-11.1908,-0.723912,9.04659,-0.511638
9.23067,11.4942,-10.4126,-0.982599,8.95914,-0.465366
9.51836,11.4497,-7.95246,-1.17915,8.8483,-0.354821
9.86613,11.4577,-4.5636,-1.27662,8.72574,-0.199824
9.86613,11.1346,-0.489566,-1.25443,8.60782,-0.0144138
9.93131,10.8839,3.36332,-1.12421,8.50215,0.170303
9.88124,10.5316,6.58996,-0.90898,8.41761,0.336051
9.86613,10.2515,8.58589,-0.66971,8.36136,0.44689
9.80134,9.88107,9.69662,-0.35872,8.32549,0.52215
9.72151,9.52779,9.41604,-0.0860042,8.31749,0.525775
9.62684,9.19541,8.16678,0.121966,8.32773,0.473355
9.37476,8.69649,5.80825,0.278907,8.35339,0.358057
9.37476,8.45386,3.17125,0.359604,8.38684,0.204801
9.37476,8.22561,0.310025,0.358265,8.41908,0.0281536
9.37476,7.99364,-2.632,0.27394,8.44483,-0.163956
9.3978,7.80023,-4.89614,0.134347,8.45692,-0.320202
9.50786,7.67773,-6.65232,-0.0651807,8.45053,-0.445218
9.72151,7.68304,-7.5541,-0.262888,8.4274,-0.506384
9.93131,7.6679,-7.53026,-0.470008,8.38275,-0.505818
9.97833,7.49273,-6.41064,-0.641098,8.3212,-0.43966
9.96954,7.29534,-4.65023,-0.742128,8.25886,-0.325496
9.96954,7.07867,-2.16203,-0.7843,8.18122,-0.151741
9.86167,6.79096,0.0426685,-0.762964,8.1156,0.0114054
9.86167,6.60149,2.35285,-0.676033,8.05273,0.19467
9.82401,6.38267,4.18472,-0.541876,8.00288,0.351294
9.96954,6.34606,5.56493,-0.371496,7.96833,0.467118
9.99748,6.19808,6.12774,-0.192117,7.95066,0.525607
9.97833,6.01024,5.88151,-0.0263072,7.94826,0.520332
9.81423,5.68303,4.80979,0.10862,7.95836,0.451102
9.62684,5.34562,3.27106,0.194954,7.9761,0.328373
9.51836,5.08944,1.48733,0.231399,7.99786,0.161013
9.51836,4.94134,-0.322663,0.215276,8.01874,-0.0261715
9.62684,4.91803,-1.93615,0.159124,8.03258,-0.198101
9.81423,4.96297,-3.40193,0.0597704,8.03814,-0.350869
9.88124,4.89116,-4.37192,-0.0625442,8.03239,-0.459982
9.97833,4.8386,-4.82146,-0.205312,8.01185,-0.513732
9.91067,4.64928,-4.50321,-0.314908,7.98509,-0.499164
9.82401,4.43532,-3.66523,-0.408382,7.94711,-0.424741
9.24437,3.75158,-2.15139,-0.455443,7.90612,-0.292358
9.07853,3.47817,-0.856516,-0.467475,7.85937,-0.121079
9.07853,3.38321,0.343775,-0.445328,7.81885,0.0610227
9.39148,3.59969,1.56127,-0.392956,7.78466,0.234881
9.39148,3.49926,2.48056,-0.312785,7.75557,0.378925
9.82401,3.82445,3.48463,-0.209116,7.73654,0.484811
9.9866,3.877,3.86407,-0.0966956,7.72764,0.529581
9.94693,3.72337,3.54971,0.0116026,7.72879,0.506907
9.81423,3.49695,2.80828,0.0845959,7.73615,0.428221
9.62684,3.21822,1.77869,0.131353,7.74824,0.297138
9.62684,3.12939,0.717152,0.147521,7.76181,0.127753
9.62684,3.04114,-0.384948,0.132505,7.77426,-0.0585028
9.86613,3.1889,-1.47622,0.0876217,7.78241,-0.234604
9.94693,3.17947,-2.3422,0.0205587,7.7843,-0.377932
10,3.14234,-2.92168,-0.0615297,7.77858,-0.479051
9.82401,2.87825,-2.87807,-0.145181,7.76421,-0.515801
9.51881,2.50667,-2.37608,-0.202738,7.74677,-0.488574
8.912,1.84685,-1.44641,-0.237436,7.72469,-0.402344
8.7342,1.62098,-0.81988,-0.254211,7.70029,-0.257132
8.7342,1.57721,-0.305269,-0.255589,7.67729,-0.093665
8.7342,1.53226,0.271972,-0.240554,7.65443,0.100592
8.89626,1.64807,0.810247,-0.211867,7.63515,0.265054
9.39148,2.08092,1.61828,-0.15861,7.61977,0.414808
9.62648,2.2527,2.12615,-0.0962358,7.61101,0.501796
9.98834,2.54554,2.54553,-0.0264932,7.60868,0.531206
9.97833,2.4625,2.28729,0.0401437,7.61253,0.493956
9.93131,2.35171,1.76989,0.0858091,7.62008,0.40168
9.80134,2.15775,1.02283,0.112795,7.63091,0.255831
9.80134,2.09755,0.268122,0.117129,7.64181,0.0745715
9.80134,2.04343,-0.413125,0.103448,7.6507,-0.0982063
9.93131,2.11342,-1.13243,0.0693383,7.65708,-0.272901
9.97833,2.09757,-1.68292,0.0183476,7.65886,-0.412434
9.91067,1.97449,-1.88389,-0.0335835,7.6558,-0.491918
9.7537,1.76791,-1.76456,-0.0808392,7.64845,-0.514958
9.07853,1.06225,-0.974887,-0.105783,7.63861,-0.472897
8.7342,0.69724,-0.504048,-0.117253,7.62735,-0.370892
8.2873,0.243209,-0.101613,-0.116807,7.61626,-0.211145
8.2873,0.236934,-0.0208149,-0.114331,7.60642,-0.0383924
8.2873,0.230181,0.0605991,-0.109345,7.59604,0.145442
8.70089,0.626971,0.347179,-0.09743,7.58756,0.297525
9.39148,1.2808,1.03808,-0.0657494,7.58145,0.431954
9.48884,1.33806,1.29809,-0.0260618,7.57892,0.515536
9.99748,1.79628,1.78766,0.0234528,7.58105,0.528667
9.97833,1.72968,1.56691,0.064663,7.58681,0.481912
9.81423,1.52096,1.05226,0.0928096,7.59562,0.369843
9.80134,1.4669,0.60449,0.106778,7.60534,0.223374
9.80134,1.42641,0.0895652,0.106303,7.61512,0.0404922
9.80134,1.38704,-0.383624,0.0927814,7.62366,-0.137192
9.88124,1.42558,-0.845165,0.0663313,7.62989,-0.302789
10,1.50125,-1.25112,0.0295744,7.63264,-0.428726
9.91067,1.37041,-1.34865,-0.0109453,7.63157,-0.507653
9.36832,0.805208,-0.795294,-0.0325933,7.62857,-0.509524
8.70089,0.133975,-0.117565,-0.0349385,7.62536,-0.45184
8.2873,-0.271816,0.17847,-0.0289844,7.62266,-0.336165
7.74895,-0.788049,0.281795,-0.0205001,7.6208,-0.179611
7.87051,-0.649093,0.0171272,-0.0195181,7.6191,-0.00619675
8.49647,-0.0224816,-0.00708139,-0.0191711,7.61731,0.172544
8.89626,0.367002,0.228203,-0.0124178,7.61618,0.333192
9.39148,0.837907,0.717986,0.00817961,7.61695,0.456278
9.91067,1.31923,1.29709,0.0441402,7.62106,0.522432
10,1.36927,1.35104,0.0806026,7.62855,0.524256
9.93131,1.26312,1.08802,0.109616,7.63908,0.458657
9.72939,1.03318,0.664558,0.124267,7.65001,0.344437
9.62684,0.904673,0.305377,0.12932,7.66204,0.184406
9.62684,0.879433,-0.0055256,0.125558,7.67372,0.00438387
9.81423,1.03577,-0.387337,0.110632,7.68445,-0.18812
9.96606,1.1566,-0.755016,0.088039,7.69211,-0.334106
9.99748,1.15524,-1.0213,0.0574212,7.69739,-0.455195
9.87806,1.00692,-0.996052,0.0280293,7.7,-0.51025
9.24437,0.362926,-0.353058,0.0175113,7.70161,-0.50166
8.89626,0.0143949,-0.012066,0.0166683,7.70319,-0.431185
8.2873,-0.577977,0.332637,0.0254838,7.70556,-0.293636
8.07746,-0.76584,0.204404,0.0304757,7.7084,-0.132041
8.2873,-0.540984,-0.0373604,0.0286441,7.71097,0.0438707
8.49647,-0.323148,-0.126098,0.0246054,7.71311,0.21203
8.912,0.0896889,0.062213,0.0256998,7.71561,0.370912
9.7537,0.905126,0.818012,0.0480429,7.72012,0.480925
9.91067,1.03437,1.02805,0.0736212,7.72653,0.528127
9.99504,1.08551,1.04935,0.1026,7.73669,0.513889
9.72939,0.79871,0.656623,0.116894,7.74674,0.4382
9.62684,0.676536,0.392135,0.124656,7.75846,0.311248
9.51836,0.552198,0.140013,0.125084,7.77009,0.140531
9.51836,0.536792,-0.0444695,0.120354,7.78128,-0.0355952
9.62684,0.627471,-0.272148,0.109521,7.79136,-0.219305
9.93131,0.906213,-0.644803,0.0887013,7.79952,-0.36476
9.99504,0.940845,-0.867178,0.0600249,7.80552,-0.474796
9.7537,0.680414,-0.679864,0.039826,7.80914,-0.515366
9.23124,0.153496,-0.146511,0.0345713,7.81239,-0.491958
8.70089,-0.366338,0.288331,0.0416512,7.81627,-0.40429
8.49647,-0.555344,0.292839,0.0484333,7.82063,-0.268279
8.49647,-0.540849,0.121959,0.0503523,7.82501,-0.110244
8.49647,-0.525111,-0.0723551,0.0467815,7.82955,0.0799764
8.912,-0.106692,-0.0493905,0.0442426,7.83344,0.25022
9.66427,0.627563,0.467073,0.0560395,7.83865,0.397535
9.91067,0.848005,0.793073,0.0779294,7.84637,0.497527
9.99748,0.910984,0.910336,0.0991558,7.85479,0.531082
9.81423,0.707208,0.672044,0.115311,7.86563,0.505429
9.62684,0.505476,0.392295,0.122956,7.87695,0.414237
9.3978,0.268722,0.141126,0.123463,7.88843,0.282869
9.3978,0.260902,0.0437259,0.121143,7.90018,0.0956526
9.50786,0.361169,-0.0600825,0.116358,7.91042,-0.0791932
9.72939,0.566785,-0.282364,0.105473,7.92002,-0.252929
9.81423,0.63247,-0.499262,0.0876939,7.92861,-0.405392
9.9866,0.782382,-0.743173,0.0645127,7.93461,-0.489424
9.91067,0.688226,-0.688191,0.045093,7.93849,-0.515634
9.7537,0.515803,-0.475416,0.0299462,7.94139,-0.47466
9.23124,-0.00649055,0.00490086,0.0293075,7.94388,-0.387413
9.07853,-0.154708,0.0733359,0.0305491,7.94675,-0.240253
8.89626,-0.327681,0.0418863,0.030862,7.94959,-0.0589801
9.07853,-0.141133,-0.0316519,0.0290241,7.95244,0.12538
9.51881,0.291516,0.152473,0.0321721,7.95517,0.281815
9.66427,0.42452,0.3406,0.0409623,7.95906,0.428052
9.91067,0.651194,0.626911,0.0581892,7.96477,0.512039
9.96606,0.688567,0.687938,0.0742478,7.97108,0.531092
9.81423,0.521764,0.479629,0.0855579,7.97904,0.489295
9.50786,0.209,0.148342,0.0874226,7.98769,0.379621
9.23067,-0.0664579,-0.0295745,0.0844392,7.99487,0.241002
9.23067,-0.0646037,-0.0073716,0.0818776,8.00248,0.0677477
9.23067,-0.0628401,0.0142471,0.0800313,8.00976,-0.1107
9.50786,0.207926,-0.123481,0.073926,8.01716,-0.302932
9.93131,0.615271,-0.500027,0.0592902,8.0222,-0.417503
9.99504,0.660057,-0.637852,0.0398399,8.0259,-0.497958
9.94558,0.593744,-0.590439,0.0224442,8.02797,-0.512656
9.62648,0.266576,-0.238874,0.0147614,8.02941,-0.461159
9.23124,-0.125078,0.0848164,0.016716,8.03097,-0.347026
9.23124,-0.121588,0.0471643,0.0175655,8.0326,-0.195072
9.07853,-0.267301,0.0208048,0.0176481,8.0341,-0.032719
9.23124,-0.111397,-0.0308097,0.0162961,8.03562,0.152851
9.62648,0.276013,0.166969,0.0204547,8.0375,0.32478
9.7537,0.392103,0.327587,0.0289315,8.04016,0.445487
9.99504,0.615955,0.600091,0.0446955,8.04427,0.518157
9.88124,0.487998,0.484303,0.0570925,8.04964,0.527683
9.72939,0.326866,0.28916,0.0634975,8.05548,0.471255
9.23067,-0.167009,-0.111543,0.0585614,8.06099,0.357765
9.23067,-0.1624,-0.0614872,0.0552481,8.06607,0.206309
9.23067,-0.157577,-0.00118809,0.0535719,8.07137,0.0120192
9.23067,-0.153511,0.0483539,0.0534373,8.07597,-0.156851
9.72939,0.334854,-0.21795,0.0452957,8.0805,-0.33272
9.81423,0.409246,-0.351467,0.0354163,8.08344,-0.441592
9.97833,0.556144,-0.548965,0.0178848,8.08523,-0.508755
9.91067,0.474707,-0.465144,0.00426341,8.08563,-0.504965
9.66427,0.222213,-0.190983,-0.000949661,8.08554,-0.441927
9.62648,0.17956,-0.110765,-0.0038488,8.0852,-0.314908
9.23124,-0.209472,0.0647304,-0.00187371,8.08502,-0.153716
9.23124,-0.204068,-0.00205148,-0.0018783,8.08486,0.0133486
9.24437,-0.185269,-0.0699302,-0.00389944,8.08448,0.205718
9.51881,0.0868189,0.0574143,-0.00228076,8.08428,0.354346
9.7537,0.312929,0.274411,0.00527294,8.08475,0.467234
9.99948,0.542613,0.537897,0.0206125,8.08673,0.527134
9.88124,0.41292,0.404075,0.030966,8.08952,0.520473
9.23067,-0.230812,-0.192516,0.0245297,8.09188,0.444814
8.84542,-0.599976,-0.370701,0.0142142,8.09311,0.331604
8.67454,-0.749348,-0.221688,0.00763252,8.09382,0.162996
8.67454,-0.728217,0.0365887,0.00844909,8.09462,-0.0182132
9.01718,-0.374357,0.156408,0.0127547,8.09585,-0.210666
9.62684,0.229162,-0.157082,0.00832194,8.09658,-0.350811
9.88124,0.469199,-0.424794,-0.00454161,8.09613,-0.46595
9.94558,0.518808,-0.51743,-0.0186973,8.09441,-0.514114
9.66427,0.231371,-0.223209,-0.0239737,8.09235,-0.497035
9.39148,-0.0402739,0.0334513,-0.0223888,8.09029,-0.426809
9.07853,-0.343366,0.199022,-0.0162114,8.08878,-0.295401
9.07853,-0.333992,0.0907599,-0.0132911,8.08757,-0.134197
9.23124,-0.176281,-0.0152658,-0.0133456,8.08634,0.0534297
9.51881,0.108184,0.0461854,-0.0116847,8.08525,0.231618
9.66427,0.246641,0.174839,-0.00653665,8.08465,0.379254
9.98834,0.554794,0.507207,0.00779681,8.08538,0.486773
9.93131,0.484019,0.48269,0.0209039,8.0873,0.530248
9.50786,0.0587944,0.0561187,0.0219392,8.08945,0.50786
9.23067,-0.212375,-0.168624,0.0166796,8.09099,0.423823
8.92361,-0.505563,-0.281008,0.00873138,8.09176,0.299124
8.92361,-0.491457,-0.109015,0.00544625,8.09227,0.124237
8.92361,-0.477009,0.0746206,0.00747997,8.093,-0.0738159
9.23067,-0.165516,0.076068,0.00927012,8.09381,-0.232542
9.62684,0.224227,-0.168008,0.00432405,8.09421,-0.384228
9.99948,0.579313,-0.540224,-0.0116857,8.09307,-0.480176
9.96954,0.535035,-0.534727,-0.025337,8.09086,-0.515207
9.7537,0.310294,-0.293753,-0.0328258,8.08781,-0.4876
9.48884,0.0441527,-0.0340556,-0.0328605,8.08472,-0.395774
9.36832,-0.0743762,0.0385821,-0.0309959,8.08202,-0.263531
9.36832,-0.0722788,0.0134545,-0.0297424,8.07923,-0.089387
9.39148,-0.0477502,-0.00829831,-0.0291441,8.07652,0.0990705
9.51881,0.0772167,0.0399726,-0.0270913,8.07384,0.279125
9.91067,0.457112,0.348893,-0.0175037,8.07235,0.407712
9.96954,0.500505,0.474829,-0.00273375,8.07207,0.50481
9.81423,0.336186,0.336185,0.00611204,8.07261,0.531671
9.72151,0.236745,0.220229,0.0120217,8.07371,0.495145
9.51836,0.032665,0.0248254,0.012375,8.07485,0.406009
9.23067,-0.247833,-0.115831,0.00875964,8.07567,0.252792
9.23067,-0.240472,-0.0298394,0.00761325,8.07643,0.0730479
9.23067,-0.234268,0.049091,0.00868338,8.07717,-0.101643
9.51836,0.0519151,-0.0281472,0.00764476,8.07789,-0.275806
9.62684,0.156073,-0.123801,0.00409572,8.07826,-0.407254
9.97833,0.493395,-0.471856,-0.00918334,8.07741,-0.492664
9.9866,0.487818,-0.487291,-0.0223791,8.07535,-0.514958
9.62648,0.124219,-0.114372,-0.0248905,8.07308,-0.474016
9.51881,0.016059,-0.0115254,-0.0244976,8.07068,-0.36771
9.24437,-0.251484,0.112761,-0.0208328,8.06883,-0.226704
9.23124,-0.257309,0.027432,-0.0195007,8.06703,-0.0477544
9.24437,-0.237441,-0.0573136,-0.0205443,8.06514,0.134451
9.62648,0.140638,0.0783179,-0.017786,8.06349,0.299643
9.82401,0.328628,0.267074,-0.00975297,8.06257,0.433588
9.99504,0.485865,0.468077,0.00343512,8.06289,0.512491
9.88124,0.361801,0.360064,0.0132781,8.06411,0.52915
9.72151,0.196186,0.176773,0.0180358,8.06586,0.479853
9.37476,-0.146492,-0.102539,0.0147803,8.06719,0.374567
9.23067,-0.282571,-0.115472,0.0111853,8.06822,0.222036
9.23067,-0.274687,-0.0172477,0.010392,8.06919,0.0409462
9.37476,-0.126984,0.0346606,0.0110618,8.0702,-0.134847
9.51836,0.0161437,-0.0098625,0.010478,8.07118,-0.311805
9.86613,0.352998,-0.302019,0.00110313,8.07129,-0.43991
9.97833,0.453336,-0.442788,-0.0102161,8.07042,-0.503345
9.98834,0.450286,-0.446664,-0.0225239,8.0683,-0.511319
9.62648,0.0859584,-0.0766385,-0.0240337,8.06607,-0.458762
9.51881,-0.0211097,0.0140988,-0.0229698,8.06393,-0.34164
9.07853,-0.447822,0.16171,-0.0175402,8.06221,-0.181011
9.07853,-0.436134,0.011508,-0.0167821,8.06075,-0.00575509
9.39148,-0.119565,-0.0397937,-0.0174586,8.05904,0.182323
9.62648,0.112391,0.0705471,-0.0151353,8.05771,0.336716
9.7537,0.233069,0.198801,-0.0092948,8.05686,0.45467
9.99504,0.460457,0.453349,0.00430693,8.05729,0.523574
9.89798,0.353695,0.3492,0.0135156,8.05849,0.525003
9.37476,-0.164485,-0.14105,0.00892497,8.05937,0.457059
9.0791,-0.448417,-0.284527,0.00144194,8.0595,0.340291
9.0791,-0.435637,-0.148596,-0.00283415,8.05923,0.18666
9.0791,-0.423613,0.00585542,-0.00259432,8.05899,0.000821508
9.23067,-0.263967,0.101475,0.000496543,8.05904,-0.193225
9.72151,0.221226,-0.143781,-0.00309596,8.05878,-0.332242
9.91641,0.403897,-0.358482,-0.0135443,8.05745,-0.456667
9.98923,0.464132,-0.459124,-0.0253076,8.05523,-0.509894
9.82401,0.290301,-0.283149,-0.0327335,8.05208,-0.502648
9.62648,0.0903528,-0.0770087,-0.0338891,8.04913,-0.43822
9.23124,-0.295744,0.175633,-0.0276034,8.04637,-0.302902
9.24437,-0.27524,0.0804356,-0.0247836,8.04422,-0.144971
9.24437,-0.267726,-0.0114353,-0.0244192,8.042,0.0304063
9.48884,-0.0226088,-0.00882233,-0.0239887,8.03979,0.212357
9.62648,0.111788,0.0757008,-0.0211775,8.0378,0.362611
9.94558,0.418859,0.376494,-0.0100824,8.03686,0.478676
9.99748,0.457772,0.454582,0.00274231,8.03711,0.527987
9.72151,0.176779,0.171552,0.00740146,8.03779,0.516154
9.3978,-0.142826,-0.11833,0.00389354,8.03816,0.441835
9.23067,-0.301223,-0.171808,-0.00106125,8.03806,0.306683
9.0791,-0.440157,-0.114811,-0.00423487,8.03766,0.144614
9.0791,-0.427348,0.0466279,-0.00275476,8.03739,-0.0490923
9.51836,0.0115942,-0.00494976,-0.00281271,8.03715,-0.215496
9.72151,0.208369,-0.152073,-0.00724575,8.03643,-0.374101
9.93131,0.406501,-0.377007,-0.0175621,8.0348,-0.477574
9.9866,0.450014,-0.448901,-0.0285612,8.03237,-0.51427
9.86167,0.31592,-0.302589,-0.0362888,8.02896,-0.493475
9.36832,-0.172478,0.139282,-0.0313904,8.02604,-0.414799
9.23124,-0.300458,0.158435,-0.0258095,8.02351,-0.268076
9.23124,-0.292346,0.0616203,-0.0234489,8.0214,-0.102342
9.23124,-0.284715,-0.0339088,-0.0237219,8.01934,0.0703785
9.39148,-0.120966,-0.0555934,-0.0246207,8.01702,0.248652
9.71559,0.197597,0.145562,-0.0199747,8.0152,0.393732
9.96954,0.439085,0.406397,-0.00820685,8.01445,0.492633
9.99948,0.455094,0.455065,0.00555232,8.015,0.53158
9.72151,0.172448,0.163464,0.00972119,8.01585,0.504336
9.51836,-0.0298476,-0.0231645,0.00880368,8.01667,0.414377
9.23067,-0.308869,-0.160224,0.00418924,8.01705,0.27963
9.0791,-0.447589,-0.0616735,0.00235167,8.01727,0.0801641
9.23067,-0.288918,0.0469888,0.00342296,8.01755,-0.0771391
9.3978,-0.11842,0.0593816,0.00496741,8.018,-0.254541
9.62684,0.107602,-0.0821275,0.00258972,8.01824,-0.391621
9.97833,0.446414,-0.419064,-0.00904792,8.01741,-0.483502
9.9866,0.441997,-0.441997,-0.0211272,8.01544,-0.515583
9.51881,-0.0250618,0.0233821,-0.019872,8.01357,-0.480493
9.39148,-0.147958,0.109497,-0.0161074,8.01201,-0.379479
9.24437,-0.287014,0.133185,-0.0120317,8.01092,-0.234959
8.912,-0.601729,0.079166,-0.00943258,8.01002,-0.0608769
9.07853,-0.423316,-0.0964919,-0.0118093,8.00895,0.12736
9.24437,-0.250451,-0.134995,-0.0151723,8.00756,0.29023
9.7537,0.251972,0.198122,-0.00947729,8.00672,0.419706
9.91067,0.397648,0.378031,0.00121795,8.00683,0.505775
9.88124,0.357288,0.356435,0.0117679,8.008,0.530357
9.62684,0.100174,0.0920841,0.0138882,8.00922,0.489325
9.3978,-0.125388,-0.0903183,0.0110747,8.01022,0.385163
8.84542,-0.657232,-0.274594,0.0024189,8.01046,0.226772
8.84542,-0.63929,-0.0585627,0.000754107,8.01053,0.0559753
9.0791,-0.395149,0.0982695,0.00327,8.01081,-0.122203
9.3978,-0.0743118,0.0413824,0.00433334,8.01121,-0.283568
9.88124,0.396854,-0.327668,-0.00562671,8.01065,-0.424307
10,0.502154,-0.483769,-0.0181062,8.00908,-0.496419
9.91067,0.400931,-0.399152,-0.0290803,8.00628,-0.513269
9.36832,-0.13768,0.124057,-0.0250375,8.00408,-0.463783
9.36832,-0.133839,0.0940421,-0.0217152,8.00206,-0.359905
9.07853,-0.411809,0.168285,-0.0164142,8.00054,-0.205968
9.07853,-0.399454,0.0175633,-0.0153949,7.999,-0.0150227
9.07853,-0.389148,-0.104807,-0.0177017,7.99747,0.149015
9.51881,0.0497175,0.0293242,-0.0164038,7.99596,0.316823
9.82401,0.345122,0.288337,-0.00799295,7.99523,0.445442
9.99504,0.501749,0.487959,0.00584412,7.99577,0.517204
9.93131,0.425798,0.421512,0.0174413,7.99739,0.526326
9.72939,0.217295,0.19146,0.0225574,7.9996,0.469345
9.26753,-0.238177,-0.155705,0.0179048,8.00116,0.350297
9.23067,-0.266874,-0.0916613,0.0146506,8.00261,0.187839
9.23067,-0.259989,-0.00783988,0.0140704,8.00382,0.0237928
9.37476,-0.112691,0.0379062,0.0147283,8.00518,-0.168119
9.51836,0.0299821,-0.0193426,0.0137164,8.00654,-0.329787
9.93131,0.430974,-0.373415,0.00326381,8.00683,-0.445662
9.99504,0.481645,-0.473561,-0.00932438,8.00601,-0.506805
9.78786,0.266977,-0.263087,-0.0162521,8.00453,-0.507966
9.51881,-0.00201809,0.00175735,-0.0157496,8.00307,-0.447948
9.07853,-0.429955,0.277793,-0.00755981,8.00236,-0.330293
8.912,-0.579845,0.19573,-0.00188802,8.00219,-0.168741
8.912,-0.563842,-0.00141709,-0.00187503,8.00201,0.00931796
9.36832,-0.104553,-0.0368955,-0.00284159,8.00175,0.192773
9.51881,0.0446399,0.0292676,-0.00193611,8.00157,0.351293
9.96954,0.480805,0.4284,0.0107158,8.00262,0.474533
9.99504,0.49309,0.48777,0.0231669,8.00464,0.525954
9.88124,0.368143,0.358765,0.0330335,8.00787,0.518269
9.50786,-0.00509839,-0.00429438,0.032048,8.01069,0.449039
9.23067,-0.274504,-0.16879,0.0265049,8.01313,0.329969
9.23067,-0.266846,-0.0818217,0.0234826,8.01532,0.168564
9.23067,-0.25908,0.0198403,0.0233766,8.01758,-0.0320795
9.37476,-0.111774,0.0459325,0.0240059,8.01982,-0.207149
9.72151,0.228907,-0.157535,0.0193221,8.02148,-0.352321
9.88124,0.377799,-0.336405,0.00939734,8.02235,-0.458208
9.97833,0.461635,-0.459531,-0.00368576,8.02201,-0.513191
9.82401,0.298744,-0.28991,-0.0116714,8.02092,-0.500095
9.62648,0.0982412,-0.0796959,-0.0136713,8.01958,-0.416738
9.07853,-0.438107,0.256621,-0.00669778,8.01901,-0.298679
8.7342,-0.759206,0.184183,-0.00102863,8.01891,-0.119006
8.912,-0.566401,-0.053303,-0.00237731,8.0187,0.0572937
9.24437,-0.227504,-0.0955711,-0.00497742,8.01824,0.227975
9.39148,-0.0781736,-0.056241,-0.00639229,8.01765,0.384714
9.94187,0.458193,0.422317,0.00634036,8.01828,0.49062
9.99504,0.497246,0.496487,0.0198684,8.02011,0.530819
9.51836,0.0199841,0.0189108,0.0198414,8.02197,0.503498
9.13023,-0.358645,-0.284761,0.0119827,8.023,0.423755
8.67454,-0.790388,-0.421833,-0.000771511,8.02293,0.287469
8.76743,-0.677833,-0.130358,-0.00442586,8.02251,0.108719
8.67454,-0.751296,0.0922888,-0.00198865,8.02234,-0.0562962
9.3978,-0.0272636,0.0123469,-0.00159299,8.0222,-0.2291
9.72939,0.295921,-0.217238,-0.0075448,8.0215,-0.376357
9.96606,0.517732,-0.480653,-0.0207445,8.01957,-0.47808
9.87806,0.416839,-0.416827,-0.032627,8.01631,-0.515568
9.51881,0.0560379,-0.0527011,-0.033169,8.01333,-0.484407
8.89626,-0.550537,0.421983,-0.0203337,8.01141,-0.393323
8.89626,-0.535177,0.268946,-0.0122628,8.01027,-0.255118
8.89626,-0.521209,0.10088,-0.00930979,8.00946,-0.0933328
9.23124,-0.180865,-0.032103,-0.00996623,8.00851,0.100946
9.39148,-0.0200747,-0.00980342,-0.00996188,8.00762,0.263706
9.87806,0.453627,0.346233,-0.00013091,8.00761,0.407647
9.99748,0.556721,0.526137,0.0148677,8.00902,0.502843
9.81423,0.362488,0.362247,0.0250807,8.01148,0.531263
9.62684,0.17027,0.158391,0.02876,8.01412,0.495086
9.50786,0.0498576,0.0371491,0.0289941,8.01682,0.398152
9.3978,-0.0585047,-0.0263639,0.027433,8.0194,0.243968
9.3978,-0.0569076,-0.00727428,0.0264855,8.02181,0.0749515
9.3978,-0.0553028,0.0124028,0.0260884,8.02426,-0.109404
9.50786,0.053361,-0.0280809,0.024707,8.02636,-0.267514
9.62684,0.167482,-0.133616,0.0202423,8.02827,-0.409696
9.96606,0.492406,-0.469253,0.00643856,8.02887,-0.49095
9.99748,0.509688,-0.509138,-0.00748199,8.0282,-0.515005
9.62648,0.134612,-0.123338,-0.0108882,8.02713,-0.471721
9.23124,-0.25336,0.179827,-0.00556722,8.02661,-0.363607
9.23124,-0.246291,0.105426,-0.00247053,8.02638,-0.216101
9.07853,-0.388585,0.0414275,-0.00132479,8.02627,-0.0477952
9.07853,-0.37786,-0.0884405,-0.00372918,8.02592,0.130578
9.51881,0.0606571,0.0345343,-0.00265015,8.02567,0.30613
9.7537,0.287305,0.23412,0.00395574,8.02604,0.434699
9.96954,0.488197,0.475345,0.017956,8.02782,0.517843
9.81423,0.324299,0.32286,0.0258225,8.03004,0.529305
9.62684,0.133135,0.120606,0.0284385,8.03266,0.482358
9.01718,-0.463517,-0.328168,0.0187032,8.03436,0.37874
8.92361,-0.540545,-0.20403,0.012088,8.03556,0.205669
8.84542,-0.60184,-0.0309944,0.0109119,8.03655,0.0350015
9.23067,-0.210944,0.0613924,0.0122294,8.03761,-0.144349
9.50786,0.0643252,-0.038719,0.0107468,8.03866,-0.307129
9.93131,0.474161,-0.401935,-0.000767033,8.03858,-0.435805
9.98834,0.516377,-0.504776,-0.0148289,8.03721,-0.503798
9.62648,0.150206,-0.148175,-0.0185492,8.03548,-0.508485
9.36832,-0.105204,0.0936169,-0.015689,8.03415,-0.457897
9.07853,-0.383854,0.254209,-0.0080779,8.03339,-0.338722
9.07853,-0.372799,0.135929,-0.00393051,8.03301,-0.18288
9.07853,-0.362733,0.0109381,-0.00352906,8.03269,-0.00775628
9.48884,0.0462218,0.0147245,-0.00300883,8.03241,0.174831
9.62648,0.178953,0.114415,0.000126386,8.03242,0.3428
9.91067,0.450353,0.386771,0.0107978,8.03341,0.457709
9.98756,0.512382,0.503783,0.0246999,8.03573,0.522847
9.81423,0.329181,0.323504,0.0333952,8.03897,0.522608
9.62684,0.13784,0.117663,0.0357462,8.0423,0.454999
9.23067,-0.251751,-0.159005,0.0307801,8.04491,0.338748
9.23067,-0.244803,-0.0835025,0.0276259,8.04745,0.186648
9.0791,-0.38543,0.0038747,0.0269704,8.04994,0.00278624
9.23067,-0.226987,0.0832943,0.0286263,8.05274,-0.184085
9.72151,0.256968,-0.168478,0.0234819,8.05478,-0.335236
9.88124,0.404952,-0.35437,0.0128264,8.05599,-0.450142
9.98756,0.496549,-0.492233,-0.00171928,8.05582,-0.510992
9.86167,0.360758,-0.353308,-0.0111067,8.05484,-0.504732
9.62648,0.122106,-0.103344,-0.0136524,8.05358,-0.43509
9.07853,-0.413069,0.24656,-0.00584607,8.053,-0.304482
9.07853,-0.401669,0.110122,-0.00264536,8.05275,-0.135497
9.07853,-0.391306,-0.0152397,-0.0029703,8.0525,0.0284445
9.36832,-0.0986542,-0.0384966,-0.00397214,8.05212,0.212369
9.62648,0.155154,0.105925,-0.000971936,8.05203,0.36552
9.96954,0.483262,0.438298,0.0122061,8.05326,0.482934
9.93131,0.433682,0.43085,0.0228816,8.0552,0.528234
9.80134,0.29533,0.286052,0.0301451,8.05797,0.515207
9.23067,-0.267742,-0.220112,0.023238,8.06011,0.438513
9.0791,-0.406856,-0.226992,0.0158061,8.06168,0.300187
9.0791,-0.396359,-0.104829,0.0126937,8.06277,0.146544
9.0791,-0.385181,0.0333565,0.0132764,8.06402,-0.0372793
9.3978,-0.0646624,0.0278257,0.0136736,8.06526,-0.217251
9.72151,0.251427,-0.181543,0.00793427,8.06604,-0.369999
9.91641,0.433879,-0.398627,-0.00340878,8.06572,-0.472991
9.96954,0.47371,-0.472884,-0.0162254,8.06424,-0.514622
9.82401,0.319616,-0.306473,-0.0238009,8.06217,-0.494006
9.39148,-0.109765,0.0879013,-0.0206844,8.06025,-0.411246
9.07853,-0.410791,0.224454,-0.0137715,8.05896,-0.278032
9.07853,-0.399576,0.0944994,-0.0108157,8.05797,-0.115773
9.36832,-0.106494,-0.0158658,-0.0109672,8.05687,0.0860642
9.51881,0.0428593,0.0196973,-0.0101761,8.056,0.248691
9.87806,0.391008,0.292974,-0.00180914,8.05583,0.400378
9.99948,0.497517,0.463948,0.0117444,8.05697,0.496326
9.97833,0.463791,0.46358,0.0236728,8.05906,0.53142
9.72151,0.201135,0.190168,0.028368,8.06172,0.50311
9.3978,-0.119261,-0.0934018,0.0250802,8.06398,0.418132
9.13023,-0.375346,-0.186173,0.018806,8.06584,0.267773
9.13023,-0.365775,-0.0707956,0.0165211,8.06725,0.10941
9.13023,-0.35546,0.055165,0.0176109,8.0689,-0.0731901
9.3978,-0.0854336,0.0431191,0.0183226,8.0706,-0.256194
9.62684,0.139644,-0.105901,0.014894,8.07198,-0.389005
9.97833,0.476541,-0.451523,0.00104143,8.07208,-0.488038
9.99748,0.482907,-0.482832,-0.0114425,8.07109,-0.515447
9.82401,0.300895,-0.282329,-0.018919,8.06935,-0.483223
9.39148,-0.127727,0.0945248,-0.0155497,8.06781,-0.379423
9.24437,-0.267253,0.124907,-0.0116731,8.06674,-0.23665
8.89626,-0.599485,0.0833493,-0.00922153,8.06595,-0.0647325
9.23124,-0.257125,-0.0510337,-0.0103881,8.06498,0.111988
9.36832,-0.116442,-0.065692,-0.0120472,8.06378,0.303457
9.82401,0.330596,0.261477,-0.00507235,8.06335,0.42219
9.99748,0.490156,0.468759,0.00800539,8.06408,0.508805
9.81423,0.29788,0.297244,0.016509,8.0657,0.530547
9.50786,-0.00824719,-0.00745343,0.0158333,8.06719,0.481272
9.13023,-0.375926,-0.272741,0.00838804,8.06791,0.387949
9.13023,-0.365663,-0.163957,0.00368301,8.06824,0.242841
9.13023,-0.354913,-0.0351759,0.00254056,8.06849,0.0599631
9.26753,-0.21193,0.0496035,0.0037689,8.06882,-0.114483
9.51836,0.0377972,-0.0212844,0.0030624,8.06911,-0.286781
9.88124,0.389625,-0.3175,-0.00578511,8.06858,-0.418604
9.99504,0.488167,-0.474027,-0.0199728,8.06656,-0.500366
9.98834,0.46934,-0.468007,-0.0312633,8.06393,-0.514047
9.7537,0.227658,-0.204757,-0.0364681,8.06029,-0.462867
9.48884,-0.0361858,0.0248371,-0.0347945,8.05712,-0.351329
9.36832,-0.152571,0.0623479,-0.0322299,8.05428,-0.205914
9.36832,-0.148406,0.0104349,-0.0310652,8.05146,-0.0287647
9.36832,-0.144265,-0.0404228,-0.0313262,8.04854,0.15476
9.51881,0.00604968,0.00367778,-0.0303496,8.04572,0.326357
9.71559,0.197047,0.167425,-0.024713,8.04337,0.452931
9.99748,0.466585,0.455729,-0.0123176,8.04231,0.519458
9.93131,0.388998,0.385681,-0.000974692,8.04222,0.527176
9.80134,0.252034,0.223403,0.0050835,8.04268,0.472159
9.26753,-0.273487,-0.179568,-0.000345252,8.04265,0.35183
9.26753,-0.266513,-0.101835,-0.00293325,8.0424,0.208111
9.13023,-0.392429,-0.0118336,-0.00318424,8.0421,0.0238311
9.26753,-0.247548,0.0841466,-0.000590515,8.04204,-0.16994
9.62684,0.108914,-0.0686836,-0.00232689,8.04184,-0.322151
9.88124,0.352631,-0.307506,-0.0112992,8.04073,-0.448556
9.96606,0.426028,-0.418582,-0.0219292,8.03883,-0.506408
9.91067,0.35963,-0.352917,-0.0317596,8.03568,-0.505789
9.71559,0.160108,-0.13822,-0.034634,8.03256,-0.443985
9.51881,-0.0356466,0.0224099,-0.0330425,8.02949,-0.321141
9.07853,-0.463217,0.154716,-0.0280293,8.027,-0.166857
9.07853,-0.449459,-0.0231468,-0.0278843,8.02424,0.0349892
9.23124,-0.289363,-0.101091,-0.0297071,8.02177,0.190945
9.39148,-0.125288,-0.0839122,-0.031317,8.01867,0.3587
9.71559,0.193213,0.171822,-0.0255885,8.01626,0.473647
9.99948,0.464222,0.459713,-0.0124854,8.01514,0.526528
9.93131,0.385357,0.375864,-0.00199993,8.01496,0.518715
9.26753,-0.270817,-0.230285,-0.00823211,8.01421,0.453248
9.13023,-0.396734,-0.240394,-0.0147094,8.01284,0.325279
8.84542,-0.662525,-0.196002,-0.0197675,8.01101,0.162913
9.13023,-0.367294,0.0198372,-0.0186744,8.00929,-0.0202698
9.26753,-0.223229,0.0894266,-0.0154962,8.00777,-0.201748
9.72151,0.224656,-0.153993,-0.0191526,8.00608,-0.350901
9.93131,0.422464,-0.376177,-0.0290064,8.00341,-0.458227
9.94187,0.420946,-0.419028,-0.039888,7.99971,-0.513213
9.71559,0.18894,-0.182275,-0.0440742,7.99539,-0.497132
9.39148,-0.13164,0.109063,-0.0400773,7.9919,-0.425805
9.07853,-0.432183,0.249174,-0.0320072,7.98892,-0.29389
8.912,-0.58237,0.154025,-0.0269285,7.98647,-0.130494
9.23124,-0.255316,-0.0278575,-0.0269561,7.9838,0.0651135
9.36832,-0.115113,-0.051097,-0.0275934,7.98138,0.240399
9.62648,0.138887,0.100645,-0.0238617,7.97906,0.387407
9.96954,0.46864,0.432628,-0.0112626,7.97802,0.491342
9.99504,0.480501,0.479863,0.00229246,7.97824,0.530882
9.72151,0.201631,0.193974,0.00723786,7.97886,0.511695
9.50786,-0.0116752,-0.00940213,0.00676861,7.97949,0.429638
9.23067,-0.280553,-0.148836,0.00228719,7.97971,0.285755
9.23067,-0.27323,-0.0636174,0.000567076,7.97976,0.129892
9.26753,-0.229841,0.0290932,0.0013544,7.97989,-0.0582972
9.62684,0.125859,-0.0574206,-0.000285425,7.97986,-0.230901
9.80134,0.291973,-0.215086,-0.00627835,7.97928,-0.377737
9.99504,0.472123,-0.436975,-0.0182948,7.97758,-0.476641
9.96954,0.434297,-0.434047,-0.0297696,7.97484,-0.515323
9.82401,0.280279,-0.263947,-0.0366544,7.97124,-0.485117
9.39148,-0.148324,0.115815,-0.0327207,7.96843,-0.40087
9.36832,-0.166286,0.0808404,-0.0292798,7.96547,-0.246583
9.07853,-0.444445,0.082732,-0.0264235,7.96323,-0.089503
9.23124,-0.283073,-0.053392,-0.0272244,7.96053,0.106719
9.39148,-0.119517,-0.0610975,-0.028139,7.958,0.275623
9.62648,0.112196,0.0872517,-0.0248504,7.95564,0.415144
9.86167,0.337794,0.320465,-0.0153197,7.95423,0.504692
9.94693,0.411129,0.410797,-0.00330317,7.95392,0.531129
9.81423,0.271073,0.251786,0.00343118,7.95422,0.494298
9.51836,-0.0241386,-0.0182265,0.00285292,7.95448,0.403311
9.23067,-0.303128,-0.1467,-0.00131962,7.95435,0.261352
9.0791,-0.442146,-0.0647732,-0.00307094,7.95407,0.0846599
9.23067,-0.282646,0.0550544,-0.00148411,7.95393,-0.0940338
9.62684,0.110331,-0.059469,-0.00311929,7.95364,-0.274269
9.80134,0.276877,-0.218989,-0.00914205,7.95279,-0.406174
10,0.462273,-0.440005,-0.0211631,7.95082,-0.490426
9.86167,0.315099,-0.314904,-0.0291823,7.94817,-0.515327
9.39148,-0.150765,0.139252,-0.0244829,7.94589,-0.47567
9.07853,-0.4498,0.320446,-0.0141351,7.94448,-0.365077
8.912,-0.600246,0.26914,-0.00674159,7.94389,-0.226829
8.912,-0.583499,0.0512611,-0.00512332,7.94341,-0.0380554
8.912,-0.566519,-0.145021,-0.00919434,7.94252,0.141976
9.39148,-0.0845597,-0.0497029,-0.0103488,7.94154,0.315705
9.7537,0.270417,0.219766,-0.00434283,7.94116,0.433467
9.99504,0.49686,0.483349,0.00984901,7.94212,0.517303
9.88124,0.372606,0.370533,0.0196957,7.94391,0.528628
9.72151,0.207252,0.187749,0.0241323,7.94603,0.482271
9.3978,-0.113239,-0.0798703,0.0212618,7.94799,0.377257
9.3978,-0.110045,-0.044591,0.0194048,7.94981,0.220115
9.3978,-0.107041,-0.00833129,0.0186476,7.95151,0.0487046
9.3978,-0.104023,0.0287702,0.018933,7.95329,-0.136862
9.62684,0.121568,-0.071703,0.0164315,7.9548,-0.300872
9.93131,0.413378,-0.348748,0.00558563,7.95535,-0.433781
9.99504,0.464513,-0.452941,-0.00651947,7.95478,-0.5026
9.94187,0.399129,-0.394896,-0.0180543,7.95299,-0.510093
9.51881,-0.0232713,0.0200751,-0.0170019,7.95143,-0.443734
9.39148,-0.146716,0.0938043,-0.0141431,7.95021,-0.326817
8.7342,-0.780603,0.273628,-0.00576894,7.94965,-0.17559
8.7342,-0.758824,-0.00286069,-0.0056878,7.94912,0.00992304
8.70089,-0.770028,-0.269921,-0.0130599,7.94791,0.191487
9.07853,-0.381557,-0.247254,-0.0195237,7.94611,0.347245
9.51881,0.05724,0.0488239,-0.0178013,7.94462,0.454558
9.99748,0.5208,0.511697,-0.00286946,7.94435,0.522392
9.93131,0.441259,0.434252,0.00998191,7.94533,0.52323
9.26753,-0.216242,-0.185013,0.00448307,7.94575,0.455927
9.0791,-0.394356,-0.257054,-0.00218614,7.94556,0.349245
8.92361,-0.534174,-0.172711,-0.00704609,7.94489,0.177236
9.0791,-0.367779,0.0120141,-0.00649715,7.94427,-0.00916
9.3978,-0.0477792,0.0168607,-0.00588051,7.94375,-0.176827
9.81423,0.358473,-0.232981,-0.0121485,7.94263,-0.332358
9.97833,0.507207,-0.447504,-0.0249479,7.94019,-0.454026
9.9866,0.501713,-0.497099,-0.0375544,7.93685,-0.510847
9.48884,0.00384235,-0.00374447,-0.0365502,7.93323,-0.502328
9.39148,-0.0909405,0.0762276,-0.0334375,7.93015,-0.430958
8.70089,-0.76113,0.463473,-0.0204682,7.92837,-0.310905
8.70089,-0.739667,0.210819,-0.0139459,7.92706,-0.141309
8.70089,-0.719474,-0.0523924,-0.0149955,7.9257,0.0460544
9.07853,-0.331885,-0.137525,-0.0185611,7.9239,0.22489
9.51881,0.105335,0.0744833,-0.0159372,7.9224,0.378163
9.94558,0.517576,0.469418,-0.00268701,7.92215,0.482803
9.98923,0.545405,0.543296,0.0127097,7.92335,0.529498
9.62684,0.178349,0.173076,0.0167991,7.92478,0.516041
9.3978,-0.0492775,-0.0409297,0.0151884,7.92619,0.442825
9.26753,-0.175401,-0.110612,0.0122824,7.92713,0.33812
9.26753,-0.171349,-0.0636781,0.0105278,7.92794,0.202511
9.26753,-0.167391,-0.0138672,0.00996423,7.92871,0.0513052
9.51836,0.0809797,-0.0222993,0.00901568,7.92959,-0.136253
9.80134,0.353807,-0.210472,0.00289197,7.92986,-0.303548
9.98756,0.525939,-0.432377,-0.00846854,7.92913,-0.422524
9.9866,0.510639,-0.495072,-0.0217528,7.92715,-0.499709
9.82401,0.338134,-0.336207,-0.0307148,7.92423,-0.51269
9.51881,0.0319751,-0.0282491,-0.030643,7.92126,-0.454663
9.24437,-0.235629,0.156268,-0.0253721,7.91887,-0.339329
9.24437,-0.22955,0.0903704,-0.022386,7.91695,-0.198216
9.23124,-0.235398,0.00118323,-0.0216789,7.91478,0.0052829
9.24437,-0.216268,-0.0724906,-0.0230508,7.9127,0.183417
9.51881,0.0566726,0.0346788,-0.0215614,7.91085,0.328308
9.62648,0.159811,0.135254,-0.0172333,7.90926,0.451053
9.96954,0.489137,0.478277,-0.00370582,7.90893,0.519883
9.99504,0.499352,0.491862,0.0110125,7.91002,0.523655
9.81423,0.310134,0.271396,0.0178867,7.91159,0.466109
9.62684,0.119213,0.0774798,0.0196029,7.91347,0.348214
9.51836,0.0104447,0.00372263,0.0191885,7.91514,0.194532
9.3978,-0.107069,-0.00228712,0.0185957,7.91685,0.0191016
9.51836,0.0131075,-0.00442452,0.0179535,7.91852,-0.168825
9.62684,0.118204,-0.0750019,0.01536,7.91995,-0.324311
9.93131,0.411001,-0.354813,0.00514325,7.92043,-0.444097
9.99504,0.460632,-0.455577,-0.00854015,7.91958,-0.509933
9.7537,0.213508,-0.209471,-0.0138447,7.91836,-0.505779
9.51881,-0.0207886,0.0178536,-0.0129603,7.91716,-0.441758
8.912,-0.610464,0.386755,-0.0020481,7.91697,-0.323805
8.49647,-0.997365,0.317723,0.00687351,7.91761,-0.158881
8.70089,-0.771063,-0.0348702,0.00572138,7.91814,0.0315971
9.07853,-0.381619,-0.148473,0.00109556,7.91825,0.211629
9.48884,0.0279686,0.0189916,0.00154654,7.91837,0.363458
9.94558,0.471179,0.414315,0.0130628,7.91959,0.468329
9.99748,0.50849,0.5044,0.0267711,7.92208,0.527309
9.81423,0.316163,0.308287,0.0346254,7.9253,0.51848
9.50786,0.00951162,0.00782634,0.0338455,7.92858,0.438756
9.3978,-0.097894,-0.058925,0.0313964,7.93135,0.323099
9.23067,-0.257796,-0.0731662,0.0285418,7.93394,0.156539
9.3978,-0.0881293,0.00652806,0.0279277,7.93654,-0.0308483
9.50786,0.0213255,-0.00849398,0.0269224,7.93902,-0.200611
9.81423,0.318549,-0.225531,0.019879,7.94087,-0.362764
9.94693,0.437988,-0.396771,0.00762945,7.94161,-0.466384
9.86167,0.343411,-0.342121,-0.00160396,7.94147,-0.51369
9.66427,0.142023,-0.136678,-0.00529149,7.94099,-0.495955
9.23124,-0.282973,0.231821,0.00125281,7.94111,-0.421008
9.07853,-0.422741,0.226067,0.00792979,7.94189,-0.272061
8.89626,-0.589042,0.137869,0.0113602,7.94289,-0.114609
9.07853,-0.395419,-0.0480799,0.00970181,7.94379,0.0716093
9.23124,-0.236013,-0.104231,0.00655727,7.9444,0.239182
9.48884,0.0210007,0.0152908,0.00679569,7.94501,0.389181
9.94558,0.464405,0.427589,0.0185358,7.94674,0.490036
10,0.504665,0.503822,0.0317841,7.94963,0.530674
9.80134,0.297005,0.282004,0.0391406,7.95347,0.505106
9.50786,0.00343773,0.0027426,0.0381797,7.95683,0.425681
9.23067,-0.266204,-0.138377,0.0333067,7.95989,0.280136
9.23067,-0.258777,-0.0542267,0.0308645,7.96276,0.117683
9.23067,-0.251557,0.0377903,0.0310577,7.96565,-0.0706923
9.51836,0.0351249,-0.0167666,0.0297235,7.96841,-0.241968
9.80134,0.30885,-0.237725,0.0219407,7.97054,-0.39505
9.98834,0.481725,-0.463761,0.00809818,7.97131,-0.496103
9.91067,0.393623,-0.393615,-0.00226601,7.97112,-0.515617
9.66427,0.143116,-0.135076,-0.00597142,7.97056,-0.486215
9.07853,-0.430004,0.327153,0.00352262,7.9709,-0.39039
9.07853,-0.418523,0.204384,0.00888563,7.97169,-0.247726
9.07853,-0.405842,0.0538998,0.0102496,7.97272,-0.0615664
9.07853,-0.39464,-0.086572,0.00757729,7.97342,0.122835
9.36832,-0.10221,-0.0516969,0.00608358,7.97393,0.272806
9.7537,0.274677,0.217671,0.0124312,7.97517,0.422906
9.94558,0.453674,0.433197,0.0240443,7.97739,0.507943
9.86613,0.363784,0.363412,0.0335127,7.9805,0.531044
9.72151,0.21351,0.198516,0.0377698,7.98375,0.494814
9.51836,0.0100714,0.00749582,0.0369342,7.98715,0.397683
9.23067,-0.269789,-0.123086,0.0324216,7.9902,0.246871
9.23067,-0.261939,-0.0321764,0.0305418,7.99316,0.0723117
9.26753,-0.218793,0.0509426,0.031111,7.99605,-0.113916
9.51836,0.0311755,-0.0169355,0.0298282,7.99871,-0.276437
9.86613,0.368602,-0.299291,0.0208432,8.0006,-0.417141
9.99948,0.487044,-0.469539,0.00627888,8.00122,-0.496779
9.96954,0.444489,-0.442569,-0.00610932,8.00066,-0.513336
9.66427,0.135292,-0.121533,-0.00936428,7.99978,-0.462351
9.36832,-0.156268,0.109522,-0.00611869,7.99923,-0.35897
9.07853,-0.433746,0.171761,-0.00120921,7.99911,-0.199343
8.912,-0.58461,0.0396403,-0.000143042,7.9991,-0.0275042
9.07853,-0.405787,-0.116146,-0.00355352,7.99875,0.157865
9.48884,0.00440042,0.00261772,-0.00338505,7.99845,0.319476
9.7537,0.26199,0.217608,0.00258176,7.99868,0.442898
9.91067,0.407516,0.395092,0.0132973,7.99989,0.515636
9.93131,0.415569,0.411676,0.0250096,8.00234,0.526697
9.72151,0.200337,0.179407,0.0290857,8.0049,0.476901
9.23067,-0.282574,-0.192137,0.0230464,8.007,0.36403
8.92361,-0.57318,-0.229619,0.015997,8.00848,0.217765
8.92361,-0.557188,-0.0196011,0.0150038,8.00988,0.0264293
9.13023,-0.340683,0.100788,0.0174229,8.01152,-0.146891
9.26753,-0.197522,0.122626,0.0204528,8.01348,-0.317047
9.93131,0.453105,-0.387962,0.00893547,8.01432,-0.440307
9.99948,0.50767,-0.49757,-0.00428433,8.01395,-0.505168
9.71559,0.217604,-0.215134,-0.0101038,8.01302,-0.509644
9.23124,-0.258822,0.221611,-0.00322185,8.0127,-0.440309
8.912,-0.563321,0.361251,0.00607221,8.01321,-0.327765
8.912,-0.547942,0.197222,0.0112906,8.01424,-0.180446
8.912,-0.532654,0.00535474,0.011125,8.01528,0.00275158
9.36832,-0.0742267,-0.0250556,0.0101264,8.01621,0.18476
9.62648,0.178749,0.115489,0.0130976,8.01744,0.346313
9.86167,0.40251,0.349005,0.0223687,8.0195,0.462017
9.97833,0.504839,0.498423,0.0355078,8.02276,0.524968
9.81423,0.331336,0.325545,0.0435128,8.02677,0.522474
9.26753,-0.209353,-0.180599,0.0372601,8.03023,0.459715
9.13023,-0.336673,-0.209344,0.0301579,8.03313,0.333609
8.98866,-0.464615,-0.143019,0.0252223,8.03552,0.169211
9.26753,-0.180613,0.00952809,0.0247892,8.0378,-0.0195843
9.37476,-0.0714209,0.0267917,0.0248426,8.04002,-0.188375
9.80134,0.34535,-0.232585,0.0177376,8.04165,-0.34459
9.93131,0.462058,-0.41196,0.00574906,8.04218,-0.458786
9.99948,0.515595,-0.511198,-0.00851867,8.0414,-0.511092
9.82401,0.330638,-0.321839,-0.0172603,8.03979,-0.501625
9.51881,0.0246816,-0.0202022,-0.0173477,8.03808,-0.420533
9.07853,-0.404998,0.240106,-0.0107826,8.03716,-0.302382
8.912,-0.554384,0.143261,-0.00616131,8.03654,-0.127269
8.912,-0.539249,-0.0500732,-0.0073601,8.03587,0.0566558
9.24437,-0.201544,-0.0809716,-0.00925928,8.03508,0.218394
9.51881,0.0707324,0.0506399,-0.00748028,8.03434,0.382898
9.9866,0.524625,0.472712,0.00490867,8.03476,0.479822
9.97833,0.502105,0.499695,0.0185648,8.03647,0.529122
9.51836,0.0408815,0.0391711,0.0191768,8.03836,0.509731
9.3978,-0.0774961,-0.0624659,0.0169479,8.03991,0.430088
9.13023,-0.335961,-0.192315,0.0114234,8.04091,0.307766
8.98866,-0.464353,-0.113784,0.00796768,8.04165,0.136343
9.13023,-0.313194,0.0392537,0.00889688,8.04253,-0.0575818
9.23067,-0.20714,0.0921795,0.0110955,8.0435,-0.224963
9.50786,0.0679764,-0.0517174,0.00922999,8.04442,-0.390317
9.80134,0.347246,-0.338883,-0.00445084,8.04383,-0.502945
9.82401,0.359598,-0.356532,-0.0142739,8.04251,-0.511091
9.39148,-0.0708761,0.0624494,-0.0121103,8.04137,-0.453304
9.07853,-0.373229,0.239707,-0.00516013,8.04089,-0.328242
8.49647,-0.929494,0.329099,0.00386486,8.04124,-0.177345
8.49647,-0.901888,-0.00680001,0.00354812,8.04159,0.0119894
8.912,-0.467395,-0.224654,-0.00535177,8.0409,0.25971
9.66427,0.276839,0.209034,0.000693917,8.04096,0.403398
9.86167,0.461294,0.432228,0.0124748,8.0421,0.498649
9.80134,0.389655,0.389617,0.0231102,8.04427,0.531593
9.51836,0.103761,0.0968535,0.0251234,8.04656,0.496789
8.92361,-0.476256,-0.35764,0.0136405,8.04792,0.40124
8.50771,-0.867794,-0.420927,0.00177681,8.04808,0.262022
8.38225,-0.967336,-0.175287,-0.00284455,8.04783,0.102927
8.92361,-0.413197,0.0876007,-0.000131192,8.04782,-0.102959
9.23067,-0.103402,0.0522999,0.00122153,8.04793,-0.256785
9.62684,0.283993,-0.224399,-0.00554707,8.04737,-0.405677
10,0.640195,-0.605287,-0.0210204,8.04556,-0.487003
9.86167,0.486959,-0.485838,-0.0348255,8.04212,-0.514352
9.62648,0.245202,-0.227983,-0.0398669,8.03865,-0.478791
9.07853,-0.294303,0.214537,-0.032769,8.0356,-0.373651
8.7342,-0.621588,0.287748,-0.0242112,8.03344,-0.234353
8.7342,-0.604245,0.0810023,-0.0212757,8.03147,-0.0621598
9.07853,-0.252735,-0.0569906,-0.0222614,8.02942,0.126098
9.51881,0.18231,0.101904,-0.0187972,8.02767,0.300699
9.86167,0.51036,0.408704,-0.00674171,8.02704,0.427333
9.99748,0.627369,0.605444,0.0110729,8.02811,0.513329
9.80134,0.419192,0.417795,0.0224204,8.0302,0.529883
9.51836,0.132574,0.120587,0.0250415,8.03242,0.48429
8.92361,-0.449694,-0.322346,0.015662,8.03383,0.383356
8.92361,-0.437012,-0.189542,0.00987527,8.03476,0.235131
8.92361,-0.424951,-0.0431801,0.00841094,8.03554,0.0612394
9.26753,-0.078792,0.0199781,0.0087302,8.03634,-0.124725
9.51836,0.166871,-0.0997729,0.00547511,8.03689,-0.305025
9.96606,0.597794,-0.500259,-0.00833143,8.03613,-0.430133
9.99748,0.612797,-0.594677,-0.0236351,8.03407,-0.500082
9.71559,0.321869,-0.320162,-0.0317302,8.03118,-0.51279
9.36832,-0.0247041,0.0217815,-0.0302694,8.02843,-0.453628
9.23124,-0.157077,0.105934,-0.0263059,8.02588,-0.345092
9.23124,-0.152695,0.0569237,-0.0239837,8.02365,-0.187171
9.22003,-0.159676,0.00742155,-0.0231735,8.02165,-0.0163146
9.23124,-0.144101,-0.0462484,-0.0238519,8.01932,0.176065
9.62648,0.244738,0.149028,-0.0194435,8.01766,0.326851
9.86167,0.466534,0.39671,-0.00783278,8.01694,0.453251
9.99504,0.582265,0.571952,0.00921289,8.01784,0.522342
9.88124,0.456383,0.451951,0.0206355,8.01961,0.526533
9.72151,0.288372,0.253915,0.027144,8.02214,0.469056
9.37476,-0.0567426,-0.0375246,0.0253398,8.02449,0.354287
9.23067,-0.195238,-0.0709585,0.022653,8.0266,0.198327
9.26753,-0.153953,-0.000386926,0.0220102,8.02865,0.00934459
9.37476,-0.045319,0.0164179,0.0218425,8.03083,-0.181656
9.72151,0.293738,-0.187236,0.016511,8.03224,-0.325722
9.88124,0.440277,-0.387406,0.00475699,8.0327,-0.452689
9.9866,0.531226,-0.525688,-0.00924677,8.03188,-0.510109
9.82401,0.358355,-0.351315,-0.0187905,8.03014,-0.505282
9.71559,0.243109,-0.208786,-0.0239773,8.02795,-0.441648
9.24437,-0.221746,0.139838,-0.0194069,8.02615,-0.322167
9.24437,-0.21556,0.0655802,-0.0170358,8.02457,-0.151271
9.24437,-0.20961,-0.00553084,-0.0167182,8.02303,0.0218389
9.39148,-0.0606612,-0.02339,-0.0169144,8.02137,0.209913
9.62648,0.169741,0.11289,-0.0134875,8.02018,0.356252
9.96954,0.498027,0.444876,-0.000286667,8.02015,0.475739
9.99504,0.509234,0.505834,0.0135304,8.02139,0.528125
9.88124,0.384761,0.375495,0.0233035,8.02348,0.519012
9.51836,0.0212708,0.0178586,0.0231532,8.02561,0.44763
9.37476,-0.118614,-0.0688728,0.0203648,8.02767,0.312053
9.0791,-0.403715,-0.10873,0.0170729,8.02912,0.149046
9.26753,-0.209018,0.0162684,0.0170495,8.03078,-0.0327223
9.3978,-0.0766677,0.0310662,0.0174195,8.03231,-0.204133
9.72939,0.247422,-0.177138,0.0116995,8.03345,-0.36683
9.88124,0.388257,-0.353557,0.00161845,8.0336,-0.468769
9.96954,0.464116,-0.46252,-0.0104956,8.03269,-0.513766
9.82401,0.309603,-0.297953,-0.0186019,8.03094,-0.495865
9.24437,-0.262505,0.211006,-0.0121958,8.02981,-0.412847
9.24437,-0.255418,0.145419,-0.00794021,8.02909,-0.290075
9.24437,-0.248215,0.0590056,-0.00605234,8.02852,-0.116441
9.24437,-0.241439,-0.0275493,-0.00663921,8.02792,0.0677731
9.51881,0.0320924,0.0146056,-0.00605286,8.02736,0.246322
9.7537,0.259537,0.188971,-0.000611697,8.02731,0.389264
9.96954,0.462252,0.424923,0.0111331,8.02833,0.489344
9.99948,0.478459,0.478163,0.0241632,8.03058,0.531305
9.72939,0.202492,0.193428,0.0289365,8.0333,0.508194
9.62684,0.0971908,0.0770942,0.0302656,8.03608,0.423368
