62.0051,-62.0051,58.9049,0,0,-2.35619,109,124,19.83,0,90,-19,
77.9915,-77.9915,74.092,0,-0.503896,-2.35619,109,124,19.8531,180,61.1289,-47.8711,
79.5173,-79.5173,75.5415,0,-0.467658,-2.35619,109,124,19.8771,180,60.0104,-48.9896,
79.327,-79.327,75.3607,0,-0.307029,-2.19105,109,124,19.9083,180,62.5885,-46.4115,
57.3154,-57.3154,54.4496,0,0.0354221,-1.32582,109,125,19.944,180,70.5883,-38.4117,
43.1326,-43.1326,40.976,0,0.322142,-0.702257,109,125,19.9626,180,76.4139,-32.5861,
35.8153,-35.8153,34.0246,0,0.675942,-0.174672,108,125,19.9893,180,85.9783,-22.0217,
14.5524,-14.5524,13.8248,0,1.04788,0.702257,107,125,20.019,180,97.095,-9.90503,
19.4666,-19.4666,18.4932,0,1.41288,0.950547,108,125,20.0469,180,106.675,-1.32506,
12.2603,-12.2603,11.6473,0,1.73762,1.44644,107,124,20.0751,180,114.293,7.29265,
22.0161,-22.0161,20.9153,0,2.03492,1.51204,108,124,20.1018,180,118.734,10.7341,
27.1461,-27.1461,25.7888,0,2.27427,1.62955,107,124,20.1363,180,119.698,12.698,
29.8907,-29.8907,28.3961,0,2.45537,1.74547,108,124,20.1723,180,114.855,6.85472,
36.0242,-36.0242,34.223,0,2.74812,1.89255,108,124,20.2005,180,107.481,-0.519286,
36.5019,-36.5019,34.6768,0,2.87434,2.00742,107,124,20.2284,180,98.0434,-8.95662,
26.4935,-26.4935,25.1688,0,2.98542,2.35619,108,124,20.2563,180,87.6274,-20.3726,
19.1526,-19.1526,18.1949,0,2.99092,2.53605,108,124,20.2998,180,72.4275,-35.5725,
12.954,-12.954,12.3063,0,3.20427,2.89661,108,124,20.328,180,65.0821,-42.9179,
6.6883,-6.6883,6.35389,0,3.30044,3.14159,109,124,20.3658,180,60.2003,-48.7997,
5.53942,-5.53942,5.26245,0,3.47055,3.33899,109,123,20.3964,180,61.0783,-47.9217,
6.99651,-6.99651,6.64668,0,3.66653,3.50036,109,123,20.4243,180,65.5753,-43.4247,
16.0085,-16.0085,15.2081,0,3.88057,3.50036,109,123,20.4537,180,73.5136,-35.4864,
25.2167,-25.2167,23.9558,0,4.09926,3.50036,109,123,20.4807,180,82.7952,-26.2048,
35.1275,-35.1275,33.3711,0,4.33464,3.50036,109,123,20.5095,180,93.5729,-15.4271,
41.3049,-41.3049,39.2397,0,4.55921,3.57822,109,123,20.5377,180,103.687,-5.31315,
48.5317,-48.5317,46.1051,0,4.75787,3.60524,109,124,20.5647,180,111.791,2.79148,
50.4496,-50.4496,47.9272,0,4.96002,3.76184,110,124,20.6085,180,119.357,9.35743,
24.8539,-24.8539,23.6112,0,5.10527,4.51499,110,124,20.6409,180,119.403,9.40316,
13.0664,-13.0664,12.413,0,5.14707,4.83674,109,124,20.6661,180,116.087,7.08692,
0.331314,-0.331314,0.314748,0,5.12515,5.11728,110,125,20.6934,180,109.584,-0.416414,
-21.9361,21.9361,-20.8393,0,5.06746,5.58845,109,125,20.7219,180,100.375,-8.62533,
-32.2222,32.2222,-30.6111,0,4.97749,5.74277,109,125,20.7507,180,89.7361,-19.2639,
-36.3138,36.3138,-34.4982,0,4.90159,5.76404,109,125,20.7777,180,79.767,-29.233,
-31.9113,31.9113,-30.3158,0,4.83055,5.58845,109,125,20.8053,180,70.7903,-38.2097,
-29.1836,29.1836,-27.7244,0,4.80468,5.49779,109,125,20.832,180,64.2742,-44.7258,
-12.4402,12.4402,-11.8182,0,4.82183,5.11728,110,125,20.8635,180,60.3127,-49.6873,
-2.06952,2.06952,-1.96604,0,4.90822,4.95737,110,125,20.8887,180,60.4435,-49.5565,
24.2341,-24.2341,23.0224,0,5.04297,4.46741,110,125,20.9196,180,64.5897,-45.4103,
31.2144,-31.2144,29.6537,0,5.20875,4.46741,110,125,20.9451,180,70.9063,-39.0937,
39.7365,-39.7365,37.7497,0,5.41115,4.46741,110,125,20.9739,180,80.336,-29.664,
47.1403,-47.1403,44.7832,0,5.63457,4.51499,110,124,21.0027,180,91.0177,-18.9823,
48.4038,-48.4038,45.9837,0,5.86198,4.71239,110,125,21.0327,180,101.984,-8.0164,
38.8933,-38.8933,36.9486,0,6.041,5.11728,110,125,21.0582,180,110.037,0.0365355,
33.1006,-33.1006,31.4455,0,6.20078,5.41465,110,125,21.0909,180,117.288,7.28754,
13.2285,-13.2285,12.5671,0,6.27561,5.96143,110,125,21.1143,180,119.729,9.72922,
-0.0229732,0.0229732,-0.0218245,0,6.28264,6.28319,109,126,21.1428,180,119.253,10.2526,
-7.80756,7.80756,-7.41718,0,6.20841,6.39384,109,126,21.1704,180,115.249,6.24872,
-25.68,25.68,-24.396,0,6.03206,6.64196,108,125,21.2037,180,106.486,-1.51356,
-33.1788,33.1788,-31.5198,0,5.85396,6.64196,108,125,21.2265,180,98.7311,-9.26891,
-44.3213,44.3213,-42.1052,0,5.58933,6.64196,108,125,21.2607,180,85.9783,-22.0217,
-51.8411,51.8411,-49.249,0,5.41073,6.64196,108,125,21.2826,180,78.051,-29.949,
-47.4043,47.4043,-45.0341,0,5.21609,6.34194,109,125,21.3138,180,68.4431,-40.5569,
-36.2133,36.2133,-34.4027,0,5.10137,5.96143,110,125,21.3405,180,62.7755,-47.2245,
-29.3563,29.3563,-27.8885,0,5.04555,5.74277,110,125,21.3705,180,60.048,-49.952,
0.807575,-0.807575,0.767196,0,5.05332,5.03414,110,125,21.3948,180,60.9238,-49.0762,
11.9465,-11.9465,11.3492,0,5.12047,4.83674,110,125,21.4248,180,65.6852,-44.3148,
26.479,-26.479,25.1551,0,5.21691,4.58803,110,124,21.4515,180,72.827,-37.173,
35.7,-35.7,33.915,0,5.36287,4.51499,110,124,21.4821,180,83.3086,-26.6914,
43.067,-43.067,40.9137,0,5.49025,4.46741,110,125,21.5079,180,92.9733,-17.0267,
44.4514,-44.4514,42.2289,0,5.64376,4.58803,110,124,21.5376,180,103.653,-6.34671,
33.6735,-33.6735,31.9898,0,5.75711,4.95737,110,125,21.5646,180,111.766,1.76556,
30.4397,-30.4397,28.9177,0,5.84022,5.11728,110,125,21.5931,180,117.622,7.62169,
11.7718,-11.7718,11.1833,0,5.86803,5.58845,109,125,21.6213,180,119.968,10.9676,
-0.66765,0.66765,-0.634268,0,5.8307,5.84656,109,126,21.6483,180,118.723,9.72321,
-18.2974,18.2974,-17.3826,0,5.72427,6.15883,109,125,21.6771,180,113.797,4.79677,
-33.095,33.095,-31.4402,0,5.55594,6.34194,109,125,21.7053,180,105.979,-3.0208,
-42.2577,42.2577,-40.1448,0,5.33832,6.34194,109,125,21.7344,180,95.8435,-13.1565,
-44.0797,44.0797,-41.8757,0,5.11194,6.15883,109,125,21.7626,180,85.2697,-23.7303,
-50.8339,50.8339,-48.2922,0,4.90121,6.10851,109,125,21.7902,180,75.4814,-33.5186,
-35.8705,35.8705,-34.077,0,4.729,5.58093,110,125,21.8181,180,67.3477,-42.6523,
-30.7979,30.7979,-29.258,0,4.60119,5.33264,110,125,21.8472,180,61.8121,-48.1879,
-7.59054,7.59054,-7.21101,0,4.53211,4.71239,111,125,21.8739,180,60.0029,-50.9971,
2.09226,-2.09226,1.98765,0,4.5171,4.46741,110,124,21.9021,180,61.7229,-48.2771,
11.6013,-11.6013,11.0213,0,4.55129,4.27576,111,124,21.9315,180,67.2491,-43.7509,
17.5579,-17.5579,16.68,0,4.61024,4.19324,110,124,21.9591,180,75.251,-34.749,
21.9248,-21.9248,20.8286,0,4.71396,4.19324,110,124,21.9876,180,85.3442,-24.6558,
26.9373,-26.9373,25.5904,0,4.833,4.19324,110,124,22.0182,180,96.8016,-13.1984,
30.3828,-30.3828,28.8636,0,4.91483,4.19324,110,124,22.044,180,105.755,-4.24476,
30.0044,-30.0044,28.5042,0,4.98837,4.27576,111,124,22.0701,180,113.139,2.13941,
20.937,-20.937,19.8902,0,5.03497,4.53772,110,124,22.0986,180,118.364,8.36419,
15.8142,-15.8142,15.0235,0,5.02922,4.65363,111,124,22.1265,180,119.995,8.99467,
5.5215,-5.5215,5.24543,0,4.96788,4.83674,110,124,22.1556,180,117.809,7.80923,
-12.9167,12.9167,-12.2708,0,4.84225,5.14902,110,125,22.1862,180,111.557,1.5569,
-19.6397,19.6397,-18.6577,0,4.68257,5.14902,110,125,22.2138,180,103.181,-6.81875,
-34.5168,34.5168,-32.7909,0,4.49816,5.31793,110,125,22.2411,180,93.3482,-16.6518,
-38.7024,38.7024,-36.7673,0,4.31235,5.23154,110,125,22.2678,180,83.3454,-26.6546,
-43.0848,43.0848,-40.9306,0,4.12575,5.14902,110,125,22.2969,180,73.3251,-36.6749,
-41.0406,41.0406,-38.9886,0,3.98265,4.95737,111,125,22.3245,180,65.8408,-45.1592,
-34.7916,34.7916,-33.052,0,3.88609,4.71239,111,125,22.3533,180,61.1085,-49.8915,
-18.0472,18.0472,-17.1448,0,3.84714,4.27576,111,124,22.3821,180,60.1193,-50.8807,
-2.99221,2.99221,-2.8426,0,3.85593,3.92699,111,124,22.4085,180,62.6193,-48.3807,
14.2173,-14.2173,13.5064,0,3.91588,3.57822,111,123,22.4358,180,68.3385,-42.6615,
28.5571,-28.5571,27.1292,0,4.01722,3.33899,110,123,22.4646,180,77.0903,-32.9097,
37.3476,-37.3476,35.4802,0,4.15295,3.26595,110,123,22.4949,180,88.0787,-21.9213,
33.5794,-33.5794,31.9004,0,4.26085,3.46334,110,123,22.5204,180,97.6067,-12.3933,
37.1261,-37.1261,35.2698,0,4.38211,3.50036,110,123,22.5483,180,107.111,-2.88891,
26.6955,-26.6955,25.3608,0,4.47787,3.84385,111,124,22.5777,180,114.855,3.85472,
17.4455,-17.4455,16.5732,0,4.52117,4.10684,111,123,22.6047,180,119.029,8.02916,
8.82986,-8.82986,8.38836,0,4.51721,4.3075,111,124,22.6323,180,119.874,8.87386,
-8.34872,8.34872,-7.93128,0,4.45535,4.65363,111,124,22.6608,180,117.015,6.01503,
-19.3699,19.3699,-18.4014,0,4.31111,4.77114,111,124,22.6944,180,109.296,-1.70354,
-28.2463,28.2463,-26.834,0,4.16589,4.83674,111,124,22.7187,180,101.498,-9.50208,
-36.3325,36.3325,-34.5158,0,3.97385,4.83674,111,124,22.7475,180,90.9423,-20.0577,
-44.4542,44.4542,-42.2315,0,3.78096,4.83674,111,124,22.776,180,80.3717,-30.6283,
-38.9277,38.9277,-36.9813,0,3.61318,4.53772,111,124,22.8039,180,71.1986,-39.8014,
-38.1686,38.1686,-36.2601,0,3.48413,4.39064,111,124,22.8318,180,64.3131,-46.6869,
-18.0591,18.0591,-17.1561,0,3.40743,3.83633,111,123,22.8582,180,60.6661,-50.3339,
-11.746,11.746,-11.1587,0,3.38177,3.66074,111,123,22.8861,180,60.2914,-50.7086,
8.73605,-8.73605,8.29924,0,3.40783,3.20035,111,123,22.9137,180,63.4782,-47.5218,
14.6086,-14.6086,13.8782,0,3.48855,3.14159,111,123,22.9425,180,70.1606,-40.8394,
22.2337,-22.2337,21.122,0,3.60307,3.07502,111,122,22.9704,180,79.0966,-31.9034,
27.6406,-27.6406,26.2586,0,3.7393,3.08284,111,123,22.9983,180,89.3592,-21.6408,
31.7983,-31.7983,30.2084,0,3.8968,3.14159,111,123,23.0292,180,100.763,-10.2372,
33.8807,-33.8807,32.1867,0,4.00502,3.20035,111,122,23.0547,180,109.035,-1.96456,
32.9108,-32.9108,31.2652,0,4.0979,3.31626,111,123,23.0832,180,115.956,4.95559,
27.0033,-27.0033,25.6531,0,4.14169,3.50036,111,122,23.1138,180,119.703,8.70336,
11.8155,-11.8155,11.2247,0,4.12447,3.84385,111,123,23.139,180,119.537,8.53693,
-2.18684,2.18684,-2.0775,0,4.05491,4.10684,112,123,23.1663,180,116.05,4.0496,
-23.1079,23.1079,-21.9525,0,3.9186,4.46741,112,123,23.1969,180,108.565,-3.43458,
-29.745,29.745,-28.2578,0,3.76097,4.46741,112,123,23.2233,180,99.8779,-12.1221,
-37.7201,37.7201,-35.8341,0,3.57156,4.46741,112,123,23.2518,180,89.3215,-22.6785,
-42.5575,42.5575,-40.4296,0,3.3799,4.39064,112,123,23.2809,180,78.6415,-33.3585,
-40.1302,40.1302,-38.1237,0,3.21888,4.17197,112,123,23.3091,180,69.7122,-42.2878,
-27.3372,27.3372,-25.9704,0,3.09788,3.74714,112,122,23.3382,180,63.151,-48.849,
-22.9702,22.9702,-21.8217,0,3.03268,3.57822,112,122,23.3691,180,60.0824,-51.9176,
-14.7771,14.7771,-14.0383,0,3.03561,3.38657,112,122,23.3967,180,61.1085,-50.8915,
6.05491,-6.05491,5.75217,0,3.088,2.9442,111,122,23.4228,180,65.2513,-45.7487,
13.6162,-13.6162,12.9354,0,3.17893,2.85554,111,122,23.4486,180,71.9422,-39.0578,
33.6482,-33.6482,31.9658,0,3.32049,2.52134,111,122,23.4771,180,81.4856,-29.5144,
33.4937,-33.4937,31.819,0,3.47342,2.67795,111,122,23.5047,180,91.7708,-19.2292,
39.8448,-39.8448,37.8525,0,3.65128,2.70497,111,122,23.5368,180,103.384,-7.61594,
37.9516,-37.9516,36.054,0,3.75689,2.85554,111,122,23.5608,180,110.755,-0.244777,
35.4919,-35.4919,33.7173,0,3.86017,3.01724,111,122,23.5932,180,117.636,6.63638,
21.0111,-21.0111,19.9605,0,3.88558,3.38657,112,122,23.6172,180,119.856,7.856,
8.53378,-8.53378,8.1071,0,3.86342,3.66074,112,122,23.6454,180,119.02,7.01963,
-10.3025,10.3025,-9.78735,0,3.77297,4.01765,112,122,23.6757,180,114.114,2.11446,
-23.2431,23.2431,-22.0809,0,3.64122,4.19324,112,122,23.7027,180,106.8,-5.19991,
-34.1374,34.1374,-32.4305,0,3.465,4.27576,113,122,23.7315,180,96.9117,-16.0883,
-41.3324,41.3324,-39.2657,0,3.29412,4.27576,113,122,23.757,180,87.3645,-25.6355,
-45.8009,45.8009,-43.5108,0,3.10547,4.19324,112,122,23.7864,180,76.7511,-35.2489,
-40.995,40.995,-38.9452,0,2.95336,3.92699,113,122,23.8146,180,68.2344,-44.7656,
-32.3295,32.3295,-30.713,0,2.83741,3.60524,113,122,23.847,180,61.838,-51.162,
-21.8108,21.8108,-20.7202,0,2.79826,3.31626,112,122,23.8707,180,60.0438,-51.9562,
-0.394766,0.394766,-0.375028,0,2.81047,2.81984,112,121,23.8986,180,61.3096,-50.6904,
10.904,-10.904,10.3588,0,2.88142,2.62245,111,121,23.9268,180,66.1345,-44.8655,
23.6812,-23.6812,22.4972,0,3.00928,2.44685,111,121,23.9562,180,74.309,-36.691,
39.0903,-39.0903,37.1358,0,3.20145,2.27305,111,121,23.9898,180,86.1652,-24.8348,
44.6767,-44.6767,42.4429,0,3.33413,2.27305,111,121,24.0123,180,94.6185,-16.3815,
44.0323,-44.0323,41.8307,0,3.49262,2.44685,111,121,24.0399,180,104.42,-6.58044,
42.0032,-42.0032,39.903,0,3.62002,2.62245,111,121,24.0672,180,112.428,1.42838,
31.2858,-31.2858,29.7215,0,3.70996,2.96692,112,121,24.0969,180,118.149,6.149,
14.6924,-14.6924,13.9577,0,3.73552,3.38657,112,121,24.1254,180,120,7.99962,
5.27301,-5.27301,5.00936,0,3.70345,3.57822,113,121,24.1515,180,118.352,5.35189,
-13.6836,13.6836,-12.9994,0,3.60201,3.92699,113,122,24.1821,180,112.603,-0.397229,
-32.538,32.538,-30.9111,0,3.47596,4.24874,113,122,24.207,180,105.433,-7.56681,
-40.1194,40.1194,-38.1134,0,3.29591,4.24874,113,122,24.2361,180,95.2136,-17.7864,
-45.8075,45.8075,-43.5171,0,3.10532,4.19324,113,121,24.2649,180,84.4156,-28.5844,
-45.5735,45.5735,-43.2948,0,2.92776,4.01013,113,121,24.2937,180,74.3411,-38.6589,
-33.8196,33.8196,-32.1286,0,2.77501,3.57822,113,121,24.3252,180,65.6852,-47.3148,
-32.2952,32.2952,-30.6804,0,2.69633,3.46334,112,121,24.3507,180,61.3879,-50.6121,
-6.42641,6.42641,-6.10509,0,2.66721,2.81984,112,120,24.3783,180,60.0258,-51.9742,
3.20101,-3.20101,3.04096,0,2.69847,2.62245,112,120,24.4062,180,62.2764,-49.7236,
14.57,-14.57,13.8415,0,2.79289,2.44685,111,120,24.4353,180,68.2085,-42.7915,
31.4542,-31.4542,29.8815,0,2.92338,2.17634,111,121,24.462,180,76.2126,-34.7874,
38.9672,-38.9672,37.0189,0,3.10181,2.17634,111,121,24.4917,180,86.8766,-24.1234,
42.075,-42.075,39.9713,0,3.26482,2.26553,111,120,24.5178,180,96.6546,-14.3454,
45.1056,-45.1056,42.8503,0,3.42745,2.35619,111,121,24.546,180,106.392,-4.60817,
39.0053,-39.0053,37.055,0,3.54882,2.62245,111,120,24.5727,180,113.751,2.75079,
28.1431,-28.1431,26.736,0,3.63532,2.96692,112,120,24.6045,180,119.01,7.01004,
16.1048,-16.1048,15.2996,0,3.64844,3.26595,112,120,24.6309,180,119.918,7.91758,
-10.4886,10.4886,-9.96419,0,3.59474,3.84385,112,121,24.6618,180,116.849,4.84897,
-18.0797,18.0797,-17.1757,0,3.4976,3.92699,113,121,24.6873,180,111.266,-1.73355,
-35.2737,35.2737,-33.51,0,3.35549,4.19324,113,121,24.714,180,103.113,-9.88653,
-42.2171,42.2171,-40.1062,0,3.16931,4.17197,113,121,24.7434,180,92.4853,-20.5147,
-49.8287,49.8287,-47.3372,0,2.98854,4.17197,113,121,24.771,180,82.1748,-30.8252,
-46.8251,46.8251,-44.4839,0,2.81489,3.92699,113,121,24.8004,180,72.2447,-40.7553,
-40.9891,40.9891,-38.9396,0,2.68725,3.66074,113,120,24.8286,180,64.9569,-48.0431,
-22.2284,22.2284,-21.117,0,2.61367,3.14159,113,120,24.8562,180,60.8333,-52.1667,
-10.8433,10.8433,-10.3011,0,2.59801,2.85554,112,120,24.8832,180,60.1591,-51.8409,
5.4792,-5.4792,5.20524,0,2.65147,2.52134,112,120,24.9141,180,63.549,-48.451,
23.4814,-23.4814,22.3074,0,2.74873,2.19105,112,120,24.9402,180,69.5186,-42.4814,
30.8076,-30.8076,29.2672,0,2.92273,2.19105,112,120,24.9723,180,79.767,-32.233,
37.0263,-37.0263,35.175,0,3.07042,2.19105,112,120,24.996,180,88.4927,-23.5073,
44.5684,-44.5684,42.34,0,3.24955,2.19105,112,120,25.0242,180,98.9832,-13.0168,
44.1099,-44.1099,41.9044,0,3.40381,2.35619,112,120,25.0515,180,108.088,-3.91211,
34.7435,-34.7435,33.0063,0,3.53012,2.70497,112,120,25.0812,180,115.569,3.56935,
26.4855,-26.4855,25.1612,0,3.59595,2.96692,112,119,25.1103,180,119.49,7.4896,
4.13583,-4.13583,3.92904,0,3.59859,3.50036,112,119,25.1373,180,119.642,7.64235,
-4.84431,4.84431,-4.6021,0,3.54569,3.66074,113,119,25.1637,180,116.522,3.52178,
-21.1721,21.1721,-20.1135,0,3.42415,3.92699,113,120,25.194,180,109.412,-3.58832,
-30.9022,30.9022,-29.3571,0,3.2762,4.01013,113,120,25.2207,180,100.798,-12.202,
-38.3725,38.3725,-36.4539,0,3.09878,4.01013,113,120,25.2486,180,90.5278,-22.4722,
-43.0134,43.0134,-40.8627,0,2.90542,3.92699,113,120,25.2789,180,79.3429,-33.6571,
-41.7115,41.7115,-39.6259,0,2.75649,3.74714,114,119,25.3056,180,70.7035,-43.2965,
-26.124,26.124,-24.8178,0,2.6455,3.26595,113,119,25.332,180,64.2742,-48.7258,
-23.775,23.775,-22.5862,0,2.57694,3.14159,113,119,25.3623,180,60.3812,-52.6188,
-11.6637,11.6637,-11.0805,0,2.57853,2.85554,112,119,25.3914,180,60.6348,-51.3652,
5.11879,-5.11879,4.86285,0,2.64291,2.52134,112,119,25.4196,180,64.5897,-47.4103,
17.7076,-17.7076,16.8222,0,2.77675,2.35619,112,119,25.4505,180,72.5193,-39.4807,
30.5535,-30.5535,29.0259,0,2.91669,2.19105,112,119,25.4751,180,80.7654,-31.2346,
38.3957,-38.3957,36.4759,0,3.08824,2.17634,111,119,25.5021,180,90.7916,-20.2084,
42.0358,-42.0358,39.934,0,3.2714,2.27305,112,119,25.5312,180,101.463,-10.5369,
37.9092,-37.9092,36.0138,0,3.42169,2.52134,112,119,25.5591,180,110.288,-1.71223,
37.044,-37.044,35.1918,0,3.58476,2.70497,112,119,25.6158,180,119.8,7.79974,
7.84778,-7.84778,7.4554,0,3.57296,3.38657,113,119,25.6443,180,119.122,6.122,
-7.46401,7.46401,-7.09081,0,3.50474,3.68201,113,119,25.671,180,115.126,2.12584,
-30.3826,30.3826,-28.8635,0,3.38526,4.10684,114,119,25.6983,180,108.148,-5.85202,
-40.8186,40.8186,-38.7776,0,3.2238,4.19324,113,119,25.7262,180,98.8392,-14.1608,
-49.1011,49.1011,-46.646,0,3.02709,4.19324,113,119,25.7565,180,87.5523,-25.4477,
-48.428,48.428,-46.0066,0,2.85997,4.01013,113,119,25.7829,180,77.9473,-35.0527,
-48.2654,48.2654,-45.8522,0,2.69755,3.84385,113,119,25.8132,180,68.601,-44.399,
-28.1204,28.1204,-26.7144,0,2.59809,3.26595,113,118,25.8399,180,62.8713,-50.1287,
-17.6928,17.6928,-16.8082,0,2.54672,2.96692,113,118,25.8729,180,60.0104,-52.9896,
5.22528,-5.22528,4.96402,0,2.56344,2.43934,112,118,25.8975,180,61.1912,-50.8088,
15.4033,-15.4033,14.6331,0,2.63888,2.27305,112,118,25.9248,180,65.6852,-46.3148,
27.4989,-27.4989,26.1239,0,2.76431,2.11122,112,118,25.9521,180,73.013,-38.987,
44.4655,-44.4655,42.2422,0,2.9486,1.89255,112,118,25.983,180,83.6398,-28.3602,
46.4775,-46.4775,44.1536,0,3.11126,2.00742,112,119,26.0079,180,92.9733,-19.0267,
46.2794,-46.2794,43.9654,0,3.29018,2.19105,112,118,26.0364,180,103.249,-8.75107,
45.4866,-45.4866,43.2123,0,3.4365,2.35619,112,118,26.0643,180,111.688,-0.312433,
33.6248,-33.6248,31.9435,0,3.53529,2.7367,112,118,26.0916,180,117.396,5.39613,
13.8238,-13.8238,13.1326,0,3.58056,3.25225,113,118,26.1198,180,119.936,6.93597,
0.634553,-0.634553,0.602826,0,3.56156,3.54648,113,118,26.1489,180,118.657,5.65711,
-22.5631,22.5631,-21.435,0,3.47426,4.01013,113,118,26.1789,180,113.378,0.377514,
-31.8342,31.8342,-30.2425,0,3.35078,4.10684,114,118,26.205,180,106.075,-7.9252,
-42.9469,42.9469,-40.7996,0,3.17325,4.19324,113,118,26.2347,180,95.7325,-17.2675,
-43.4594,43.4594,-41.2864,0,2.98549,4.01765,113,118,26.2638,180,84.8236,-28.1764,
-46.1826,46.1826,-43.8735,0,2.83015,3.92699,113,118,26.2893,180,75.7792,-37.2208,
-32.5495,32.5495,-30.922,0,2.69029,3.46334,112,118,26.3169,180,67.6469,-44.3531,
-25.5891,25.5891,-24.3096,0,2.59261,3.20035,113,117,26.3457,180,62.0106,-50.9894,
-17.3035,17.3035,-16.4383,0,2.55596,2.96692,112,117,26.3772,180,60.0115,-51.9885,
5.96204,-5.96204,5.66394,0,2.58093,2.43934,112,117,26.4015,180,61.6481,-50.3519,
17.7607,-17.7607,16.8727,0,2.69487,2.27305,112,117,26.436,180,68.3907,-43.6093,
30.6773,-30.6773,29.1434,0,2.81853,2.08994,111,117,26.4603,180,75.6466,-35.3534,
38.3876,-38.3876,36.4682,0,3.00165,2.08994,111,117,26.49,180,86.24,-24.76,
45.9296,-45.9296,43.6331,0,3.18077,2.08994,111,117,26.5176,180,96.5811,-14.4189,
45.0288,-45.0288,42.7773,0,3.34249,2.27305,112,117,26.5446,180,105.947,-6.05272,
43.028,-43.028,40.8766,0,3.46877,2.44685,111,117,26.5707,180,113.283,2.28271,
28,-28,26.6,0,3.56161,2.89661,112,117,26.6013,180,118.679,6.67933,
18.6991,-18.6991,17.7641,0,3.5857,3.14159,112,117,26.6268,180,119.992,7.99233,
-8.74414,8.74414,-8.30693,0,3.55417,3.76184,113,117,26.6541,180,118.016,5.01641,
-19.4959,19.4959,-18.5211,0,3.46396,3.92699,113,117,26.682,180,112.628,-0.372459,
-29.5162,29.5162,-28.0404,0,3.31664,4.01765,113,117,26.7114,180,103.988,-9.01211,
-40.9798,40.9798,-38.9308,0,3.10637,4.07964,113,117,26.7453,180,91.7708,-21.2292,
-48.6689,48.6689,-46.2355,0,2.85424,4.01013,113,118,26.7852,180,77.1584,-35.8416,
-50.4158,50.4158,-47.895,0,2.72962,3.92699,113,117,26.8089,180,69.7678,-43.2322,
-32.1961,32.1961,-30.5863,0,2.62191,3.38657,113,117,26.8365,180,63.4431,-49.5569,
-24.1946,24.1946,-22.9849,0,2.56697,3.14159,112,116,26.8647,180,60.2509,-51.7491,
5.69733,-5.69733,5.41246,0,2.57465,2.43934,112,116,26.8932,180,60.7812,-51.2188,
16.4324,-16.4324,15.6108,0,2.6558,2.26553,111,116,26.9241,180,65.5316,-45.4684,
25.6238,-25.6238,24.3426,0,2.78491,2.17634,111,117,26.952,180,72.9819,-38.0181,
35.8551,-35.8551,34.0623,0,2.9415,2.08994,111,116,26.9784,180,81.9566,-29.0434,
43.6981,-43.6981,41.5132,0,3.12777,2.08994,111,116,27.0069,180,92.598,-18.402,
43.7465,-43.7465,41.5592,0,3.30451,2.26553,111,116,27.0348,180,102.705,-8.29488,
42.8979,-42.8979,40.753,0,3.45816,2.43934,112,116,27.0636,180,111.504,-0.495602,
36.25,-36.25,34.4375,0,3.5659,2.70497,111,116,27.0933,180,117.651,6.65102,
17.1761,-17.1761,16.3173,0,3.60828,3.20035,112,116,27.1203,180,119.948,7.94769,
3.88965,-3.88965,3.69517,0,3.59274,3.50036,112,116,27.1473,180,118.83,6.82975,
-6.2449,6.2449,-5.93266,0,3.51242,3.66074,112,116,27.1767,180,113.888,1.8883,
-26.6116,26.6116,-25.281,0,3.37811,4.01013,112,117,27.2058,180,105.819,-6.18065,
-36.543,36.543,-34.7159,0,3.22424,4.09214,113,117,27.2322,180,96.6546,-16.3454,
-44.8062,44.8062,-42.5659,0,3.0427,4.10684,113,116,27.2607,180,85.9783,-27.0217,
-44.5678,44.5678,-42.3394,0,2.86851,3.92699,113,116,27.2895,180,75.7129,-37.2871,
-35.4644,35.4644,-33.6912,0,2.73594,3.57822,113,116,27.3162,180,67.8238,-45.1762,
-34.7429,34.7429,-33.0057,0,2.6382,3.46334,112,116,27.3456,180,62.0242,-49.9758,
-20.1384,20.1384,-19.1315,0,2.60455,3.08284,112,116,27.3747,180,60.0002,-51.9998,
0.473364,-0.473364,0.449696,0,2.63369,2.62245,111,115,27.402,180,61.7103,-49.2897,
11.4247,-11.4247,10.8535,0,2.71819,2.44685,111,115,27.429,180,66.6461,-44.3539,
28.8335,-28.8335,27.3918,0,2.86114,2.17634,111,116,27.4581,180,74.9239,-36.0761,
35.6973,-35.6973,33.9124,0,3.02415,2.17634,111,116,27.4848,180,84.3045,-26.6955,
44.9187,-44.9187,42.6728,0,3.24316,2.17634,111,116,27.5184,180,96.875,-14.125,
50.7429,-50.7429,48.2058,0,3.38149,2.17634,111,116,27.5412,180,104.847,-6.15262,
45.3725,-45.3725,43.1039,0,3.52445,2.44685,111,115,27.57,180,113.115,2.1154,
30.3974,-30.3974,28.8775,0,3.61855,2.89661,112,116,27.6003,180,118.566,6.56644,
21.1705,-21.1705,20.1119,0,3.64439,3.14159,112,115,27.627,180,119.991,7.99053,
4.85426,-4.85426,4.61155,0,3.61565,3.50036,112,115,27.6531,180,118.149,6.149,
-17.1873,17.1873,-16.3279,0,3.51879,3.92699,113,116,27.6831,180,112.353,-0.646891,
-29.5023,29.5023,-28.0272,0,3.39146,4.09214,113,116,27.7089,180,104.815,-8.18539,
-43.7976,43.7976,-41.6078,0,3.20855,4.24874,113,116,27.7389,180,94.171,-18.829,
-44.3722,44.3722,-42.1536,0,3.0383,4.09214,113,116,27.7653,180,84.2675,-28.7325,
-45.3901,45.3901,-43.1206,0,2.84898,3.92699,113,116,27.7971,180,73.2624,-39.7376,
-35.5188,35.5188,-33.7428,0,2.73465,3.57822,113,115,27.8214,180,66.5518,-46.4482,
-31.3188,31.3188,-29.7528,0,2.64275,3.38657,113,115,27.8523,180,61.2123,-51.7877,
-11.5697,11.5697,-10.9912,0,2.62183,2.89661,112,115,27.8799,180,60.0569,-51.9431,
5.22333,-5.22333,4.96216,0,2.6601,2.53605,111,115,27.9069,180,62.3783,-48.6217,
16.9227,-16.9227,16.0766,0,2.75811,2.35619,111,115,27.9351,180,68.1568,-42.8432,
31.5365,-31.5365,29.9597,0,2.92533,2.17634,111,115,27.9669,180,77.8783,-33.1217,
39.1811,-39.1811,37.222,0,3.10689,2.17634,111,115,27.9957,180,88.3797,-22.6203,
49.5532,-49.5532,47.0755,0,3.35323,2.17634,111,115,28.0344,180,102.568,-8.43165,
44.446,-44.446,42.2237,0,3.50245,2.44685,111,115,28.0629,180,111.32,0.319564,
37.8342,-37.8342,35.9425,0,3.60353,2.70497,111,115,28.0905,180,117.225,6.22453,
18.8896,-18.8896,17.9451,0,3.64898,3.20035,112,114,28.1172,180,119.856,7.856,
6.898,-6.898,6.5531,0,3.62717,3.46334,112,115,28.1502,180,118.508,6.50831,
-10.9227,10.9227,-10.3766,0,3.50243,3.76184,112,115,28.1877,180,111.16,-0.840178,
-34.4302,34.4302,-32.7087,0,3.35425,4.17197,112,115,28.2162,180,102.363,-9.63739,
-38.1645,38.1645,-36.2563,0,3.18573,4.09214,113,115,28.2432,180,92.5604,-20.4396,
-49.6486,49.6486,-47.1662,0,2.99281,4.17197,112,115,28.2732,180,81.3772,-30.6228,
-46.4099,46.4099,-44.0894,0,2.82476,3.92699,113,115,28.3026,180,71.583,-41.417,
-44.082,44.082,-41.8779,0,2.7149,3.76184,113,115,28.3278,180,65.1242,-47.8758,
-26.2586,26.2586,-24.9457,0,2.64231,3.26595,112,114,28.356,180,60.851,-51.149,
-11.1732,11.1732,-10.6145,0,2.63125,2.89661,112,114,28.3848,180,60.2272,-51.7728,
-0.976983,0.976983,-0.928134,0,2.68176,2.70497,111,114,28.4124,180,63.2527,-47.7473,
25.897,-25.897,24.6022,0,2.7914,2.17634,111,114,28.4409,180,69.7122,-41.2878,
33.388,-33.388,31.7186,0,2.96931,2.17634,111,114,28.473,180,80.0154,-30.9846,
43.8157,-43.8157,41.6249,0,3.13056,2.08994,111,114,28.4982,180,89.3215,-21.6785,
49.3589,-49.3589,46.891,0,3.34862,2.17634,111,114,28.5324,180,101.88,-9.12017,
46.9535,-46.9535,44.6058,0,3.47134,2.35619,111,114,28.5546,180,109.006,-1.99371,
32.3794,-32.3794,30.7605,0,3.58885,2.81984,112,113,28.5825,180,115.822,3.82226,
26.1435,-26.1435,24.8363,0,3.65184,3.03094,112,114,28.6095,180,119.433,7.43272,
2.18975,-2.18975,2.08026,0,3.65725,3.60524,113,114,28.6377,180,119.619,6.61876,
-13.9506,13.9506,-13.253,0,3.59567,3.92699,113,114,28.6671,180,115.899,2.8987,
-28.8066,28.8066,-27.3663,0,3.48781,4.17197,112,114,28.6935,180,109.555,-2.44499,
-39.9712,39.9712,-37.9727,0,3.32644,4.27576,113,114,28.7223,180,100.233,-12.767,
-43.2454,43.2454,-41.0831,0,3.14489,4.17197,113,114,28.7505,180,89.8115,-23.1885,
-40.7907,40.7907,-38.7511,0,2.95821,3.92699,113,114,28.7796,180,79.0966,-33.9034,
-39.5189,39.5189,-37.5429,0,2.80856,3.74714,113,113,28.8063,180,70.5022,-42.4978,
-23.8144,23.8144,-22.6236,0,2.68666,3.25225,113,113,28.836,180,63.5313,-49.4687,
-19.1797,19.1797,-18.2208,0,2.62732,3.08284,112,113,28.8642,180,60.2759,-51.7241,
-6.50845,6.50845,-6.18303,0,2.62825,2.78282,112,112,28.8906,180,60.5746,-51.4254,
14.4346,-14.4346,13.7129,0,2.69902,2.35619,112,113,28.9215,180,64.9776,-47.0224,
19.111,-19.111,18.1555,0,2.81008,2.35619,112,113,28.9476,180,71.6426,-40.3574,
29.2897,-29.2897,27.8252,0,2.96868,2.27305,112,113,28.9758,180,81.0168,-30.9832,
36.9811,-36.9811,35.132,0,3.15135,2.27305,112,113,29.0046,180,91.7332,-20.2668,
40.6321,-40.6321,38.6005,0,3.32121,2.35619,112,113,29.0319,180,101.707,-10.2935,
40.2468,-40.2468,38.2345,0,3.4772,2.52134,112,113,29.0613,180,110.891,-1.10908,
37.0124,-37.0124,35.1618,0,3.58401,2.70497,112,113,29.0904,180,117.209,5.20867,
23.0279,-23.0279,21.8765,0,3.62975,3.08284,112,113,29.1297,180,119.948,7.94769,
-0.919858,0.919858,-0.873865,0,3.58339,3.60524,113,113,29.1597,180,117.193,4.19277,
-23.0431,23.0431,-21.8909,0,3.37972,3.92699,113,113,29.2071,180,105.401,-7.59915,
-43.7245,43.7245,-41.5382,0,3.15479,4.19324,113,113,29.2437,180,92.3726,-20.6274,
-51.4644,51.4644,-48.8912,0,2.97096,4.19324,113,113,29.2722,180,81.7389,-31.2611,
-53.7038,53.7038,-51.0186,0,2.81667,4.09214,114,113,29.2986,180,72.7961,-41.2039,
-52.8161,52.8161,-50.1753,0,2.67261,3.92699,113,113,29.3313,180,64.411,-48.589,
-44.0061,44.0061,-41.8058,0,2.61559,3.66074,113,112,29.3544,180,60.9996,-52.0004,
-17.5119,17.5119,-16.6363,0,2.60133,3.01724,112,112,29.382,180,60.116,-51.884,
-2.07858,2.07858,-1.97465,0,2.6556,2.70497,112,112,29.4126,180,63.2869,-48.7131,
28.118,-28.118,26.7121,0,2.75775,2.08994,111,112,29.4393,180,69.272,-41.728,
46.4215,-46.4215,44.1005,0,2.91829,1.81577,112,113,29.4687,180,78.5021,-33.4979,
53.9149,-53.9149,51.2192,0,3.09625,1.81577,112,113,29.4963,180,88.6056,-23.3944,
58.1339,-58.1339,55.2272,0,3.27323,1.89255,112,112,29.5233,180,98.6589,-13.3411,
56.4021,-56.4021,53.582,0,3.45077,2.11122,112,112,29.5539,180,108.801,-3.19862,
37.2485,-37.2485,35.3861,0,3.58962,2.70497,112,112,29.5878,180,116.781,4.78135,
23.7434,-23.7434,22.5562,0,3.64674,3.08284,112,112,29.6277,180,119.983,7.98273,
-7.54692,7.54692,-7.16958,0,3.5826,3.76184,113,112,29.6673,180,115.861,2.86056,
-36.9104,36.9104,-35.0649,0,3.477,4.35362,113,112,29.6943,180,109.325,-3.67469,
-56.1968,56.1968,-53.3869,0,3.31896,4.65363,113,112,29.7228,180,100.056,-12.9443,
-68.7576,68.7576,-65.3197,0,3.13815,4.77114,113,113,29.751,180,89.623,-23.377,
-65.1605,65.1605,-61.9024,0,2.96743,4.51499,114,112,29.7777,180,79.767,-34.233,
-61.8961,61.8961,-58.8013,0,2.80573,4.27576,114,112,29.8068,180,70.3594,-43.6406,
-48.1136,48.1136,-45.708,0,2.70115,3.84385,113,112,29.8326,180,64.1586,-48.8414,
-13.8262,13.8262,-13.1348,0,2.63855,2.96692,113,111,29.8611,180,60.4565,-52.5435,
0.668266,-0.668266,0.634853,0,2.63832,2.62245,112,111,29.8899,180,60.5243,-51.4757,
37.0668,-37.0668,35.2135,0,2.69611,1.81577,112,112,29.9169,180,64.0633,-47.9367,
45.1015,-45.1015,42.8464,0,2.81663,1.74547,112,111,29.9454,180,70.9937,-41.0063,
54.2682,-54.2682,51.5548,0,2.98402,1.69515,111,111,29.9742,180,80.4431,-30.5569,
57.2,-57.2,54.34,0,3.17428,1.81577,112,112,30.003,180,91.1307,-20.8693,
53.2532,-53.2532,50.5906,0,3.35471,2.08994,111,111,30.0306,180,101.254,-9.74627,
34.1801,-34.1801,32.4711,0,3.51674,2.70497,112,111,30.0594,180,110.371,-1.62906,
23.1283,-23.1283,21.9719,0,3.63213,3.08284,112,111,30.087,180,116.644,4.64409,
0.514517,-0.514517,0.488791,0,3.69423,3.68201,113,111,30.1146,180,119.744,6.74417,
-13.4183,13.4183,-12.7474,0,3.69145,4.01013,113,111,30.1455,180,119.01,6.01004,
-19.8061,19.8061,-18.8157,0,3.63645,4.10684,114,111,30.1704,180,115.249,1.24872,
-35.6098,35.6098,-33.8293,0,3.50789,4.35362,113,111,30.201,180,107.327,-5.67282,
-38.2908,38.2908,-36.3762,0,3.36636,4.27576,114,111,30.2265,180,98.7311,-15.2689,
-42.3353,42.3353,-40.2185,0,3.18778,4.19324,114,111,30.255,180,88.1163,-25.8837,
-45.4864,45.4864,-43.2121,0,3.01184,4.09214,114,111,30.2838,180,77.6374,-36.3626,
-37.714,37.714,-35.8283,0,2.86613,3.76184,114,111,30.312,180,68.9205,-45.0795,
-27.8872,27.8872,-26.4928,0,2.76532,3.42764,114,110,30.3399,180,62.8713,-51.1287,
-15.3133,15.3133,-14.5476,0,2.71915,3.08284,113,110,30.3672,180,60.144,-52.856,
5.51805,-5.51805,5.24215,0,2.73223,2.60117,113,110,30.3957,180,61.0093,-51.9907,
15.4038,-15.4038,14.6336,0,2.80518,2.43934,113,110,30.4236,180,65.423,-47.577,
27.7141,-27.7141,26.3284,0,2.93126,2.27305,113,110,30.4518,180,72.9199,-40.0801,
34.499,-34.499,32.774,0,3.0924,2.27305,113,110,30.4797,180,82.4298,-30.5702,
42.2892,-42.2892,40.1747,0,3.2699,2.26553,112,110,30.5076,180,92.8608,-19.1392,
49.1957,-49.1957,46.7359,0,3.44145,2.27305,113,110,30.5355,180,102.944,-10.0563,
41.5766,-41.5766,39.4978,0,3.58862,2.60117,113,110,30.564,180,111.609,-1.39073,
36.5512,-36.5512,34.7236,0,3.68793,2.81984,113,110,30.5919,180,117.442,4.44202,
17.5071,-17.5071,16.6318,0,3.73206,3.31626,113,110,30.6213,180,119.968,6.96758,
1.16776,-1.16776,1.10937,0,3.70975,3.68201,113,110,30.6501,180,118.52,5.52002,
-19.5277,19.5277,-18.5513,0,3.62836,4.09214,114,110,30.678,180,113.589,-0.411347,
-32.7802,32.7802,-31.1412,0,3.49723,4.27576,114,110,30.7056,180,105.883,-8.11663,
-42.8567,42.8567,-40.7138,0,3.33577,4.35362,114,110,30.7326,180,96.5075,-17.4925,
-45.45,45.45,-43.1775,0,3.11381,4.19324,114,110,30.7668,180,83.7135,-30.2865,
-50.388,50.388,-47.8686,0,2.97526,4.17197,114,110,30.7896,180,75.6797,-38.3203,
-38.711,38.711,-36.7755,0,2.84245,3.76184,114,110,30.8157,180,67.9511,-46.0489,
-28.879,28.879,-27.4351,0,2.74177,3.42764,114,109,30.8448,180,62.1345,-51.8655,
-6.43059,6.43059,-6.10906,0,2.70281,2.85554,113,109,30.8733,180,60.0068,-52.9932,
5.19028,-5.19028,4.93077,0,2.72444,2.60117,113,109,30.9003,180,61.5035,-51.4965,
15.617,-15.617,14.8361,0,2.81024,2.43934,113,109,30.9294,180,66.7411,-46.2589,
28.4688,-28.4688,27.0454,0,2.94919,2.27305,113,109,30.9585,180,75.0544,-37.9456,
35.5327,-35.5327,33.756,0,3.11695,2.27305,113,109,30.9867,180,85.0093,-27.9907,
42.4325,-42.4325,40.3109,0,3.28082,2.27305,113,109,31.0125,180,94.693,-18.307,
42.9939,-42.9939,40.8442,0,3.46044,2.43934,113,109,31.0425,180,105.271,-7.72876,
41.9251,-41.9251,39.8289,0,3.59689,2.60117,113,109,31.071,180,113.354,0.353869,
26.0511,-26.0511,24.7486,0,3.70155,3.08284,113,109,31.1109,180,119.53,6.53031,
17.626,-17.626,16.7447,0,3.68457,3.26595,113,108,31.1496,180,118.578,5.57793,
-9.25743,9.25743,-8.79456,0,3.54198,3.76184,114,109,31.191,180,110.26,-3.74002,
-35.7487,35.7487,-33.9613,0,3.34421,4.19324,114,109,31.2267,180,98.6589,-15.3411,
-49.8571,49.8571,-47.3642,0,3.16951,4.35362,114,109,31.254,180,88.4927,-25.5073,
-58.1037,58.1037,-55.1985,0,2.97366,4.35362,114,109,31.2852,180,77.1584,-36.8416,
-60.2362,60.2362,-57.2244,0,2.84515,4.27576,115,109,31.3095,180,69.6014,-45.3986,
-46.4534,46.4534,-44.1308,0,2.74058,3.84385,114,109,31.3371,180,63.3386,-50.6614,
-34.1396,34.1396,-32.4326,0,2.68955,3.50036,114,108,31.3659,180,60.1959,-53.8041,
-20.9844,20.9844,-19.9351,0,2.70197,3.20035,114,108,31.3938,180,60.8333,-53.1667,
14.3072,-14.3072,13.5918,0,2.77913,2.43934,113,108,31.4232,180,65.3369,-47.6631,
29.8927,-29.8927,28.3981,0,2.901,2.19105,113,108,31.4502,180,72.4275,-40.5725,
48.7411,-48.7411,46.304,0,3.08717,1.92957,112,108,31.4817,180,83.1617,-28.8383,
55.4947,-55.4947,52.72,0,3.24757,1.92957,112,108,31.5063,180,92.3726,-19.6274,
63.2169,-63.2169,60.056,0,3.43097,1.92957,112,108,31.5354,180,102.91,-9.09034,
54.8117,-54.8117,52.0711,0,3.57483,2.27305,113,108,31.5627,180,111.266,-1.73355,
45.2434,-45.2434,42.9812,0,3.6757,2.60117,113,108,31.59,180,117.145,4.14481,
14.2238,-14.2238,13.5126,0,3.72439,3.38657,114,108,31.6197,180,119.933,5.93349,
-2.37858,2.37858,-2.25965,0,3.70535,3.76184,114,108,31.6488,180,118.668,4.66824,
-31.9948,31.9948,-30.395,0,3.63076,4.39064,114,108,31.6755,180,114.159,0.159237,
-44.1304,44.1304,-41.9239,0,3.48962,4.53772,114,108,31.7052,180,106.011,-7.98891,
-53.6048,53.6048,-50.9246,0,3.31492,4.58803,114,108,31.7337,180,96.1021,-17.8979,
-53.4935,53.4935,-50.8188,0,3.12017,4.39064,114,108,31.7631,180,85.0837,-28.9163,
-51.1146,51.1146,-48.5589,0,2.958,4.17197,114,108,31.7889,180,75.9122,-38.0878,
-29.118,29.118,-27.6621,0,2.80881,3.50036,114,107,31.8177,180,67.4469,-46.5531,
-20.489,20.489,-19.4645,0,2.71374,3.20035,114,107,31.8441,180,62.2334,-51.7666,
-9.60425,9.60425,-9.12404,0,2.66851,2.89661,114,107,31.8726,180,60.0136,-53.9864,
13.9969,-13.9969,13.2971,0,2.68862,2.35619,113,107,31.902,180,61.7103,-51.2897,
20.7425,-20.7425,19.7054,0,2.76569,2.27305,113,107,31.9293,180,66.7173,-46.2827,
33.1243,-33.1243,31.4681,0,2.89792,2.11122,113,107,31.9578,180,74.8262,-38.1738,
39.4322,-39.4322,37.4606,0,3.04773,2.11122,113,107,31.9836,180,83.861,-29.139,
40.0617,-40.0617,38.0586,0,3.22452,2.27305,113,107,32.0118,180,94.4322,-18.5678,
40.693,-40.693,38.6583,0,3.40579,2.43934,113,107,32.0424,180,105.239,-7.76122,
35.0687,-35.0687,33.3153,0,3.53785,2.70497,113,107,32.0703,180,113.187,0.187324,
20.3349,-20.3349,19.3182,0,3.62455,3.14159,114,107,32.0988,180,118.389,4.38866,
11.1093,-11.1093,10.5538,0,3.65042,3.38657,114,107,32.1303,180,119.933,5.93349,
0.710656,-0.710656,0.675123,0,3.62212,3.60524,115,107,32.1525,180,118.226,3.22642,
-16.8101,16.8101,-15.9696,0,3.52775,3.92699,115,107,32.1819,180,112.652,-2.34772,
-26.5923,26.5923,-25.2626,0,3.37857,4.01013,114,107,32.2116,180,103.921,-10.0789,
-37.9082,37.9082,-36.0128,0,3.19182,4.09214,115,107,32.2419,180,93.0484,-21.9516,
-41.0406,41.0406,-38.9886,0,3.03542,4.01013,114,107,32.2662,180,83.9348,-30.0652,
-44.5899,44.5899,-42.3604,0,2.86798,3.92699,115,107,32.2941,180,74.2127,-40.7873,
-40.5079,40.5079,-38.4825,0,2.71995,3.68201,115,107,32.3256,180,65.5972,-49.4028,
-35.9976,35.9976,-34.1977,0,2.64542,3.50036,114,106,32.3517,180,61.2768,-52.7232,
-14.477,14.477,-13.7531,0,2.62309,2.96692,114,106,32.3799,180,60.0569,-53.9431,
2.24891,-2.24891,2.13647,0,2.73136,2.67795,114,106,32.4282,180,66.458,-47.542,
27.5966,-27.5966,26.2168,0,2.92095,2.26553,113,106,32.4666,180,77.7749,-35.2251,
41.9258,-41.9258,39.8295,0,3.08568,2.08994,113,106,32.4936,180,87.5899,-25.4101,
53.2187,-53.2187,50.5578,0,3.27137,2.00742,113,106,32.5227,180,98.4421,-14.5579,
55.6348,-55.6348,52.853,0,3.41127,2.08994,113,106,32.547,180,106.706,-6.29373,
44.6284,-44.6284,42.397,0,3.59597,2.53605,113,106,32.5929,180,117.592,4.59218,
23.1182,-23.1182,21.9623,0,3.63189,3.08284,114,106,32.6199,180,119.938,5.93841,
6.17133,-6.17133,5.86276,0,3.60991,3.46334,114,106,32.6484,180,118.712,4.71231,
-20.2811,20.2811,-19.267,0,3.52846,4.01013,115,106,32.6763,180,113.979,-1.02078,
-35.5052,35.5052,-33.73,0,3.40549,4.24874,115,106,32.7024,180,106.894,-8.10633,
-47.3636,47.3636,-44.9954,0,3.22873,4.35362,115,106,32.7318,180,96.8016,-18.1984,
-50.1987,50.1987,-47.6887,0,3.05652,4.24874,115,106,32.7579,180,87.0267,-27.9733,
-47.8247,47.8247,-45.4335,0,2.87429,4.01013,115,106,32.7867,180,76.6497,-38.3503,
-35.7527,35.7527,-33.9651,0,2.72909,3.57822,115,105,32.814,180,68.3907,-46.6093,
-24.2662,24.2662,-23.0529,0,2.62403,3.20035,115,105,32.8422,180,62.5125,-52.4875,
-18.6048,18.6048,-17.6745,0,2.57537,3.01724,114,105,32.874,180,60.0024,-53.9976,
6.64212,-6.64212,6.31001,0,2.59709,2.43934,114,105,32.9019,180,61.6978,-52.3022,
17.0187,-17.0187,16.1678,0,2.67725,2.27305,114,105,32.9292,180,66.6935,-47.3065,
30.1824,-30.1824,28.6733,0,2.80678,2.08994,113,105,32.9568,180,74.5022,-38.4978,
36.8159,-36.8159,34.9751,0,2.96432,2.08994,113,105,32.9835,180,83.8241,-29.1759,
44.4743,-44.4743,42.2506,0,3.14621,2.08994,113,105,33.012,180,94.5068,-18.4932,
43.9189,-43.9189,41.723,0,3.31613,2.27305,114,105,33.0402,180,104.519,-9.48136,
39.244,-39.244,37.2818,0,3.45339,2.52134,114,105,33.0681,180,112.652,-1.34772,
24.1335,-24.1335,22.9268,0,3.54009,2.96692,114,105,33.0945,180,117.823,3.82335,
15.8574,-15.8574,15.0646,0,3.57696,3.20035,115,105,33.1236,180,119.995,4.99536,
-5.6737,5.6737,-5.39001,0,3.54726,3.68201,115,105,33.1527,180,118.201,3.20079,
-16.5858,16.5858,-15.7565,0,3.44994,3.84385,115,105,33.1827,180,112.453,-2.5466,
-25.704,25.704,-24.4188,0,3.31652,3.92699,115,105,33.2094,180,104.65,-10.3496,
-35.9408,35.9408,-34.1438,0,3.15654,4.01013,115,105,33.2358,180,95.3249,-19.6751,
-44.2588,44.2588,-42.0459,0,2.95899,4.01013,115,105,33.2664,180,83.861,-31.139,
-40.4799,40.4799,-38.4559,0,2.80044,3.76184,116,105,33.2928,180,74.6315,-41.3685,
-39.1453,39.1453,-37.1881,0,2.64852,3.57822,115,104,33.3246,180,65.8184,-49.1816,
-32.3593,32.3593,-30.7413,0,2.54773,3.31626,115,105,33.3771,180,60.0104,-54.9896,
-8.34381,8.34381,-7.92661,0,2.58466,2.78282,114,104,33.4065,180,62.3198,-51.6802,
17.5738,-17.5738,16.6951,0,2.68291,2.26553,114,104,33.4353,180,68.2085,-45.7915,
39.2584,-39.2584,37.2954,0,2.82493,1.89255,114,104,33.4629,180,76.5148,-37.4852,
52.4612,-52.4612,49.8382,0,3.06173,1.81577,114,105,33.5004,180,90.1508,-23.8492,
61.4357,-61.4357,58.3639,0,3.27487,1.81577,114,105,33.534,180,102.431,-11.5687,
48.5113,-48.5113,46.0857,0,3.4252,2.27305,114,104,33.5631,180,111.373,-2.62746,
45.5341,-45.5341,43.2574,0,3.52077,2.43934,114,104,33.5895,180,117.064,3.06402,
15.3832,-15.3832,14.614,0,3.5657,3.20035,115,104,33.6159,180,119.804,4.80406,
-1.14152,1.14152,-1.08445,0,3.55111,3.57822,115,104,33.6459,180,118.971,3.97126,
-15.2198,15.2198,-14.4588,0,3.48238,3.84385,115,104,33.672,180,114.918,-0.082123,
-38.5768,38.5768,-36.6479,0,3.35956,4.27576,116,104,33.6996,180,107.755,-8.24467,
-45.9258,45.9258,-43.6295,0,3.18502,4.27576,116,104,33.7293,180,97.716,-18.284,
-49.7009,49.7009,-47.2158,0,3.01285,4.19324,115,104,33.7557,180,87.853,-27.147,
-52.9732,52.9732,-50.3246,0,2.83403,4.09214,116,104,33.7839,180,77.6031,-38.3969,
-46.0292,46.0292,-43.7278,0,2.66865,3.76184,116,104,33.8151,180,68.1052,-47.8948,
-26.7136,26.7136,-25.3779,0,2.5659,3.20035,115,103,33.8439,180,62.262,-52.738,
-18.6149,18.6149,-17.6841,0,2.52482,2.96692,115,103,33.8688,180,60.091,-54.909,
11.3937,-11.3937,10.824,0,2.54365,2.27305,114,103,33.9,180,61.4683,-52.5317,
26.9567,-26.9567,25.6088,0,2.61591,1.97569,114,104,33.9258,180,65.908,-48.092,
39.9541,-39.9541,37.9564,0,2.76469,1.81577,114,104,33.957,180,74.5668,-39.4332,
47.3793,-47.3793,45.0103,0,2.94103,1.81577,114,104,33.9858,180,84.6751,-29.3249,
54.4391,-54.4391,51.7172,0,3.1087,1.81577,114,104,34.0113,180,94.2457,-19.7543,
42.3472,-42.3472,40.2298,0,3.2788,2.27305,114,103,34.0386,180,103.988,-10.0121,
41.6477,-41.6477,39.5653,0,3.42847,2.43934,115,103,34.0677,180,112.553,-2.44688,
16.0604,-16.0604,15.2573,0,3.52303,3.14159,115,103,34.095,180,117.893,2.89329,
5.72365,-5.72365,5.43747,0,3.56358,3.42764,116,103,34.122,180,119.979,3.97868,
-5.02037,5.02037,-4.76935,0,3.54151,3.66074,115,103,34.1514,180,118.364,3.36419,
-19.6108,19.6108,-18.6303,0,3.46123,3.92699,116,103,34.1793,180,113.283,-2.71729,
-28.5592,28.5592,-27.1313,0,3.33937,4.01765,116,103,34.2057,180,105.851,-10.1486,
-35.7051,35.7051,-33.9199,0,3.16965,4.01765,116,103,34.2348,180,95.6955,-20.3045,
-40.0871,40.0871,-38.0827,0,2.97492,3.92699,116,103,34.2657,180,84.1196,-31.8804,
-39.3463,39.3463,-37.379,0,2.82737,3.76184,116,103,34.2909,180,75.251,-40.749,
-30.8763,30.8763,-29.3325,0,2.69433,3.42764,116,103,34.3182,180,67.323,-48.677,
-30.6614,30.6614,-29.1283,0,2.58806,3.31626,115,103,34.3542,180,61.019,-53.981,
-8.89576,8.89576,-8.45097,0,2.57155,2.78282,115,102,34.3773,180,60.0125,-54.9875,
0.194751,-0.194751,0.185013,0,2.6058,2.60117,115,102,34.4043,180,62.0106,-52.9894,
15.1999,-15.1999,14.4399,0,2.71719,2.35619,115,103,34.4364,180,68.4956,-46.5044,
27.6535,-27.6535,26.2708,0,2.84782,2.19105,115,103,34.4616,180,76.0789,-38.9211,
34.8522,-34.8522,33.1096,0,3.01879,2.19105,115,103,34.4892,180,85.941,-29.059,
42.4163,-42.4163,40.2955,0,3.19843,2.19105,115,103,34.5168,180,96.2865,-18.7135,
42.3965,-42.3965,40.2766,0,3.36311,2.35619,115,103,34.5441,180,105.787,-9.21269,
41.3383,-41.3383,39.2713,0,3.50313,2.52134,115,103,34.5732,180,113.865,-1.13453,
27.8442,-27.8442,26.452,0,3.58422,2.92292,115,102,34.5999,180,118.52,3.52002,
14.5577,-14.5577,13.8298,0,3.61169,3.26595,115,102,34.6284,180,119.973,4.97262,
-7.21571,7.21571,-6.85492,0,3.57576,3.74714,116,102,34.6566,180,117.666,1.66562,
-15.6226,15.6226,-14.8415,0,3.47918,3.85022,116,102,34.6851,180,111.843,-4.15677,
-28.0851,28.0851,-26.6808,0,3.34311,4.01013,116,103,34.7121,180,103.754,-12.2461,
-35.4977,35.4977,-33.7229,0,3.16706,4.01013,116,103,34.7409,180,93.4231,-22.5769,
-43.3998,43.3998,-41.2298,0,2.97939,4.01013,116,103,34.7703,180,82.4298,-33.5702,
-42.9307,42.9307,-40.7842,0,2.82425,3.84385,116,102,34.797,180,73.2937,-42.7063,
-40.8142,40.8142,-38.7735,0,2.6914,3.66074,116,102,34.8261,180,65.4881,-50.5119,
-24.5936,24.5936,-23.3639,0,2.61625,3.20035,116,102,34.854,180,61.0386,-54.9614,
-14.4811,14.4811,-13.7571,0,2.62299,2.96692,116,101,34.8996,180,61.4221,-54.5779,
-0.206831,0.206831,-0.196489,0,2.70005,2.70497,115,102,34.926,180,65.953,-49.047,
26.7414,-26.7414,25.4044,0,2.82616,2.19105,115,102,34.9533,180,73.3878,-41.6122,
38.45,-38.45,36.5275,0,3.0244,2.11122,115,102,34.9863,180,84.8607,-30.1393,
51.564,-51.564,48.9858,0,3.25909,2.03444,115,102,35.0226,180,98.4059,-16.5941,
52.3686,-52.3686,49.7501,0,3.4348,2.19105,115,102,35.0535,180,108.684,-6.31637,
45.0699,-45.0699,42.8164,0,3.59175,2.52134,115,102,35.0949,180,117.879,2.87939,
20.3488,-20.3488,19.3313,0,3.62488,3.14159,115,101,35.1198,180,119.936,4.93597,
4.32305,-4.32305,4.1069,0,3.60304,3.50036,116,101,35.1489,180,118.657,2.65711,
-21.0317,21.0317,-19.9801,0,3.51063,4.01013,116,102,35.1795,180,113.235,-2.76491,
-37.3461,37.3461,-35.4788,0,3.38879,4.27576,117,101,35.2047,180,106.17,-10.8298,
-45.0239,45.0239,-42.7727,0,3.20644,4.27576,117,101,35.2347,180,95.7325,-21.2675,
-53.4008,53.4008,-50.7308,0,3.00749,4.27576,117,101,35.265,180,84.3786,-32.6214,
-52.6175,52.6175,-49.9866,0,2.85718,4.10684,117,101,35.2893,180,75.7792,-41.2208,
-36.3785,36.3785,-34.5595,0,2.71423,3.57822,117,101,35.3172,180,67.5716,-49.4284,
-29.5434,29.5434,-28.0662,0,2.61461,3.31626,116,101,35.3463,180,61.93,-54.07,
-16.4108,16.4108,-15.5903,0,2.57716,2.96692,116,100,35.3751,180,60,-56,
11.0148,-11.0148,10.464,0,2.6178,2.35619,115,101,35.4087,180,62.6502,-52.3498,
24.9879,-24.9879,23.7386,0,2.7698,2.17634,115,101,35.4477,180,71.6724,-43.3276,
38.7629,-38.7629,36.8247,0,2.92804,2.00742,115,101,35.4759,180,81.0528,-33.9472,
52.1985,-52.1985,49.5886,0,3.09656,1.85685,115,101,35.5023,180,90.867,-24.133,
53.4445,-53.4445,50.7723,0,3.27673,2.00742,115,101,35.5308,180,101.324,-13.6764,
45.0659,-45.0659,42.8126,0,3.42651,2.35619,115,101,35.5584,180,110.093,-4.90741,
38.2519,-38.2519,36.3393,0,3.53093,2.62245,115,100,35.5848,180,116.253,1.25279,
29.3365,-29.3365,27.8697,0,3.59336,2.89661,116,101,35.6187,180,119.906,3.90604,
0.313301,-0.313301,0.297636,0,3.58566,3.57822,117,100,35.6412,180,119.381,2.3805,
-10.1017,10.1017,-9.59659,0,3.52193,3.76184,117,101,35.6688,180,115.569,-1.43065,
-33.1817,33.1817,-31.5226,0,3.38391,4.17197,117,101,35.7006,180,107.45,-9.54994,
-39.139,39.139,-37.182,0,3.24242,4.17197,117,101,35.7252,180,99.1988,-17.8012,
-46.5955,46.5955,-44.2657,0,3.06533,4.17197,117,101,35.7528,180,88.9446,-28.0554,
-51.4414,51.4414,-48.8694,0,2.87041,4.09214,118,101,35.7837,180,77.6718,-40.3282,
-50.2668,50.2668,-47.7535,0,2.73315,3.92699,118,100,35.8092,180,69.6845,-48.3155,
-32.2862,32.2862,-30.6719,0,2.61977,3.38657,117,100,35.8386,180,63.0841,-53.9159,
-21.6213,21.6213,-20.5402,0,2.56933,3.08284,117,100,35.8653,180,60.2226,-56.7774,
9.27054,-9.27054,8.80701,0,2.57637,2.35619,116,100,35.8935,180,60.807,-55.193,
19.2397,-19.2397,18.2777,0,2.64799,2.19105,116,100,35.922,180,65.0821,-50.9179,
32.4206,-32.4206,30.7996,0,2.77741,2.00742,116,100,35.9508,180,72.6113,-43.3887,
40.9306,-40.9306,38.884,0,2.94779,1.97569,116,100,35.9796,180,82.3933,-33.6067,
47.6042,-47.6042,45.224,0,3.13802,2.00742,116,100,36.0087,180,93.2733,-22.7267,
40.0036,-40.0036,38.0035,0,3.30628,2.35619,116,100,36.0354,180,102.91,-13.0903,
39.1582,-39.1582,37.2003,0,3.46606,2.53605,116,100,36.0657,180,112.049,-3.95114,
32.7487,-32.7487,31.1113,0,3.5606,2.78282,116,99,36.0915,180,117.381,1.38075,
14.9859,-14.9859,14.2366,0,3.60817,3.25225,117,100,36.12,180,119.941,2.9408,
3.8754,-3.8754,3.68163,0,3.5924,3.50036,117,99,36.1485,180,118.701,1.70136,
-17.1118,17.1118,-16.2562,0,3.52059,3.92699,118,100,36.1755,180,114.159,-3.84076,
-29.1203,29.1203,-27.6642,0,3.40053,4.09214,118,100,36.2025,180,106.863,-11.1375,
-36.1178,36.1178,-34.3119,0,3.23434,4.09214,118,100,36.2313,180,96.985,-21.015,
-40.1775,40.1775,-38.1686,0,3.05592,4.01013,118,100,36.2595,180,86.4271,-31.5729,
-40.6003,40.6003,-38.5703,0,2.87959,3.84385,118,100,36.2886,180,76.0121,-41.9879,
-31.7169,31.7169,-30.1311,0,2.74709,3.50036,118,99,36.315,180,68.1309,-49.8691,
-30.9982,30.9982,-29.4483,0,2.65036,3.38657,118,99,36.3429,180,62.4078,-55.5922,
-19.9367,19.9367,-18.9399,0,2.60934,3.08284,117,99,36.3738,180,60.0034,-56.9966,
-1.82498,1.82498,-1.73373,0,2.6346,2.67795,117,99,36.4008,180,61.5629,-55.4371,
12.0514,-12.0514,11.4489,0,2.72556,2.43934,117,98,36.4302,180,66.9327,-50.0673,
27.8873,-27.8873,26.493,0,2.85337,2.19105,117,99,36.4566,180,74.4377,-42.5623,
35.1344,-35.1344,33.3777,0,3.02549,2.19105,117,99,36.4851,180,84.4156,-32.5844,
42.6643,-42.6643,40.5311,0,3.20432,2.19105,117,99,36.5127,180,94.7675,-22.2325,
43.1815,-43.1815,41.0224,0,3.38176,2.35619,117,99,36.5418,180,105.044,-11.9565,
42.3401,-42.3401,40.2231,0,3.52692,2.52134,117,99,36.5715,180,113.472,-3.52828,
27.0885,-27.0885,25.7341,0,3.61027,2.96692,118,98,36.5982,180,118.315,0.314721,
23.4786,-23.4786,22.3047,0,3.64045,3.08284,117,99,36.6261,180,119.997,2.99713,
-6.4836,6.4836,-6.15942,0,3.60786,3.76184,118,99,36.6546,180,117.948,-0.0515462,
-13.6137,13.6137,-12.933,0,3.52052,3.84385,118,99,36.6816,180,112.726,-5.27373,
-26.8718,26.8718,-25.5282,0,3.37193,4.01013,118,99,36.7113,180,104.021,-13.9788,
-34.2275,34.2275,-32.5162,0,3.19723,4.01013,118,99,36.7398,180,93.8348,-24.1652,
-44.6799,44.6799,-42.4459,0,3.03099,4.09214,119,99,36.7656,180,84.1565,-34.8435,
-48.6369,48.6369,-46.2051,0,2.85501,4.01013,119,98,36.795,180,73.9252,-45.0748,
-43.5638,43.5638,-41.3856,0,2.7272,3.76184,119,98,36.822,460,66.4113,-52.5887,
-33.9726,33.9726,-32.274,0,2.69351,3.50036,118,98,36.8502,460,61.4451,-56.5549,
-7.09604,7.09604,-6.74123,0,2.79839,2.96692,118,97,36.8796,460,60.0501,-57.9499,
16.5829,-16.5829,15.7538,0,3.07179,2.67795,118,98,36.9069,460,62.3783,-55.6217,
46.6175,-46.6175,44.2866,0,3.46336,2.35619,117,98,36.9366,460,68.5482,-48.4518,
75.6187,-75.6187,71.8378,0,3.97229,2.17634,117,98,36.9627,460,76.4475,-40.5525,
100.79,-100.79,95.7501,0,4.57009,2.17634,117,98,36.9945,460,87.9282,-29.0718,
113.822,-113.822,108.131,0,5.1426,2.43934,118,97,37.0224,460,98.3335,-19.6665,
115.406,-115.406,109.636,0,5.63751,2.89661,118,98,37.0479,460,106.987,-11.013,
82.4172,-82.4172,78.2964,0,6.06425,4.10684,119,97,37.0812,460,115.569,-3.43065,
71.1945,-71.1945,67.6348,0,6.40326,4.71239,120,98,37.1229,460,119.99,-0.0104454,
16.2886,-16.2886,15.4742,0,6.7288,6.34194,119,99,37.1451,460,119.048,0.0480965,
-7.40091,7.40091,-7.03087,0,6.89281,7.06858,118,99,37.1733,460,114.642,-3.35835,
-44.5957,44.5957,-42.3659,0,7.03981,8.09896,118,98,37.2024,460,106.894,-11.1063,
-54.2782,54.2782,-51.5643,0,7.17042,8.45953,118,98,37.2294,460,97.6796,-20.3204,
-49.8874,49.8874,-47.3931,0,7.2747,8.45953,118,98,37.257,460,87.3645,-30.6355,
-39.1328,39.1328,-37.1762,0,7.3612,8.29061,118,98,37.2858,460,76.9544,-41.0456,
-8.51268,8.51268,-8.08704,0,7.45441,7.65659,118,98,37.3137,460,68.4693,-49.5307,
10.2226,-10.2226,9.71147,0,7.55635,7.31356,118,99,37.3428,460,62.4226,-55.5774,
26.0219,-26.0219,24.7208,0,7.6866,7.06858,119,99,37.3701,460,60.0569,-58.9431,
42.4043,-42.4043,40.2841,0,7.84889,6.84178,118,99,37.4004,460,61.5153,-56.4847,
51.5668,-51.5668,48.9884,0,8.04832,6.8236,118,99,37.4271,460,66.2032,-51.7968,
53.6387,-53.6387,50.9568,0,8.25936,6.98544,118,99,37.4541,460,73.6398,-44.3602,
53.8625,-53.8625,51.1694,0,8.51297,7.23373,118,99,37.4841,460,84.0456,-33.9544,
54.0523,-54.0523,51.3497,0,8.77895,7.49521,118,98,37.5144,460,95.3991,-22.6009,
37.9143,-37.9143,36.0185,0,8.99942,8.09896,118,98,37.5402,460,104.519,-13.4814,
32.1073,-32.1073,30.5019,0,9.22207,8.45953,118,98,37.5699,460,113.091,-4.90865,
8.2135,-8.2135,7.80283,0,9.40118,9.20611,119,97,37.5957,460,117.989,-1.01064,
4.09733,-4.09733,3.89246,0,9.52209,9.42478,119,97,37.6242,460,119.998,0.998484,
-4.81673,4.81673,-4.5759,0,9.59643,9.71083,120,97,37.6521,460,118.277,-1.72285,
-10.8518,10.8518,-10.3092,0,9.60367,9.86141,120,97,37.6821,460,112.603,-7.39723,
-11.9996,11.9996,-11.3996,0,9.57642,9.86141,120,97,37.71,460,104.453,-15.5474,
-14.5945,14.5945,-13.8648,0,9.51478,9.86141,120,97,37.7367,460,94.9907,-25.0093,
-18.3543,18.3543,-17.4366,0,9.42549,9.86141,120,97,37.7646,460,84.5268,-35.4732,
-22.0909,22.0909,-20.9864,0,9.33675,9.86141,120,97,37.7952,460,73.8616,-46.1384,
-23.4885,23.4885,-22.3141,0,9.30355,9.86141,120,97,37.821,460,66.6461,-53.3539,
-16.094,16.094,-15.2893,0,9.28752,9.66976,120,97,37.8498,460,61.4917,-58.5083,
-9.08903,9.08903,-8.63458,0,9.33327,9.54913,119,96,37.8789,460,60.036,-58.964,
2.91608,-2.91608,2.77028,0,9.43528,9.36602,119,97,37.9062,460,62.2764,-56.7236,
13.4898,-13.4898,12.8153,0,9.57049,9.25011,120,96,37.9326,460,67.5216,-52.4784,
21.1674,-21.1674,20.1091,0,9.75283,9.25011,120,96,37.9611,460,75.9122,-44.0878,
30.6718,-30.6718,29.1382,0,9.97856,9.25011,120,96,37.9923,460,87.1017,-32.8983,
39.6682,-39.6682,37.6848,0,10.1922,9.25011,120,96,38.0208,460,97.7524,-22.2476,
46.3699,-46.3699,44.0514,0,10.4017,9.30042,119,96,38.0511,460,107.967,-11.0326,
43.8503,-43.8503,41.6578,0,10.5906,9.54913,119,96,38.0901,460,117.161,-1.83916,
28.0298,-28.0298,26.6283,0,10.696,10.0303,120,96,38.1183,460,119.894,-0.106268,
17.7242,-17.7242,16.838,0,10.7143,10.2933,120,97,38.145,460,119.057,-0.942505,
4.25419,-4.25419,4.04148,0,10.66,10.5589,121,97,38.1741,460,114.468,-6.53162,
-19.9253,19.9253,-18.929,0,10.5223,10.9956,121,97,38.2062,460,105.691,-15.309,
-30.597,30.597,-29.0672,0,10.3932,11.1199,120,97,38.2284,460,98.0434,-21.9566,
-43.959,43.959,-41.761,0,10.1965,11.2406,121,98,38.2584,460,86.8392,-34.1608,
-51.272,51.272,-48.7084,0,10.0228,11.2406,121,98,38.2863,460,76.7849,-44.2151,
-46.304,46.304,-43.9888,0,9.89585,10.9956,121,97,38.3124,460,68.8135,-52.1865,
-39.766,39.766,-37.7777,0,9.80615,10.7506,121,97,38.3424,460,62.4824,-58.5176,
-28.5658,28.5658,-27.1375,0,9.79799,10.4764,121,96,38.3682,460,60.1095,-60.8905,
-0.438197,0.438197,-0.416287,0,9.851,9.86141,121,95,38.3994,460,61.3992,-59.6008,
17.8926,-17.8926,16.998,0,9.96038,9.53544,121,96,38.4273,460,66.2492,-54.7508,
35.7975,-35.7975,34.0076,0,10.1003,9.25011,120,95,38.4534,460,73.4192,-46.5808,
46.1622,-46.1622,43.8541,0,10.2762,9.1798,120,96,38.4816,460,83.125,-36.875,
54.0459,-54.0459,51.3436,0,10.4634,9.1798,120,96,38.5098,460,93.6852,-26.3148,
51.3434,-51.3434,48.7762,0,10.6442,9.42478,120,95,38.538,460,103.787,-16.2126,
50.2941,-50.2941,47.7794,0,10.7939,9.59945,120,95,38.565,460,111.869,-8.13094,
44.3654,-44.3654,42.1471,0,10.9151,9.86141,121,95,38.5959,460,118.016,-2.98359,
13.932,-13.932,13.2354,0,10.9677,10.6368,121,95,38.6244,460,119.999,-1.00085,
3.19257,-3.19257,3.03294,0,10.947,10.8712,121,96,38.6502,460,118.508,-2.49169,
-27.8063,27.8063,-26.416,0,10.8543,11.5147,121,96,38.6778,460,113.635,-7.36484,
-42.7851,42.7851,-40.6459,0,10.6817,11.6978,122,96,38.7066,460,105.562,-16.4377,
-51.8421,51.8421,-49.25,0,10.4666,11.6978,122,96,38.7339,460,96.0282,-25.9718,
-59.0256,59.0256,-56.0743,0,10.214,11.6158,122,97,38.7645,460,84.5638,-37.4362,
-63.0992,63.0992,-59.9442,0,9.99091,11.4895,122,96,38.793,460,74.5668,-47.4332,
-44.0329,44.0329,-41.8313,0,9.82544,10.8712,122,96,38.8203,460,66.8127,-55.1873,
-32.0379,32.0379,-30.436,0,9.71553,10.4764,122,95,38.8476,460,61.7608,-60.2392,
-0.352583,0.352583,-0.334954,0,9.66138,9.66976,122,95,38.8746,460,60.0004,-61.9996,
12.2146,-12.2146,11.6039,0,9.65612,9.36602,121,95,38.9034,460,61.8903,-59.1097,
30.8615,-30.8615,29.3184,0,9.69409,8.96113,121,95,38.9307,460,67.0537,-53.9463,
34.1209,-34.1209,32.4149,0,9.7715,8.96113,121,95,38.9592,460,75.2838,-45.7162,
39.248,-39.248,37.2856,0,9.89327,8.96113,121,95,38.9904,460,86.3897,-34.6103,
36.6401,-36.6401,34.8081,0,10.0089,9.13873,121,95,39.0198,460,97.3876,-23.6124,
33.2949,-33.2949,31.6302,0,10.0912,9.30042,121,94,39.0432,460,105.498,-15.5022,
26.9954,-26.9954,25.6456,0,10.1903,9.54913,121,94,39.075,460,114.271,-6.72949,
11.7884,-11.7884,11.199,0,10.2239,9.94392,122,94,39.1026,460,118.819,-3.18069,
3.46962,-3.46962,3.29614,0,10.2094,10.127,122,95,39.1311,460,119.912,-2.0881,
-13.9296,13.9296,-13.2331,0,10.1243,10.4552,122,95,39.1617,460,116.866,-5.13424,
-23.541,23.541,-22.3639,0,9.99985,10.5589,123,94,39.1848,460,111.921,-11.0794,
-31.79,31.79,-30.2005,0,9.80393,10.5589,123,94,39.2151,460,102.739,-20.2607,
-40.8426,40.8426,-38.8005,0,9.58893,10.5589,123,94,39.2424,460,92.8608,-30.1392,
-48.6437,48.6437,-46.2115,0,9.37664,10.5319,123,95,39.2691,460,82.8684,-40.1316,
-44.1606,44.1606,-41.9526,0,9.16136,10.2102,123,94,39.2997,460,72.4581,-50.5419,
-40.3876,40.3876,-38.3682,0,9.00599,9.9652,122,94,39.3252,460,65.6852,-56.3148,
-36.046,36.046,-34.2437,0,8.89044,9.74653,122,94,39.354,460,61.0386,-60.9614,
-14.8161,14.8161,-14.0753,0,8.82792,9.1798,122,94,39.3825,460,60.1331,-61.8669,
-3.51529,3.51529,-3.33952,0,8.82214,8.90563,121,93,39.411,460,63.0178,-57.9822,
16.6314,-16.6314,15.7998,0,8.86923,8.47423,121,94,39.4398,460,69.4087,-51.5913,
26.9259,-26.9259,25.5796,0,8.9301,8.29061,121,94,39.4659,460,77.5344,-43.4656,
31.7504,-31.7504,30.1629,0,9.04468,8.29061,121,94,39.4956,460,88.3421,-32.6579,
35.4906,-35.4906,33.716,0,9.13351,8.29061,121,94,39.522,460,98.1886,-22.8114,
36.1208,-36.1208,34.3148,0,9.25227,8.3944,121,93,39.5538,460,108.772,-12.228,
24.261,-24.261,23.048,0,9.29872,8.72252,121,93,39.5781,460,114.939,-6.06115,
18.0349,-18.0349,17.1332,0,9.33396,8.90563,121,93,39.6075,460,119.278,-1.7225,
2.49116,-2.49116,2.3666,0,9.30927,9.25011,122,93,39.6351,460,119.759,-2.24131,
-10.9907,10.9907,-10.4411,0,9.22251,9.48353,122,93,39.6666,460,115.993,-6.00668,
-18.7439,18.7439,-17.8067,0,9.10396,9.54913,122,93,39.6912,460,110.204,-11.7957,
-31.5387,31.5387,-29.9618,0,8.92071,9.66976,122,93,39.7215,460,100.516,-21.484,
-38.9722,38.9722,-37.0235,0,8.74417,9.66976,122,93,39.747,460,91.1307,-30.8693,
-44.5489,44.5489,-42.3214,0,8.54141,9.59945,122,93,39.7764,460,80.229,-41.771,
-44.4547,44.4547,-42.2319,0,8.36898,9.42478,122,92,39.8043,460,71.0814,-50.9186,
-43.1095,43.1095,-40.9541,0,8.22625,9.25011,122,92,39.8349,460,63.729,-58.271,
-24.3575,24.3575,-23.1396,0,8.15155,8.73004,121,92,39.8598,460,60.5456,-60.4544,
-14.8364,14.8364,-14.0946,0,8.12187,8.47423,121,93,39.8874,460,60.3635,-60.6365,
12.5593,-12.5593,11.9313,0,8.15226,7.85398,121,93,39.918,460,64.2742,-56.7258,
17.7955,-17.7955,16.9057,0,8.21787,7.79523,121,93,39.9441,460,70.6171,-50.3829,
28.2111,-28.2111,26.8005,0,8.3266,7.65659,121,93,39.972,460,79.6607,-41.3393,
37.5716,-37.5716,35.693,0,8.46026,7.56793,121,93,40.0005,460,90.1885,-30.8115,
41.296,-41.296,39.2312,0,8.58978,7.609,121,93,40.0281,460,100.375,-20.6253,
36.7781,-36.7781,34.9392,0,8.72746,7.85398,121,93,40.0608,460,110.755,-10.2448,
29.218,-29.218,27.7571,0,8.79289,8.09896,122,93,40.0869,460,116.627,-5.37325,
11.4401,-11.4401,10.8681,0,8.82042,8.54872,121,92,40.113,460,119.66,-1.34045,
3.12552,-3.12552,2.96924,0,8.79675,8.72252,122,92,40.1427,460,119.261,-2.73904,
-11.3993,11.3993,-10.8293,0,8.71742,8.98815,122,92,40.1697,460,115.39,-6.60974,
-25.9097,25.9097,-24.6142,0,8.59075,9.20611,122,92,40.197,460,108.536,-13.4642,
-32.6352,32.6352,-31.0035,0,8.40471,9.1798,122,92,40.2279,460,98.2248,-23.7752,
-39.9442,39.9442,-37.947,0,8.23112,9.1798,122,92,40.2537,460,88.6056,-33.3944,
-43.6151,43.6151,-41.4343,0,8.03015,9.06601,122,92,40.2846,460,77.3632,-44.6368,
-41.8865,41.8865,-39.7922,0,7.88955,8.88436,122,92,40.3092,460,69.6845,-52.3155,
-32.8223,32.8223,-31.1812,0,7.76919,8.54872,121,92,40.3377,460,63.2357,-57.7643,
-21.4577,21.4577,-20.3848,0,7.70313,8.21275,121,92,40.3659,460,60.1959,-60.8041,
-9.15574,9.15574,-8.69795,0,7.69529,7.91274,121,93,40.3938,460,60.8333,-60.1667,
10.7425,-10.7425,10.2054,0,7.75035,7.49521,121,93,40.4232,460,65.3369,-55.6631,
21.4236,-21.4236,20.3524,0,7.84365,7.33484,121,93,40.4499,460,72.336,-48.664,
35.6074,-35.6074,33.8271,0,7.9974,7.15172,121,94,40.4802,460,82.6124,-38.3876,
38.4361,-38.4361,36.5143,0,8.14659,7.23373,122,94,40.5075,460,92.8232,-29.1768,
40.2935,-40.2935,38.2788,0,8.29181,7.33484,121,93,40.5345,460,102.603,-18.3974,
39.1262,-39.1262,37.1699,0,8.42446,7.49521,121,93,40.5633,460,111.425,-9.57461,
38.0625,-38.0625,36.1593,0,8.51299,7.609,122,93,40.593,460,117.607,-4.39304,
15.2841,-15.2841,14.5199,0,8.53873,8.17573,122,92,40.6185,460,119.9,-2.10002,
4.8356,-4.8356,4.59382,0,8.50925,8.3944,122,92,40.6482,460,118.734,-3.26593,
-19.9211,19.9211,-18.925,0,8.41123,8.88436,122,92,40.6788,460,113.401,-8.59888,
-29.6442,29.6442,-28.162,0,8.2841,8.98815,122,92,40.7043,460,106.297,-15.703,
-40.0511,40.0511,-38.0486,0,8.11479,9.06601,122,92,40.7319,460,96.7649,-25.2351,
-44.8164,44.8164,-42.5755,0,7.92376,8.98815,122,92,40.7607,460,85.9783,-36.0217,
-45.2546,45.2546,-42.9919,0,7.72973,8.80453,122,92,40.7916,460,75.0218,-46.9782,
-39.1598,39.1598,-37.2018,0,7.54419,8.47423,122,92,40.8303,460,64.6097,-57.3903,
-18.9253,18.9253,-17.9791,0,7.46326,7.91274,121,93,40.8594,460,60.5746,-60.4254,
-6.78799,6.78799,-6.44859,0,7.44779,7.609,122,93,40.887,460,60.3404,-61.6596,
7.51446,-7.51446,7.13874,0,7.49203,7.31356,121,93,40.9143,460,63.5847,-57.4153,
28.668,-28.668,27.2346,0,7.5968,6.91593,122,93,40.9434,460,70.4164,-51.5836,
34.896,-34.896,33.1512,0,7.73222,6.90343,122,94,40.9698,460,78.8862,-43.1138,
42.2884,-42.2884,40.174,0,7.90778,6.90343,122,94,40.9989,460,89.5853,-32.4147,
49.5188,-49.5188,47.0429,0,8.09201,6.91593,122,93,41.0292,460,100.763,-21.2372,
42.0219,-42.0219,39.9208,0,8.23175,7.23373,122,93,41.0559,460,109.383,-12.6171,
30.8308,-30.8308,29.2892,0,8.34123,7.609,122,93,41.0844,460,116.179,-5.82052,
25.6178,-25.6178,24.3369,0,8.39584,7.78741,121,93,41.1135,460,119.687,-1.31272,
1.76786,-1.76786,1.67947,0,8.38991,8.34792,122,92,41.1396,460,119.497,-2.5035,
-13.6267,13.6267,-12.9454,0,8.31575,8.63938,122,92,41.1705,460,115.228,-6.77166,
-32.7951,32.7951,-31.1553,0,8.20927,8.98815,122,92,41.1954,460,109.006,-12.9937,
-40.1533,40.1533,-38.1456,0,8.03451,8.98815,122,92,41.226,460,98.9112,-23.0888,
-47.389,47.389,-45.0196,0,7.86266,8.98815,122,92,41.2527,460,88.9823,-33.0177,
-45.2661,45.2661,-43.0028,0,7.64745,8.72252,123,92,41.2869,460,76.5822,-46.4178,
-43.4083,43.4083,-41.2379,0,7.52529,8.55624,122,92,41.3097,460,69.5462,-52.4538,
-26.0402,26.0402,-24.7382,0,7.4102,8.02865,122,92,41.3391,460,63.0014,-58.9986,
-10.6085,10.6085,-10.078,0,7.35705,7.609,122,93,41.3664,460,60.175,-61.825,
-2.19028,2.19028,-2.08076,0,7.36534,7.41735,122,93,41.3952,460,60.9613,-61.0387,
18.3081,-18.3081,17.3927,0,7.42663,6.99181,122,93,41.421,460,64.8742,-57.1258,
27.1539,-27.1539,25.7962,0,7.54834,6.90343,122,93,41.4492,460,72.1233,-49.8767,
37.2373,-37.2373,35.3754,0,7.70799,6.8236,122,94,41.4771,460,81.4856,-40.5144,
44.4951,-44.4951,42.2704,0,7.89854,6.84178,122,93,41.5068,460,92.5604,-29.4396,
42.0205,-42.0205,39.9194,0,8.06657,7.06858,122,93,41.5338,460,102.363,-19.6374,
41.3517,-41.3517,39.2841,0,8.21584,7.23373,122,93,41.562,460,111.079,-10.9205,
30.2093,-30.2093,28.6988,0,8.32647,7.609,122,93,41.5926,460,117.548,-4.45241,
14.2829,-14.2829,13.5688,0,8.36787,8.02865,122,92,41.619,460,119.915,-2.08523,
-0.888743,0.888743,-0.844305,0,8.35202,8.37313,122,92,41.6475,460,118.809,-3.19119,
-18.3786,18.3786,-17.4597,0,8.28603,8.72252,123,92,41.673,460,114.706,-8.29402,
-31.1156,31.1156,-29.5598,0,8.14536,8.88436,123,92,41.7042,460,106.329,-16.6714,
-37.7837,37.7837,-35.8946,0,7.98699,8.88436,123,92,41.7315,460,96.9117,-26.0883,
-42.9587,42.9587,-40.8108,0,7.78426,8.80453,123,92,41.7633,460,85.0093,-37.9907,
-45.5048,45.5048,-43.2296,0,7.64178,8.72252,123,91,41.787,460,76.5485,-46.4515,
-36.8933,36.8933,-35.0487,0,7.49691,8.37313,122,92,41.8155,460,68.0023,-53.9977,
-26.6043,26.6043,-25.274,0,7.3968,8.02865,122,92,41.8449,460,62.1206,-59.8794,
-15.5417,15.5417,-14.7646,0,7.36051,7.72963,122,92,41.8704,460,60.0501,-61.9499,
6.25254,-6.25254,5.93992,0,7.38223,7.23373,122,93,41.8995,460,61.4106,-60.5894,
13.6626,-13.6626,12.9794,0,7.47621,7.15172,122,93,41.9301,460,66.9087,-55.0913,
26.3298,-26.3298,25.0133,0,7.61077,6.98544,122,93,41.9574,460,74.6963,-47.3037,
36.7233,-36.7233,34.8871,0,7.77561,6.90343,123,93,41.9844,460,84.1565,-38.8435,
44.3399,-44.3399,42.1229,0,7.95651,6.90343,123,93,42.012,460,94.5068,-28.4932,
44.5938,-44.5938,42.3642,0,8.12769,7.06858,123,93,42.0396,460,104.32,-18.6797,
47.0273,-47.0273,44.6759,0,8.26862,7.15172,122,93,42.0672,460,112.428,-9.57162,
32.004,-32.004,30.4038,0,8.3691,7.609,122,93,42.0975,460,118.226,-3.77358,
17.8153,-17.8153,16.9246,0,8.40145,7.97834,122,92,42.123,460,119.991,-2.00947,
6.63985,-6.63985,6.30785,0,8.37045,8.21275,122,92,42.1542,460,118.003,-3.99709,
-21.9931,21.9931,-20.8935,0,8.28219,8.80453,123,92,42.1821,460,112.603,-10.3972,
-30.7152,30.7152,-29.1794,0,8.15487,8.88436,123,91,42.2085,460,104.946,-18.0544,
-42.7673,42.7673,-40.629,0,7.97243,8.98815,123,92,42.2388,460,94.2084,-28.7916,
-45.939,45.939,-43.642,0,7.79331,8.88436,123,91,42.267,460,83.6398,-39.3602,
-42.2007,42.2007,-40.0906,0,7.63711,8.63938,123,92,42.2934,460,74.4377,-48.5623,
-41.3217,41.3217,-39.2556,0,7.49284,8.47423,123,92,42.324,460,65.953,-57.047,
-33.4593,33.4593,-31.7863,0,7.41809,8.21275,122,92,42.3495,460,61.5271,-60.4729,
-9.15206,9.15206,-8.69446,0,7.39164,7.609,122,93,42.3762,460,60.0034,-61.9966,
4.86551,-4.86551,4.62224,0,7.42912,7.31356,122,93,42.4059,460,62.2334,-59.7666,
19.4447,-19.4447,18.4725,0,7.5304,7.06858,123,93,42.435,460,68.1309,-54.8691,
35.7531,-35.7531,33.9655,0,7.67274,6.8236,123,93,42.4623,460,76.3131,-46.6869,
43.3109,-43.3109,41.1454,0,7.85224,6.8236,123,93,42.4908,460,86.5394,-36.4606,
46.679,-46.679,44.345,0,8.02456,6.91593,123,93,42.5169,460,96.3234,-26.6766,
48.033,-48.033,45.6313,0,8.20937,7.06858,123,93,42.5475,460,106.863,-16.1375,
45.0838,-45.0838,42.8296,0,8.3843,7.31356,122,93,42.5883,460,116.866,-5.13424,
14.2499,-14.2499,13.5374,0,8.4374,8.09896,123,92,42.6159,460,119.804,-3.19594,
-1.95801,1.95801,-1.86011,0,8.42773,8.47423,123,92,42.6453,460,119.029,-3.97084,
-15.4651,15.4651,-14.6919,0,8.35522,8.72252,123,91,42.6738,460,114.534,-8.46635,
-37.9217,37.9217,-36.0256,0,8.23809,9.13873,123,92,42.7005,460,107.481,-15.5193,
-44.4503,44.4503,-42.2278,0,8.08303,9.13873,123,92,42.7275,460,98.3697,-24.6303,
-49.6367,49.6367,-47.1549,0,7.88713,9.06601,123,91,42.7581,460,86.9516,-36.0484,
-50.0536,50.0536,-47.5509,0,7.71686,8.90563,123,91,42.7857,460,76.9883,-46.0117,
-48.9085,48.9085,-46.4631,0,7.56094,8.72252,123,91,42.816,460,67.8746,-55.1254,
-27.6954,27.6954,-26.3106,0,7.44119,8.09896,123,92,42.8559,460,60.86,-62.14,
-2.70078,2.70078,-2.56574,0,7.43107,7.49521,122,92,42.888,460,60.3994,-61.6006,
14.152,-14.152,13.4444,0,7.48783,7.15172,122,93,42.9156,460,63.8205,-58.1795,
39.5882,-39.5882,37.6088,0,7.58218,6.64196,123,93,42.9396,460,69.3539,-53.6461,
51.3821,-51.3821,48.813,0,7.74849,6.52816,124,93,42.9696,460,78.8162,-45.1838,
55.5917,-55.5917,52.8122,0,7.92524,6.60494,123,93,42.9966,460,88.7186,-34.2814,
57.6304,-57.6304,54.7488,0,8.11555,6.74683,123,93,43.0254,460,99.4138,-23.5862,
53.9316,-53.9316,51.2351,0,8.26632,6.98544,123,93,43.0509,460,107.907,-15.0931,
28.126,-28.126,26.7197,0,8.39762,7.72963,122,92,43.08,460,115.33,-6.67016,
23.2206,-23.2206,22.0596,0,8.47204,7.92055,123,92,43.1082,460,119.334,-3.66606,
-9.95173,9.95173,-9.45414,0,8.48617,8.72252,123,91,43.1364,460,119.693,-3.30731,
-23.3586,23.3586,-22.1907,0,8.43338,8.98815,123,91,43.1655,460,116.198,-6.80213,
-32.4024,32.4024,-30.7823,0,8.33347,9.10303,124,91,43.1919,460,110.008,-13.9915,
-45.8972,45.8972,-43.6024,0,8.16005,9.25011,124,91,43.2237,460,99.7354,-24.2646,
-52.5323,52.5323,-49.9056,0,8.00246,9.25011,124,91,43.2489,460,90.4147,-33.5853,
-44.9921,44.9921,-42.7425,0,7.8158,8.88436,123,91,43.2786,460,79.4487,-43.5513,
-45.28,45.28,-43.016,0,7.64712,8.72252,123,91,43.3098,460,69.5186,-53.4814,
-22.9619,22.9619,-21.8138,0,7.55362,8.09896,123,92,43.3335,460,63.9879,-59.0121,
-12.7884,12.7884,-12.149,0,7.4915,7.79523,123,91,43.362,460,60.3994,-62.6006,
3.26327,-3.26327,3.10011,0,7.49486,7.41735,123,92,43.3926,460,60.7307,-62.2693,
20.5348,-20.5348,19.5081,0,7.55629,7.06858,123,92,43.419,460,64.4702,-58.5298,
25.2003,-25.2003,23.9403,0,7.66709,7.06858,123,93,43.4454,460,70.9937,-52.0063,
38.7534,-38.7534,36.8157,0,7.82383,6.90343,123,93,43.4733,460,80.1221,-42.8779,
39.4791,-39.4791,37.5052,0,8.00621,7.06858,123,92,43.5018,460,90.6785,-32.3215,
46.7912,-46.7912,44.4516,0,8.17987,7.06858,123,92,43.5291,460,100.728,-22.2724,
38.8066,-38.8066,36.8663,0,8.33901,7.41735,123,92,43.5579,460,109.952,-13.0478,
32.395,-32.395,30.7752,0,8.44869,7.67931,122,92,43.5849,460,116.271,-5.72898,
12.6554,-12.6554,12.0227,0,8.51332,8.21275,123,91,43.6176,460,119.87,-3.12962,
1.36001,-1.36001,1.29201,0,8.50653,8.47423,123,91,43.6437,460,119.175,-3.82451,
-11.9412,11.9412,-11.3442,0,8.44644,8.73004,123,91,43.6698,460,115.37,-7.62984,
-27.9015,27.9015,-26.5064,0,8.32549,8.98815,123,91,43.6986,460,108.058,-14.9422,
-34.499,34.499,-32.774,0,8.1688,8.98815,123,91,43.7265,460,98.7311,-24.2689,
-43.1421,43.1421,-40.985,0,7.96353,8.98815,123,91,43.7589,460,86.6518,-36.3482,
-46.1516,46.1516,-43.844,0,7.72313,8.81923,123,91,43.7994,460,72.5499,-50.4501,
-37.0283,37.0283,-35.1769,0,7.59481,8.47423,123,91,43.8294,460,64.7921,-58.2079,
-16.3139,16.3139,-15.4982,0,7.5331,7.92055,123,91,43.8534,460,61.0984,-61.9016,
-11.7599,11.7599,-11.1719,0,7.51593,7.79523,123,91,43.8816,460,60.1031,-62.8969,
5.95796,-5.95796,5.66006,0,7.55886,7.41735,123,92,43.9089,460,62.6812,-60.3188,
21.4835,-21.4835,20.4093,0,7.66196,7.15172,123,92,43.9374,460,68.7602,-54.2398,
31.3288,-31.3288,29.7624,0,7.81264,7.06858,123,92,43.9659,460,77.5344,-45.4656,
38.779,-38.779,36.84,0,7.98958,7.06858,123,92,43.9941,460,87.7778,-35.2222,
47.1558,-47.1558,44.798,0,8.18853,7.06858,123,92,44.025,460,99.2705,-23.7295,
43.2131,-43.2131,41.0524,0,8.33987,7.31356,123,92,44.0514,460,108.058,-14.9422,
36.0437,-36.0437,34.2416,0,8.46504,7.609,123,92,44.0799,460,115.31,-7.69038,
28.5872,-28.5872,27.1578,0,8.53293,7.85398,123,92,44.1063,460,119.175,-3.82451,
13.7204,-13.7204,13.0344,0,8.53861,8.21275,123,91,44.1414,460,119.365,-3.63484,
-9.97318,9.97318,-9.47453,0,8.48566,8.72252,124,91,44.1669,460,115.937,-8.06333,
-27.3841,27.3841,-26.0149,0,8.36951,9.01989,124,91,44.1954,460,109.006,-14.9937,
-40.7314,40.7314,-38.6948,0,8.21243,9.1798,124,91,44.2236,460,99.771,-24.229,
-48.2864,48.2864,-45.8721,0,8.033,9.1798,124,91,44.2518,460,89.3215,-34.6785,
-53.3915,53.3915,-50.7219,0,7.83498,9.10303,124,90,44.2833,460,77.8094,-46.1906,
-50.5583,50.5583,-48.0304,0,7.70487,8.90563,123,90,44.3076,460,70.1324,-52.8676,
-29.7255,29.7255,-28.2392,0,7.58463,8.29061,123,91,44.3388,460,63.0509,-59.9491,
-18.5361,18.5361,-17.6093,0,7.5381,7.97834,123,91,44.3634,460,60.3182,-62.6818,
-10.5235,10.5235,-9.9973,0,7.54529,7.79523,123,91,44.3934,460,60.7984,-62.2016,
19.9822,-19.9822,18.983,0,7.6263,7.15172,123,92,44.4246,460,65.6412,-57.3588,
32.0328,-32.0328,30.4311,0,7.74622,6.98544,123,92,44.451,460,72.6728,-50.3272,
41.9757,-41.9757,39.8769,0,7.90036,6.90343,124,92,44.4774,460,81.5941,-42.4059,
49.8374,-49.8374,47.3456,0,8.08707,6.90343,124,92,44.5062,460,92.335,-31.665,
46.9399,-46.9399,44.5929,0,8.26655,7.15172,123,92,44.5347,460,102.671,-20.329,
43.321,-43.321,41.1549,0,8.41921,7.39033,123,92,44.5635,460,111.478,-11.5219,
33.3216,-33.3216,31.6555,0,8.52102,7.72963,123,91,44.5911,460,117.319,-5.68122,
11.6869,-11.6869,11.1025,0,8.56817,8.29061,123,91,44.6193,460,119.923,-3.07693,
-3.48208,3.48208,-3.30797,0,8.55668,8.63938,123,91,44.6454,460,119.02,-3.98037,
-26.1198,26.1198,-24.8138,0,8.48268,9.10303,124,90,44.6739,460,114.512,-9.48807,
-34.6895,34.6895,-32.955,0,8.35592,9.1798,124,91,44.7018,460,107.08,-16.9199,
-42.0301,42.0301,-39.9286,0,8.18158,9.1798,124,91,44.7312,460,97.0217,-26.9783,
-46.4506,46.4506,-44.128,0,7.99983,9.10303,124,90,44.7591,460,86.5769,-37.4231,
-45.3169,45.3169,-43.0511,0,7.80808,8.88436,124,90,44.79,460,75.5474,-48.4526,
-29.0778,29.0778,-27.6239,0,7.68253,8.37313,123,90,44.8143,460,68.3124,-54.6876,
-23.8499,23.8499,-22.6574,0,7.5736,8.14003,123,91,44.8449,460,62.1206,-60.8794,
-13.4882,13.4882,-12.8138,0,7.53364,7.85398,123,91,44.871,460,60.0379,-62.9621,
5.56023,-5.56023,5.28222,0,7.54941,7.41735,123,91,44.8983,460,61.2768,-61.7232,
16.5407,-16.5407,15.7137,0,7.62657,7.23373,124,92,44.9265,460,66.0662,-57.9338,
27.6073,-27.6073,26.2269,0,7.8074,7.15172,123,92,44.9637,720,76.7849,-46.2151,
42.0092,-42.0092,39.9087,0,8.0663,7.06858,123,92,44.9973,720,88.9823,-34.0177,
49.2225,-49.2225,46.7614,0,8.32076,7.15172,123,92,45.0258,720,99.5569,-23.4431,
49.0054,-49.0054,46.5551,0,8.49871,7.33484,123,91,45.0546,720,109.006,-13.9937,
45.4122,-45.4122,43.1416,0,8.57375,7.49521,123,91,45.0834,720,115.993,-7.00668,
27.7488,-27.7488,26.3613,0,8.51301,7.85398,123,91,45.1107,720,119.517,-3.48307,
-4.26512,4.26512,-4.05187,0,8.35823,8.45953,123,91,45.1377,720,119.619,-3.38124,
-26.3836,26.3836,-25.0644,0,8.09591,8.72252,124,90,45.1674,720,115.841,-8.15857,
-54.5762,54.5762,-51.8474,0,7.76982,9.06601,124,90,45.1932,720,109.641,-14.3594,
-78.4196,78.4196,-74.4986,0,7.38764,9.25011,124,90,45.2241,720,99.5926,-24.4074,
-91.5191,91.5191,-86.9432,0,7.00622,9.1798,124,91,45.2514,720,89.4722,-34.5278,
-88.2271,88.2271,-83.8157,0,6.62713,8.72252,124,90,45.2781,720,79.6253,-44.3747,
-87.368,87.368,-82.9996,0,6.29814,8.37313,123,90,45.3069,720,70.3309,-52.6691,
-46.9989,46.9989,-44.649,0,6.0355,7.15172,123,92,45.3348,720,63.7472,-59.2528,
-28.0401,28.0401,-26.6381,0,5.90328,6.56924,124,92,45.3651,720,60.2319,-63.7681,
0.907433,-0.907433,0.862062,0,5.94597,5.92441,124,92,45.3909,720,60.5968,-63.4032,
50.7671,-50.7671,48.2287,0,6.16309,4.95737,126,92,45.4203,720,64.7309,-61.2691,
77.6902,-77.6902,73.8057,0,6.61629,4.77114,125,92,45.4509,720,72.6421,-52.3579,
105.963,-105.963,100.665,0,7.17025,4.65363,126,91,45.4815,720,83.0883,-42.9117,
122.003,-122.003,115.903,0,7.78463,4.88706,126,91,45.5058,720,92.1846,-33.8154,
116.501,-116.501,110.676,0,8.34782,5.58093,126,92,45.534,720,102.431,-23.5687,
109.402,-109.402,103.932,0,8.82273,6.22443,125,93,45.5625,720,111.213,-13.7868,
92.744,-92.744,88.1068,0,9.18811,6.98544,124,93,45.5901,720,117.161,-6.83916,
34.2633,-34.2633,32.5501,0,9.45313,8.63938,124,91,45.6171,720,119.852,-4.14771,
10.4843,-10.4843,9.96007,0,9.67378,9.42478,125,91,45.6471,720,118.851,-6.14948,
-11.0814,11.0814,-10.5273,0,9.86385,10.127,125,91,45.6726,720,114.791,-10.2088,
-47.7485,47.7485,-45.3611,0,10.0362,11.1702,126,91,45.7017,720,107.111,-18.8889,
-42.7799,42.7799,-40.6409,0,10.2245,11.2406,126,92,45.7305,720,97.278,-28.722,
-36.0775,36.0775,-34.2736,0,10.3837,11.2406,126,92,45.7581,720,86.9516,-39.0484,
-26.6443,26.6443,-25.312,0,10.5374,11.1702,126,91,45.7857,720,76.9883,-49.0117,
-10.7662,10.7662,-10.2279,0,10.6155,10.8712,126,91,45.8265,720,65.4014,-60.5986,
25.7191,-25.7191,24.4332,0,10.821,10.2102,127,91,45.8541,720,61.0287,-65.9713,
37.8546,-37.8546,35.9619,0,10.9441,10.045,127,90,45.8835,720,60.171,-66.829,
48.102,-48.102,45.6969,0,11.0863,9.94392,126,90,45.912,720,63.1848,-62.8152,
55.0548,-55.0548,52.302,0,11.2515,9.94392,126,90,45.9411,720,69.7678,-56.2322,
50.8197,-50.8197,48.2787,0,11.4171,10.2102,127,90,45.9672,720,77.9819,-49.0181,
39.4751,-39.4751,37.5014,0,11.6114,10.6738,127,91,45.9969,720,88.8316,-38.1684,
33.5253,-33.5253,31.849,0,11.7918,10.9956,127,91,46.0242,720,98.9832,-28.0168,
26.108,-26.108,24.8026,0,11.9744,11.3543,127,91,46.053,720,108.536,-18.4642,
8.27673,-8.27673,7.86289,0,12.1427,11.9461,127,92,46.0809,720,115.51,-11.49,
7.13753,-7.13753,6.78065,0,12.2993,12.1297,126,92,46.1082,720,119.334,-6.66606,
-2.95254,2.95254,-2.80491,0,12.4375,12.5076,126,92,46.1382,720,119.588,-6.41178,
0.0797049,-0.0797049,0.0757196,0,12.5683,12.5664,126,91,46.1655,720,116.198,-9.80213,
3.27311,-3.27311,3.10945,0,12.6441,12.5664,126,91,46.1946,720,109.239,-16.7613,
7.41613,-7.41613,7.04532,0,12.7425,12.5664,126,91,46.2204,720,100.903,-25.0966,
10.946,-10.946,10.3987,0,12.7676,12.5076,126,92,46.2504,720,89.8492,-36.1508,
10.2207,-10.2207,9.7097,0,12.8091,12.5664,126,91,46.2789,720,79.3429,-46.6571,
14.9416,-14.9416,14.1945,0,12.8625,12.5076,126,92,46.3068,720,70.3594,-55.6406,
14.9726,-14.9726,14.224,0,12.922,12.5664,126,91,46.332,720,64.2742,-61.7258,
19.5813,-19.5813,18.6022,0,12.9727,12.5076,126,92,46.3641,720,60.281,-65.719,
23.6561,-23.6561,22.4733,0,13.0694,12.5076,126,92,46.3893,720,60.4831,-65.5169,
23.8345,-23.8345,22.6428,0,13.1912,12.6251,126,91,46.4193,720,64.5297,-61.4703,
29.6633,-29.6633,28.1802,0,13.3296,12.6251,126,91,46.4454,720,70.9937,-55.0063,
28.9002,-28.9002,27.4552,0,13.4977,12.8113,126,91,46.4739,720,80.336,-45.664,
31.7072,-31.7072,30.1219,0,13.6782,12.9251,126,90,46.5024,720,90.9046,-35.0954,
36.136,-36.136,34.3292,0,13.8612,13.003,126,90,46.5315,720,101.568,-24.4325,
28.4935,-28.4935,27.0688,0,14.0285,13.3518,126,90,46.5606,720,110.701,-15.2993,
26.8054,-26.8054,25.4652,0,14.1535,13.5169,126,90,46.5867,720,116.592,-9.40807,
12.9056,-12.9056,12.2603,0,14.2463,13.9398,126,89,46.617,720,119.849,-6.15147,
3.99485,-3.99485,3.79511,0,14.2908,14.1959,126,89,46.6431,720,119.227,-6.77267,
0.547689,-0.547689,0.520304,0,14.2745,14.2615,126,89,46.671,720,115.126,-10.8742,
-9.92755,9.92755,-9.43118,0,14.1874,14.4232,126,89,46.704,720,106.392,-19.6082,
-13.1993,13.1993,-12.5393,0,14.1097,14.4232,126,89,46.728,720,98.1886,-27.8114,
-24.1759,24.1759,-22.9671,0,13.9996,14.5738,126,89,46.755,720,88.1163,-37.8837,
-26.3818,26.3818,-25.0627,0,13.8694,14.4959,126,88,46.785,720,77.2266,-48.7734,
-27.2432,27.2432,-25.8811,0,13.7762,14.4232,126,89,46.8132,720,68.601,-57.399,
-27.7402,27.7402,-26.3532,0,13.7233,14.3821,126,89,46.8402,720,62.8232,-63.1768,
-26.0782,26.0782,-24.7743,0,13.7152,14.3346,126,89,46.8807,720,60.0769,-65.9231,
-11.1113,11.1113,-10.5557,0,13.8145,14.0784,127,89,46.9122,720,63.2186,-63.7814,
10.0078,-10.0078,9.50741,0,13.9382,13.7005,127,89,46.9389,720,69.1633,-57.8367,
24.4464,-24.4464,23.2241,0,14.0975,13.5169,127,90,46.9665,720,77.7405,-49.2595,
36.1152,-36.1152,34.3094,0,14.2863,13.4285,127,89,46.9956,720,88.3421,-38.6579,
47.1807,-47.1807,44.8216,0,14.4723,13.3518,127,90,47.0238,720,98.8392,-28.1608,
50.8973,-50.8973,48.3524,0,14.6437,13.4349,127,90,47.0523,720,108.328,-18.6724,
46.623,-46.623,44.2919,0,14.7808,13.6735,127,89,47.0802,720,115.37,-11.6298,
36.119,-36.119,34.313,0,14.8706,14.0128,127,88,47.1069,720,119.227,-7.77267,
27.1087,-27.1087,25.7533,0,14.9054,14.2615,127,88,47.1366,720,119.682,-7.31817,
-1.6593,1.6593,-1.57634,0,14.8832,14.9226,127,88,47.1633,720,116.592,-10.4081,
-17.5482,17.5482,-16.6708,0,14.772,15.1888,127,87,47.1951,720,109.094,-17.9063,
-37.451,37.451,-35.5784,0,14.6438,15.5333,128,87,47.22,720,101.044,-26.9563,
-50.4473,50.4473,-47.9249,0,14.4511,15.6492,128,88,47.2506,720,89.7738,-38.2262,
-52.0059,52.0059,-49.4057,0,14.2981,15.5333,128,87,47.2749,720,80.7654,-47.2346,
-56.1782,56.1782,-53.3693,0,14.1288,15.463,128,88,47.3061,720,70.5596,-57.4404,
-33.2253,33.2253,-31.564,0,14.0428,14.8319,127,87,47.3313,720,64.411,-62.589,
-24.4104,24.4104,-23.1899,0,13.994,14.5738,127,88,47.3598,720,60.5456,-66.4544,
-5.48362,5.48362,-5.20944,0,14.0069,14.1372,127,88,47.3862,720,60.2966,-66.7034,
20.1707,-20.1707,19.1622,0,14.0758,13.5967,127,89,47.4156,720,63.8205,-63.1795,
31.621,-31.621,30.0399,0,14.1859,13.4349,127,89,47.4435,720,70.445,-56.555,
37.4621,-37.4621,35.589,0,14.3246,13.4349,127,89,47.4708,720,79.2372,-47.7628,
41.7523,-41.7523,39.6646,0,14.5085,13.5169,128,89,47.5023,720,90.867,-37.133,
44.3985,-44.3985,42.1786,0,14.6725,13.618,127,88,47.5308,720,101.324,-25.6764,
36.5164,-36.5164,34.6905,0,14.807,13.9398,128,88,47.5572,720,109.754,-18.2456,
29.9737,-29.9737,28.475,0,14.9597,14.2478,128,88,47.6034,720,118.902,-9.09837,
5.31189,-5.31189,5.04629,0,14.9656,14.8394,128,87,47.6412,720,119.381,-8.6195,
-16.2662,16.2662,-15.4529,0,14.885,15.2713,128,87,47.6688,720,115.569,-12.4306,
-38.5741,38.5741,-36.6454,0,14.7331,15.6492,128,87,47.6985,720,108.088,-19.9121,
-52.583,52.583,-49.9538,0,14.4591,15.708,129,87,47.7381,720,94.4695,-34.5305,
-61.2437,61.2437,-58.1816,0,14.1947,15.6492,128,87,47.7729,720,81.4856,-46.5144,
-53.4502,53.4502,-50.7777,0,14.0019,15.2713,128,87,47.8002,720,72.3055,-55.6945,
-44.6929,44.6929,-42.4582,0,13.8611,14.9226,128,87,47.8266,720,65.3799,-62.6201,
-33.8133,33.8133,-32.1226,0,13.7707,14.5738,127,87,47.8524,720,61.2017,-65.7983,
-6.74644,6.74644,-6.40912,0,13.732,13.8922,128,88,47.8821,720,60.1193,-67.8807,
9.34303,-9.34303,8.87588,0,13.7388,13.5169,128,88,47.9073,720,62.4375,-65.5625,
37.3468,-37.3468,35.4795,0,13.8121,12.9251,128,88,47.9382,720,68.9742,-59.0258,
40.8302,-40.8302,38.7887,0,13.8949,12.9251,128,88,47.9646,720,77.0903,-50.9097,
46.0783,-46.0783,43.7744,0,14.0195,12.9251,128,88,47.9931,720,87.402,-40.598,
44.6009,-44.6009,42.3709,0,14.1448,13.0855,128,88,48.021,720,97.8252,-30.1748,
46.0532,-46.0532,43.7506,0,14.2804,13.1866,128,88,48.0531,720,108.565,-19.4346,
21.0192,-21.0192,19.9683,0,14.3503,13.8511,128,87,48.0777,720,114.855,-13.1453,
16.159,-16.159,15.351,0,14.3966,14.0128,128,87,48.1062,720,119.167,-8.83331,
-8.04947,8.04947,-7.647,0,14.3826,14.5738,128,87,48.1329,720,119.852,-8.14771,
-22.6253,22.6253,-21.494,0,14.3021,14.8394,128,86,48.1623,720,116.764,-11.2357,
-31.1294,31.1294,-29.5729,0,14.1001,14.8394,129,86,48.2019,720,107.049,-21.9509,
-43.5486,43.5486,-41.3712,0,13.8883,14.9226,128,86,48.2316,720,96.875,-31.125,
-47.4297,47.4297,-45.0582,0,13.631,14.7574,128,86,48.264,720,84.7493,-43.2507,
-51.0064,51.0064,-48.4561,0,13.4449,14.6563,127,86,48.2889,720,75.9122,-51.0878,
-43.6291,43.6291,-41.4477,0,13.2253,14.2615,128,86,48.3285,720,64.9776,-63.0224,
-32.5782,32.5782,-30.9493,0,13.1185,13.8922,128,87,48.3585,720,60.6426,-67.3574,
-8.93126,8.93126,-8.48469,0,13.0565,13.2686,128,88,48.3861,720,60.2914,-67.7086,
13.4672,-13.4672,12.7939,0,13.0609,12.741,128,88,48.4137,720,63.4782,-64.5218,
25.5946,-25.5946,24.3149,0,13.1155,12.5076,129,88,48.4422,720,70.0759,-58.9241,
35.0789,-35.0789,33.325,0,13.2021,12.369,129,88,48.4701,720,78.9913,-50.0087,
40.0193,-40.0193,38.0183,0,13.3194,12.369,129,88,48.4989,720,89.5853,-39.4147,
39.011,-39.011,37.0604,0,13.4341,12.5076,129,88,48.5271,720,100.02,-28.9799,
40.932,-40.932,38.8854,0,13.5385,12.5664,129,88,48.5559,720,109.383,-19.6171,
25.4179,-25.4179,24.147,0,13.6067,13.003,129,87,48.5841,720,116.124,-12.8759,
15.2002,-15.2002,14.4402,0,13.6296,13.2686,128,87,48.6135,720,119.687,-8.31272,
-7.6026,7.6026,-7.22247,0,13.5978,13.7784,128,86,48.6399,720,119.476,-8.52434,
-19.148,19.148,-18.1906,0,13.5077,13.9625,128,87,48.669,720,115.53,-12.4702,
-34.0355,34.0355,-32.3337,0,13.3288,14.1372,129,86,48.7038,720,106.455,-22.5451,
-40.7041,40.7041,-38.6689,0,13.1704,14.1372,129,86,48.7272,720,98.4783,-30.5217,
-46.3878,46.3878,-44.0684,0,12.9767,14.0784,129,86,48.7539,720,88.5303,-40.4697,
-51.7665,51.7665,-49.1782,0,12.7834,14.0128,128,86,48.7818,720,78.3282,-49.6718,
-49.0917,49.0917,-46.6371,0,12.6125,13.7784,128,86,48.8097,720,69.5462,-58.4538,
-33.6369,33.6369,-31.955,0,12.4698,13.2686,129,87,48.8427,720,62.4375,-66.5625,
-22.0641,22.0641,-20.9609,0,12.4011,12.9251,129,87,48.8805,720,60.0716,-68.9284,
2.87209,-2.87209,2.72849,0,12.3896,12.3214,130,87,48.9078,720,62.5125,-67.4875,
28.3401,-28.3401,26.9231,0,12.454,11.781,130,87,48.9366,720,68.5482,-61.4518,
40.0517,-40.0517,38.0491,0,12.5523,11.6011,130,87,48.9636,720,76.7511,-53.2489,
45.1183,-45.1183,42.8624,0,12.6874,11.6158,131,87,48.9915,720,86.8017,-44.1983,
51.5549,-51.5549,48.9772,0,12.8403,11.6158,131,87,49.0212,720,97.898,-33.102,
46.8379,-46.8379,44.496,0,12.9765,11.8641,131,87,49.0515,720,108.088,-22.9121,
31.1475,-31.1475,29.5901,0,13.0611,12.3214,130,87,49.0776,720,114.834,-15.1664,
20.1832,-20.1832,19.174,0,13.1045,12.6251,130,87,49.1034,720,118.902,-11.0984,
-6.92036,6.92036,-6.57434,0,13.1043,13.2686,129,87,49.1304,720,119.931,-9.06904,
-16.4975,16.4975,-15.6726,0,13.0367,13.4285,129,86,49.1616,720,116.883,-12.1175,
-28.3053,28.3053,-26.8901,0,12.9245,13.5967,129,86,49.188,720,111.079,-17.9205,
-36.986,36.986,-35.1367,0,12.7396,13.618,129,86,49.2201,720,101.009,-27.9913,
-44.1928,44.1928,-41.9832,0,12.5684,13.618,129,86,49.2456,720,91.6579,-37.3421,
-51.1653,51.1653,-48.607,0,12.3816,13.5967,129,86,49.2732,720,81.3772,-47.6228,
-42.0176,42.0176,-39.9167,0,12.2012,13.1991,130,86,49.3029,720,71.4939,-58.5061,
-39.0554,39.0554,-37.1026,0,12.0754,13.003,130,86,49.329,720,64.8742,-65.1258,
-16.9074,16.9074,-16.062,0,11.9901,12.3917,130,86,49.3578,720,60.698,-69.302,
-5.79635,5.79635,-5.50653,0,11.9651,12.1027,131,87,49.3869,720,60.3348,-70.6652,
5.77133,-5.77133,5.48277,0,12.0012,11.8641,131,86,49.4142,720,63.5668,-67.4332,
23.2032,-23.2032,22.043,0,12.0871,11.536,131,86,49.4412,720,69.7957,-61.2043,
36.2867,-36.2867,34.4723,0,12.2162,11.3543,131,86,49.4685,720,78.4325,-52.5675,
39.9827,-39.9827,37.9836,0,12.3818,11.4322,131,86,49.4976,720,89.0954,-41.9046,
43.1201,-43.1201,40.9641,0,12.5388,11.5147,131,86,49.5249,720,99.2346,-31.7654,
49.6665,-49.6665,47.1832,0,12.6943,11.5147,131,86,49.5552,720,109.181,-21.8192,
34.9337,-34.9337,33.187,0,12.7905,11.9608,131,87,49.5822,720,115.765,-15.2355,
23.683,-23.683,22.4989,0,12.8428,12.2803,131,87,49.6107,720,119.517,-11.4831,
3.97338,-3.97338,3.77471,0,12.8354,12.741,130,87,49.6377,720,119.619,-10.3812,
-13.6688,13.6688,-12.9854,0,12.7609,13.0855,130,86,49.6686,720,115.609,-14.3913,
-33.0824,33.0824,-31.4283,0,12.6492,13.4349,130,86,49.6944,720,109.296,-20.7035,
-40.0052,40.0052,-38.0049,0,12.4848,13.4349,130,86,49.7232,720,99.9135,-30.0865,
-44.5243,44.5243,-42.2981,0,12.2943,13.3518,131,86,49.7526,720,89.02,-41.98,
-44.88,44.88,-42.636,0,12.1207,13.1866,131,86,49.7796,720,79.0966,-51.9034,
-44.6137,44.6137,-42.383,0,11.9434,13.003,131,86,49.8117,720,69.0011,-61.9989,
-25.0843,25.0843,-23.8301,0,11.8463,12.442,131,86,49.8354,720,63.6385,-67.3615,
-18.089,18.089,-17.1845,0,11.778,12.2076,131,86,49.8702,720,60.0546,-70.9454,
-7.07198,7.07198,-6.71838,0,11.7782,11.9461,132,86,49.8912,720,60.6195,-71.3805,
17.0955,-17.0955,16.2407,0,11.8382,11.4322,132,86,49.9197,720,64.6097,-67.3903,
25.5261,-25.5261,24.2498,0,11.9606,11.3543,132,85,49.9491,720,72.0931,-59.9069,
37.3052,-37.3052,35.44,0,12.1266,11.2406,132,86,49.9785,720,81.9929,-50.0071,
42.1915,-42.1915,40.0819,0,12.2837,11.2816,132,86,50.0034,720,91.2814,-40.7186,
43.3942,-43.3942,41.2245,0,12.4628,11.4322,132,86,50.0322,720,101.811,-30.1894,
38.471,-38.471,36.5474,0,12.6115,11.6978,133,86,50.0604,720,110.646,-22.3539,
35.5074,-35.5074,33.732,0,12.7149,11.8716,132,86,50.088,720,116.815,-15.1848,
15.7816,-15.7816,14.9925,0,12.7665,12.3917,132,86,50.1192,720,119.92,-12.0796,
5.38712,-5.38712,5.11777,0,12.7531,12.6251,132,86,50.1447,720,119.085,-12.9146,
-10.1622,10.1622,-9.65405,0,12.6838,12.9251,131,86,50.1723,720,114.855,-16.1453,
-30.3134,30.3134,-28.7977,0,12.5487,13.2686,131,86,50.2029,720,106.738,-24.2624,
-36.566,36.566,-34.7377,0,12.4002,13.2686,131,86,50.229,720,97.8252,-33.1748,
-44.0118,44.0118,-41.8112,0,12.2233,13.2686,131,86,50.2572,720,87.2894,-43.7106,
-52.1292,52.1292,-49.5228,0,11.9486,13.1866,132,86,50.304,720,71.1693,-60.8307,
-42.4983,42.4983,-40.3733,0,11.802,12.8113,132,86,50.3433,720,62.349,-69.651,
-21.6077,21.6077,-20.5273,0,11.7671,12.2803,132,86,50.3859,720,60.281,-71.719,
8.39853,-8.39853,7.9786,0,11.8153,11.6158,133,86,50.4126,720,63.2869,-69.7131,
43.5931,-43.5931,41.4134,0,12.0309,10.9956,133,85,50.4606,720,75.746,-57.254,
64.0778,-64.0778,60.8739,0,12.2724,10.7506,134,85,50.4981,720,89.2838,-44.7162,
78.1826,-78.1826,74.2734,0,12.5307,10.6738,133,85,50.538,720,103.787,-29.2126,
68.2154,-68.2154,64.8046,0,12.6744,11.0543,133,85,50.5668,720,112.328,-20.6721,
61.0856,-61.0856,58.0313,0,12.7681,11.3173,134,85,50.5965,720,118.096,-15.9035,
24.6288,-24.6288,23.3973,0,12.7925,12.2076,133,86,50.6271,720,119.99,-13.0104,
5.82278,-5.82278,5.53164,0,12.7634,12.6251,133,86,50.6502,720,118.508,-14.4917,
-35.3785,35.3785,-33.6096,0,12.6767,13.5169,132,86,50.6784,720,113.495,-18.5048,
-52.1541,52.1541,-49.5464,0,12.5397,13.7784,132,85,50.7066,720,105.562,-26.4377,
-62.9297,62.9297,-59.7832,0,12.3565,13.8511,132,85,50.7366,720,95.0278,-36.9722,
-67.1372,67.1372,-63.7804,0,12.1839,13.7784,132,85,50.763,720,85.1209,-46.8791,
-67.5123,67.5123,-64.1366,0,11.9933,13.5967,132,86,50.7942,720,74.1806,-57.8194,
-40.0581,40.0581,-38.0552,0,11.86,12.8113,133,86,50.8215,720,66.5283,-66.4717,
-28.265,28.265,-26.8517,0,11.7707,12.442,133,86,50.8491,720,61.575,-71.425,
9.32605,-9.32605,8.85975,0,11.7362,11.5147,134,85,50.8776,720,60.016,-73.984,
27.1363,-27.1363,25.7795,0,11.7644,11.1199,134,85,50.9043,720,62.0106,-71.9894,
43.3814,-43.3814,41.2123,0,11.8512,10.8209,134,85,50.931,720,67.1267,-66.8733,
53.2823,-53.2823,50.6182,0,12.0161,10.7506,135,85,50.9625,720,76.3803,-58.6197,
57.2696,-57.2696,54.4061,0,12.1811,10.8209,134,85,50.9877,720,85.3815,-48.6185,
51.4543,-51.4543,48.8816,0,12.3923,11.1702,135,85,51.0189,720,97.0583,-37.9417,
42.576,-42.576,40.4472,0,12.5472,11.536,135,85,51.0432,720,105.498,-29.5022,
38.3917,-38.3917,36.4721,0,12.6928,11.781,135,86,51.0714,720,113.448,-21.5518,
11.9737,-11.9737,11.375,0,12.792,12.5076,134,86,51.1005,720,118.589,-15.4106,
-0.973785,0.973785,-0.925096,0,12.8293,12.8524,134,86,51.1311,720,119.912,-14.0881,
-21.0501,21.0501,-19.9976,0,12.7687,13.2686,133,86,51.1698,720,115.37,-17.6298,
-34.9222,34.9222,-33.1761,0,12.675,13.5044,134,85,51.198,720,108.238,-25.7621,
-41.3497,41.3497,-39.2822,0,12.5224,13.5044,134,85,51.2277,720,98.2973,-35.7027,
-42.7508,42.7508,-40.6133,0,12.3364,13.3518,134,85,51.2595,720,86.4271,-47.5729,
-41.3549,41.3549,-39.2871,0,12.2044,13.1866,134,86,51.2832,720,77.8438,-56.1562,
-36.5726,36.5726,-34.744,0,12.0565,12.9251,134,85,51.3135,720,68.5219,-65.4781,
-19.7685,19.7685,-18.78,0,11.9725,12.442,134,85,51.3396,720,62.9197,-71.0803,
-10.3108,10.3108,-9.79529,0,11.9309,12.1758,135,85,51.3708,720,60.0418,-74.9582,
10.6175,-10.6175,10.0867,0,11.9564,11.7042,135,85,51.3975,720,61.1912,-73.8088,
18.4083,-18.4083,17.4879,0,12.053,11.6158,136,85,51.4284,720,66.5048,-69.4952,
26.7743,-26.7743,25.4356,0,12.1719,11.536,136,85,51.4524,720,73.1063,-62.8937,
39.2706,-39.2706,37.3071,0,12.3649,11.4322,136,85,51.4839,720,83.9718,-52.0282,
43.3954,-43.3954,41.2257,0,12.5454,11.5147,136,85,51.5109,720,94.0964,-41.9036,
43.4416,-43.4416,41.2695,0,12.7296,11.6978,136,85,51.54,720,104.453,-31.5474,
41.9118,-41.9118,39.8162,0,12.8595,11.8641,136,85,51.5643,720,111.688,-24.3124,
36.4555,-36.4555,34.6327,0,12.9685,12.1027,136,86,51.5934,720,117.666,-18.3344,
18.926,-18.926,17.9797,0,13.0159,12.5664,135,86,51.6204,720,119.95,-15.0501,
6.44617,-6.44617,6.12386,0,13.0055,12.8524,135,85,51.648,720,118.756,-16.2443,
-17.663,17.663,-16.7799,0,12.9323,13.3518,135,85,51.6771,720,113.797,-21.2032,
-27.3502,27.3502,-25.9827,0,12.779,13.4285,134,85,51.7107,720,104.221,-29.7792,
-40.2894,40.2894,-38.2749,0,12.56,13.5169,135,85,51.7476,720,90.9046,-44.0954,
-40.2269,40.2269,-38.2155,0,12.3964,13.3518,135,85,51.7755,720,80.5504,-54.4496,
-42.9565,42.9565,-40.8087,0,12.2484,13.2686,134,85,51.8031,720,71.4346,-62.5654,
-37.988,37.988,-36.0886,0,12.1278,13.03,135,85,51.8337,720,63.9504,-71.0496,
-20.7601,20.7601,-19.7221,0,12.0733,12.5664,135,85,51.8622,720,60.3873,-74.6127,
-13.0866,13.0866,-12.4323,0,12.0809,12.3917,136,85,51.891,720,60.6043,-75.3957,
7.79294,-7.79294,7.40329,0,12.1459,11.9608,136,85,51.918,720,64.2742,-71.7258,
23.454,-23.454,22.2813,0,12.2549,11.6978,137,85,51.9438,720,70.5309,-66.4691,
33.7692,-33.7692,32.0808,0,12.4178,11.6158,137,85,51.9726,720,79.8733,-57.1267,
41.4418,-41.4418,39.3697,0,12.6001,11.6158,137,85,52.0008,720,90.3016,-46.6984,
49.6264,-49.6264,47.1451,0,12.7945,11.6158,137,85,52.0311,720,101.428,-35.5718,
45.0333,-45.0333,42.7816,0,12.9337,11.8641,137,85,52.056,720,109.412,-27.5883,
42.3677,-42.3677,40.2493,0,13.0535,12.0472,136,85,52.0848,720,116.253,-19.7472,
20.598,-20.598,19.5681,0,13.1143,12.6251,136,85,52.1124,720,119.625,-16.3753,
8.01198,-8.01198,7.61138,0,13.1154,12.9251,135,85,52.1406,720,119.425,-15.5746,
-5.6366,5.6366,-5.35477,0,13.0528,13.1866,136,85,52.1694,720,115.45,-20.5497,
-27.6214,27.6214,-26.2403,0,12.9407,13.5967,135,85,52.1967,720,108.625,-26.3754,
-38.1054,38.1054,-36.2001,0,12.713,13.618,135,84,52.236,720,95.2507,-39.7493,
-46.6269,46.6269,-44.2955,0,12.5106,13.618,135,84,52.2678,720,83.3454,-51.6546,
-45.5544,45.5544,-43.2767,0,12.3466,13.4285,135,84,52.2963,720,73.5136,-61.4864,
-40.8766,40.8766,-38.8328,0,12.2158,13.1866,136,85,52.3251,720,65.7074,-70.2926,
-25.2373,25.2373,-23.9755,0,12.1417,12.741,136,85,52.3521,720,61.2336,-74.7664,
-14.0445,14.0445,-13.3423,0,12.1222,12.4557,136,85,52.3794,720,60.0458,-75.9542,
2.68715,-2.68715,2.5528,0,12.1665,12.1027,137,85,52.4088,720,62.6657,-74.3343,
24.2557,-24.2557,23.0429,0,12.2739,11.6978,137,84,52.4382,720,68.9742,-68.0258,
33.4996,-33.4996,31.8246,0,12.4114,11.6158,137,85,52.4643,720,76.9883,-60.0117,
41.9555,-41.9555,39.8577,0,12.5976,11.6011,137,85,52.494,720,87.7402,-49.2598,
50.0248,-50.0248,47.5236,0,12.7892,11.6011,137,85,52.5237,720,98.8032,-38.1968,
48.7514,-48.7514,46.3138,0,12.9388,11.781,137,85,52.5495,720,107.481,-29.5193,
37.3463,-37.3463,35.479,0,13.0627,12.1758,137,85,52.5768,720,114.663,-22.3369,
24.289,-24.289,23.0746,0,13.1432,12.5664,137,85,52.6074,720,119.269,-17.7307,
17.4774,-17.4774,16.6035,0,13.1561,12.741,136,85,52.6332,720,119.841,-16.1591,
-10.1325,10.1325,-9.62583,0,13.1111,13.3518,136,84,52.6608,720,117.015,-18.985,
-21.9486,21.9486,-20.8512,0,12.9956,13.5169,136,84,52.6914,720,110.149,-25.8515,
-39.5628,39.5628,-37.5847,0,12.8388,13.7784,136,84,52.7202,720,100.974,-35.0264,
-49.4135,49.4135,-46.9428,0,12.6418,13.8154,136,84,52.7511,720,89.5853,-46.4147,
-55.947,55.947,-53.1497,0,12.4867,13.8154,136,84,52.7754,720,80.5862,-55.4138,
-50.6664,50.6664,-48.1331,0,12.3136,13.5169,136,84,52.8063,720,70.5022,-65.4978,
-49.6293,49.6293,-47.1479,0,12.1731,13.3518,137,84,52.8438,720,62.2764,-74.7236,
-20.5512,20.5512,-19.5236,0,12.137,12.6251,137,84,52.8726,720,60.0136,-76.9864,
6.24981,-6.24981,5.93732,0,12.1744,12.026,138,84,52.9056,720,62.1908,-75.8092,
23.8188,-23.8188,22.6279,0,12.256,11.6903,138,84,52.9305,720,67.0052,-70.9948,
49.08,-49.08,46.626,0,12.4062,11.2406,138,84,52.9605,720,75.7129,-62.2871,
57.5687,-57.5687,54.6903,0,12.5602,11.193,138,84,52.9854,720,84.5268,-53.4732,
65.0536,-65.0536,61.8009,0,12.738,11.193,138,84,53.0124,720,94.6558,-43.3442,
59.6514,-59.6514,56.6688,0,12.9314,11.5147,138,84,53.0439,720,105.723,-32.2769,
50.4062,-50.4062,47.8859,0,13.0688,11.8716,138,84,53.0721,720,113.612,-24.3881,
20.0158,-20.0158,19.015,0,13.1524,12.677,138,85,53.0985,720,118.352,-19.6481,
6.51191,-6.51191,6.18632,0,13.1847,13.03,137,85,53.1255,720,119.999,-17.0006,
-8.33449,8.33449,-7.91777,0,13.1538,13.3518,137,85,53.1549,720,117.907,-19.0928,
-38.2527,38.2527,-36.34,0,13.054,13.9625,137,84,53.1852,720,111.817,-25.1826,
-44.1047,44.1047,-41.8995,0,12.915,13.9625,137,84,53.2122,720,103.72,-33.2796,
-50.5288,50.5288,-48.0023,0,12.7624,13.9625,137,84,53.2368,720,94.9535,-42.0465,
-59.3671,59.3671,-56.3987,0,12.5525,13.9625,137,84,53.2689,720,82.9417,-54.0583,
-43.3371,43.3371,-41.1703,0,12.3993,13.4285,137,84,53.2944,720,74.1166,-62.8834,
-38.5351,38.5351,-36.6083,0,12.2567,13.1719,138,84,53.3241,720,65.9305,-72.0695,
-26.8195,26.8195,-25.4785,0,12.1744,12.8113,138,85,53.3514,720,61.3096,-76.6904,
0.748878,-0.748878,0.711434,0,12.1475,12.1297,138,85,53.379,720,60.0379,-77.9621,
13.2861,-13.2861,12.6218,0,12.1797,11.8641,139,84,53.4063,720,62.2908,-76.7092,
35.6738,-35.6738,33.8901,0,12.2795,11.4322,139,84,53.4363,720,68.4693,-70.5307,
41.6202,-41.6202,39.5392,0,12.4207,11.4322,139,84,53.4642,720,76.9544,-62.0456,
49.1431,-49.1431,46.6859,0,12.5993,11.4322,139,84,53.4933,720,87.4771,-51.5229,
53.982,-53.982,51.2829,0,12.7968,11.5147,139,84,53.5245,720,99.0911,-39.9089,
41.4887,-41.4887,39.4143,0,12.9315,11.9461,139,85,53.5482,720,107.08,-31.9199,
33.5095,-33.5095,31.834,0,13.1172,12.3214,139,85,53.5953,720,117.935,-21.0653,
2.86345,-2.86345,2.72028,0,13.1535,13.0855,138,84,53.6316,720,119.897,-18.1031,
-17.3305,17.3305,-16.464,0,13.1053,13.5169,138,84,53.6619,720,116.832,-21.1679,
-37.0394,37.0394,-35.1875,0,13.0125,13.8922,138,84,53.6871,720,111.32,-26.6804,
