9.59963,9.38146,-7.32526,-0.166483,0,-0.408838
9.59963,9.02027,-6.20366,-0.398914,0,-0.360103
9.59963,8.67299,-4.93785,-0.573664,0,-0.298104
8.77422,7.54545,-3.32805,-0.679707,0,-0.230942
7.12646,5.67063,-1.74893,-0.720873,0,-0.161488
5.19932,3.59936,-0.603234,-0.716344,0,-0.0877524
2.82861,1.18135,-0.0296874,-0.689907,0,-0.0131581
1.68099,0.0324339,0.00418632,-0.663185,0,0.0675822
2.43208,0.753354,0.202896,-0.629841,0,0.141017
6.27677,4.42102,1.80157,-0.536231,0,0.213367
8.34943,6.24367,3.45084,-0.382729,0,0.28939
9.70795,7.30951,4.83731,-0.181758,0,0.346509
9.95218,7.26292,5.56991,0.0396817,0.00305549,0.404602
9.99655,7.02596,5.97673,0.268258,0.0237114,0.469118
9.95218,6.7128,6.29716,0.500371,0.0622399,0.553419
8.71366,5.15951,5.10985,0.765416,0.150263,0.668822
2.82861,-0.697609,-0.697476,0.709094,0.204863,0.728362
-0.577129,-3.94537,-3.90134,0.531593,0.245796,0.763551
-2.99776,-6.12091,-5.86372,0.285373,0.267769,0.769368
-3.31295,-6.18831,-5.58937,0.0591953,0.272327,0.74525
1.08983,-1.71679,-1.42776,0.00194774,0.272477,0.707925
6.8735,3.91031,2.6982,0.105754,0.28062,0.641916
9.38315,6.17279,3.54939,0.238333,0.298972,0.600044
6.70296,3.33194,1.51267,0.296953,0.326292,0.564001
-1.46887,-4.65355,-1.51566,0.227167,0.343784,0.51432
0.130396,-2.9367,-0.533961,0.197864,0.359019,0.454222
7.5326,4.29358,0.0404655,0.191804,0.373788,0.378723
9.99655,6.46358,-0.826215,0.14752,0.386622,0.319693
8.71366,4.93979,-1.61769,0.0654378,0.392708,0.221239
7.12646,2.6519,-2.37558,-0.444736,0.206808,-0.262234
9.96949,5.28337,-5.01338,-0.620629,0.15902,-0.337822
9.78503,4.90261,-4.83326,-0.782815,0.0987433,-0.41745
9.38315,4.22843,-4.22137,-0.990848,0,-0.522724
5.19932,0.0427484,-0.0417012,-0.951458,0,-0.510773
1.08983,-3.91017,3.65513,-0.774104,0,-0.489448
-1.55263,-6.30036,5.49219,-0.532852,0,-0.456435
-1.74874,-6.24635,4.94519,-0.321947,0,-0.414529
0.130396,-4.19908,2.907,-0.197633,0,-0.362484
4.04964,-0.269057,0.1554,-0.184041,0,-0.302416
7.71373,3.26433,-1.41396,-0.231393,0,-0.2268
9.63332,4.98433,-1.42363,-0.277294,0,-0.149551
9.49785,4.66218,-0.792906,-0.297145,0,-0.0890494
9.24564,4.24019,0.0106567,-0.285295,0,0.00131595
9.38315,4.20916,0.540664,-0.253495,0,0.067256
9.95218,4.59423,1.23455,-0.196205,0,0.1407
9.38315,3.87023,1.56824,-0.128274,0,0.212165
5.26354,-0.239783,-0.128991,-0.128302,0,0.281668
6.55212,1.00841,0.662588,-0.0978528,0,0.344036
8.71366,3.04792,2.34724,-0.00371679,0,0.40323
8.97546,3.18229,2.70601,0.100608,0.00774678,0.452981
8.71366,2.80805,2.58681,0.196326,0.0228639,0.50521
9.98454,3.90353,3.7887,0.350799,0.0530326,0.561228
2.2559,-3.67783,-3.66018,0.196376,0.0681535,0.589239
4.83323,-1.05814,-1.05677,0.14813,0.0795595,0.60248
8.77422,2.77187,2.71775,0.24706,0.0985832,0.61196
9.84743,3.69703,3.47452,0.371317,0.127175,0.619259
9.49785,3.21858,2.83399,0.46613,0.163067,0.624101
8.89403,2.5141,1.93311,0.522609,0.203308,0.605907
5.26354,-1.06783,-0.735859,0.467866,0.244012,0.604831
-0.878087,-6.52456,-2.56485,0.179757,0.278166,0.483996
7.71373,1.98767,0.439689,0.189765,0.292778,0.408602
7.36464,1.57549,0.128545,0.187408,0.307208,0.349929
5.54277,-0.236896,0.01636,0.180822,0.321131,0.284972
0.45802,-5.11676,1.08793,0.215746,0.337744,0.226416
4.44835,-1.08307,0.386653,0.222326,0.354863,0.167939
9.23252,3.55862,-1.72612,0.147311,0.366206,0.112232
9.38315,3.56644,-2.1628,0.0583714,0.370701,0.0531731
6.41827,0.578395,-0.415866,0.0401132,0.373789,-0.00267843
-0.577129,-6.16995,5.00976,0.231445,0.39161,-0.0335315
4.44835,-1.10041,0.976994,0.260148,0.411642,-0.053234
4.44835,-1.05804,1.00121,0.288679,0.43387,-0.0616054
-3.16595,-8.33846,8.19755,0.593171,0.479544,-0.0352066
1.08983,-3.92141,3.9197,0.724569,0.536785,0.0134147
7.90781,2.78505,-2.76765,0.590118,0.582224,0.0618968
9.59963,4.30451,-4.159,0.407277,0.613585,0.107685
8.34943,2.93672,-2.69811,0.287719,0.635739,0.154683
7.36464,1.87678,-1.59341,0.215296,0.652317,0.207777
9.24564,3.61311,-2.75479,0.100948,0.66009,0.260876
9.96949,4.16999,-2.74979,-0.00880559,0.659412,0.314138
1.60963,-4.02857,2.19694,0.0761158,0.665273,0.379733
5.14439,-0.474793,0.197014,0.0807704,0.671492,0.454226
7.5326,1.83975,-0.496601,0.0585416,0.676,0.534666
7.5326,1.76892,-0.236032,0.0472005,0.679634,0.609769
5.76589,0.00212493,2.40319e-005,0.0453842,0.683129,0.68905
8.24221,2.38302,0.380179,0.0582738,0.687616,0.771149
8.24221,2.29128,0.738097,0.084447,0.694118,0.862787
2.68316,-3.14196,-1.38404,0.0279101,0.696267,0.926914
5.19932,-0.60171,-0.341331,0.0136943,0.697322,0.994343
8.53099,2.62486,1.79323,0.0822065,0.703652,1.06136
7.90781,1.89559,1.54192,0.159571,0.720566,1.14647
6.95334,0.904886,0.810601,0.184636,0.734783,1.20383
9.70795,3.5186,3.33459,0.305909,0.758338,1.25455
9.70795,3.38314,3.33092,0.422372,0.790861,1.30638
9.78503,9.56264,9.54597,0.216954,0.00986154,0.532547
9.78503,9.19448,9.01385,0.555634,0.0526454,0.565957
9.76293,8.81924,8.28654,0.853274,0.118347,0.610319
9.38315,8.11454,7.12063,1.09457,0.202629,0.662095
4.86735,3.4602,2.76837,1.15901,0.291873,0.710784
-3.16595,-4.39705,-3.09351,0.995287,0.36851,0.736884
9.78503,8.2075,4.795,1.14917,0.461593,0.767491
9.89648,7.99867,3.67156,1.24629,0.557557,0.7979
7.31904,5.21251,1.68842,1.26331,0.654832,0.824435
-1.14884,-3.13003,-0.574915,1.19254,0.746657,0.84283
7.5326,5.33768,0.221285,1.15514,0.835603,0.85731
9.98454,7.48971,-0.831233,1.07867,0.918661,0.86055
8.93832,6.18254,-1.60141,0.970126,0.997241,0.861618
8.11377,5.1517,-2.03113,0.854577,1.06304,0.856608
3.2339,0.261367,-0.137124,0.816397,1.12591,0.851205
-0.878087,-3.70237,2.39387,0.87713,1.19345,0.854898
5.97025,3.02485,-2.27274,0.75586,1.25165,0.858237
9.89648,6.68346,-5.60674,0.510899,1.29099,0.851739
8.11377,4.70962,-4.2948,0.323477,1.31622,0.838737
0.130396,-3.14771,3.03353,0.427814,1.34916,0.844554
6.95334,3.53373,-3.50273,0.276488,1.37045,0.851444
6.70296,3.15695,-3.15662,0.144314,1.38156,0.858016
0.130396,-3.28412,3.24139,0.263551,1.40185,0.885067
-1.55263,-4.77591,4.54769,0.428491,1.43485,0.936269
9.93999,6.4514,-5.76653,0.183787,1.44937,0.981352
7.7373,4.08513,-3.35694,0.0474693,1.45302,1.02276
0.896277,-2.64978,1.9259,0.119789,1.46225,1.08169
8.11377,4.38957,-2.7078,0.00951304,1.46299,1.13999
6.09666,2.28112,-1.12895,-0.0343179,1.46035,1.20121
3.2339,-0.55925,0.202602,-0.0251965,1.4584,1.26872
7.12646,3.20498,-0.663727,-0.0497799,1.45457,1.34614
9.99557,5.82201,-0.215777,-0.0566688,1.44987,1.43046
6.70296,2.41558,0.278645,-0.0415796,1.44613,1.50653
9.38315,4.89958,1.26315,0.00865242,1.44679,1.58178
9.89648,5.20451,2.05495,0.0874349,1.45352,1.66026
9.99655,5.09505,2.70027,0.190642,1.46859,1.74608
8.24221,3.20374,2.11867,0.269691,1.4907,1.83696
7.5326,2.39811,1.82354,0.329514,1.51607,1.91422
8.77422,8.57481,2.81827,0.0640516,0.00291144,0.175002
8.97546,8.42061,3.98694,0.222928,0.0209686,0.268879
8.97546,8.09642,4.80002,0.399146,0.0517029,0.362122
9.50684,8.29563,5.85483,0.60919,0.0986106,0.468152
9.80936,8.26712,6.60172,0.839903,0.163283,0.581404
0.81343,-0.700747,-0.615968,0.783852,0.22364,0.683892
4.44835,2.8212,2.65562,0.855914,0.289545,0.782412
7.0161,5.18148,5.07514,1.01835,0.367958,0.880811
6.55212,4.53588,4.52878,1.15351,0.456778,0.979559
5.46567,3.31663,3.30171,1.23621,0.551967,1.07321
8.53099,6.12029,5.93371,1.42881,0.669129,1.17677
7.5326,4.9247,4.54983,1.54897,0.7884,1.27214
0.896277,-1.64572,-1.41019,1.43504,0.898898,1.34756
5.54277,2.88524,2.21384,1.46503,1.0117,1.41346
7.5326,4.68738,3.16337,1.53041,1.12955,1.48291
6.1529,3.18033,1.77437,1.5398,1.24811,1.54024
-2.6723,-5.42754,-2.3171,1.39131,1.35524,1.57877
7.17271,4.2474,1.23104,1.38514,1.4619,1.61365
9.49785,6.3195,0.914005,1.367,1.56716,1.64289
9.89648,6.45948,0.0243516,1.31531,1.66844,1.67041
9.59963,5.92537,-0.868051,1.23125,1.76324,1.68654
9.95218,6.03622,-1.73861,1.11691,1.84925,1.69843
9.98775,5.83196,-2.50962,0.973664,1.92616,1.70085
9.78503,5.41251,-3.0282,0.819592,1.98927,1.69633
9.70795,5.13001,-3.46209,0.654748,2.03969,1.68633
9.70795,4.9325,-3.82611,0.482235,2.07682,1.67067
9.84743,4.87671,-4.19759,0.302061,2.10008,1.6494
10,4.83566,-4.46757,0.118431,2.1092,1.62546
9.93378,4.58582,-4.4523,-0.0575423,2.10477,1.59641
8.97546,3.48783,-3.47152,-0.18898,2.09022,1.56907
8.53099,2.9262,-2.92163,-0.294187,2.06756,1.54478
8.17175,2.46813,-2.42025,-0.376041,2.03861,1.52517
8.53099,2.71852,-2.55373,-0.459882,2.0032,1.51134
9.12007,3.18025,-2.80966,-0.550348,1.96082,1.49824
9.70795,3.62306,-2.90956,-0.641178,1.91145,1.49097
9.89648,3.66484,-2.60118,-0.716638,1.85627,1.48464
9.59963,3.23832,-1.92478,-0.763151,1.79751,1.48629
9.38315,2.9055,-1.36119,-0.786176,1.73697,1.49167
9.38315,2.79364,-0.943009,-0.792214,1.67597,1.49923
9.70795,2.99838,-0.587726,-0.784341,1.61558,1.51294
9.89648,3.06421,-0.165495,-0.760515,1.55702,1.52874
9.68797,2.74576,0.24981,-0.721618,1.50145,1.54909
9.25666,2.22535,0.524934,-0.673626,1.44958,1.57309
8.93832,1.83264,0.688534,-0.620501,1.40118,1.5979
8.93832,1.76208,0.902683,-0.561859,1.35792,1.62615
9.25666,2.00032,1.26534,-0.491511,1.32007,1.65129
9.80936,2.45473,1.82077,-0.402488,1.28908,1.67746
9.70795,2.26271,1.89896,-0.313883,1.26491,1.70434
8.93832,1.43561,1.30505,-0.251554,1.24554,1.72153
8.24221,0.711019,0.682787,-0.215582,1.22894,1.73175
7.71373,0.174605,0.173526,-0.198655,1.21166,1.73203
8.93832,1.34533,1.34417,-0.139257,1.20094,1.72409
9.70795,2.03352,1.99822,-0.0569638,1.19655,1.71106
10,2.23604,2.11549,0.0266755,1.19861,1.69398
9.70795,1.86914,1.65244,0.0892673,1.20548,1.66837
9.12007,1.23194,0.994378,0.124114,1.21504,1.63767
9.12007,1.18451,0.838625,0.151623,1.22671,1.59742
9.38315,1.38969,0.825291,0.178569,1.241,1.55195
9.84743,1.76683,0.782277,0.206944,1.26045,1.49228
9.97548,1.82192,0.52915,0.219349,1.27734,1.42941
9.49785,1.29254,0.209414,0.218966,1.2942,1.37903
7.71373,-0.472649,-0.00831484,0.210216,1.31039,1.3196
6.95334,-1.18557,0.164098,0.20844,1.32644,1.25396
7.34456,-0.763768,0.209857,0.208495,1.34249,1.19862
8.05084,-0.0551907,0.0232477,0.201085,1.35858,1.13802
9.96949,1.79172,-0.981812,0.155543,1.37055,1.08364
9.87128,1.62831,-1.07989,0.107979,1.37887,1.03162
8.97546,0.704285,-0.540114,0.0830277,1.38526,0.983716
8.60715,0.323046,-0.275759,0.0692144,1.39059,0.943635
8.93832,0.629029,-0.579623,0.0442342,1.394,0.911524
9.50684,1.15144,-1.11615,-0.000440813,1.39396,0.886408
9.78503,1.37459,-1.37015,-0.0531745,1.38987,0.867963
8.77422,0.349775,-0.349043,-0.0645654,1.3849,0.862395
7.12646,-1.24801,1.2216,-0.015048,1.38374,0.87122
5.54277,-2.71844,2.54355,0.087296,1.39072,0.900809
5.54277,-2.61378,2.28889,0.172057,1.40397,0.945455
6.95334,-1.15688,0.921638,0.200916,1.41944,1.00231
9.80936,1.62862,-1.11933,0.146126,1.43157,1.07171
9.87128,1.62546,-0.939655,0.104323,1.4396,1.13692
8.77422,0.508056,-0.228944,0.0914923,1.44665,1.2107
7.36464,-0.866818,0.273036,0.0984817,1.45423,1.2893
7.71373,-0.497791,0.0849685,0.0979615,1.46177,1.3724
8.77422,0.541033,-0.0122368,0.0937189,1.46899,1.45715
9.84743,1.55209,0.192593,0.0975255,1.4765,1.54147
9.80936,1.45573,0.38501,0.108594,1.48486,1.62334
8.53099,0.170539,0.0684167,0.107047,1.4931,1.70316
6.95334,-1.35294,-0.720631,0.0751813,1.49889,1.77778
6.55212,-1.68663,-1.09296,0.0302079,1.50122,1.84052
7.71373,-0.504799,-0.380537,0.0143942,1.50233,1.89704
9.38315,1.11978,0.947341,0.0503126,1.5062,1.94917
9.99655,1.66645,1.53105,0.107321,1.51447,1.99552
9.09646,0.736858,0.710497,0.130543,1.52452,2.02938
7.34456,-0.975964,-0.968573,0.0882273,1.53131,2.05094
5.14439,-3.05385,-3.05298,-0.0327093,1.52879,2.05224
6.55212,-1.58275,-1.5602,-0.0915176,1.52175,2.03788
8.05084,-0.0807942,-0.0766975,-0.090947,1.51474,2.01179
9.61529,1.42654,1.2763,-0.0383079,1.51179,1.98025
9.93999,1.68381,1.38004,0.0162984,1.51305,1.94219
8.89403,0.613299,0.446548,0.032863,1.51558,1.89681
6.95334,-1.27629,-0.789197,0.00121371,1.51567,1.83944
5.97025,-2.17239,-1.08225,-0.0404997,1.51255,1.7734
7.34456,-0.766957,-0.27785,-0.0497564,1.50867,1.69836
8.93832,0.794975,0.17488,-0.0411079,1.50551,1.62069
9.96949,1.75583,0.14106,-0.0340944,1.50288,1.54495
9.38315,1.12447,-0.0832936,-0.0359886,1.50011,1.46133
5.76589,-2.39682,0.52138,-0.0145299,1.49899,1.38509
4.77929,-3.25316,1.16519,0.0308894,1.50137,1.31383
5.76589,-2.1793,1.0738,0.0710414,1.50684,1.24885
7.5326,-0.396701,0.242747,0.077652,1.51282,1.19242
9.70795,1.71017,-1.22887,0.0273511,1.51493,1.13869
9.70795,1.64433,-1.35063,-0.0257012,1.51295,1.08287
2.82861,-5.03346,4.48485,0.147955,1.52434,1.05781
-0.202758,-7.75433,7.35499,0.425426,1.5571,1.06046
-0.997613,-8.22004,8.09135,0.720564,1.61258,1.09718
1.08983,-5.8965,5.89347,0.919721,1.6834,1.16007
6.27677,-0.682237,0.677732,0.910404,1.7535,1.23336
9.80936,2.74061,-2.64438,0.773545,1.81306,1.30785
4.80423,-2.16374,1.96356,0.826501,1.88662,1.41146
1.84588,-4.92489,4.12304,0.953418,1.96003,1.52169
5.19932,-1.51096,1.12645,0.960079,2.03396,1.64361
5.19932,-1.45278,0.929552,0.958904,2.1078,1.77278
2.04849,-4.42637,2.31751,1.01121,2.18566,1.91152
4.04964,-2.33185,0.920708,1.00773,2.26325,2.05652
9.98454,3.46433,-0.867866,0.935516,2.33529,2.20412
8.53099,1.93337,-0.204911,0.891609,2.40394,2.34845
-3.55721,-9.76388,-0.398653,0.841934,2.46877,2.49015
4.04964,-2.06858,-0.409296,0.790634,2.5336,2.6372
6.41827,0.288489,0.0963566,0.763904,2.59242,2.76731
8.43988,2.22117,1.04428,0.774699,2.65208,2.89825
9.49785,9.28199,-5.87602,-0.133546,0,-0.331468
9.49785,8.89215,-4.44446,-0.314604,0,-0.261704
9.49785,8.5498,-3.1424,-0.423474,0,-0.192444
9.84743,8.55675,-1.89806,-0.480246,0,-0.116145
9.73049,8.11488,-0.697663,-0.488617,0,-0.0450156
2.82861,1.1663,0.0710384,-0.46707,0,0.031892
-2.6723,-4.16773,-0.852853,-0.481923,0,0.107145
4.44835,2.83923,0.991906,-0.42518,0,0.182923
4.44835,2.72992,1.31365,-0.358235,0,0.251957
-2.47643,-4.03336,-2.43789,-0.438302,0,0.31648
0.746698,-0.776601,-0.560069,-0.443355,0,0.377609
8.53099,6.7379,5.49061,-0.214898,0,0.426673
9.49785,7.40812,6.6196,0.0482303,0.00371374,0.47158
8.34943,6.0187,5.70874,0.26616,0.0242081,0.520842
8.17175,5.61614,5.53007,0.468821,0.0603073,0.575881
9.61529,6.78789,6.78517,0.712,0.115131,0.638521
9.87128,6.77269,6.72347,0.943442,0.187776,0.70757
2.82861,-0.259589,-0.250474,0.897476,0.256882,0.762096
-2.47643,-5.3504,-4.87221,0.675343,0.308883,0.785686
5.14439,2.18302,1.85195,0.720642,0.364373,0.808565
4.80423,1.77191,1.33647,0.744352,0.421688,0.816613
-2.47643,-5.29667,-3.4727,0.581995,0.466502,0.809793
1.45652,-1.31122,-0.705364,0.532432,0.507499,0.789167
-1.99475,-4.57912,-1.87913,0.439587,0.541347,0.756216
6.95334,4.20076,1.14407,0.466709,0.577284,0.719884
6.27677,3.38851,0.441585,0.465742,0.613146,0.68138
-2.6723,-5.34648,0.10749,0.451949,0.647946,0.637419
1.45652,-1.17078,0.207811,0.44255,0.682022,0.589085
-1.99475,-4.4441,1.40513,0.479609,0.718952,0.553401
6.79781,4.18105,-1.88175,0.388697,0.748882,0.513227
-4.15146,-6.50765,3.73859,0.517668,0.788742,0.487939
1.45652,-0.865037,0.595321,0.520657,0.828833,0.468491
4.83323,2.41498,-1.90913,0.42711,0.86172,0.447795
3.2339,0.784242,-0.680729,0.384459,0.891324,0.436836
6.41827,3.81582,-3.55661,0.232727,0.909244,0.421212
9.87128,6.98899,-6.81778,-0.0387174,0.906262,0.39549
9.91817,6.765,-6.74609,-0.296951,0.883397,0.361261
9.38315,5.99012,-5.97529,-0.515567,0.843698,0.321396
8.82517,5.223,-5.09793,-0.691988,0.790415,0.279355
9.38315,5.55841,-5.19339,-0.865292,0.723788,0.234574
9.78503,5.73082,-4.99218,-1.02418,0.644926,0.188814
9.24564,4.99156,-3.94218,-1.13652,0.557414,0.143892
6.95334,2.59534,-1.79791,-1.16198,0.467941,0.10522
4.04964,-0.296488,0.171395,-1.11065,0.382421,0.0797365
1.68099,-2.56253,1.15906,-1.02327,0.30363,0.0668009
1.84588,-2.30533,0.726147,-0.955913,0.230025,0.0650981
3.2339,-0.881997,0.152187,-0.913251,0.159704,0.0693584
7.34456,3.10436,-0.0819126,-0.881245,0.0918485,0.0780326
9.09646,4.6693,0.561925,-0.825683,0.0282709,0.0912833
9.89648,5.25874,1.38127,-0.740715,0,0.137529
9.99724,5.15316,2.06735,-0.632605,0,0.210058
9.99724,4.95476,2.63911,-0.506644,0,0.27889
9.98775,4.75489,3.08805,-0.368248,0,0.34005
8.93832,3.5628,2.69018,-0.250498,0,0.395357
7.12646,1.68353,1.41747,-0.186282,0,0.440851
4.04964,-1.309,-1.23816,-0.24992,0,0.495262
1.68099,-3.40734,-3.40282,-0.481658,0,0.522904
2.04849,-2.90001,-2.87714,-0.591851,0,0.51947
4.08067,-0.827039,-0.787993,-0.601069,0,0.498879
8.05084,3.00011,2.67141,-0.452172,0,0.466231
9.38315,4.13097,3.27521,-0.278849,0,0.415132
9.96949,4.49795,3.03344,-0.124827,0,0.353118
9.95218,4.2723,2.2665,-0.0136304,0,0.277775
9.98775,4.07524,1.43331,0.0645043,0.00696646,0.191122
9.63332,3.48825,0.417617,0.0865738,0.0177882,0.0804739
5.54277,-0.574891,0.0328526,0.0841295,0.025444,-0.00447752
2.43208,-3.5142,0.796737,0.117266,0.0363497,-0.0823603
-2.99776,-8.52367,3.36549,0.269932,0.0617233,-0.145014
-2.99776,-8.19551,4.35653,0.427266,0.0946228,-0.18371
-1.74874,-6.67905,4.32172,0.577203,0.139067,-0.19973
0.81343,-3.92956,3.03563,0.689061,0.201772,-0.202714
7.7373,2.80866,-2.51444,0.490444,0.262587,-0.206162
9.96949,4.80645,-4.61813,0.252896,0.286106,-0.216977
9.50684,4.10706,-4.09539,0.015914,0.287841,-0.23427
8.77422,3.24453,-3.23013,-0.109059,0.279443,-0.241832
9.50684,3.76238,-3.61692,-0.298483,0.247207,-0.256148
9.24564,3.17557,-2.55968,-0.508774,0.152575,-0.269473
0.81343,-5.05426,3.6052,-0.350387,0.125595,-0.247887
4.44835,-1.36469,0.810448,-0.305694,0.102057,-0.208892
7.71373,1.81231,-0.808536,-0.329076,0.0714529,-0.162143
9.09646,3.01931,-0.7784,-0.353789,0.032536,-0.102452
9.61529,3.37715,-0.288231,-0.350806,0.000612662,-0.0440751
9.63332,3.20844,0.408124,-0.309065,0,0.0666034
0.496117,-5.65603,-1.6665,-0.371507,0,0.154274
4.44835,-1.59902,-0.817422,-0.398931,0,0.267665
8.93832,2.75508,1.79586,-0.295776,0,0.341299
7.36464,1.08512,0.929462,-0.195919,0,0.448491
9.78503,9.56264,5.10361,0.115991,0.00527233,0.284719
9.70795,9.05871,6.07132,0.383981,0.0398306,0.390757
9.76293,8.76281,6.76238,0.62955,0.0883059,0.492374
9.59963,8.26843,7.08237,0.877983,0.155911,0.604402
9.24564,7.60578,7.02499,1.11772,0.243093,0.726709
8.05084,6.16416,5.97242,1.30462,0.343548,0.850861
7.12646,5.03805,5.01229,1.44737,0.454996,0.975918
6.55212,4.27623,4.26877,1.56587,0.586529,1.10921
6.27677,3.83084,3.73434,1.65803,0.727461,1.23787
7.12646,4.50034,4.18949,1.75549,0.862634,1.35007
8.05084,5.21586,4.54841,1.86302,1.00609,1.46268
8.71366,5.63472,4.40414,1.96847,1.16947,1.57872
9.38315,6.06149,4.1577,2.05276,1.32753,1.68668
9.70795,6.14042,3.51181,2.10893,1.48992,1.78937
9.91817,6.10615,2.71042,2.13209,1.65409,1.88651
9.98775,5.93796,1.81718,2.11996,1.81733,1.97756
9.98775,5.70935,0.963929,2.07546,1.97714,2.06554
9.93378,5.43765,0.061497,1.99792,2.13098,2.1369
9.89648,5.14652,-0.830634,1.86498,2.30629,2.22178
9.89648,4.94838,-1.50546,1.73522,2.4399,2.2806
9.89648,4.75787,-2.11195,1.5871,2.5621,2.32969
9.89648,4.57469,-2.60218,1.42581,2.67189,2.37406
9.91817,4.41943,-3.03137,1.25421,2.76847,2.40932
9.89648,4.22842,-3.30993,1.07849,2.85151,2.44165
9.78503,3.95847,-3.41479,0.9055,2.92123,2.46955
9.50684,3.51466,-3.29781,0.716352,2.9857,2.49441
9.09646,2.98477,-2.92045,0.576335,3.03008,2.51777
8.60715,2.39939,-2.39437,0.461963,3.06565,2.54315
8.34943,2.05921,-2.05159,0.365191,3.09377,2.57211
7.86799,1.51703,-1.47796,0.29423,3.11643,2.60632
7.5326,1.13614,-1.05583,0.242252,3.13508,2.64849
7.5326,1.0924,-0.947189,0.196459,3.14159,2.6876
7.5326,1.05034,-0.823011,0.157209,3.14159,2.73132
7.5326,1.00991,-0.688083,0.124665,3.14159,2.78485
7.5326,0.971024,-0.550329,0.0986781,3.14159,2.84484
7.71373,1.1078,-0.489239,0.0760433,3.14159,2.91036
7.5326,0.89099,-0.273733,0.0625769,3.14159,2.98073
7.5326,0.856241,-0.132883,0.054954,3.14159,3.06033
7.5326,0.823276,-0.00103456,0.0527984,3.14159,3.14093
7.5326,0.79158,0.103158,0.0547373,3.14159,3.20983
7.5326,0.761104,0.207285,0.0606103,3.14159,3.28419
7.69503,0.887977,0.364398,0.0723062,3.14159,3.35646
7.5326,0.697614,0.379703,0.0841409,3.14159,3.42658
7.5326,0.670756,0.443579,0.0979793,3.14159,3.48785
7.5326,0.644932,0.491986,0.113149,3.14159,3.54102
7.5326,0.620102,0.526678,0.129069,3.14159,3.58631
7.5326,0.595918,0.548529,0.145428,3.14159,3.62355
7.5326,0.572975,0.554251,0.161168,3.14159,3.64808
7.5326,0.550916,0.547739,0.176051,3.14159,3.66217
7.5326,0.529705,0.529329,0.189652,3.14159,3.66482
7.5326,0.509312,0.500996,0.201639,3.14159,3.65664
7.5326,0.489703,0.463301,0.211713,3.14159,3.63696
7.5326,0.469381,0.41496,0.220148,3.14159,3.60449
7.5326,0.451309,0.363779,0.225677,3.14159,3.56364
7.5326,0.433934,0.307223,0.228817,3.14159,3.5123
7.5326,0.417228,0.247778,0.229547,3.14159,3.45254
7.5326,0.401164,0.19105,0.228065,3.14159,3.39095
7.69503,0.541896,0.183561,0.226351,3.14159,3.31896
7.86799,0.687339,0.135575,0.222857,3.14159,3.24487
7.5326,0.338394,0.018701,0.214997,3.14159,3.17053
7.5326,0.325366,-0.0291947,0.205595,3.14159,3.09461
7.5326,0.312839,-0.0739862,0.194831,3.14159,3.01776
7.5326,0.300795,-0.113186,0.182973,3.14159,2.94457
7.5326,0.289214,-0.147847,0.170236,3.14159,2.87393
7.5326,0.27808,-0.175634,0.15692,3.14159,2.81089
7.5326,0.267373,-0.197758,0.143265,3.14159,2.75432
7.5326,0.25708,-0.213169,0.129542,3.14159,2.70743
7.5326,0.247182,-0.222588,0.115985,3.14159,2.67009
7.5326,0.237666,-0.226983,0.102781,3.14159,2.64153
7.5326,0.228515,-0.225879,0.0901276,3.14159,2.62404
7.5326,0.219718,-0.219716,0.0781986,3.14159,2.618
7.5326,0.211258,-0.209075,0.0671386,3.14159,2.6234
7.5326,0.203125,-0.1947,0.0570578,3.14159,2.63971
7.5326,0.195305,-0.176717,0.0480575,3.14159,2.66783
7.5326,0.187785,-0.156563,0.0401796,3.14159,2.70505
7.5326,0.180556,-0.134986,0.0334357,3.14159,2.75014
7.69503,0.32978,-0.211325,0.0240124,3.14159,2.80607
7.5326,0.160908,-0.0836426,0.0198677,3.14159,2.86942
7.5326,0.154713,-0.0604611,0.0167751,3.14159,2.93697
7.5326,0.148756,-0.036632,0.0147189,3.14159,3.01265
7.5326,0.143029,-0.0156059,0.0135514,3.14159,3.08446
7.5326,0.137523,0.00518325,0.0132292,3.14159,3.16133
7.5326,0.132228,0.0242872,0.0136549,3.14159,3.23777
7.5326,0.127137,0.0423138,0.0147583,3.14159,3.31586
7.5326,0.122242,0.056521,0.0163662,3.14159,3.38369
7.5326,0.117414,0.069669,0.0184716,3.14159,3.45228
7.5326,0.112893,0.0795765,0.0208242,3.14159,3.51067
7.5326,0.108547,0.0868443,0.0233659,3.14159,3.5605
7.5326,0.104314,0.0918182,0.0260356,3.14159,3.60247
7.5326,0.100298,0.0943039,0.0286639,3.14159,3.6339
7.5326,0.0964362,0.0944692,0.0311974,3.14159,3.65451
7.5326,0.0927234,0.0925912,0.0335611,3.14159,3.66444
7.5326,0.0891535,0.0887311,0.0356851,3.14159,3.66271
7.5326,0.0857211,0.0832123,0.0375149,3.14159,3.64987
7.5326,0.0824209,0.0763631,0.0390106,3.14159,3.62671
7.5326,0.0792476,0.0681864,0.0401338,3.14159,3.59211
7.5326,0.0761966,0.0591656,0.0408666,3.14159,3.54816
7.5326,0.073263,0.0495109,0.0411994,3.14159,3.49544
7.5326,0.0704424,0.0392644,0.0411249,3.14159,3.43345
7.5326,0.0677304,0.0296825,0.0406843,3.14159,3.37106
7.5326,0.0651228,0.0196565,0.0398748,3.14159,3.29963
7.5326,0.0626155,0.00983408,0.0387182,3.14159,3.22383
7.5326,0.0602048,0.000529583,0.0372479,3.14159,3.1462
7.5326,0.057887,-0.00786817,0.035511,3.14159,3.07042
7.5326,0.0556583,-0.015461,0.0335486,3.14159,2.99615
7.5326,0.0535155,-0.0222367,0.0314008,3.14159,2.92403
7.5326,0.0514284,-0.0282353,0.029075,3.14159,2.85412
7.5326,0.0494484,-0.0330489,0.0266832,3.14159,2.79164
7.5326,0.0475446,-0.0366718,0.0242441,3.14159,2.73773
7.5326,0.0456666,-0.0391898,0.0217384,3.14159,2.69225
7.5326,0.0439084,-0.0405131,0.0193417,3.14159,2.65848
7.5326,0.042218,-0.0409568,0.0170203,3.14159,2.63364
7.5326,0.0405926,-0.0403977,0.0148097,3.14159,2.62051
7.5326,0.0387862,-0.0387018,0.0124284,3.14159,2.61913
7.5326,0.0372929,-0.0364501,0.0105466,3.14159,2.62983
7.5326,0.0358571,-0.0335583,0.00884854,3.14159,2.65156
7.5326,0.0344766,-0.0301703,0.00734632,3.14159,2.68339
7.5326,0.0331493,-0.0263076,0.00605064,3.14159,2.72606
7.5326,0.031873,-0.022267,0.00496042,3.14159,2.7758
7.5326,0.0306459,-0.0177317,0.00408677,3.14159,2.83864
7.5326,0.0294661,-0.0135913,0.00340616,3.14159,2.90008
7.5326,0.0283316,-0.00924444,0.00291912,3.14159,2.97075
7.71373,0.201088,-0.0348217,0.00140948,3.14159,3.05092
7.5326,0.0191848,-0.00059056,0.00133248,3.14159,3.12547
7.5326,0.0184462,0.0021048,0.00136221,3.14159,3.20134
7.69503,0.173731,0.0477352,0.00319395,3.14159,3.28546
7.5326,0.01081,0.0046088,0.00325549,3.14159,3.36483
7.5326,0.0103938,0.00571188,0.00335006,3.14159,3.42934
7.5326,0.00999362,0.00665587,0.00347734,3.14159,3.49032
7.5326,0.00960886,0.00740376,0.00362851,3.14159,3.54503
7.5326,0.00923892,0.00788656,0.00379244,3.14159,3.58855
7.5326,0.00888322,0.00817899,0.00396132,3.14159,3.62368
7.5326,0.00851013,0.00827249,0.00414239,3.14159,3.65057
7.5326,0.00813994,0.0081205,0.00431544,3.14159,3.66394
7.5326,0.00782655,0.00780281,0.0044497,3.14159,3.6636
7.5326,0.00752523,0.00734193,0.00456105,3.14159,3.65244
7.5326,0.00721669,0.00669816,0.00464867,3.14159,3.62757
7.5326,0.00693885,0.00599902,0.00470066,3.14159,3.59427
7.5326,0.0066717,0.00521465,0.00472045,3.14159,3.55084
7.5326,0.00641484,0.00438244,0.00470744,3.14159,3.4993
7.5326,0.00616787,0.00352751,0.00466201,3.14159,3.44105
7.5326,0.00593041,0.0026224,0.00458349,3.14159,3.37313
7.5326,0.00569912,0.00173386,0.00447235,3.14159,3.30089
7.5326,0.00547971,0.000864016,0.00433343,3.14159,3.22415
7.5326,0.00526874,2.83968e-017,0.00416659,3.14159,3.14159
7.5326,0.00506589,-0.000657024,0.00398088,3.14159,3.07368
7.5326,0.00487085,-0.00135011,0.00377564,3.14159,2.99646
7.5326,0.00468333,-0.00191921,0.00355639,3.14159,2.92702
7.5326,0.00450302,-0.00242715,0.00332602,3.14159,2.85937
7.5326,0.00432965,-0.00284279,0.00308852,3.14159,2.79781
7.5326,0.00416296,-0.00316894,0.00284761,3.14159,2.74302
7.5326,0.00400269,-0.00340626,0.00260684,3.14159,2.69601
7.5326,0.00384858,-0.00352433,0.00237079,3.14159,2.66211
7.5326,0.00370041,-0.00356987,0.00214207,3.14159,2.63646
7.5326,0.00355795,-0.0035342,0.00192354,3.14159,2.62149
7.5326,0.00342097,-0.00341966,0.00171782,3.14159,2.61819
7.5326,0.00328926,-0.00323812,0.00152702,3.14159,2.62613
7.5326,0.00316262,-0.00299275,0.00135301,3.14159,2.64612
7.5326,0.00304086,-0.00270508,0.00119677,3.14159,2.67581
7.5326,0.00292379,-0.00237722,0.00105917,3.14159,2.71588
7.5326,0.00281122,-0.00202862,0.000940292,3.14159,2.76376
7.5326,0.00270299,-0.00164727,0.000840671,3.14159,2.8225
8.34943,0.787983,-0.382214,-0.0139069,3.14052,2.88655
8.53099,0.932218,-0.326226,-0.0259312,3.13853,2.95529
8.53099,0.896328,-0.185622,-0.0320793,3.13606,3.02762
8.53099,0.861819,-0.0595173,-0.0331357,3.1335,3.09734
8.53099,0.828639,0.0676092,-0.029257,3.13125,3.17397
8.53099,0.796737,0.177709,-0.0212888,3.12961,3.2464
8.17175,0.420651,0.155098,-0.0144979,3.1285,3.32155
8.17175,0.404456,0.202595,-0.00613988,3.12802,3.3903
7.5326,-0.225661,-0.140428,-0.01131,3.12715,3.45299
7.5326,-0.216973,-0.159559,-0.0170176,3.12584,3.51089
7.34456,-0.389419,-0.319864,-0.0286772,3.12363,3.55371
7.34456,-0.374427,-0.33583,-0.0405026,3.12051,3.59014
7.12646,-0.569712,-0.542049,-0.0598121,3.11591,3.61408
7.34456,-0.337901,-0.333873,-0.0705005,3.11041,3.62777
7.34456,-0.323372,-0.323371,-0.0813739,3.10341,3.62701
7.34456,-0.310922,-0.30694,-0.0900582,3.09648,3.61337
7.34456,-0.298951,-0.285791,-0.0975939,3.08896,3.58951
7.12646,-0.496626,-0.447076,-0.111398,3.08016,3.55152
7.34456,-0.267805,-0.221685,-0.115645,3.07126,3.50469
7.34456,-0.257494,-0.190342,-0.11852,3.06213,3.44918
7.34456,-0.247581,-0.15625,-0.119973,3.05289,3.38334
7.34456,-0.238049,-0.11924,-0.119945,3.04366,3.30593
7.34456,-0.228884,-0.0863929,-0.118653,3.03452,3.23216
7.17271,-0.385302,-0.0901823,-0.117557,3.02547,3.14802
7.34456,-0.205238,-0.019443,-0.113779,3.01671,3.06631
7.34456,-0.197336,0.0110294,-0.108974,3.00832,2.97905
7.34456,-0.189739,0.0385933,-0.103293,3.00036,2.89386
7.34456,-0.182434,0.0631972,-0.0968831,2.9929,2.81152
7.34456,-0.17541,0.0845044,-0.0898997,2.98598,2.73374
7.34456,-0.168657,0.101519,-0.0825301,2.97963,2.66446
7.34456,-0.162163,0.115528,-0.0749048,2.97386,2.60084
7.5326,0.0248795,-0.0201463,-0.0727966,2.96825,2.54427
7.5326,0.0239216,-0.0211761,-0.0708092,2.9628,2.4993
7.5326,0.0230006,-0.0217085,-0.0689189,2.95749,2.46331
7.5326,0.0221151,-0.021726,-0.0671019,2.95233,2.43794
7.71373,0.194713,-0.194628,-0.072458,2.94624,2.42287
7.5326,0.0130558,-0.0129687,-0.0701677,2.94084,2.42073
7.86799,0.335035,-0.32371,-0.0799291,2.93468,2.42878
7.86799,0.322137,-0.295481,-0.0882278,2.92789,2.44762
8.17175,0.601797,-0.512721,-0.104571,2.91984,2.47374
8.17175,0.578628,-0.441876,-0.117557,2.91079,2.51093
8.34943,0.727189,-0.480556,-0.131533,2.90066,2.55464
8.34943,0.699193,-0.382403,-0.141191,2.88979,2.60342
8.34943,0.672274,-0.280111,-0.146539,2.8785,2.66034
8.34943,0.646391,-0.181507,-0.147886,2.86712,2.72009
8.34943,0.621182,-0.0840463,-0.145396,2.85578,2.78493
8.34943,0.597266,0.00900622,-0.139451,2.84504,2.85293
8.34943,0.574272,0.0926858,-0.130514,2.83499,2.9195
8.34943,0.552162,0.166994,-0.11906,2.82582,2.98418
8.34943,0.530904,0.232966,-0.105507,2.8177,3.04746
8.34943,0.510464,0.287984,-0.0903577,2.81074,3.10613
8.34943,0.490811,0.333276,-0.0740478,2.80504,3.16058
8.34943,0.46578,0.376824,-0.0510534,2.79983,3.22343
8.34943,0.447847,0.397361,-0.0337894,2.79723,3.2618
8.34943,0.430605,0.408085,-0.0167772,2.79594,3.29215
8.53099,0.5886,0.579122,0.00616488,2.79641,3.31158
8.34943,0.391366,0.391106,0.0209851,2.79803,3.32128
8.34943,0.376298,0.374077,0.0345792,2.80069,3.3212
8.34943,0.361623,0.349515,0.0468617,2.80434,3.31041
8.34943,0.3477,0.317254,0.0572718,2.80875,3.2865
8.34943,0.334314,0.281026,0.0658863,2.81383,3.25397
8.34943,0.321443,0.246124,0.0728254,2.81943,3.22035
8.34943,0.309067,0.204972,0.0779131,2.82543,3.17268
8.34943,0.297168,0.16284,0.0811827,2.83169,3.1186
8.34943,0.285727,0.120356,0.0826909,2.83805,3.05861
8.34943,0.274727,0.0764805,0.0824518,2.8444,2.99016
8.34943,0.26415,0.0355751,0.080647,2.85061,2.92113
8.53099,0.427884,-0.00672091,0.0771523,2.85678,2.84856
8.34943,0.236838,-0.0374904,0.0727386,2.86238,2.7795
8.34943,0.227719,-0.069416,0.0672656,2.86756,2.70795
8.53099,0.393525,-0.174237,0.0579678,2.87203,2.6402
8.34943,0.203802,-0.115716,0.051281,2.87598,2.57868
8.34943,0.195955,-0.133961,0.0441492,2.87938,2.52143
8.34943,0.188411,-0.147558,0.0367684,2.88221,2.47214
8.34943,0.179367,-0.158729,0.0273846,2.88484,2.42148
8.34943,0.171475,-0.162848,0.0190143,2.88651,2.38925
8.53099,0.336798,-0.333257,0.00280985,2.88677,2.36867
8.34943,0.149259,-0.149258,-0.00304475,2.88653,2.36294
8.34943,0.143512,-0.141843,-0.00838847,2.88589,2.36838
8.53099,0.312398,-0.298472,-0.0197017,2.88435,2.38409
8.34943,0.125797,-0.113349,-0.0233071,2.88256,2.41077
8.34943,0.120954,-0.0999959,-0.0262597,2.88053,2.44766
8.53099,0.290265,-0.213086,-0.0338261,2.87779,2.49341
8.34943,0.104517,-0.0655021,-0.0350457,2.87509,2.54695
8.34943,0.100493,-0.0506652,-0.035647,2.87235,2.60837
8.53099,0.271197,-0.100468,-0.0381426,2.86941,2.67544
8.53099,0.260756,-0.059597,-0.0389686,2.86641,2.74674
8.34943,0.0761439,-0.00664167,-0.037724,2.86351,2.81784
8.34943,0.0732124,0.00436747,-0.0361035,2.86073,2.89196
8.34943,0.0703937,0.014578,-0.0341523,2.8581,2.96653
8.34943,0.0676835,0.023566,-0.0319301,2.85564,3.03795
8.53099,0.239526,0.115393,-0.0261845,2.8536,3.10584
8.34943,0.0557313,0.0335462,-0.0238849,2.85176,3.16693
8.34943,0.0535857,0.0386682,-0.0214766,2.8501,3.22794
8.34943,0.0515226,0.041891,-0.0190369,2.84864,3.27436
8.34943,0.049539,0.044026,-0.016609,2.84736,3.31269
8.34943,0.0476318,0.0453557,-0.0142234,2.84626,3.34484
8.34943,0.0457741,0.0450625,-0.0119112,2.84534,3.36079
8.34943,0.0440118,0.0439926,-0.00975894,2.84458,3.36795
8.34943,0.0423174,0.0420066,-0.00776596,2.84399,3.36374
8.34943,0.0406881,0.0392929,-0.0059542,2.84353,3.34917
8.34943,0.0391217,0.0358551,-0.00434454,2.84319,3.32307
8.34943,0.0376155,0.0319359,-0.00294774,2.84297,3.28751
8.34943,0.0361673,0.0276635,-0.00176921,2.84283,3.24332
8.34943,0.0347748,0.0229806,-0.000816343,2.84277,3.18878
8.34943,0.033436,0.018234,-8.29035e-005,2.84276,3.1283
8.34943,0.0321487,0.0132849,0.000431756,2.84279,3.05916
8.34943,0.0306859,0.00761261,0.000758484,2.84286,2.97276
8.53099,0.204078,0.0226492,0.00160128,2.84299,2.9011
8.53099,0.196221,-0.00813474,0.00122644,2.84308,2.82137
8.53099,0.188666,-0.0346536,-0.000154941,2.84307,2.7469
8.53099,0.181402,-0.0590828,-0.00242366,2.84288,2.67235
8.53099,0.174418,-0.0812279,-0.00545763,2.84246,2.59862
8.53099,0.167703,-0.0982323,-0.00902945,2.84177,2.53507
8.34943,-0.0133263,0.00928594,-0.00832431,2.84113,2.47627
8.53099,0.16176,-0.128312,-0.0129438,2.84013,2.4248
8.93832,0.546041,-0.481606,-0.0319247,2.83754,2.37573
9.24564,0.815809,-0.773633,-0.0645598,2.83186,2.33533
9.24564,0.784401,-0.772805,-0.0918273,2.82479,2.30893
9.09646,0.610766,-0.610601,-0.1118,2.81618,2.29272
9.09646,0.585725,-0.581106,-0.131042,2.80544,2.28597
9.12007,0.585872,-0.564814,-0.147742,2.79406,2.28928
9.12007,0.563316,-0.513116,-0.161809,2.7816,2.30466
9.12007,0.541628,-0.456398,-0.17315,2.76827,2.32706
9.12007,0.516442,-0.380664,-0.1828,2.75127,2.36533
8.97546,0.354914,-0.215232,-0.184275,2.7345,2.41697
8.93832,0.303322,-0.141596,-0.182334,2.71791,2.47348
8.93832,0.291644,-0.0958542,-0.179004,2.70412,2.53203
8.97546,0.316119,-0.0584543,-0.174363,2.6907,2.59388
8.93832,0.268245,-0.0119626,-0.168111,2.67775,2.6544
9.09646,0.409966,0.0434508,-0.159965,2.66544,2.72093
9.24564,0.537618,0.136643,-0.148546,2.654,2.78708
9.23252,0.504307,0.195622,-0.135296,2.64358,2.84668
9.61529,0.852923,0.445194,-0.112947,2.63488,2.90818
9.63332,0.837417,0.535814,-0.0879694,2.62811,2.96313
9.50684,0.683565,0.509613,-0.0649625,2.62311,3.01346
9.50684,0.652121,0.553223,-0.0365259,2.61975,3.06394
9.24564,0.371966,0.347621,-0.0178948,2.61801,3.10734
8.77422,-0.0950264,-0.093241,-0.0212477,2.61612,3.12988
8.24221,-0.597883,-0.597777,-0.0480563,2.61165,3.13516
7.7373,-1.05206,-1.03983,-0.0936777,2.60303,3.12054
7.86799,-0.877143,-0.826586,-0.128857,2.59066,3.08408
7.86799,-0.83811,-0.733424,-0.15576,2.5768,3.035
7.86799,-0.799557,-0.622425,-0.177227,2.56049,2.9681
8.05084,-0.588036,-0.383021,-0.186796,2.54312,2.88417
8.05084,-0.560986,-0.286475,-0.191382,2.52552,2.7929
8.05084,-0.53462,-0.187717,-0.191209,2.50754,2.69139
8.17175,-0.394675,-0.0712736,-0.185692,2.49046,2.58501
8.24221,-0.311737,-0.011358,-0.178981,2.47668,2.49575
8.34943,-0.19664,0.0228058,-0.171212,2.46349,2.40277
8.53099,-0.0144739,0.00381926,-0.164211,2.45036,2.31219
8.77422,0.218574,-0.0924427,-0.161017,2.43603,2.21458
9.09646,0.519992,-0.287396,-0.165882,2.42325,2.13386
9.24564,0.643408,-0.428517,-0.175994,2.4097,2.06098
9.38315,0.750462,-0.579142,-0.191717,2.39475,1.99068
9.50684,0.833937,-0.72542,-0.216267,2.37485,1.91939
9.50684,0.792657,-0.755687,-0.242968,2.3508,1.85162
9.50684,0.756195,-0.748106,-0.266205,2.32631,1.80831
9.50684,0.7233,-0.723231,-0.286085,2.30142,1.77787
9.50684,0.690029,-0.67698,-0.304066,2.27344,1.75975
9.50684,0.658287,-0.614168,-0.318331,2.24416,1.75565
9.50684,0.627019,-0.534209,-0.328585,2.21294,1.76684
9.50684,0.598489,-0.448933,-0.334061,2.18254,1.78978
9.50684,0.569163,-0.352225,-0.334951,2.14972,1.82569
9.50684,0.543551,-0.255852,-0.331392,2.11989,1.87343
9.49785,0.513984,-0.175624,-0.325395,2.09484,1.91593
9.50684,0.502836,-0.098873,-0.316674,2.07045,1.9675
9.50684,0.482974,-0.0209323,-0.304992,2.04636,2.02366
9.50684,0.460516,0.058866,-0.288072,2.01957,2.0865
9.50684,0.442786,0.11952,-0.27238,1.99859,2.13993
9.50684,0.425738,0.174466,-0.255177,1.97894,2.19351
9.50684,0.409348,0.21999,-0.236883,1.9607,2.2421
9.50684,0.393588,0.257864,-0.217835,1.94393,2.28697
9.50684,0.378435,0.28668,-0.198411,1.92865,2.3253
9.50684,0.363865,0.307832,-0.178921,1.91488,2.35784
9.50684,0.349856,0.320644,-0.159687,1.90258,2.38246
9.50684,0.336387,0.324686,-0.141039,1.89172,2.39711
9.50684,0.323436,0.321277,-0.12324,1.88223,2.40233
9.50684,0.310983,0.310865,-0.106527,1.87403,2.39743
9.50684,0.299011,0.294263,-0.0910965,1.86701,2.3823
9.50684,0.286901,0.271315,-0.0764188,1.86082,2.35598
9.49785,0.264991,0.231973,-0.0620786,1.85505,2.31341
9.50684,0.26206,0.204416,-0.0504861,1.85066,2.25909
9.50684,0.25197,0.17237,-0.0419061,1.84743,2.20562
9.50684,0.242269,0.137307,-0.0350064,1.84474,2.14149
9.50684,0.232942,0.10248,-0.0297132,1.84245,2.0728
9.49785,0.215333,0.0665417,-0.0260074,1.84045,2.00225
9.50684,0.215683,0.0358802,-0.0236247,1.83863,1.92573
9.61529,0.311497,0.00391429,-0.0225507,1.83687,1.84345
9.59963,0.284446,-0.0381315,-0.0231505,1.83509,1.76489
9.70795,0.377643,-0.103535,-0.0262453,1.83306,1.68951
9.76293,0.415969,-0.171415,-0.0318344,1.83061,1.61485
9.91817,0.549223,-0.298066,-0.0420843,1.82737,1.54321
9.95218,0.560777,-0.370849,-0.0547417,1.82316,1.4769
9.96949,0.555827,-0.425364,-0.0690107,1.81784,1.41714
9.98775,0.55199,-0.468827,-0.0844036,1.81134,1.36663
9.98775,0.530738,-0.487747,-0.0999323,1.80365,1.32246
9.98775,0.510039,-0.493127,-0.115267,1.79466,1.28842
9.98775,0.490403,-0.487373,-0.129593,1.78468,1.26432
9.98775,0.471522,-0.470866,-0.142732,1.77369,1.25082
9.98775,0.453369,-0.445015,-0.15437,1.7618,1.24785
9.98775,0.435914,-0.411063,-0.164253,1.74916,1.25541
9.98775,0.419131,-0.370906,-0.172209,1.7359,1.27254
9.98775,0.402995,-0.325284,-0.178102,1.72218,1.29955
9.96949,0.369917,-0.2619,-0.181328,1.70822,1.33751
9.98775,0.373238,-0.219952,-0.182815,1.69414,1.38558
9.98775,0.358868,-0.172688,-0.182425,1.6801,1.42814
9.98775,0.345052,-0.118716,-0.179973,1.66624,1.48609
9.98775,0.331767,-0.0666657,-0.17561,1.65272,1.5475
9.98775,0.318994,-0.0182292,-0.169551,1.63966,1.60974
9.98775,0.306713,0.0286724,-0.16192,1.62719,1.67614
9.98775,0.294904,0.0692043,-0.153021,1.61541,1.73828
9.96949,0.265988,0.100088,-0.143277,1.60438,1.8014
9.98775,0.270894,0.144145,-0.129768,1.59218,1.87079
9.98775,0.260464,0.169407,-0.11825,1.58307,1.92363
9.98775,0.250437,0.189305,-0.106409,1.57488,1.97067
9.98775,0.240795,0.202903,-0.0945002,1.5676,2.00881
9.98775,0.231524,0.210892,-0.0827426,1.56123,2.03817
9.96949,0.205048,0.197472,-0.0719543,1.55569,2.05994
9.98775,0.214716,0.213073,-0.0609808,1.551,2.07059
9.98775,0.204624,0.204245,-0.0485152,1.54644,2.06906
9.98775,0.195621,0.190527,-0.0379973,1.54309,2.05306
9.98775,0.18809,0.175356,-0.0297832,1.5408,2.02895
9.98775,0.180848,0.157034,-0.0225908,1.53906,1.99371
9.98775,0.173885,0.136521,-0.0164649,1.53779,1.94888
9.98775,0.167191,0.115137,-0.0113983,1.53692,1.8975
9.98775,0.160754,0.0929296,-0.00738164,1.53635,1.83903
9.98775,0.154243,0.0682057,-0.00432035,1.536,1.76753
9.98775,0.148305,0.0456515,-0.00239644,1.53581,1.69699
9.96949,0.125033,0.020645,-0.00150934,1.5357,1.62215
9.98775,0.137782,-0.000259712,-0.00146123,1.53558,1.5346
9.98775,0.131719,-0.021014,-0.00232155,1.53538,1.45185
9.98775,0.126648,-0.0369353,-0.00365418,1.5351,1.3824
9.98775,0.121772,-0.0528152,-0.00554688,1.53467,1.30757
9.98775,0.117084,-0.0653233,-0.00784827,1.53407,1.24194
9.98775,0.112576,-0.0759742,-0.0104711,1.53326,1.1799
9.98775,0.108242,-0.083575,-0.0132856,1.53224,1.12796
9.98775,0.10375,-0.0898935,-0.0164648,1.53087,1.0772
9.99724,0.108871,-0.1012,-0.0197271,1.52935,1.04264
10,0.107338,-0.10445,-0.022989,1.52758,1.01807
10,0.103205,-0.102829,-0.0260628,1.52557,1.00389
10,0.0992317,-0.0990319,-0.0288721,1.52335,1.00081
9.99724,0.0927527,-0.0907056,-0.0312527,1.52095,1.0089
9.99724,0.0891818,-0.0835428,-0.0332659,1.51838,1.02789
9.99724,0.0857483,-0.0752195,-0.0348811,1.5157,1.05639
10,0.0851055,-0.0675729,-0.0361397,1.51292,1.09718
10,0.0818289,-0.0572037,-0.0369507,1.51007,1.14404
9.99724,0.07602,-0.04449,-0.0372409,1.5072,1.20077
9.99724,0.0730932,-0.0338774,-0.0371115,1.50434,1.26167
9.99724,0.0702791,-0.0232236,-0.0365768,1.50153,1.32851
9.99724,0.0675734,-0.0122447,-0.03564,1.49878,1.4039
10,0.0676303,-0.00225173,-0.0343545,1.49614,1.47871
9.99724,0.062368,0.00684391,-0.0327684,1.49362,1.55107
9.99724,0.0599669,0.015132,-0.0309242,1.49123,1.62336
9.99724,0.0576581,0.0226659,-0.028861,1.48901,1.69484
9.99724,0.0554383,0.0289367,-0.0266358,1.48696,1.76026
9.99724,0.0533039,0.0343372,-0.0242883,1.48509,1.82238
10,0.0539103,0.040259,-0.0218033,1.48341,1.87442
10,0.0518347,0.0433952,-0.0192931,1.48193,1.92028
10,0.0498391,0.0451886,-0.0168106,1.48063,1.95537
10,0.0479203,0.0459668,-0.0143937,1.47952,1.98178
9.99724,0.0433717,0.0430159,-0.012126,1.47857,1.99787
10,0.0439913,0.0439499,-0.00951845,1.47768,2.00079
10,0.0422976,0.0415029,-0.00755412,1.4771,1.99086
9.99724,0.0380106,0.0355737,-0.0058937,1.47665,1.96667
9.99724,0.0365472,0.0322777,-0.0044241,1.4763,1.93873
10,0.0377987,0.0305098,-0.00307915,1.47607,1.8987
10,0.0363434,0.0258757,-0.00196439,1.47592,1.84871
9.99724,0.0322857,0.0188784,-0.00116194,1.47583,1.78199
10,0.0335084,0.0153437,-0.000435691,1.47579,1.71555
10,0.0322184,0.0105127,-1.41795e-005,1.47579,1.64663
9.99724,0.0283194,0.00506163,0.000181239,1.4758,1.56939
10,0.0298877,0.00103264,0.000214018,1.47582,1.49391
9.99724,0.0260785,-0.00292684,9.30951e-005,1.47582,1.41706
10,0.027733,-0.00706555,-0.000182513,1.47581,1.34241
10,0.0265959,-0.0107921,-0.000617505,1.47576,1.26329
9.99724,0.0229134,-0.0122655,-0.00106595,1.47568,1.1954
9.99724,0.0220313,-0.0143292,-0.00157659,1.47556,1.13501
9.99724,0.0211831,-0.0159861,-0.00213135,1.47539,1.08025
10,0.023026,-0.0193793,-0.0027954,1.47518,1.0345
10,0.0221395,-0.0201838,-0.00346485,1.47491,0.997566
9.99724,0.0186286,-0.0179497,-0.00402252,1.4746,0.970084
9.99724,0.0179114,-0.0177744,-0.00455197,1.47425,0.954658
10,0.0198804,-0.0198766,-0.00514196,1.47385,0.950355
10,0.019115,-0.0188506,-0.00566975,1.47342,0.95706
10,0.0183791,-0.0174616,-0.00612373,1.47295,0.975485
10,0.0176715,-0.0157855,-0.00649571,1.47245,1.00473
9.99655,0.0136433,-0.0111277,-0.00668331,1.4719,1.04485
9.99655,0.0131181,-0.00950605,-0.00679198,1.47138,1.09195
9.97548,-0.00764761,0.00471002,-0.00634916,1.47089,1.14842
9.97548,-0.00735318,0.00363115,-0.00596491,1.47043,1.21187
9.95218,-0.0294653,0.0105882,-0.00532762,1.47002,1.28187
9.96949,-0.0116914,0.00257907,-0.00502321,1.46964,1.35413
9.97548,-0.00548555,0.000402897,-0.00481431,1.46927,1.43081
9.97548,-0.00527435,-0.000367553,-0.00464311,1.46891,1.5054
9.97548,-0.00507129,-0.00109071,-0.00450634,1.46856,1.58118
9.96949,-0.0106263,-0.00387452,-0.0044817,1.46821,1.65912
9.96949,-0.0102172,-0.00502869,-0.00450276,1.46787,1.72557
9.97548,-0.00406804,-0.0024812,-0.00442493,1.46752,1.78688
9.97548,-0.00391142,-0.00282424,-0.0043633,1.46719,1.84525
9.96949,-0.00951659,-0.00777222,-0.00449454,1.46684,1.89447
9.97548,-0.00339445,-0.0030235,-0.00443791,1.4665,1.93288
9.97548,-0.00326376,-0.00309891,-0.00438636,1.46616,1.96332
9.97548,-0.0031381,-0.0030907,-0.00433647,1.46583,1.98152
9.97548,-0.00301729,-0.00301603,-0.00428564,1.4655,1.98888
9.98775,0.00890063,0.00883661,-0.00377387,1.4652,1.98504
9.99655,0.0170122,0.0163922,-0.00299748,1.46497,1.96949
9.99655,0.0163572,0.01495,-0.0023065,1.4648,1.94335
9.99655,0.0157275,0.0132686,-0.00170686,1.46466,1.9064
9.99655,0.015122,0.0114865,-0.00119891,1.46457,1.86229
9.99655,0.0145398,0.00951902,-0.000786273,1.46451,1.80731
9.99655,0.01398,0.00746117,-0.000468746,1.46448,1.74392
9.99655,0.0134418,0.00543123,-0.000241597,1.46446,1.67602
9.99655,0.0129243,0.00350426,-9.73817e-005,1.46445,1.60642
9.99655,0.0124267,0.00151099,-3.54595e-005,1.46445,1.52811
9.99655,0.0119482,-0.000255229,-4.39207e-005,1.46444,1.45326
9.99655,0.0114882,-0.00192537,-0.000116356,1.46443,1.37668
9.99655,0.0110459,-0.00342658,-0.0002438,1.46442,1.30199
9.99655,0.0105544,-0.00493872,-0.000452724,1.46438,1.21937
9.99655,0.0100583,-0.00621464,-0.000723534,1.46431,1.1408
9.99655,0.00960572,-0.0071128,-0.00101105,1.46422,1.0765
9.99655,0.00914464,-0.00779409,-0.00133664,1.46409,1.01782
9.98775,0.000336386,-0.000312764,-0.00129159,1.46397,0.977145
9.99724,0.00935506,-0.00917587,-0.00166215,1.46382,0.950248
9.99655,0.0082604,-0.00825792,-0.00197215,1.46363,0.940191
9.98775,-0.000506552,0.000499911,-0.00185225,1.46345,0.946719
10,0.0112337,-0.0106417,-0.0022302,1.46326,0.967257
9.98775,-0.000963775,0.000839852,-0.00208591,1.46307,1.00679
9.98775,-0.000919441,0.000712475,-0.00195718,1.46289,1.05715
9.98775,-0.000876687,0.000572289,-0.00183956,1.46271,1.12092
9.98775,-0.000836798,0.000421885,-0.00173667,1.46256,1.19858
9.98775,-0.000798305,0.000278894,-0.00164395,1.46241,1.27948
9.98775,-0.000758789,0.000129988,-0.00155614,1.46225,1.37255
9.98775,-0.000724264,-2.27534e-006,-0.00148544,1.46212,1.46376
9.98775,-0.000693121,-0.000115305,-0.00142652,1.46199,1.5491
9.98775,-0.000660544,-0.00022297,-0.00136996,1.46186,1.63861
9.99655,0.00775815,0.00390297,-0.0011274,1.46176,1.72517
9.98775,-0.000984447,-0.000643102,-0.00110391,1.46165,1.8037
9.98775,-0.000941132,-0.000722888,-0.00108715,1.46156,1.86374
9.99655,0.00748654,0.0065193,-0.000733449,1.46149,1.91744
9.98775,-0.00124484,-0.00117491,-0.000754197,1.46142,1.9556
9.98775,-0.00118758,-0.00117249,-0.000773439,1.46135,1.97829
9.98775,-0.00112998,-0.00112962,-0.000790714,1.46127,1.9847
9.98775,-0.00108083,-0.00106039,-0.000802444,1.4612,1.9749
9.99655,0.0073572,0.00684902,-0.000450477,1.46116,1.94859
9.98775,-0.00136954,-0.00117086,-0.000483614,1.46112,1.90876
9.99655,0.00708548,0.00532372,-0.000219381,1.4611,1.8545
9.98775,-0.00162705,-0.0010093,-0.000256507,1.46107,1.78587
9.98775,-0.00156441,-0.000785325,-0.000276867,1.46105,1.72389
9.98775,-0.00150418,-0.000556361,-0.000287627,1.46103,1.65469
9.99655,0.00698976,0.0015162,-0.000213671,1.46101,1.57459
9.98775,-0.0017336,-0.000127328,-0.000210346,1.46099,1.49945
9.99655,0.0067874,-0.000498514,-0.000221441,1.46098,1.42252
9.99655,0.00652608,-0.00140361,-0.000266954,1.46096,1.34834
9.98775,-0.00217942,0.000771652,-0.000226968,1.46094,1.27555
9.98775,-0.00209552,0.00103137,-0.000178522,1.46093,1.20322
9.98775,-0.00201274,0.0012426,-0.000122387,1.46092,1.13766
9.99655,0.006519,-0.00471554,-0.000299224,1.46089,1.08215
9.25666,9.04628,4.54609,0.10332,0.00469638,0.267824
9.25666,8.39495,1.96489,0.237353,0.0388753,0.161427
9.12007,7.6844,-0.140012,0.211127,0.0682219,0.0586818
8.05084,6.1058,-1.95235,0.0445389,0.0750808,-0.0923415
6.27677,3.96354,-2.36183,-0.160002,0.0478805,-0.264126
3.40903,1.01964,-0.798954,-0.204409,0.0194676,-0.390805
3.40903,0.948268,-0.872393,-0.251168,0,-0.481703
4.10723,1.49417,-1.49183,-0.36593,0,-0.52278
7.90781,4.92411,-4.81608,-0.67744,0,-0.512111
9.50684,6.06652,-5.40358,-1.00827,0,-0.46638
9.95218,6.05604,-4.48179,-1.25142,0,-0.387491
9.95218,5.63211,-2.99989,-1.37381,0,-0.27889
9.12007,4.4664,-1.32671,-1.37054,0,-0.155531
2.82861,-1.68362,0.0158675,-1.26309,0,-0.00493473
1.54441,-2.76155,-2.35007,-1.33863,0,0.44558
6.1529,1.71672,1.65095,-1.12787,0,0.503537
8.97546,4.2238,4.22315,-0.755973,0,0.523518
9.48328,4.40042,3.82781,-0.435109,0,0.455465
9.91505,4.61232,2.67813,-0.293456,0,0.304026
9.70795,4.09685,1.4047,-0.174585,0,0.179528
4.08067,-1.42329,-0.119692,-0.170743,0,0.0440322
0.427105,-4.72402,4.46353,0.151339,0.0210361,-0.47369
4.08067,-0.994984,0.993059,0.21068,0.050742,-0.471844
7.34456,2.11121,-2.07,0.052173,0.057994,-0.455383
9.59963,4.06064,-3.62843,-0.205469,0.0292284,-0.438638
10,4.18666,-3.19889,-0.389564,0,-0.400064
9.99774,3.86011,-2.10711,-0.522674,0,-0.285816
9.76293,3.37515,-1.01673,-0.556763,0,-0.157728
2.9526,-3.13975,-0.0453719,-0.512784,0,0.00756643
-3.90988,-9.29707,-7.89021,-1.03289,0,0.444366
1.68099,-3.50792,-3.29072,-1.15369,0,0.491179
6.27677,1.02857,1.01813,-1.03532,0,0.518282
8.71366,3.27659,3.26933,-0.800719,0,0.522438
9.80431,4.09647,3.91538,-0.508321,0,0.500452
9.85521,3.9877,2.70225,-0.384714,0,0.354815
9.89648,3.84363,2.04727,-0.272842,0,0.27889
5.63214,-0.397564,-0.137252,-0.265385,0,0.180763
1.68099,-4.08344,-0.506699,-0.280105,0,0.0649715
0.746698,-4.74929,2.43041,-0.135092,0,-0.267948
3.7057,-1.69271,1.13054,-0.0661154,0,-0.349704
8.24221,2.69023,-2.16446,-0.179426,0,-0.421268
9.99007,4.16071,-3.83493,-0.407895,0,-0.482601
9.96103,3.94162,-3.84561,-0.56603,0,-0.510845
9.91505,3.68527,-3.6847,-0.734438,0,-0.523518
9.97987,3.57571,-3.527,-0.864292,0,-0.516466
7.5326,1.05904,-0.978171,-0.871295,0,-0.483616
-1.39289,-7.44166,6.1311,-0.493166,0,-0.431387
0.427105,-5.31528,1.04187,-0.409506,0,-0.102633
4.08067,-1.55786,-0.0508901,-0.387093,0,0.0171043
9.12007,3.26742,0.878015,-0.309289,0,0.1407
9.85521,3.75641,1.83237,-0.177576,0,0.255411
8.77422,2.48814,1.7416,-0.0432339,0,0.3665
9.96103,3.47283,3.21922,0.136201,0.0149821,0.500345
8.71366,2.08859,2.06369,0.254742,0.0463154,0.563672
-2.21211,-8.43067,-8.42852,-0.144688,0.0330041,0.556469
-2.99776,-8.79237,-6.38662,-0.431817,0,0.380333
