TimeStamp|Ticks|FrameNum|FPS|LogaDados|Robo|achou|trajetoria|Xd|Yd|Xa|Ya|DistMelhorPonto|velAtual|velAtualDerivSuja|velDesejada|erroVel|SaidaControleLinear|angAtual|angDesejado|erroAng|SaidaControleAngular|SinalDeControle1|SinalDeControle2|
20170130_213641|155587|1|0.000001|0||0||0|0|0|0|||||||||||||
20170130_213641|155791|2|3.355705|0||0||0|0|0|0|||||||||||||
20170130_213641|155880|3|10.309278|0||0||0|0|0|0|||||||||||||
20170130_213641|156035|4|7.042254|0||0||0|0|0|0|||||||||||||
20170130_213641|156162|5|7.352941|0||0||0|0|0|0|||||||||||||
20170130_213641|156293|6|7.633588|0||0||0|0|0|0|||||||||||||
20170130_213641|156430|7|7.246377|0||0||0|0|0|0|||||||||||||
20170130_213642|156561|8|7.633588|0||0||0|0|0|0|||||||||||||
20170130_213642|156678|9|8.333333|0||0||0|0|0|0|||||||||||||
20170130_213642|156854|10|6.250000|0||0||0|0|0|0|||||||||||||
20170130_213642|156950|11|8.928571|0||0||0|0|0|0|||||||||||||
20170130_213642|157086|12|7.575758|0||0||0|0|0|0|||||||||||||
20170130_213642|157237|13|6.756757|0||0||0|0|0|0|||||||||||||
20170130_213642|157350|14|8.333333|0||0||0|0|0|0|||||||||||||
20170130_213642|157507|15|6.944444|0||0||0|0|0|0|||||||||||||
20170130_213643|157622|16|7.812500|0||0||0|0|0|0|||||||||||||
20170130_213643|157756|17|7.518797|0||0||0|0|0|0|||||||||||||
20170130_213643|157896|18|7.299270|0||0||0|0|0|0|||||||||||||
20170130_213643|158051|19|6.896552|0||0||0|0|0|0|||||||||||||
20170130_213643|158151|20|8.695652|0||0||0|0|0|0|||||||||||||
20170130_213643|158290|21|7.462687|0||0||0|0|0|0|||||||||||||
20170130_213643|158448|22|6.666667|0||0||0|0|0|0|||||||||||||
20170130_213644|158551|23|8.695652|0||0||0|0|0|0|||||||||||||
20170130_213644|158704|24|6.849315|0||0||0|0|0|0|||||||||||||
20170130_213644|158822|25|8.000000|0||0||0|0|0|0|||||||||||||
20170130_213644|158964|26|7.352941|0||0||0|0|0|0|||||||||||||
20170130_213644|159114|27|6.756757|0||0||0|0|0|0|||||||||||||
20170130_213644|159231|28|8.196721|0||0||0|0|0|0|||||||||||||
20170130_213644|159350|29|8.196721|0||0||0|0|0|0|||||||||||||
20170130_213645|159524|30|6.250000|0||0||0|0|0|0|||||||||||||
20170130_213645|159623|31|8.849558|0||0||0|0|0|0|||||||||||||
20170130_213645|159771|32|7.194245|0||0||0|0|0|0|||||||||||||
20170130_213645|159900|33|7.352941|0||0||0|0|0|0|||||||||||||
20170130_213645|160022|34|8.064516|0||0||0|0|0|0|||||||||||||
20170130_213645|160154|35|7.633588|0||0||0|0|0|0|||||||||||||
20170130_213645|160304|36|6.802721|0||0||0|0|0|0|||||||||||||
20170130_213645|160422|37|8.196721|0||0||0|0|0|0|||||||||||||
20170130_213646|160568|38|7.142857|0||0||0|0|0|0|||||||||||||
20170130_213646|160718|39|6.944444|0||0||0|0|0|0|||||||||||||
20170130_213646|160822|40|8.620690|0||0||0|0|0|0|||||||||||||
20170130_213646|160950|41|7.812500|0||0||0|0|0|0|||||||||||||
20170130_213646|161121|42|6.289308|0||0||0|0|0|0|||||||||||||
20170130_213646|161222|43|8.771930|0||0||0|0|0|0|||||||||||||
20170130_213646|161378|44|7.042254|0||0||0|0|0|0|||||||||||||
20170130_213646|161505|45|7.352941|0||0||0|0|0|0|||||||||||||
20170130_213647|161630|46|8.000000|0||0||0|0|0|0|||||||||||||
20170130_213647|161797|47|6.451613|0||0||0|0|0|0|||||||||||||
20170130_213647|161894|48|8.771930|0||0||0|0|0|0|||||||||||||
20170130_213647|162046|49|7.194245|0||0||0|0|0|0|||||||||||||
20170130_213647|162166|50|7.575758|0||0||0|0|0|0|||||||||||||
20170130_213647|162309|51|7.352941|0||0||0|0|0|0|||||||||||||
20170130_213647|162422|52|8.333333|0||0||0|0|0|0|||||||||||||
20170130_213648|162592|53|6.289308|0||0||0|0|0|0|||||||||||||
20170130_213648|162694|54|8.849558|0||0||0|0|0|0|||||||||||||
20170130_213648|162844|55|6.993007|0||0||0|0|0|0|||||||||||||
20170130_213648|162978|56|7.246377|0||0||0|0|0|0|||||||||||||
20170130_213648|163094|57|8.403361|0||0||0|0|0|0|||||||||||||
20170130_213648|163246|58|7.042254|0||0||0|0|0|0|||||||||||||
20170130_213648|163366|59|7.692308|0||0||0|0|0|0|||||||||||||
20170130_213648|163518|60|7.142857|0||0||0|0|0|0|||||||||||||
20170130_213649|163623|61|8.620690|0||0||0|0|0|0|||||||||||||
20170130_213649|163792|62|6.289308|0||0||0|0|0|0|||||||||||||
20170130_213649|163895|63|8.771930|0||0||0|0|0|0|||||||||||||
20170130_213649|164044|64|7.194245|0||0||0|0|0|0|||||||||||||
20170130_213649|164173|65|7.352941|0||0||0|0|0|0|||||||||||||
20170130_213649|164309|66|7.575758|0||0||0|0|0|0|||||||||||||
20170130_213649|164457|67|6.756757|0||0||0|0|0|0|||||||||||||
20170130_213650|164566|68|8.620690|0||0||0|0|0|0|||||||||||||
20170130_213650|164717|69|7.142857|0||0||0|0|0|0|||||||||||||
20170130_213650|164845|70|7.352941|0||0||0|0|0|0|||||||||||||
20170130_213650|164966|71|8.064516|0||0||0|0|0|0|||||||||||||
20170130_213650|165101|72|7.575758|0||0||0|0|0|0|||||||||||||
20170130_213650|165245|73|6.944444|0||0||0|0|0|0|||||||||||||
20170130_213650|165366|74|8.064516|0||0||0|0|0|0|||||||||||||
20170130_213651|165523|75|6.993007|0||0||0|0|0|0|||||||||||||
20170130_213651|165623|76|8.771930|0||0||0|0|0|0|||||||||||||
20170130_213651|165734|77|9.009009|0||0||0|0|0|0|||||||||||||
20170130_213651|165861|78|7.812500|0||0||0|0|0|0|||||||||||||
20170130_213651|166011|79|6.993007|0||0||0|0|0|0|||||||||||||
20170130_213651|166118|80|8.771930|0||0||0|0|0|0|||||||||||||
20170130_213651|166246|81|7.874016|0||0||0|0|0|0|||||||||||||
20170130_213651|166389|82|7.352941|0||0||0|0|0|0|||||||||||||
20170130_213651|166487|83|9.523810|0||0||0|0|0|0|||||||||||||
20170130_213652|166635|84|7.194245|0||0||0|0|0|0|||||||||||||
20170130_213652|166743|85|8.547009|0||0||0|0|0|0|||||||||||||
20170130_213652|166881|86|7.407407|0||0||0|0|0|0|||||||||||||
20170130_213652|167011|87|7.812500|0||0||0|0|0|0|||||||||||||
20170130_213652|167126|88|8.333333|0||0||0|0|0|0|||||||||||||
20170130_213652|167254|89|7.812500|0||0||0|0|0|0|||||||||||||
20170130_213652|167424|90|6.250000|0||0||0|0|0|0|||||||||||||
20170130_213653|167527|91|8.849558|0||0||0|0|0|0|||||||||||||
20170130_213653|167692|92|6.451613|0||0||0|0|0|0|||||||||||||
20170130_213653|167798|93|8.620690|0||0||0|0|0|0|||||||||||||
20170130_213653|167949|94|7.142857|0||0||0|0|0|0|||||||||||||
20170130_213653|168085|95|7.142857|0||0||0|0|0|0|||||||||||||
20170130_213653|168204|96|8.064516|0||0||0|0|0|0|||||||||||||
20170130_213653|168339|97|7.518797|0||0||0|0|0|0|||||||||||||
20170130_213653|168491|98|6.802721|0||0||0|0|0|0|||||||||||||
20170130_213654|168606|99|8.264463|0||0||0|0|0|0|||||||||||||
20170130_213654|168726|100|8.130081|0||0||0|0|0|0|||||||||||||
20170130_213654|168884|101|6.578947|0||0||0|0|0|0|||||||||||||
20170130_213654|168998|102|8.333333|0||0||0|0|0|0|||||||||||||
20170130_213654|169134|103|7.518797|0||0||0|0|0|0|||||||||||||
20170130_213654|169286|104|6.802721|0||0||0|0|0|0|||||||||||||
20170130_213654|169406|105|8.000000|0||0||0|0|0|0|||||||||||||
20170130_213655|169526|106|8.130081|0||0||0|0|0|0|||||||||||||
20170130_213655|169681|107|6.666667|0||0||0|0|0|0|||||||||||||
20170130_213655|169798|108|8.196721|0||0||0|0|0|0|||||||||||||
20170130_213655|169950|109|7.142857|0||0||0|0|0|0|||||||||||||
20170130_213655|170077|110|7.299270|0||0||0|0|0|0|||||||||||||
20170130_213655|170214|111|7.462687|0||0||0|0|0|0|||||||||||||
20170130_213655|170359|112|7.092199|0||0||0|0|0|0|||||||||||||
20170130_213655|170470|113|8.333333|0||0||0|0|0|0|||||||||||||
20170130_213656|170621|114|7.142857|0||0||0|0|0|0|||||||||||||
20170130_213656|170749|115|7.299270|0||0||0|0|0|0|||||||||||||
20170130_213656|170882|116|7.633588|0||0||0|0|0|0|||||||||||||
20170130_213656|170998|117|8.333333|0||0||0|0|0|0|||||||||||||
20170130_213656|171169|118|6.369427|0||0||0|0|0|0|||||||||||||
20170130_213656|171271|119|8.620690|0||0||0|0|0|0|||||||||||||
20170130_213656|171398|120|7.874016|0||0||0|0|0|0|||||||||||||
20170130_213657|171565|121|6.329114|0||0||0|0|0|0|||||||||||||
20170130_213657|171670|122|8.771930|0||0||0|0|0|0|||||||||||||
20170130_213657|171818|123|7.142857|0||0||0|0|0|0|||||||||||||
20170130_213657|171965|124|6.944444|0||0||0|0|0|0|||||||||||||
20170130_213657|172070|125|8.620690|0||0||0|0|0|0|||||||||||||
20170130_213657|172198|126|7.812500|0||0||0|0|0|0|||||||||||||
20170130_213657|172367|127|6.369427|0||0||0|0|0|0|||||||||||||
20170130_213657|172471|128|8.620690|0||0||0|0|0|0|||||||||||||
20170130_213658|172621|129|7.194245|0||0||0|0|0|0|||||||||||||
20170130_213658|172749|130|7.299270|0||0||0|0|0|0|||||||||||||
20170130_213658|172877|131|7.812500|0||0||0|0|0|0|||||||||||||
20170130_213658|172998|132|8.130081|0||0||0|0|0|0|||||||||||||
20170130_213658|173167|133|6.410256|0||0||0|0|0|0|||||||||||||
20170130_213658|173271|134|8.547009|0||0||0|0|0|0|||||||||||||
20170130_213658|173442|135|6.250000|0||0||0|0|0|0|||||||||||||
20170130_213659|173543|136|8.928571|0||0||0|0|0|0|||||||||||||
20170130_213659|173683|137|7.407407|0||0||0|0|0|0|||||||||||||
20170130_213659|173837|138|6.756757|0||0||0|0|0|0|||||||||||||
20170130_213659|173942|139|8.620690|0||0||0|0|0|0|||||||||||||
20170130_213659|174093|140|7.142857|0||0||0|0|0|0|||||||||||||
20170130_213659|174229|141|7.142857|0||0||0|0|0|0|||||||||||||
20170130_213659|174342|142|8.333333|0||0||0|0|0|0|||||||||||||
20170130_213659|174478|143|7.575758|0||0||0|0|0|0|||||||||||||
20170130_213700|174630|144|6.756757|0||0||0|0|0|0|||||||||||||
20170130_213700|174750|145|7.936508|0||0||0|0|0|0|||||||||||||
20170130_213700|174870|146|8.196721|0||0||0|0|0|0|||||||||||||
20170130_213700|175038|147|6.410256|0||0||0|0|0|0|||||||||||||
20170130_213700|175142|148|8.620690|0||0||0|0|0|0|||||||||||||
20170130_213700|175286|149|7.352941|0||0||0|0|0|0|||||||||||||
20170130_213700|175423|150|7.092199|0||0||0|0|0|0|||||||||||||
20170130_213701|175557|151|7.575758|0||0||0|0|0|0|||||||||||||
20170130_213701|175701|152|6.993007|0||0||0|0|0|0|||||||||||||
20170130_213701|175814|153|8.333333|0||0||0|0|0|0|||||||||||||
20170130_213701|175965|154|7.142857|0||0||0|0|0|0|||||||||||||
20170130_213701|176094|155|7.246377|0||0||0|0|0|0|||||||||||||
20170130_213701|176221|156|7.936508|0||0||0|0|0|0|||||||||||||
20170130_213701|176358|157|7.575758|0||0||0|0|0|0|||||||||||||
20170130_213701|176504|158|6.756757|0||0||0|0|0|0|||||||||||||
20170130_213702|176621|159|8.264463|0||0||0|0|0|0|||||||||||||
20170130_213702|176742|160|8.130081|0||0||0|0|0|0|||||||||||||
20170130_213702|176912|161|6.329114|0||0||0|0|0|0|||||||||||||
20170130_213702|177014|162|8.771930|0||0||0|0|0|0|||||||||||||
20170130_213702|177164|163|7.142857|0||0||0|0|0|0|||||||||||||
20170130_213702|177293|164|7.299270|0||0||0|0|0|0|||||||||||||
20170130_213702|177414|165|8.130081|0||0||0|0|0|0|||||||||||||
20170130_213703|177550|166|7.575758|0||0||0|0|0|0|||||||||||||
20170130_213703|177709|167|6.578947|0||0||0|0|0|0|||||||||||||
20170130_213703|177823|168|8.196721|0||0||0|0|0|0|||||||||||||
20170130_213703|177950|169|7.812500|0||0||0|0|0|0|||||||||||||
20170130_213703|178109|170|6.666667|0||0||0|0|0|0|||||||||||||
20170130_213703|178214|171|8.620690|0||0||0|0|0|0|||||||||||||
20170130_213703|178382|172|6.410256|0||0||0|0|0|0|||||||||||||
20170130_213703|178486|173|8.620690|0||0||0|0|0|0|||||||||||||
20170130_213704|178617|174|7.692308|0||0||0|0|0|0|||||||||||||
20170130_213704|178781|175|6.493506|0||0||0|0|0|0|||||||||||||
20170130_213704|178887|176|8.547009|0||0||0|0|0|0|||||||||||||
20170130_213704|179032|177|7.194245|0||0||0|0|0|0|||||||||||||
20170130_213704|179158|178|7.575758|0||0||0|0|0|0|||||||||||||
20170130_213704|179287|179|7.751938|0||0||0|0|0|0|||||||||||||
20170130_213704|179416|180|7.751938|0||0||0|0|0|0|||||||||||||
20170130_213705|179560|181|6.944444|0||0||0|0|0|0|||||||||||||
20170130_213705|179686|182|7.936508|0||0||0|0|0|0|||||||||||||
20170130_213705|179813|183|7.812500|0||0||0|0|0|0|||||||||||||
20170130_213705|179968|184|6.666667|0||0||0|0|0|0|||||||||||||
20170130_213705|180094|185|7.812500|0||0||0|0|0|0|||||||||||||
20170130_213705|180214|186|8.196721|0||0||0|0|0|0|||||||||||||
20170130_213705|180373|187|6.622517|0||0||0|0|0|0|||||||||||||
20170130_213705|180486|188|8.264463|0||0||0|0|0|0|||||||||||||
20170130_213706|180629|189|7.352941|0||0||0|0|0|0|||||||||||||
20170130_213706|180774|190|6.944444|0||0||0|0|0|0|||||||||||||
20170130_213706|180886|191|8.333333|0||0||0|0|0|0|||||||||||||
20170130_213706|181045|192|6.578947|0||0||0|0|0|0|||||||||||||
20170130_213706|181158|193|8.333333|0||0||0|0|0|0|||||||||||||
20170130_213706|181286|194|7.812500|0||0||0|0|0|0|||||||||||||
20170130_213706|181445|195|6.578947|0||0||0|0|0|0|||||||||||||
20170130_213707|181559|196|8.264463|0||0||0|0|0|0|||||||||||||
20170130_213707|181686|197|7.874016|0||0||0|0|0|0|||||||||||||
20170130_213707|181829|198|6.944444|0||0||0|0|0|0|||||||||||||
20170130_213707|181977|199|7.246377|0||0||0|0|0|0|||||||||||||
20170130_213707|182086|200|8.547009|0||0||0|0|0|0|||||||||||||
20170130_213707|182248|201|6.451613|0||0||0|0|0|0|||||||||||||
20170130_213707|182358|202|8.474576|0||0||0|0|0|0|||||||||||||
20170130_213707|182488|203|7.692308|0||0||0|0|0|0|||||||||||||
20170130_213708|182650|204|6.578947|0||0||0|0|0|0|||||||||||||
20170130_213708|182759|205|8.403361|0||0||0|0|0|0|||||||||||||
20170130_213708|182886|206|7.874016|0||0||0|0|0|0|||||||||||||
20170130_213708|183051|207|6.451613|0||0||0|0|0|0|||||||||||||
20170130_213708|183158|208|8.547009|0||0||0|0|0|0|||||||||||||
20170130_213708|183286|209|7.812500|0||0||0|0|0|0|||||||||||||
20170130_213708|183455|210|6.369427|0||0||0|0|0|0|||||||||||||
20170130_213709|183559|211|8.620690|0||0||0|0|0|0|||||||||||||
20170130_213709|183721|212|6.535948|0||0||0|0|0|0|||||||||||||
20170130_213709|183830|213|8.474576|0||0||0|0|0|0|||||||||||||
20170130_213709|183973|214|7.352941|0||0||0|0|0|0|||||||||||||
20170130_213709|184126|215|6.756757|0||0||0|0|0|0|||||||||||||
20170130_213709|184230|216|8.620690|0||0||0|0|0|0|||||||||||||
20170130_213709|184371|217|7.352941|0||0||0|0|0|0|||||||||||||
20170130_213709|184521|218|6.802721|0||0||0|0|0|0|||||||||||||
20170130_213710|184630|219|8.547009|0||0||0|0|0|0|||||||||||||
20170130_213710|184781|220|7.142857|0||0||0|0|0|0|||||||||||||
20170130_213710|184907|221|7.407407|0||0||0|0|0|0|||||||||||||
20170130_213710|185045|222|7.518797|0||0||0|0|0|0|||||||||||||
20170130_213710|185168|223|7.812500|0||0||0|0|0|0|||||||||||||
20170130_213710|185322|224|6.802721|0||0||0|0|0|0|||||||||||||
20170130_213710|185430|225|8.547009|0||0||0|0|0|0|||||||||||||
20170130_213711|185559|226|7.812500|0||0||0|0|0|0|||||||||||||
20170130_213711|185726|227|6.410256|0||0||0|0|0|0|||||||||||||
20170130_213711|185830|228|8.620690|0||0||0|0|0|0|||||||||||||
20170130_213711|185973|229|7.299270|0||0||0|0|0|0|||||||||||||
20170130_213711|186125|230|6.756757|0||0||0|0|0|0|||||||||||||
20170130_213711|186231|231|8.620690|0||0||0|0|0|0|||||||||||||
20170130_213711|186398|232|6.451613|0||0||0|0|0|0|||||||||||||
20170130_213711|186502|233|8.620690|0||0||0|0|0|0|||||||||||||
20170130_213712|186654|234|7.142857|0||0||0|0|0|0|||||||||||||
20170130_213712|186774|235|7.575758|0||0||0|0|0|0|||||||||||||
20170130_213712|186911|236|7.462687|0||0||0|0|0|0|||||||||||||
20170130_213712|187038|237|7.936508|0||0||0|0|0|0|||||||||||||
20170130_213712|187189|238|6.622517|0||0||0|0|0|0|||||||||||||
20170130_213712|187309|239|8.196721|0||0||0|0|0|0|||||||||||||
20170130_213712|187430|240|8.130081|0||0||0|0|0|0|||||||||||||
20170130_213713|187575|241|6.896552|0||0||0|0|0|0|||||||||||||
20170130_213713|187702|242|7.874016|0||0||0|0|0|0|||||||||||||
20170130_213713|187838|243|7.575758|0||0||0|0|0|0|||||||||||||
20170130_213713|187985|244|6.802721|0||0||0|0|0|0|||||||||||||
20170130_213713|188102|245|8.264463|0||0||0|0|0|0|||||||||||||
20170130_213713|188242|246|7.352941|0||0||0|0|0|0|||||||||||||
20170130_213713|188374|247|7.352941|0||0||0|0|0|0|||||||||||||
20170130_213713|188503|248|7.692308|0||0||0|0|0|0|||||||||||||
20170130_213714|188646|249|7.462687|0||0||0|0|0|0|||||||||||||
20170130_213714|188791|250|6.896552|0||0||0|0|0|0|||||||||||||
20170130_213714|188902|251|8.403361|0||0||0|0|0|0|||||||||||||
20170130_213714|189046|252|6.944444|0||0||0|0|0|0|||||||||||||
20170130_213714|189182|253|7.575758|0||0||0|0|0|0|||||||||||||
20170130_213714|189310|254|7.692308|0||0||0|0|0|0|||||||||||||
20170130_213714|189465|255|6.756757|0||0||0|0|0|0|||||||||||||
20170130_213715|189574|256|8.474576|0||0||0|0|0|0|||||||||||||
20170130_213715|189709|257|7.575758|0||0||0|0|0|0|||||||||||||
20170130_213715|189864|258|6.666667|0||0||0|0|0|0|||||||||||||
20170130_213715|189974|259|8.474576|0||0||0|0|0|0|||||||||||||
20170130_213715|190121|260|7.246377|0||0||0|0|0|0|||||||||||||
20170130_213715|190252|261|7.246377|0||0||0|0|0|0|||||||||||||
20170130_213715|190388|262|7.575758|0||0||0|0|0|0|||||||||||||
20170130_213715|190502|263|8.333333|0||0||0|0|0|0|||||||||||||
20170130_213716|190646|264|6.944444|0||0||0|0|0|0|||||||||||||
20170130_213716|190793|265|7.246377|0||0||0|0|0|0|||||||||||||
20170130_213716|190902|266|8.474576|0||0||0|0|0|0|||||||||||||
20170130_213716|191069|267|6.410256|0||0||0|0|0|0|||||||||||||
20170130_213716|191174|268|8.620690|0||0||0|0|0|0|||||||||||||
20170130_213716|191302|269|7.812500|0||0||0|0|0|0|||||||||||||
20170130_213716|191469|270|6.410256|0||0||0|0|0|0|||||||||||||
20170130_213717|191574|271|8.547009|0||0||0|0|0|0|||||||||||||
20170130_213717|191727|272|6.756757|0||0||0|0|0|0|||||||||||||
20170130_213717|191846|273|8.130081|0||0||0|0|0|0|||||||||||||
20170130_213717|191974|274|7.751938|0||0||0|0|0|0|||||||||||||
20170130_213717|192141|275|6.451613|0||0||0|0|0|0|||||||||||||
20170130_213717|192247|276|8.547009|0||0||0|0|0|0|||||||||||||
20170130_213717|192389|277|7.407407|0||0||0|0|0|0|||||||||||||
20170130_213718|192541|278|6.756757|0||0||0|0|0|0|||||||||||||
20170130_213718|192647|279|8.547009|0||0||0|0|0|0|||||||||||||
20170130_213718|192793|280|7.194245|0||0||0|0|0|0|||||||||||||
20170130_213718|192929|281|7.142857|0||0||0|0|0|0|||||||||||||
20170130_213718|193060|282|7.812500|0||0||0|0|0|0|||||||||||||
20170130_213718|193174|283|8.333333|0||0||0|0|0|0|||||||||||||
20170130_213718|193342|284|6.410256|0||0||0|0|0|0|||||||||||||
20170130_213718|193447|285|8.547009|0||0||0|0|0|0|||||||||||||
20170130_213719|193585|286|7.407407|0||0||0|0|0|0|||||||||||||
20170130_213719|193743|287|6.756757|0||0||0|0|0|0|||||||||||||
20170130_213719|193846|288|8.620690|0||0||0|0|0|0|||||||||||||
20170130_213719|193998|289|7.142857|0||0||0|0|0|0|||||||||||||
20170130_213719|194127|290|7.246377|0||0||0|0|0|0|||||||||||||
20170130_213719|194257|291|7.692308|0||0||0|0|0|0|||||||||||||
20170130_213719|194374|292|8.333333|0||0||0|0|0|0|||||||||||||
20170130_213720|194542|293|6.410256|0||0||0|0|0|0|||||||||||||
20170130_213720|194647|294|8.547009|0||0||0|0|0|0|||||||||||||
20170130_213720|194815|295|6.410256|0||0||0|0|0|0|||||||||||||
20170130_213720|194919|296|8.695652|0||0||0|0|0|0|||||||||||||
20170130_213720|195059|297|7.352941|0||0||0|0|0|0|||||||||||||
20170130_213720|195198|298|7.142857|0||0||0|0|0|0|||||||||||||
20170130_213720|195325|299|7.751938|0||0||0|0|0|0|||||||||||||
20170130_213720|195446|300|8.130081|0||0||0|0|0|0|||||||||||||
20170130_213721|195605|301|6.578947|0||0||0|0|0|0|||||||||||||
20170130_213721|195718|302|8.333333|0||0||0|0|0|0|||||||||||||
20170130_213721|195868|303|7.142857|0||0||0|0|0|0|||||||||||||
20170130_213721|195999|304|7.299270|0||0||0|0|0|0|||||||||||||
20170130_213721|196124|305|7.812500|0||0||0|0|0|0|||||||||||||
20170130_213721|196253|306|7.874016|0||0||0|0|0|0|||||||||||||
20170130_213721|196413|307|6.578947|0||0||0|0|0|0|||||||||||||
20170130_213721|196519|308|8.547009|0||0||0|0|0|0|||||||||||||
20170130_213722|196667|309|7.142857|0||0||0|0|0|0|||||||||||||
20170130_213722|196796|310|7.407407|0||0||0|0|0|0|||||||||||||
20170130_213722|196933|311|7.518797|0||0||0|0|0|0|||||||||||||
20170130_213722|197081|312|6.802721|0||0||0|0|0|0|||||||||||||
20170130_213722|197199|313|8.196721|0||0||0|0|0|0|||||||||||||
20170130_213722|197318|314|8.196721|0||0||0|0|0|0|||||||||||||
20170130_213722|197487|315|6.329114|0||0||0|0|0|0|||||||||||||
20170130_213723|197591|316|8.695652|0||0||0|0|0|0|||||||||||||
20170130_213723|197729|317|7.407407|0||0||0|0|0|0|||||||||||||
20170130_213723|197884|318|6.756757|0||0||0|0|0|0|||||||||||||
20170130_213723|197990|319|8.620690|0||0||0|0|0|0|||||||||||||
20170130_213723|198142|320|7.142857|0||0||0|0|0|0|||||||||||||
20170130_213723|198280|321|6.944444|0||0||0|0|0|0|||||||||||||
20170130_213723|198390|322|8.620690|0||0||0|0|0|0|||||||||||||
20170130_213724|198538|323|7.142857|0||0||0|0|0|0|||||||||||||
20170130_213724|198683|324|6.944444|0||0||0|0|0|0|||||||||||||
20170130_213724|198791|325|8.547009|0||0||0|0|0|0|||||||||||||
20170130_213724|198931|326|7.407407|0||0||0|0|0|0|||||||||||||
20170130_213724|199079|327|6.756757|0||0||0|0|0|0|||||||||||||
20170130_213724|199190|328|8.620690|0||0||0|0|0|0|||||||||||||
20170130_213724|199327|329|7.462687|0||0||0|0|0|0|||||||||||||
20170130_213724|199481|330|6.578947|0||0||0|0|0|0|||||||||||||
20170130_213725|199591|331|8.695652|0||0||0|0|0|0|||||||||||||
20170130_213725|199753|332|6.369427|0||0||0|0|0|0|||||||||||||
20170130_213725|199862|333|8.771930|0||0||0|0|0|0|||||||||||||
20170130_213725|200005|334|7.299270|0||0||0|0|0|0|||||||||||||
20170130_213725|200157|335|6.756757|0||0||0|0|0|0|||||||||||||
20170130_213725|200262|336|8.620690|0||0||0|0|0|0|||||||||||||
20170130_213725|200411|337|7.194245|0||0||0|0|0|0|||||||||||||
20170130_213726|200555|338|6.944444|0||0||0|0|0|0|||||||||||||
20170130_213726|200663|339|8.547009|0||0||0|0|0|0|||||||||||||
20170130_213726|200813|340|7.194245|0||0||0|0|0|0|||||||||||||
20170130_213726|200934|341|7.518797|0||0||0|0|0|0|||||||||||||
20170130_213726|201083|342|7.142857|0||0||0|0|0|0|||||||||||||
20170130_213726|201190|343|8.695652|0||0||0|0|0|0|||||||||||||
20170130_213726|201358|344|6.410256|0||0||0|0|0|0|||||||||||||
20170130_213726|201462|345|8.620690|0||0||0|0|0|0|||||||||||||
20170130_213727|201590|346|7.812500|0||0||0|0|0|0|||||||||||||
20170130_213727|201757|347|6.329114|0||0||0|0|0|0|||||||||||||
20170130_213727|201862|348|8.771930|0||0||0|0|0|0|||||||||||||
20170130_213727|202006|349|7.352941|0||0||0|0|0|0|||||||||||||
20170130_213727|202158|350|6.756757|0||0||0|0|0|0|||||||||||||
20170130_213727|202262|351|8.620690|0||0||0|0|0|0|||||||||||||
20170130_213727|202415|352|6.756757|0||0||0|0|0|0|||||||||||||
20170130_213728|202534|353|8.064516|0||0||0|0|0|0|||||||||||||
20170130_213728|202679|354|7.352941|0||0||0|0|0|0|||||||||||||
20170130_213728|202830|355|6.756757|0||0||0|0|0|0|||||||||||||
20170130_213728|202935|356|8.547009|0||0||0|0|0|0|||||||||||||
20170130_213728|203062|357|7.874016|0||0||0|0|0|0|||||||||||||
20170130_213728|203230|358|6.410256|0||0||0|0|0|0|||||||||||||
20170130_213728|203334|359|8.620690|0||0||0|0|0|0|||||||||||||
20170130_213728|203479|360|7.352941|0||0||0|0|0|0|||||||||||||
20170130_213729|203620|361|6.896552|0||0||0|0|0|0|||||||||||||
20170130_213729|203734|362|8.403361|0||0||0|0|0|0|||||||||||||
20170130_213729|203877|363|7.352941|0||0||0|0|0|0|||||||||||||
20170130_213729|204022|364|6.944444|0||0||0|0|0|0|||||||||||||
20170130_213729|204144|365|7.874016|0||0||0|0|0|0|||||||||||||
20170130_213729|204274|366|7.751938|0||0||0|0|0|0|||||||||||||
20170130_213729|204408|367|7.246377|0||0||0|0|0|0|||||||||||||
20170130_213730|204558|368|7.246377|0||0||0|0|0|0|||||||||||||
20170130_213730|204663|369|8.547009|0||0||0|0|0|0|||||||||||||
20170130_213730|204834|370|6.369427|0||0||0|0|0|0|||||||||||||
20170130_213730|204936|371|8.620690|0||0||0|0|0|0|||||||||||||
20170130_213730|205079|372|6.993007|0||0||0|0|0|0|||||||||||||
20170130_213730|205227|373|7.194245|0||0||0|0|0|0|||||||||||||
20170130_213730|205335|374|8.547009|0||0||0|0|0|0|||||||||||||
20170130_213730|205495|375|6.410256|0||0||0|0|0|0|||||||||||||
20170130_213731|205607|376|8.620690|0||0||0|0|0|0|||||||||||||
20170130_213731|205752|377|7.194245|0||0||0|0|0|0|||||||||||||
20170130_213731|205894|378|7.142857|0||0||0|0|0|0|||||||||||||
20170130_213731|206014|379|7.936508|0||0||0|0|0|0|||||||||||||
20170130_213731|206141|380|7.874016|0||0||0|0|0|0|||||||||||||
20170130_213731|206304|381|6.535948|0||0||0|0|0|0|||||||||||||
20170130_213731|206407|382|8.695652|0||0||0|0|0|0|||||||||||||
20170130_213732|206552|383|7.407407|0||0||0|0|0|0|||||||||||||
20170130_213732|206703|384|6.756757|0||0||0|0|0|0|||||||||||||
20170130_213732|206807|385|8.547009|0||0||0|0|0|0|||||||||||||
20170130_213732|206952|386|7.299270|0||0||0|0|0|0|||||||||||||
20170130_213732|207099|387|6.849315|0||0||0|0|0|0|||||||||||||
20170130_213732|207206|388|8.620690|0||0||0|0|0|0|||||||||||||
20170130_213732|207359|389|7.142857|0||0||0|0|0|0|||||||||||||
20170130_213732|207485|390|7.299270|0||0||0|0|0|0|||||||||||||
20170130_213733|207622|391|7.462687|0||0||0|0|0|0|||||||||||||
20170130_213733|207775|392|6.896552|0||0||0|0|0|0|||||||||||||
20170130_213733|207879|393|8.547009|0||0||0|0|0|0|||||||||||||
20170130_213733|208028|394|7.194245|0||0||0|0|0|0|||||||||||||
20170130_213733|208157|395|7.299270|0||0||0|0|0|0|||||||||||||
20170130_213733|208278|396|8.130081|0||0||0|0|0|0|||||||||||||
20170130_213733|208427|397|7.142857|0||0||0|0|0|0|||||||||||||
20170130_213734|208573|398|6.666667|0||0||0|0|0|0|||||||||||||
20170130_213734|208678|399|9.090909|0||0||0|0|0|0|||||||||||||
20170130_213734|208833|400|6.993007|0||0||0|0|0|0|||||||||||||
20170130_213734|208960|401|7.299270|0||0||0|0|0|0|||||||||||||
20170130_213734|209078|402|8.333333|0||0||0|0|0|0|||||||||||||
20170130_213734|209206|403|7.812500|0||0||0|0|0|0|||||||||||||
20170130_213734|209374|404|6.410256|0||0||0|0|0|0|||||||||||||
20170130_213734|209479|405|8.547009|0||0||0|0|0|0|||||||||||||
20170130_213735|209616|406|7.462687|0||0||0|0|0|0|||||||||||||
20170130_213735|209779|407|6.535948|0||0||0|0|0|0|||||||||||||
20170130_213735|209879|408|8.849558|0||0||0|0|0|0|||||||||||||
20170130_213735|210030|409|7.194245|0||0||0|0|0|0|||||||||||||
20170130_213735|210151|410|7.575758|0||0||0|0|0|0|||||||||||||
20170130_213735|210287|411|7.575758|0||0||0|0|0|0|||||||||||||
20170130_213735|210447|412|6.578947|0||0||0|0|0|0|||||||||||||
20170130_213736|210552|413|8.474576|0||0||0|0|0|0|||||||||||||
20170130_213736|210694|414|7.462687|0||0||0|0|0|0|||||||||||||
20170130_213736|210846|415|6.756757|0||0||0|0|0|0|||||||||||||
20170130_213736|210951|416|8.547009|0||0||0|0|0|0|||||||||||||
20170130_213736|211086|417|7.633588|0||0||0|0|0|0|||||||||||||
20170130_213736|211239|418|6.756757|0||0||0|0|0|0|||||||||||||
20170130_213736|211350|419|8.333333|0||0||0|0|0|0|||||||||||||
20170130_213736|211497|420|7.142857|0||0||0|0|0|0|||||||||||||
20170130_213737|211622|421|7.575758|0||0||0|0|0|0|||||||||||||
20170130_213737|211766|422|7.142857|0||0||0|0|0|0|||||||||||||
20170130_213737|211879|423|8.547009|0||0||0|0|0|0|||||||||||||
20170130_213737|212022|424|6.993007|0||0||0|0|0|0|||||||||||||
20170130_213737|212159|425|7.518797|0||0||0|0|0|0|||||||||||||
20170130_213737|212288|426|7.692308|0||0||0|0|0|0|||||||||||||
20170130_213737|212446|427|6.711409|0||0||0|0|0|0|||||||||||||
20170130_213738|212551|428|8.547009|0||0||0|0|0|0|||||||||||||
20170130_213738|212702|429|7.194245|0||0||0|0|0|0|||||||||||||
20170130_213738|212822|430|7.575758|0||0||0|0|0|0|||||||||||||
20170130_213738|212950|431|7.812500|0||0||0|0|0|0|||||||||||||
20170130_213738|213141|432|5.263158|0||0||0|0|0|0|||||||||||||
20170130_213738|213223|433|12.048193|0||0||0|0|0|0|||||||||||||
20170130_213738|213350|434|7.874016|0||0||0|0|0|0|||||||||||||
20170130_213739|213523|435|6.289308|0||0||0|0|0|0|||||||||||||
20170130_213739|213622|436|8.849558|0||0||0|0|0|0|||||||||||||
20170130_213739|213750|437|7.812500|0||0||0|0|0|0|||||||||||||
20170130_213739|213919|438|6.369427|0||0||0|0|0|0|||||||||||||
20170130_213739|214023|439|8.620690|0||0||0|0|0|0|||||||||||||
20170130_213739|214166|440|7.352941|0||0||0|0|0|0|||||||||||||
20170130_213739|214295|441|7.407407|0||0||0|0|0|0|||||||||||||
20170130_213739|214445|442|7.142857|0||0||0|0|0|0|||||||||||||
20170130_213740|214552|443|8.474576|0||0||0|0|0|0|||||||||||||
20170130_213740|214721|444|6.493506|0||0||0|0|0|0|||||||||||||
20170130_213740|214823|445|8.547009|0||0||0|0|0|0|||||||||||||
20170130_213740|214950|446|7.874016|0||0||0|0|0|0|||||||||||||
20170130_213740|215140|447|6.410256|0||0||0|0|0|0|||||||||||||
20170130_213740|215224|448|8.547009|0||0||0|0|0|0|||||||||||||
20170130_213740|215373|449|7.194245|0||0||0|0|0|0|||||||||||||
20170130_213740|215503|450|7.194245|0||0||0|0|0|0|||||||||||||
20170130_213741|215637|451|7.575758|0||0||0|0|0|0|||||||||||||
20170130_213741|215783|452|6.896552|0||0||0|0|0|0|||||||||||||
20170130_213741|215903|453|8.196721|0||0||0|0|0|0|||||||||||||
20170130_213741|216030|454|7.812500|0||0||0|0|0|0|||||||||||||
20170130_213741|216183|455|6.802721|0||0||0|0|0|0|||||||||||||
20170130_213741|216295|456|8.333333|0||0||0|0|0|0|||||||||||||
20170130_213741|216436|457|7.407407|0||0||0|0|0|0|||||||||||||
20170130_213742|216575|458|6.993007|0||0||0|0|0|0|||||||||||||
20170130_213742|216702|459|7.874016|0||0||0|0|0|0|||||||||||||
20170130_213742|216869|460|6.250000|0||0||0|0|0|0|||||||||||||
20170130_213742|216968|461|9.259259|0||0||0|0|0|0|||||||||||||
20170130_213742|217115|462|7.246377|0||0||0|0|0|0|||||||||||||
20170130_213742|217222|463|8.620690|0||0||0|0|0|0|||||||||||||
20170130_213742|217392|464|6.410256|0||0||0|0|0|0|||||||||||||
20170130_213742|217496|465|8.547009|0||0||0|0|0|0|||||||||||||
20170130_213743|217635|466|7.407407|0||0||0|0|0|0|||||||||||||
20170130_213743|217788|467|6.711409|0||0||0|0|0|0|||||||||||||
20170130_213743|217894|468|8.695652|0||0||0|0|0|0|||||||||||||
20170130_213743|218046|469|7.142857|0||0||0|0|0|0|||||||||||||
20170130_213743|218182|470|7.142857|0||0||0|0|0|0|||||||||||||
20170130_213743|218294|471|8.264463|0||0||0|0|0|0|||||||||||||
20170130_213743|218445|472|7.194245|0||0||0|0|0|0|||||||||||||
20170130_213744|218566|473|7.575758|0||0||0|0|0|0|||||||||||||
20170130_213744|218721|474|7.142857|0||0||0|0|0|0|||||||||||||
20170130_213744|218838|475|7.575758|0||0||0|0|0|0|||||||||||||
20170130_213744|218976|476|7.575758|0||0||0|0|0|0|||||||||||||
20170130_213744|219094|477|8.064516|0||0||0|0|0|0|||||||||||||
20170130_213744|219253|478|6.451613|0||0||0|0|0|0|||||||||||||
20170130_213744|219372|479|8.264463|0||0||0|0|0|0|||||||||||||
20170130_213744|219503|480|7.692308|0||0||0|0|0|0|||||||||||||
20170130_213745|219664|481|6.666667|0||0||0|0|0|0|||||||||||||
20170130_213745|219767|482|8.547009|0||0||0|0|0|0|||||||||||||
20170130_213745|219915|483|7.194245|0||0||0|0|0|0|||||||||||||
20170130_213745|220047|484|7.246377|0||0||0|0|0|0|||||||||||||
20170130_213745|220175|485|7.812500|0||0||0|0|0|0|||||||||||||
20170130_213745|220311|486|7.692308|0||0||0|0|0|0|||||||||||||
20170130_213745|220457|487|6.756757|0||0||0|0|0|0|||||||||||||
20170130_213746|220574|488|8.196721|0||0||0|0|0|0|||||||||||||
20170130_213746|220701|489|7.874016|0||0||0|0|0|0|||||||||||||
20170130_213746|220863|490|6.622517|0||0||0|0|0|0|||||||||||||
20170130_213746|220967|491|8.620690|0||0||0|0|0|0|||||||||||||
20170130_213746|221135|492|6.410256|0||0||0|0|0|0|||||||||||||
20170130_213746|221239|493|8.547009|0||0||0|0|0|0|||||||||||||
20170130_213746|221389|494|7.194245|0||0||0|0|0|0|||||||||||||
20170130_213746|221521|495|7.142857|0||0||0|0|0|0|||||||||||||
20170130_213747|221638|496|8.333333|0||0||0|0|0|0|||||||||||||
20170130_213747|221766|497|7.751938|0||0||0|0|0|0|||||||||||||
20170130_213747|221936|498|6.369427|0||0||0|0|0|0|||||||||||||
20170130_213747|222039|499|8.695652|0||0||0|0|0|0|||||||||||||
20170130_213747|222172|500|7.633588|0||0||0|0|0|0|||||||||||||
20170130_213747|222334|501|6.578947|0||0||0|0|0|0|||||||||||||
20170130_213747|222438|502|8.620690|0||0||0|0|0|0|||||||||||||
20170130_213748|222585|503|7.092199|0||0||0|0|0|0|||||||||||||
20170130_213748|222717|504|7.352941|0||0||0|0|0|0|||||||||||||
20170130_213748|222838|505|8.130081|0||0||0|0|0|0|||||||||||||
20170130_213748|222984|506|7.142857|0||0||0|0|0|0|||||||||||||
20170130_213748|223118|507|7.352941|0||0||0|0|0|0|||||||||||||
20170130_213748|223238|508|8.064516|0||0||0|0|0|0|||||||||||||
20170130_213748|223383|509|7.352941|0||0||0|0|0|0|||||||||||||
20170130_213749|223526|510|6.944444|0||0||0|0|0|0|||||||||||||
20170130_213749|223638|511|8.333333|0||0||0|0|0|0|||||||||||||
20170130_213749|223787|512|7.142857|0||0||0|0|0|0|||||||||||||
20170130_213749|223932|513|6.944444|0||0||0|0|0|0|||||||||||||
20170130_213749|224039|514|8.547009|0||0||0|0|0|0|||||||||||||
20170130_213749|224206|515|6.451613|0||0||0|0|0|0|||||||||||||
20170130_213749|224310|516|8.620690|0||0||0|0|0|0|||||||||||||
20170130_213749|224455|517|7.299270|0||0||0|0|0|0|||||||||||||
20170130_213750|224604|518|6.802721|0||0||0|0|0|0|||||||||||||
20170130_213750|224711|519|8.547009|0||0||0|0|0|0|||||||||||||
20170130_213750|224849|520|7.407407|0||0||0|0|0|0|||||||||||||
20170130_213750|225008|521|6.578947|0||0||0|0|0|0|||||||||||||
20170130_213750|225111|522|8.849558|0||0||0|0|0|0|||||||||||||
20170130_213750|225244|523|7.633588|0||0||0|0|0|0|||||||||||||
20170130_213750|225382|524|7.142857|0||0||0|0|0|0|||||||||||||
20170130_213750|225510|525|7.812500|0||0||0|0|0|0|||||||||||||
20170130_213751|225658|526|7.142857|0||0||0|0|0|0|||||||||||||
20170130_213751|225789|527|7.352941|0||0||0|0|0|0|||||||||||||
20170130_213751|225911|528|8.000000|0||0||0|0|0|0|||||||||||||
20170130_213751|226042|529|7.751938|0||0||0|0|0|0|||||||||||||
20170130_213751|226182|530|7.042254|0||0||0|0|0|0|||||||||||||
20170130_213751|226310|531|7.812500|0||0||0|0|0|0|||||||||||||
20170130_213751|226446|532|7.575758|0||0||0|0|0|0|||||||||||||
20170130_213752|226605|533|6.578947|0||0||0|0|0|0|||||||||||||
20170130_213752|226710|534|8.620690|0||0||0|0|0|0|||||||||||||
20170130_213752|226878|535|6.410256|0||0||0|0|0|0|||||||||||||
20170130_213752|226982|536|8.620690|0||0||0|0|0|0|||||||||||||
20170130_213752|227133|537|7.142857|0||0||0|0|0|0|||||||||||||
20170130_213752|227254|538|7.575758|0||0||0|0|0|0|||||||||||||
20170130_213752|227406|539|7.142857|0||0||0|0|0|0|||||||||||||
20170130_213752|227511|540|8.547009|0||0||0|0|0|0|||||||||||||
20170130_213753|227677|541|6.451613|0||0||0|0|0|0|||||||||||||
20170130_213753|227782|542|8.620690|0||0||0|0|0|0|||||||||||||
20170130_213753|227909|543|7.812500|0||0||0|0|0|0|||||||||||||
20170130_213753|228078|544|6.410256|0||0||0|0|0|0|||||||||||||
20170130_213753|228187|545|8.264463|0||0||0|0|0|0|||||||||||||
20170130_213753|228326|546|7.633588|0||0||0|0|0|0|||||||||||||
20170130_213753|228454|547|7.352941|0||0||0|0|0|0|||||||||||||
20170130_213754|228582|548|7.812500|0||0||0|0|0|0|||||||||||||
20170130_213754|228734|549|7.142857|0||0||0|0|0|0|||||||||||||
20170130_213754|228865|550|7.142857|0||0||0|0|0|0|||||||||||||
20170130_213754|228998|551|7.692308|0||0||0|0|0|0|||||||||||||
20170130_213754|229134|552|7.246377|0||0||0|0|0|0|||||||||||||
20170130_213754|229254|553|8.064516|0||0||0|0|0|0|||||||||||||
20170130_213754|229397|554|7.352941|0||0||0|0|0|0|||||||||||||
20170130_213755|229542|555|6.944444|0||0||0|0|0|0|||||||||||||
20170130_213755|229654|556|8.333333|0||0||0|0|0|0|||||||||||||
20170130_213755|229804|557|7.142857|0||0||0|0|0|0|||||||||||||
20170130_213755|229935|558|7.299270|0||0||0|0|0|0|||||||||||||
20170130_213755|230060|559|7.874016|0||0||0|0|0|0|||||||||||||
20170130_213755|230196|560|7.575758|0||0||0|0|0|0|||||||||||||
20170130_213755|230343|561|6.944444|0||0||0|0|0|0|||||||||||||
20170130_213755|230463|562|7.936508|0||0||0|0|0|0|||||||||||||
20170130_213756|230582|563|8.196721|0||0||0|0|0|0|||||||||||||
20170130_213756|230753|564|6.410256|0||0||0|0|0|0|||||||||||||
20170130_213756|230855|565|8.547009|0||0||0|0|0|0|||||||||||||
20170130_213756|230989|566|7.575758|0||0||0|0|0|0|||||||||||||
20170130_213756|231151|567|6.578947|0||0||0|0|0|0|||||||||||||
20170130_213756|231255|568|8.620690|0||0||0|0|0|0|||||||||||||
20170130_213756|231406|569|7.194245|0||0||0|0|0|0|||||||||||||
20170130_213757|231538|570|7.142857|0||0||0|0|0|0|||||||||||||
20170130_213757|231662|571|7.936508|0||0||0|0|0|0|||||||||||||
20170130_213757|231824|572|6.622517|0||0||0|0|0|0|||||||||||||
20170130_213757|231927|573|8.620690|0||0||0|0|0|0|||||||||||||
20170130_213757|232077|574|7.194245|0||0||0|0|0|0|||||||||||||
20170130_213757|232206|575|7.352941|0||0||0|0|0|0|||||||||||||
20170130_213757|232326|576|8.064516|0||0||0|0|0|0|||||||||||||
20170130_213757|232470|577|7.352941|0||0||0|0|0|0|||||||||||||
20170130_213758|232598|578|7.352941|0||0||0|0|0|0|||||||||||||
20170130_213758|232727|579|7.751938|0||0||0|0|0|0|||||||||||||
20170130_213758|232854|580|7.874016|0||0||0|0|0|0|||||||||||||
20170130_213758|233024|581|6.250000|0||0||0|0|0|0|||||||||||||
20170130_213758|233126|582|8.928571|0||0||0|0|0|0|||||||||||||
20170130_213758|233263|583|7.462687|0||0||0|0|0|0|||||||||||||
20170130_213758|233420|584|6.666667|0||0||0|0|0|0|||||||||||||
20170130_213759|233527|585|8.547009|0||0||0|0|0|0|||||||||||||
20170130_213759|233663|586|7.518797|0||0||0|0|0|0|||||||||||||
20170130_213759|233822|587|6.666667|0||0||0|0|0|0|||||||||||||
20170130_213759|233927|588|8.547009|0||0||0|0|0|0|||||||||||||
20170130_213759|234079|589|7.194245|0||0||0|0|0|0|||||||||||||
20170130_213759|234210|590|7.142857|0||0||0|0|0|0|||||||||||||
20170130_213759|234326|591|8.333333|0||0||0|0|0|0|||||||||||||
20170130_213759|234495|592|6.410256|0||0||0|0|0|0|||||||||||||
20170130_213800|234598|593|8.620690|0||0||0|0|0|0|||||||||||||
20170130_213800|234745|594|7.092199|0||0||0|0|0|0|||||||||||||
20170130_213800|234877|595|7.352941|0||0||0|0|0|0|||||||||||||
20170130_213800|235018|596|7.246377|0||0||0|0|0|0|||||||||||||
20170130_213800|235126|597|8.849558|0||0||0|0|0|0|||||||||||||
20170130_213800|235280|598|6.666667|0||0||0|0|0|0|||||||||||||
20170130_213800|235398|599|8.196721|0||0||0|0|0|0|||||||||||||
20170130_213801|235551|600|7.142857|0||0||0|0|0|0|||||||||||||
20170130_213801|235688|601|6.944444|0||0||0|0|0|0|||||||||||||
20170130_213801|235800|602|8.474576|0||0||0|0|0|0|||||||||||||
20170130_213801|235927|603|7.874016|0||0||0|0|0|0|||||||||||||
20170130_213801|236094|604|6.451613|0||0||0|0|0|0|||||||||||||
20170130_213801|236198|605|8.620690|0||0||0|0|0|0|||||||||||||
20170130_213801|236341|606|7.352941|0||0||0|0|0|0|||||||||||||
20170130_213801|236491|607|6.756757|0||0||0|0|0|0|||||||||||||
20170130_213802|236598|608|8.620690|0||0||0|0|0|0|||||||||||||
20170130_213802|236747|609|7.092199|0||0||0|0|0|0|||||||||||||
20170130_213802|236886|610|7.194245|0||0||0|0|0|0|||||||||||||
20170130_213802|236999|611|8.333333|0||0||0|0|0|0|||||||||||||
20170130_213802|237166|612|6.410256|0||0||0|0|0|0|||||||||||||
20170130_213802|237271|613|8.547009|0||0||0|0|0|0|||||||||||||
20170130_213802|237421|614|7.194245|0||0||0|0|0|0|||||||||||||
20170130_213803|237542|615|7.575758|0||0||0|0|0|0|||||||||||||
20170130_213803|237685|616|7.352941|0||0||0|0|0|0|||||||||||||
20170130_213803|237798|617|8.333333|0||0||0|0|0|0|||||||||||||
20170130_213803|237966|618|6.410256|0||0||0|0|0|0|||||||||||||
20170130_213803|238071|619|8.547009|0||0||0|0|0|0|||||||||||||
20170130_213803|238203|620|7.633588|0||0||0|0|0|0|||||||||||||
20170130_213803|238366|621|6.578947|0||0||0|0|0|0|||||||||||||
20170130_213803|238478|622|8.196721|0||0||0|0|0|0|||||||||||||
20170130_213804|238606|623|7.874016|0||0||0|0|0|0|||||||||||||
20170130_213804|238765|624|6.578947|0||0||0|0|0|0|||||||||||||
20170130_213804|238871|625|8.620690|0||0||0|0|0|0|||||||||||||
20170130_213804|238998|626|7.812500|0||0||0|0|0|0|||||||||||||
20170130_213804|239166|627|6.451613|0||0||0|0|0|0|||||||||||||
20170130_213804|239270|628|8.620690|0||0||0|0|0|0|||||||||||||
20170130_213804|239414|629|7.352941|0||0||0|0|0|0|||||||||||||
20170130_213805|239555|630|6.896552|0||0||0|0|0|0|||||||||||||
20170130_213805|239670|631|8.403361|0||0||0|0|0|0|||||||||||||
20170130_213805|239839|632|6.369427|0||0||0|0|0|0|||||||||||||
20170130_213805|239943|633|8.620690|0||0||0|0|0|0|||||||||||||
20170130_213805|240091|634|7.142857|0||0||0|0|0|0|||||||||||||
20170130_213805|240225|635|7.194245|0||0||0|0|0|0|||||||||||||
20170130_213805|240350|636|8.064516|0||0||0|0|0|0|||||||||||||
20170130_213805|240490|637|7.352941|0||0||0|0|0|0|||||||||||||
20170130_213806|240622|638|7.352941|0||0||0|0|0|0|||||||||||||
20170130_213806|240749|639|7.751938|0||0||0|0|0|0|||||||||||||
20170130_213806|240886|640|7.462687|0||0||0|0|0|0|||||||||||||
20170130_213806|241018|641|7.352941|0||0||0|0|0|0|||||||||||||
20170130_213806|241165|642|7.299270|0||0||0|0|0|0|||||||||||||
20170130_213806|241270|643|8.547009|0||0||0|0|0|0|||||||||||||
20170130_213806|241439|644|6.410256|0||0||0|0|0|0|||||||||||||
20170130_213807|241543|645|8.620690|0||0||0|0|0|0|||||||||||||
20170130_213807|241670|646|7.874016|0||0||0|0|0|0|||||||||||||
20170130_213807|241814|647|6.944444|0||0||0|0|0|0|||||||||||||
20170130_213807|241966|648|7.142857|0||0||0|0|0|0|||||||||||||
20170130_213807|242070|649|8.620690|0||0||0|0|0|0|||||||||||||
20170130_213807|242239|650|6.410256|0||0||0|0|0|0|||||||||||||
20170130_213807|242342|651|8.620690|0||0||0|0|0|0|||||||||||||
20170130_213807|242515|652|6.289308|0||0||0|0|0|0|||||||||||||
20170130_213808|242616|653|8.771930|0||0||0|0|0|0|||||||||||||
20170130_213808|242742|654|7.874016|0||0||0|0|0|0|||||||||||||
20170130_213808|242910|655|6.329114|0||0||0|0|0|0|||||||||||||
20170130_213808|243016|656|8.695652|0||0||0|0|0|0|||||||||||||
20170130_213808|243160|657|7.194245|0||0||0|0|0|0|||||||||||||
20170130_213808|243294|658|7.352941|0||0||0|0|0|0|||||||||||||
20170130_213808|243414|659|8.000000|0||0||0|0|0|0|||||||||||||
20170130_213809|243542|660|7.874016|0||0||0|0|0|0|||||||||||||
20170130_213809|243712|661|6.329114|0||0||0|0|0|0|||||||||||||
20170130_213809|243815|662|8.695652|0||0||0|0|0|0|||||||||||||
20170130_213809|243958|663|7.352941|0||0||0|0|0|0|||||||||||||
20170130_213809|244110|664|6.802721|0||0||0|0|0|0|||||||||||||
20170130_213809|244214|665|8.620690|0||0||0|0|0|0|||||||||||||
20170130_213809|244360|666|6.896552|0||0||0|0|0|0|||||||||||||
20170130_213809|244508|667|7.142857|0||0||0|0|0|0|||||||||||||
20170130_213810|244623|668|8.130081|0||0||0|0|0|0|||||||||||||
20170130_213810|244751|669|7.936508|0||0||0|0|0|0|||||||||||||
20170130_213810|244910|670|6.666667|0||0||0|0|0|0|||||||||||||
20170130_213810|245014|671|8.620690|0||0||0|0|0|0|||||||||||||
20170130_213810|245184|672|6.410256|0||0||0|0|0|0|||||||||||||
20170130_213810|245286|673|8.620690|0||0||0|0|0|0|||||||||||||
20170130_213810|245438|674|7.142857|0||0||0|0|0|0|||||||||||||
20170130_213811|245558|675|7.575758|0||0||0|0|0|0|||||||||||||
20170130_213811|245701|676|7.352941|0||0||0|0|0|0|||||||||||||
20170130_213811|245822|677|7.936508|0||0||0|0|0|0|||||||||||||
20170130_213811|245978|678|6.756757|0||0||0|0|0|0|||||||||||||
20170130_213811|246086|679|8.474576|0||0||0|0|0|0|||||||||||||
20170130_213811|246225|680|7.352941|0||0||0|0|0|0|||||||||||||
20170130_213811|246384|681|6.756757|0||0||0|0|0|0|||||||||||||
20170130_213811|246486|682|8.620690|0||0||0|0|0|0|||||||||||||
20170130_213812|246638|683|7.142857|0||0||0|0|0|0|||||||||||||
20170130_213812|246763|684|7.352941|0||0||0|0|0|0|||||||||||||
20170130_213812|246893|685|7.812500|0||0||0|0|0|0|||||||||||||
20170130_213812|247026|686|7.633588|0||0||0|0|0|0|||||||||||||
20170130_213812|247166|687|7.092199|0||0||0|0|0|0|||||||||||||
20170130_213812|247295|688|7.692308|0||0||0|0|0|0|||||||||||||
20170130_213812|247414|689|8.196721|0||0||0|0|0|0|||||||||||||
20170130_213813|247564|690|6.711409|0||0||0|0|0|0|||||||||||||
20170130_213813|247702|691|7.633588|0||0||0|0|0|0|||||||||||||
20170130_213813|247830|692|7.352941|0||0||0|0|0|0|||||||||||||
20170130_213813|247963|693|7.575758|0||0||0|0|0|0|||||||||||||
20170130_213813|248088|694|8.000000|0||0||0|0|0|0|||||||||||||
20170130_213813|248254|695|6.451613|0||0||0|0|0|0|||||||||||||
20170130_213813|248358|696|8.620690|0||0||0|0|0|0|||||||||||||
20170130_213813|248486|697|7.812500|0||0||0|0|0|0|||||||||||||
20170130_213814|248655|698|6.369427|0||0||0|0|0|0|||||||||||||
20170130_213814|248759|699|8.620690|0||0||0|0|0|0|||||||||||||
20170130_213814|248888|700|7.812500|0||0||0|0|0|0|||||||||||||
20170130_213814|249057|701|6.250000|0||0||0|0|0|0|||||||||||||
20170130_213814|249160|702|8.849558|0||0||0|0|0|0|||||||||||||
20170130_213814|249294|703|7.692308|0||0||0|0|0|0|||||||||||||
20170130_213814|249454|704|6.578947|0||0||0|0|0|0|||||||||||||
20170130_213815|249560|705|8.547009|0||0||0|0|0|0|||||||||||||
20170130_213815|249703|706|7.352941|0||0||0|0|0|0|||||||||||||
20170130_213815|249853|707|6.802721|0||0||0|0|0|0|||||||||||||
20170130_213815|249959|708|8.547009|0||0||0|0|0|0|||||||||||||
20170130_213815|250110|709|7.194245|0||0||0|0|0|0|||||||||||||
20170130_213815|250256|710|6.944444|0||0||0|0|0|0|||||||||||||
20170130_213815|250358|711|8.620690|0||0||0|0|0|0|||||||||||||
20170130_213816|250526|712|6.410256|0||0||0|0|0|0|||||||||||||
20170130_213816|250631|713|8.547009|0||0||0|0|0|0|||||||||||||
20170130_213816|250784|714|7.194245|0||0||0|0|0|0|||||||||||||
20170130_213816|250910|715|7.352941|0||0||0|0|0|0|||||||||||||
20170130_213816|251053|716|7.194245|0||0||0|0|0|0|||||||||||||
20170130_213816|251158|717|8.849558|0||0||0|0|0|0|||||||||||||
20170130_213816|251326|718|6.410256|0||0||0|0|0|0|||||||||||||
20170130_213816|251431|719|8.547009|0||0||0|0|0|0|||||||||||||
20170130_213817|251558|720|7.874016|0||0||0|0|0|0|||||||||||||
20170130_213817|251725|721|6.172840|0||0||0|0|0|0|||||||||||||
20170130_213817|251830|722|9.090909|0||0||0|0|0|0|||||||||||||
20170130_213817|251974|723|7.352941|0||0||0|0|0|0|||||||||||||
20170130_213817|252126|724|6.756757|0||0||0|0|0|0|||||||||||||
20170130_213817|252230|725|8.620690|0||0||0|0|0|0|||||||||||||
20170130_213817|252371|726|7.299270|0||0||0|0|0|0|||||||||||||
20170130_213818|252525|727|6.802721|0||0||0|0|0|0|||||||||||||
20170130_213818|252630|728|8.620690|0||0||0|0|0|0|||||||||||||
20170130_213818|252780|729|7.142857|0||0||0|0|0|0|||||||||||||
20170130_213818|252912|730|7.194245|0||0||0|0|0|0|||||||||||||
20170130_213818|253048|731|7.751938|0||0||0|0|0|0|||||||||||||
20170130_213818|253199|732|6.756757|0||0||0|0|0|0|||||||||||||
20170130_213818|253302|733|8.620690|0||0||0|0|0|0|||||||||||||
20170130_213818|253430|734|7.751938|0||0||0|0|0|0|||||||||||||
20170130_213819|253574|735|6.993007|0||0||0|0|0|0|||||||||||||
20170130_213819|253717|736|7.352941|0||0||0|0|0|0|||||||||||||
20170130_213819|253830|737|8.333333|0||0||0|0|0|0|||||||||||||
20170130_213819|253990|738|6.578947|0||0||0|0|0|0|||||||||||||
20170130_213819|254110|739|7.936508|0||0||0|0|0|0|||||||||||||
20170130_213819|254241|740|7.751938|0||0||0|0|0|0|||||||||||||
20170130_213819|254390|741|6.896552|0||0||0|0|0|0|||||||||||||
20170130_213819|254502|742|8.333333|0||0||0|0|0|0|||||||||||||
20170130_213820|254647|743|7.299270|0||0||0|0|0|0|||||||||||||
20170130_213820|254783|744|7.092199|0||0||0|0|0|0|||||||||||||
20170130_213820|254913|745|7.692308|0||0||0|0|0|0|||||||||||||
20170130_213820|255030|746|8.333333|0||0||0|0|0|0|||||||||||||
20170130_213820|255193|747|6.493506|0||0||0|0|0|0|||||||||||||
20170130_213820|255302|748|8.474576|0||0||0|0|0|0|||||||||||||
20170130_213820|255449|749|7.246377|0||0||0|0|0|0|||||||||||||
20170130_213821|255585|750|7.092199|0||0||0|0|0|0|||||||||||||
20170130_213821|255717|751|7.751938|0||0||0|0|0|0|||||||||||||
20170130_213821|255865|752|6.849315|0||0||0|0|0|0|||||||||||||
20170130_213821|255974|753|8.474576|0||0||0|0|0|0|||||||||||||
20170130_213821|256121|754|7.246377|0||0||0|0|0|0|||||||||||||
20170130_213821|256254|755|7.246377|0||0||0|0|0|0|||||||||||||
20170130_213821|256382|756|7.812500|0||0||0|0|0|0|||||||||||||
20170130_213821|256511|757|7.692308|0||0||0|0|0|0|||||||||||||
20170130_213822|256665|758|6.756757|0||0||0|0|0|0|||||||||||||
20170130_213822|256775|759|8.403361|0||0||0|0|0|0|||||||||||||
20170130_213822|256915|760|7.352941|0||0||0|0|0|0|||||||||||||
20170130_213822|257055|761|7.092199|0||0||0|0|0|0|||||||||||||
20170130_213822|257183|762|7.812500|0||0||0|0|0|0|||||||||||||
20170130_213822|257302|763|8.196721|0||0||0|0|0|0|||||||||||||
20170130_213822|257468|764|6.410256|0||0||0|0|0|0|||||||||||||
20170130_213823|257574|765|8.547009|0||0||0|0|0|0|||||||||||||
20170130_213823|257718|766|7.352941|0||0||0|0|0|0|||||||||||||
20170130_213823|257867|767|6.849315|0||0||0|0|0|0|||||||||||||
20170130_213823|257974|768|8.474576|0||0||0|0|0|0|||||||||||||
20170130_213823|258118|769|7.407407|0||0||0|0|0|0|||||||||||||
20170130_213823|258258|770|6.944444|0||0||0|0|0|0|||||||||||||
20170130_213823|258374|771|8.333333|0||0||0|0|0|0|||||||||||||
20170130_213824|258542|772|6.410256|0||0||0|0|0|0|||||||||||||
20170130_213824|258647|773|8.620690|0||0||0|0|0|0|||||||||||||
20170130_213824|258799|774|7.142857|0||0||0|0|0|0|||||||||||||
20170130_213824|258930|775|7.142857|0||0||0|0|0|0|||||||||||||
20170130_213824|259046|776|8.333333|0||0||0|0|0|0|||||||||||||
20170130_213824|259197|777|7.142857|0||0||0|0|0|0|||||||||||||
20170130_213824|259326|778|7.299270|0||0||0|0|0|0|||||||||||||
20170130_213824|259453|779|7.812500|0||0||0|0|0|0|||||||||||||
20170130_213825|259574|780|8.130081|0||0||0|0|0|0|||||||||||||
20170130_213825|259743|781|6.410256|0||0||0|0|0|0|||||||||||||
20170130_213825|259846|782|8.620690|0||0||0|0|0|0|||||||||||||
20170130_213825|260001|783|7.092199|0||0||0|0|0|0|||||||||||||
20170130_213825|260124|784|7.352941|0||0||0|0|0|0|||||||||||||
20170130_213825|260259|785|7.633588|0||0||0|0|0|0|||||||||||||
20170130_213825|260374|786|8.333333|0||0||0|0|0|0|||||||||||||
20170130_213826|260543|787|6.410256|0||0||0|0|0|0|||||||||||||
20170130_213826|260673|788|6.993007|0||0||0|0|0|0|||||||||||||
20170130_213826|260775|789|9.803922|0||0||0|0|0|0|||||||||||||
20170130_213826|260942|790|6.451613|0||0||0|0|0|0|||||||||||||
20170130_213826|261047|791|8.547009|0||0||0|0|0|0|||||||||||||
20170130_213826|261215|792|6.451613|0||0||0|0|0|0|||||||||||||
20170130_213826|261319|793|8.547009|0||0||0|0|0|0|||||||||||||
20170130_213826|261470|794|7.194245|0||0||0|0|0|0|||||||||||||
20170130_213827|261613|795|6.944444|0||0||0|0|0|0|||||||||||||
20170130_213827|261718|796|8.620690|0||0||0|0|0|0|||||||||||||
20170130_213827|261862|797|7.352941|0||0||0|0|0|0|||||||||||||
20170130_213827|261996|798|7.142857|0||0||0|0|0|0|||||||||||||
20170130_213827|262135|799|7.299270|0||0||0|0|0|0|||||||||||||
20170130_213827|262247|800|8.620690|0||0||0|0|0|0|||||||||||||
20170130_213827|262415|801|6.410256|0||0||0|0|0|0|||||||||||||
20170130_213827|262519|802|8.620690|0||0||0|0|0|0|||||||||||||
20170130_213828|262654|803|7.633588|0||0||0|0|0|0|||||||||||||
20170130_213828|262818|804|6.578947|0||0||0|0|0|0|||||||||||||
20170130_213828|262921|805|8.333333|0||0||0|0|0|0|||||||||||||
20170130_213828|263071|806|7.299270|0||0||0|0|0|0|||||||||||||
20170130_213828|263190|807|7.633588|0||0||0|0|0|0|||||||||||||
20170130_213828|263328|808|7.407407|0||0||0|0|0|0|||||||||||||
20170130_213828|263455|809|7.874016|0||0||0|0|0|0|||||||||||||
20170130_213829|263607|810|6.849315|0||0||0|0|0|0|||||||||||||
20170130_213829|263718|811|8.333333|0||0||0|0|0|0|||||||||||||
20170130_213829|263887|812|6.410256|0||0||0|0|0|0|||||||||||||
20170130_213829|263992|813|8.474576|0||0||0|0|0|0|||||||||||||
20170130_213829|264134|814|7.407407|0||0||0|0|0|0|||||||||||||
20170130_213829|264276|815|6.993007|0||0||0|0|0|0|||||||||||||
20170130_213829|264392|816|8.264463|0||0||0|0|0|0|||||||||||||
20170130_213830|264528|817|7.575758|0||0||0|0|0|0|||||||||||||
20170130_213830|264663|818|7.142857|0||0||0|0|0|0|||||||||||||
20170130_213830|264799|819|7.518797|0||0||0|0|0|0|||||||||||||
20170130_213830|264918|820|8.196721|0||0||0|0|0|0|||||||||||||
20170130_213830|265092|821|6.097561|0||0||0|0|0|0|||||||||||||
20170130_213830|265191|822|9.174312|0||0||0|0|0|0|||||||||||||
20170130_213830|265326|823|7.633588|0||0||0|0|0|0|||||||||||||
20170130_213830|265487|824|6.535948|0||0||0|0|0|0|||||||||||||
20170130_213831|265592|825|8.474576|0||0||0|0|0|0|||||||||||||
20170130_213831|265725|826|7.751938|0||0||0|0|0|0|||||||||||||
20170130_213831|265885|827|6.578947|0||0||0|0|0|0|||||||||||||
20170130_213831|265990|828|8.620690|0||0||0|0|0|0|||||||||||||
20170130_213831|266140|829|7.092199|0||0||0|0|0|0|||||||||||||
20170130_213831|266273|830|7.194245|0||0||0|0|0|0|||||||||||||
20170130_213831|266390|831|8.333333|0||0||0|0|0|0|||||||||||||
20170130_213832|266560|832|6.329114|0||0||0|0|0|0|||||||||||||
20170130_213832|266662|833|8.771930|0||0||0|0|0|0|||||||||||||
20170130_213832|266814|834|7.142857|0||0||0|0|0|0|||||||||||||
20170130_213832|266948|835|7.092199|0||0||0|0|0|0|||||||||||||
20170130_213832|267062|836|8.403361|0||0||0|0|0|0|||||||||||||
20170130_213832|267213|837|7.092199|0||0||0|0|0|0|||||||||||||
20170130_213832|267341|838|7.352941|0||0||0|0|0|0|||||||||||||
20170130_213832|267462|839|8.130081|0||0||0|0|0|0|||||||||||||
20170130_213833|267606|840|7.352941|0||0||0|0|0|0|||||||||||||
20170130_213833|267742|841|7.092199|0||0||0|0|0|0|||||||||||||
20170130_213833|267871|842|7.692308|0||0||0|0|0|0|||||||||||||
20170130_213833|267998|843|7.874016|0||0||0|0|0|0|||||||||||||
20170130_213833|268157|844|6.666667|0||0||0|0|0|0|||||||||||||
20170130_213833|268265|845|8.403361|0||0||0|0|0|0|||||||||||||
20170130_213833|268411|846|7.299270|0||0||0|0|0|0|||||||||||||
20170130_213834|268551|847|7.092199|0||0||0|0|0|0|||||||||||||
20170130_213834|268662|848|8.403361|0||0||0|0|0|0|||||||||||||
20170130_213834|268813|849|7.142857|0||0||0|0|0|0|||||||||||||
20170130_213834|268956|850|6.944444|0||0||0|0|0|0|||||||||||||
20170130_213834|269062|851|8.620690|0||0||0|0|0|0|||||||||||||
20170130_213834|269234|852|6.369427|0||0||0|0|0|0|||||||||||||
20170130_213834|269335|853|8.620690|0||0||0|0|0|0|||||||||||||
20170130_213834|269479|854|7.142857|0||0||0|0|0|0|||||||||||||
20170130_213835|269622|855|7.042254|0||0||0|0|0|0|||||||||||||
20170130_213835|269734|856|8.547009|0||0||0|0|0|0|||||||||||||
20170130_213835|269867|857|7.633588|0||0||0|0|0|0|||||||||||||
20170130_213835|270022|858|6.535948|0||0||0|0|0|0|||||||||||||
20170130_213835|270141|859|8.264463|0||0||0|0|0|0|||||||||||||
20170130_213835|270274|860|7.633588|0||0||0|0|0|0|||||||||||||
20170130_213835|270412|861|7.142857|0||0||0|0|0|0|||||||||||||
20170130_213836|270542|862|7.692308|0||0||0|0|0|0|||||||||||||
20170130_213836|270671|863|7.812500|0||0||0|0|0|0|||||||||||||
20170130_213836|270828|864|6.535948|0||0||0|0|0|0|||||||||||||
20170130_213836|270934|865|8.771930|0||0||0|0|0|0|||||||||||||
20170130_213836|271084|866|6.993007|0||0||0|0|0|0|||||||||||||
20170130_213836|271229|867|7.142857|0||0||0|0|0|0|||||||||||||
20170130_213836|271336|868|8.474576|0||0||0|0|0|0|||||||||||||
20170130_213836|271462|869|7.874016|0||0||0|0|0|0|||||||||||||
20170130_213837|271614|870|6.802721|0||0||0|0|0|0|||||||||||||
20170130_213837|271734|871|8.064516|0||0||0|0|0|0|||||||||||||
20170130_213837|271902|872|6.329114|0||0||0|0|0|0|||||||||||||
20170130_213837|272007|873|8.695652|0||0||0|0|0|0|||||||||||||
20170130_213837|272143|874|7.462687|0||0||0|0|0|0|||||||||||||
20170130_213837|272302|875|6.535948|0||0||0|0|0|0|||||||||||||
20170130_213837|272406|876|8.928571|0||0||0|0|0|0|||||||||||||
20170130_213838|272556|877|7.092199|0||0||0|0|0|0|||||||||||||
20170130_213838|272688|878|7.299270|0||0||0|0|0|0|||||||||||||
20170130_213838|272815|879|7.812500|0||0||0|0|0|0|||||||||||||
20170130_213838|272948|880|7.692308|0||0||0|0|0|0|||||||||||||
20170130_213838|273092|881|6.802721|0||0||0|0|0|0|||||||||||||
20170130_213838|273207|882|8.474576|0||0||0|0|0|0|||||||||||||
20170130_213838|273350|883|7.194245|0||0||0|0|0|0|||||||||||||
20170130_213838|273502|884|6.944444|0||0||0|0|0|0|||||||||||||
20170130_213839|273606|885|8.620690|0||0||0|0|0|0|||||||||||||
20170130_213839|273751|886|7.299270|0||0||0|0|0|0|||||||||||||
20170130_213839|273899|887|6.802721|0||0||0|0|0|0|||||||||||||
20170130_213839|274006|888|8.547009|0||0||0|0|0|0|||||||||||||
20170130_213839|274158|889|7.194245|0||0||0|0|0|0|||||||||||||
20170130_213839|274287|890|7.352941|0||0||0|0|0|0|||||||||||||
20170130_213839|274414|891|7.812500|0||0||0|0|0|0|||||||||||||
20170130_213840|274534|892|8.064516|0||0||0|0|0|0|||||||||||||
20170130_213840|274703|893|6.410256|0||0||0|0|0|0|||||||||||||
20170130_213840|274808|894|8.474576|0||0||0|0|0|0|||||||||||||
20170130_213840|274974|895|6.493506|0||0||0|0|0|0|||||||||||||
20170130_213840|275080|896|8.474576|0||0||0|0|0|0|||||||||||||
20170130_213840|275225|897|7.246377|0||0||0|0|0|0|||||||||||||
20170130_213840|275351|898|7.575758|0||0||0|0|0|0|||||||||||||
20170130_213840|275505|899|7.042254|0||0||0|0|0|0|||||||||||||
20170130_213841|275607|900|8.695652|0||0||0|0|0|0|||||||||||||
20170130_213841|275775|901|6.410256|0||0||0|0|0|0|||||||||||||
20170130_213841|275879|902|8.620690|0||0||0|0|0|0|||||||||||||
20170130_213841|276006|903|7.874016|0||0||0|0|0|0|||||||||||||
20170130_213841|276175|904|6.329114|0||0||0|0|0|0|||||||||||||
20170130_213841|276280|905|8.620690|0||0||0|0|0|0|||||||||||||
20170130_213841|276427|906|7.246377|0||0||0|0|0|0|||||||||||||
20170130_213842|276551|907|7.518797|0||0||0|0|0|0|||||||||||||
20170130_213842|276703|908|7.142857|0||0||0|0|0|0|||||||||||||
20170130_213842|276806|909|8.695652|0||0||0|0|0|0|||||||||||||
20170130_213842|276972|910|6.410256|0||0||0|0|0|0|||||||||||||
20170130_213842|277079|911|8.547009|0||0||0|0|0|0|||||||||||||
20170130_213842|277229|912|7.142857|0||0||0|0|0|0|||||||||||||
20170130_213842|277357|913|7.299270|0||0||0|0|0|0|||||||||||||
20170130_213842|277486|914|7.874016|0||0||0|0|0|0|||||||||||||
20170130_213843|277645|915|6.578947|0||0||0|0|0|0|||||||||||||
20170130_213843|277750|916|8.695652|0||0||0|0|0|0|||||||||||||
20170130_213843|277901|917|7.142857|0||0||0|0|0|0|||||||||||||
20170130_213843|278022|918|7.518797|0||0||0|0|0|0|||||||||||||
20170130_213843|278174|919|7.142857|0||0||0|0|0|0|||||||||||||
20170130_213843|278279|920|8.547009|0||0||0|0|0|0|||||||||||||
20170130_213843|278445|921|6.493506|0||0||0|0|0|0|||||||||||||
20170130_213844|278551|922|8.474576|0||0||0|0|0|0|||||||||||||
20170130_213844|278700|923|7.246377|0||0||0|0|0|0|||||||||||||
20170130_213844|278829|924|7.299270|0||0||0|0|0|0|||||||||||||
20170130_213844|278971|925|7.299270|0||0||0|0|0|0|||||||||||||
20170130_213844|279078|926|8.771930|0||0||0|0|0|0|||||||||||||
20170130_213844|279250|927|6.211180|0||0||0|0|0|0|||||||||||||
20170130_213844|279352|928|8.849558|0||0||0|0|0|0|||||||||||||
20170130_213844|279486|929|7.575758|0||0||0|0|0|0|||||||||||||
20170130_213845|279645|930|6.622517|0||0||0|0|0|0|||||||||||||
20170130_213845|279750|931|8.695652|0||0||0|0|0|0|||||||||||||
20170130_213845|279885|932|7.518797|0||0||0|0|0|0|||||||||||||
20170130_213845|280022|933|7.194245|0||0||0|0|0|0|||||||||||||
20170130_213845|280174|934|7.092199|0||0||0|0|0|0|||||||||||||
20170130_213845|280304|935|7.246377|0||0||0|0|0|0|||||||||||||
20170130_213845|280437|936|7.692308|0||0||0|0|0|0|||||||||||||
20170130_213846|280551|937|8.333333|0||0||0|0|0|0|||||||||||||
20170130_213846|280726|938|6.097561|0||0||0|0|0|0|||||||||||||
20170130_213846|280826|939|8.928571|0||0||0|0|0|0|||||||||||||
20170130_213846|280954|940|7.936508|0||0||0|0|0|0|||||||||||||
20170130_213846|281125|941|6.211180|0||0||0|0|0|0|||||||||||||
20170130_213846|281223|942|9.174312|0||0||0|0|0|0|||||||||||||
20170130_213846|281358|943|7.575758|0||0||0|0|0|0|||||||||||||
20170130_213846|281519|944|6.622517|0||0||0|0|0|0|||||||||||||
20170130_213847|281622|945|8.547009|0||0||0|0|0|0|||||||||||||
20170130_213847|281752|946|7.812500|0||0||0|0|0|0|||||||||||||
20170130_213847|281918|947|6.410256|0||0||0|0|0|0|||||||||||||
20170130_213847|282024|948|8.620690|0||0||0|0|0|0|||||||||||||
20170130_213847|282159|949|7.462687|0||0||0|0|0|0|||||||||||||
20170130_213847|282321|950|6.535948|0||0||0|0|0|0|||||||||||||
20170130_213847|282422|951|8.928571|0||0||0|0|0|0|||||||||||||
20170130_213848|282568|952|7.142857|0||0||0|0|0|0|||||||||||||
20170130_213848|282717|953|6.944444|0||0||0|0|0|0|||||||||||||
20170130_213848|282823|954|8.547009|0||0||0|0|0|0|||||||||||||
20170130_213848|282993|955|6.410256|0||0||0|0|0|0|||||||||||||
20170130_213848|283096|956|8.620690|0||0||0|0|0|0|||||||||||||
20170130_213848|283244|957|7.142857|0||0||0|0|0|0|||||||||||||
20170130_213848|283375|958|7.352941|0||0||0|0|0|0|||||||||||||
20170130_213848|283503|959|7.812500|0||0||0|0|0|0|||||||||||||
20170130_213849|283630|960|7.874016|0||0||0|0|0|0|||||||||||||
20170130_213849|283789|961|6.535948|0||0||0|0|0|0|||||||||||||
20170130_213849|283894|962|8.695652|0||0||0|0|0|0|||||||||||||
20170130_213849|284045|963|7.142857|0||0||0|0|0|0|||||||||||||
20170130_213849|284166|964|7.575758|0||0||0|0|0|0|||||||||||||
20170130_213849|284313|965|7.042254|0||0||0|0|0|0|||||||||||||
20170130_213849|284423|966|8.771930|0||0||0|0|0|0|||||||||||||
20170130_213850|284566|967|6.896552|0||0||0|0|0|0|||||||||||||
20170130_213850|284717|968|7.194245|0||0||0|0|0|0|||||||||||||
20170130_213850|284823|969|8.547009|0||0||0|0|0|0|||||||||||||
20170130_213850|284990|970|6.410256|0||0||0|0|0|0|||||||||||||
20170130_213850|285095|971|8.695652|0||0||0|0|0|0|||||||||||||
20170130_213850|285245|972|7.042254|0||0||0|0|0|0|||||||||||||
20170130_213850|285366|973|7.692308|0||0||0|0|0|0|||||||||||||
20170130_213850|285518|974|7.142857|0||0||0|0|0|0|||||||||||||
20170130_213851|285638|975|7.575758|0||0||0|0|0|0|||||||||||||
20170130_213851|285774|976|7.575758|0||0||0|0|0|0|||||||||||||
20170130_213851|285894|977|8.064516|0||0||0|0|0|0|||||||||||||
20170130_213851|286062|978|6.369427|0||0||0|0|0|0|||||||||||||
20170130_213851|286171|979|8.264463|0||0||0|0|0|0|||||||||||||
20170130_213851|286312|980|7.462687|0||0||0|0|0|0|||||||||||||
20170130_213851|286458|981|6.896552|0||0||0|0|0|0|||||||||||||
20170130_213852|286575|982|8.196721|0||0||0|0|0|0|||||||||||||
20170130_213852|286702|983|7.874016|0||0||0|0|0|0|||||||||||||
20170130_213852|286863|984|6.578947|0||0||0|0|0|0|||||||||||||
20170130_213852|286968|985|8.620690|0||0||0|0|0|0|||||||||||||
20170130_213852|287094|986|7.936508|0||0||0|0|0|0|||||||||||||
20170130_213852|287262|987|6.369427|0||0||0|0|0|0|||||||||||||
20170130_213852|287367|988|8.620690|0||0||0|0|0|0|||||||||||||
20170130_213852|287497|989|7.692308|0||0||0|0|0|0|||||||||||||
20170130_213853|287645|990|6.802721|0||0||0|0|0|0|||||||||||||
20170130_213853|287782|991|7.633588|0||0||0|0|0|0|||||||||||||
20170130_213853|287894|992|8.403361|0||0||0|0|0|0|||||||||||||
20170130_213853|288064|993|6.329114|0||0||0|0|0|0|||||||||||||
20170130_213853|288167|994|8.695652|0||0||0|0|0|0|||||||||||||
20170130_213853|288327|995|6.578947|0||0||0|0|0|0|||||||||||||
20170130_213853|288438|996|8.403361|0||0||0|0|0|0|||||||||||||
20170130_213854|288583|997|7.299270|0||0||0|0|0|0|||||||||||||
20170130_213854|288735|998|6.756757|0||0||0|0|0|0|||||||||||||
20170130_213854|288839|999|8.620690|0||0||0|0|0|0|||||||||||||
20170130_213854|288982|1000|7.352941|0||0||0|0|0|0|||||||||||||
20170130_213854|289117|1001|7.092199|0||0||0|0|0|0|||||||||||||
20170130_213854|289238|1002|8.196721|0||0||0|0|0|0|||||||||||||
20170130_213854|289390|1003|7.142857|0||0||0|0|0|0|||||||||||||
20170130_213854|289521|1004|7.142857|0||0||0|0|0|0|||||||||||||
20170130_213855|289654|1005|7.812500|0||0||0|0|0|0|||||||||||||
20170130_213855|289766|1006|8.333333|0||0||0|0|0|0|||||||||||||
20170130_213855|289934|1007|6.369427|0||0||0|0|0|0|||||||||||||
20170130_213855|290038|1008|8.620690|0||0||0|0|0|0|||||||||||||
20170130_213855|290174|1009|7.575758|0||0||0|0|0|0|||||||||||||
20170130_213855|290318|1010|6.993007|0||0||0|0|0|0|||||||||||||
20170130_213855|290460|1011|7.299270|0||0||0|0|0|0|||||||||||||
20170130_213856|290567|1012|8.620690|0||0||0|0|0|0|||||||||||||
20170130_213856|290736|1013|6.451613|0||0||0|0|0|0|||||||||||||
20170130_213856|290840|1014|8.474576|0||0||0|0|0|0|||||||||||||
20170130_213856|291005|1015|6.493506|0||0||0|0|0|0|||||||||||||
20170130_213856|291111|1016|8.547009|0||0||0|0|0|0|||||||||||||
20170130_213856|291262|1017|7.194245|0||0||0|0|0|0|||||||||||||
20170130_213856|291391|1018|7.194245|0||0||0|0|0|0|||||||||||||
20170130_213857|291522|1019|7.751938|0||0||0|0|0|0|||||||||||||
20170130_213857|291638|1020|8.333333|0||0||0|0|0|0|||||||||||||
20170130_213857|291807|1021|6.369427|0||0||0|0|0|0|||||||||||||
20170130_213857|291910|1022|8.695652|0||0||0|0|0|0|||||||||||||
20170130_213857|292062|1023|7.142857|0||0||0|0|0|0|||||||||||||
20170130_213857|292194|1024|7.092199|0||0||0|0|0|0|||||||||||||
20170130_213857|292327|1025|7.812500|0||0||0|0|0|0|||||||||||||
20170130_213857|292439|1026|8.403361|0||0||0|0|0|0|||||||||||||
20170130_213858|292607|1027|6.369427|0||0||0|0|0|0|||||||||||||
20170130_213858|292710|1028|8.695652|0||0||0|0|0|0|||||||||||||
20170130_213858|292848|1029|7.407407|0||0||0|0|0|0|||||||||||||
20170130_213858|293010|1030|6.666667|0||0||0|0|0|0|||||||||||||
20170130_213858|293111|1031|8.620690|0||0||0|0|0|0|||||||||||||
20170130_213858|293238|1032|7.874016|0||0||0|0|0|0|||||||||||||
20170130_213858|293408|1033|6.410256|0||0||0|0|0|0|||||||||||||
20170130_213858|293511|1034|8.547009|0||0||0|0|0|0|||||||||||||
20170130_213859|293678|1035|6.410256|0||0||0|0|0|0|||||||||||||
20170130_213859|293782|1036|8.695652|0||0||0|0|0|0|||||||||||||
20170130_213859|293911|1037|7.812500|0||0||0|0|0|0|||||||||||||
20170130_213859|294078|1038|6.369427|0||0||0|0|0|0|||||||||||||
20170130_213859|294183|1039|8.620690|0||0||0|0|0|0|||||||||||||
20170130_213859|294325|1040|7.246377|0||0||0|0|0|0|||||||||||||
20170130_213859|294477|1041|6.896552|0||0||0|0|0|0|||||||||||||
20170130_213900|294582|1042|8.620690|0||0||0|0|0|0|||||||||||||
20170130_213900|294736|1043|7.092199|0||0||0|0|0|0|||||||||||||
20170130_213900|294872|1044|6.944444|0||0||0|0|0|0|||||||||||||
20170130_213900|294982|1045|8.620690|0||0||0|0|0|0|||||||||||||
20170130_213900|295129|1046|7.042254|0||0||0|0|0|0|||||||||||||
20170130_213900|295279|1047|7.042254|0||0||0|0|0|0|||||||||||||
20170130_213900|295382|1048|8.695652|0||0||0|0|0|0|||||||||||||
20170130_213901|295531|1049|7.142857|0||0||0|0|0|0|||||||||||||
20170130_213901|295668|1050|7.092199|0||0||0|0|0|0|||||||||||||
20170130_213901|295782|1051|8.403361|0||0||0|0|0|0|||||||||||||
20170130_213901|295933|1052|7.142857|0||0||0|0|0|0|||||||||||||
20170130_213901|296111|1053|5.319149|0||0||0|0|0|0|||||||||||||
20170130_213901|296202|1054|10.869565|0||0||0|0|0|0|||||||||||||
20170130_213901|296326|1055|8.064516|0||0||0|0|0|0|||||||||||||
20170130_213901|296472|1056|7.092199|0||0||0|0|0|0|||||||||||||
20170130_213902|296582|1057|8.695652|0||0||0|0|0|0|||||||||||||
20170130_213902|296750|1058|6.369427|0||0||0|0|0|0|||||||||||||
20170130_213902|296855|1059|8.620690|0||0||0|0|0|0|||||||||||||
20170130_213902|296998|1060|7.194245|0||0||0|0|0|0|||||||||||||
20170130_213902|297147|1061|6.944444|0||0||0|0|0|0|||||||||||||
20170130_213902|297254|1062|8.547009|0||0||0|0|0|0|||||||||||||
20170130_213902|297387|1063|7.692308|0||0||0|0|0|0|||||||||||||
20170130_213903|297550|1064|6.535948|0||0||0|0|0|0|||||||||||||
20170130_213903|297654|1065|8.620690|0||0||0|0|0|0|||||||||||||
20170130_213903|297782|1066|7.751938|0||0||0|0|0|0|||||||||||||
20170130_213903|297950|1067|6.451613|0||0||0|0|0|0|||||||||||||
20170130_213903|298054|1068|8.547009|0||0||0|0|0|0|||||||||||||
20170130_213903|298190|1069|7.633588|0||0||0|0|0|0|||||||||||||
20170130_213903|298349|1070|6.535948|0||0||0|0|0|0|||||||||||||
20170130_213903|298455|1071|8.620690|0||0||0|0|0|0|||||||||||||
20170130_213904|298590|1072|7.575758|0||0||0|0|0|0|||||||||||||
20170130_213904|298752|1073|6.493506|0||0||0|0|0|0|||||||||||||
20170130_213904|298855|1074|8.771930|0||0||0|0|0|0|||||||||||||
20170130_213904|298998|1075|6.993007|0||0||0|0|0|0|||||||||||||
20170130_213904|299129|1076|7.692308|0||0||0|0|0|0|||||||||||||
20170130_213904|299270|1077|7.462687|0||0||0|0|0|0|||||||||||||
20170130_213904|299419|1078|6.756757|0||0||0|0|0|0|||||||||||||
20170130_213905|299527|1079|8.547009|0||0||0|0|0|0|||||||||||||
20170130_213905|299662|1080|7.633588|0||0||0|0|0|0|||||||||||||
20170130_213905|299807|1081|6.896552|0||0||0|0|0|0|||||||||||||
20170130_213905|299934|1082|7.812500|0||0||0|0|0|0|||||||||||||
20170130_213905|300054|1083|8.130081|0||0||0|0|0|0|||||||||||||
20170130_213905|300223|1084|6.369427|0||0||0|0|0|0|||||||||||||
20170130_213905|300326|1085|8.695652|0||0||0|0|0|0|||||||||||||
20170130_213905|300463|1086|7.518797|0||0||0|0|0|0|||||||||||||
20170130_213906|300598|1087|7.194245|0||0||0|0|0|0|||||||||||||
20170130_213906|300726|1088|7.812500|0||0||0|0|0|0|||||||||||||
20170130_213906|300867|1089|7.352941|0||0||0|0|0|0|||||||||||||
20170130_213906|301022|1090|6.711409|0||0||0|0|0|0|||||||||||||
20170130_213906|301126|1091|8.695652|0||0||0|0|0|0|||||||||||||
20170130_213906|301270|1092|7.299270|0||0||0|0|0|0|||||||||||||
20170130_213906|301414|1093|6.993007|0||0||0|0|0|0|||||||||||||
20170130_213907|301538|1094|7.812500|0||0||0|0|0|0|||||||||||||
20170130_213907|301693|1095|6.756757|0||0||0|0|0|0|||||||||||||
20170130_213907|301798|1096|8.620690|0||0||0|0|0|0|||||||||||||
20170130_213907|301948|1097|7.142857|0||0||0|0|0|0|||||||||||||
20170130_213907|302077|1098|7.299270|0||0||0|0|0|0|||||||||||||
20170130_213907|302198|1099|8.130081|0||0||0|0|0|0|||||||||||||
20170130_213907|302344|1100|7.142857|0||0||0|0|0|0|||||||||||||
20170130_213907|302474|1101|7.462687|0||0||0|0|0|0|||||||||||||
20170130_213908|302616|1102|7.407407|0||0||0|0|0|0|||||||||||||
20170130_213908|302734|1103|8.000000|0||0||0|0|0|0|||||||||||||
20170130_213908|302897|1104|6.578947|0||0||0|0|0|0|||||||||||||
20170130_213908|302999|1105|8.771930|0||0||0|0|0|0|||||||||||||
20170130_213908|303133|1106|7.352941|0||0||0|0|0|0|||||||||||||
20170130_213908|303277|1107|7.142857|0||0||0|0|0|0|||||||||||||
20170130_213908|303407|1108|7.751938|0||0||0|0|0|0|||||||||||||
20170130_213909|303534|1109|7.812500|0||0||0|0|0|0|||||||||||||
20170130_213909|303695|1110|6.578947|0||0||0|0|0|0|||||||||||||
20170130_213909|303799|1111|8.620690|0||0||0|0|0|0|||||||||||||
20170130_213909|303948|1112|7.194245|0||0||0|0|0|0|||||||||||||
20170130_213909|304079|1113|7.299270|0||0||0|0|0|0|||||||||||||
20170130_213909|304198|1114|8.130081|0||0||0|0|0|0|||||||||||||
20170130_213909|304366|1115|6.369427|0||0||0|0|0|0|||||||||||||
20170130_213909|304470|1116|8.695652|0||0||0|0|0|0|||||||||||||
20170130_213910|304598|1117|7.812500|0||0||0|0|0|0|||||||||||||
20170130_213910|304769|1118|6.250000|0||0||0|0|0|0|||||||||||||
20170130_213910|304871|1119|8.849558|0||0||0|0|0|0|||||||||||||
20170130_213910|304999|1120|7.812500|0||0||0|0|0|0|||||||||||||
20170130_213910|305165|1121|6.451613|0||0||0|0|0|0|||||||||||||
20170130_213910|305271|1122|8.547009|0||0||0|0|0|0|||||||||||||
20170130_213910|305421|1123|7.194245|0||0||0|0|0|0|||||||||||||
20170130_213911|305544|1124|7.462687|0||0||0|0|0|0|||||||||||||
20170130_213911|305689|1125|7.246377|0||0||0|0|0|0|||||||||||||
20170130_213911|305798|1126|8.620690|0||0||0|0|0|0|||||||||||||
20170130_213911|305966|1127|6.410256|0||0||0|0|0|0|||||||||||||
20170130_213911|306071|1128|8.547009|0||0||0|0|0|0|||||||||||||
20170130_213911|306206|1129|7.518797|0||0||0|0|0|0|||||||||||||
20170130_213911|306364|1130|6.666667|0||0||0|0|0|0|||||||||||||
20170130_213911|306470|1131|8.547009|0||0||0|0|0|0|||||||||||||
20170130_213912|306622|1132|7.142857|0||0||0|0|0|0|||||||||||||
20170130_213912|306756|1133|7.194245|0||0||0|0|0|0|||||||||||||
20170130_213912|306870|1134|8.333333|0||0||0|0|0|0|||||||||||||
20170130_213912|307038|1135|6.410256|0||0||0|0|0|0|||||||||||||
20170130_213912|307142|1136|8.620690|0||0||0|0|0|0|||||||||||||
20170130_213912|307294|1137|7.092199|0||0||0|0|0|0|||||||||||||
20170130_213912|307426|1138|7.142857|0||0||0|0|0|0|||||||||||||
20170130_213913|307549|1139|8.130081|0||0||0|0|0|0|||||||||||||
20170130_213913|307685|1140|7.575758|0||0||0|0|0|0|||||||||||||
20170130_213913|307832|1141|6.711409|0||0||0|0|0|0|||||||||||||
