TimeStamp|Ticks|FrameNum|FPS|LogaDados|Robo|achou|trajetoria|Xd|Yd|Xa|Ya|DistMelhorPonto|velAtual|velAtualDerivSuja|velDesejada|erroVel|SaidaControleLinear|angAtual|angDesejado|erroAng|SaidaControleAngular|SinalDeControle1|SinalDeControle2|
20170425_184455|14418|39|22.000000|1|CarroTeste2|1|circulo_r60_xc160_yc120|205|159|211|165|8.485281|0.000000|0.000000|55.000000|55.000000|1882.045664|-1.797595|2.450502|-2.035088|-35.042210|57.215746|130.988821|
20170425_184455|14421|39|22.000000|1|CarroTeste3|1|circulo_r60_xc130_yc120|190|120|64536|165|64346.015735|0.000000|0.000000|55.000000|55.000000|1882.045664|-0.785398|3.054326|-2.443461|-42.073983|49.813879|138.390687|
20170425_184455|14425|39|22.000000|1|CarroTeste|1|circulo_r60_xc160_yc120|220|120|64536|165|64316.015743|0.000000|0.000000|55.000000|55.000000|1882.045664|-0.785398|3.054326|-2.443461|-42.073983|49.813879|138.390687|
20170425_184455|14489|41|12.987013|1|CarroTeste2|1|circulo_r60_xc160_yc120|205|159|211|165|8.485281|0.000000|0.000000|55.000000|55.000000|1877.157736|-1.797595|2.450502|-2.035088|-34.861349|57.161730|130.554044|
20170425_184455|14491|41|12.987013|1|CarroTeste3|1|circulo_r60_xc130_yc120|190|120|64536|165|64346.015735|0.000000|0.000000|55.000000|55.000000|1877.157736|-0.785398|3.054326|-2.443461|-41.856830|49.798066|137.917708|
20170425_184455|14494|41|12.987013|1|CarroTeste|1|circulo_r60_xc160_yc120|220|120|64536|165|64316.015743|0.000000|0.000000|55.000000|55.000000|1877.157736|-0.785398|3.054326|-2.443461|-41.856830|49.798066|137.917708|
20170425_184455|14566|43|12.987013|1|CarroTeste2|1|circulo_r60_xc160_yc120|205|159|211|165|8.485281|0.000000|0.000000|55.000000|55.000000|1877.157912|-1.892547|2.450502|-1.940137|-33.234823|58.873871|128.841920|
20170425_184455|14568|43|12.987013|1|CarroTeste3|1|circulo_r60_xc130_yc120|190|120|64536|165|64346.015735|0.000000|0.000000|55.000000|55.000000|1877.157912|-0.785398|3.054326|-2.443461|-41.856837|49.798066|137.917725|
20170425_184455|14570|43|12.987013|1|CarroTeste|1|circulo_r60_xc160_yc120|220|120|64536|165|64316.015743|0.000000|0.000000|55.000000|55.000000|1877.157912|-0.785398|3.054326|-2.443461|-41.856837|49.798066|137.917725|
20170425_184455|14643|45|12.987013|1|CarroTeste2|1|circulo_r60_xc160_yc120|205|159|211|165|8.485281|0.000000|0.000000|55.000000|55.000000|1877.157914|-1.797595|2.450502|-2.035088|-34.861355|57.161732|130.554059|
20170425_184455|14645|45|12.987013|1|CarroTeste3|1|circulo_r60_xc130_yc120|190|120|64536|165|64346.015735|0.000000|0.000000|55.000000|55.000000|1877.157914|-0.785398|3.054326|-2.443461|-41.856837|49.798066|137.917725|
20170425_184455|14647|45|12.987013|1|CarroTeste|1|circulo_r60_xc160_yc120|220|120|64536|165|64316.015743|0.000000|0.000000|55.000000|55.000000|1877.157914|-0.785398|3.054326|-2.443461|-41.856837|49.798066|137.917725|
20170425_184455|14721|47|12.987013|1|CarroTeste2|1|circulo_r60_xc160_yc120|205|159|211|165|8.485281|0.000000|0.000000|55.000000|55.000000|1877.157914|-1.797595|2.450502|-2.035088|-34.861355|57.161732|130.554060|
20170425_184455|14723|47|12.987013|1|CarroTeste3|1|circulo_r60_xc130_yc120|190|120|64536|165|64346.015735|0.000000|0.000000|55.000000|55.000000|1877.157914|-0.785398|3.054326|-2.443461|-41.856837|49.798066|137.917725|
20170425_184455|14727|47|12.987013|1|CarroTeste|1|circulo_r60_xc160_yc120|220|120|64536|165|64316.015743|0.000000|0.000000|55.000000|55.000000|1877.157914|-0.785398|3.054326|-2.443461|-41.856837|49.798066|137.917725|
20170425_184455|14798|49|12.987013|1|CarroTeste2|1|circulo_r60_xc160_yc120|205|159|211|165|8.485281|0.000000|0.000000|55.000000|55.000000|1877.157914|-1.797595|2.450502|-2.035088|-34.861355|57.161732|130.554060|
20170425_184455|14800|49|12.987013|1|CarroTeste3|1|circulo_r60_xc130_yc120|190|120|64536|165|64346.015735|0.000000|0.000000|55.000000|55.000000|1877.157914|-0.785398|3.054326|-2.443461|-41.856837|49.798066|137.917725|
20170425_184455|14802|49|12.987013|1|CarroTeste|1|circulo_r60_xc160_yc120|220|120|64536|165|64316.015743|0.000000|0.000000|55.000000|55.000000|1877.157914|-0.785398|3.054326|-2.443461|-41.856837|49.798066|137.917725|
20170425_184455|14880|51|12.987013|1|CarroTeste2|1|circulo_r60_xc160_yc120|205|159|211|165|8.485281|0.000000|0.000000|55.000000|55.000000|1877.157914|-1.797595|2.450502|-2.035088|-34.861355|57.161732|130.554060|
20170425_184455|14882|51|12.987013|1|CarroTeste3|1|circulo_r60_xc130_yc120|190|120|64536|165|64346.015735|0.000000|0.000000|55.000000|55.000000|1877.157914|-0.785398|3.054326|-2.443461|-41.856837|49.798066|137.917725|
20170425_184455|14884|51|12.987013|1|CarroTeste|1|circulo_r60_xc160_yc120|220|120|64536|165|64316.015743|0.000000|0.000000|55.000000|55.000000|1877.157914|-0.785398|3.054326|-2.443461|-41.856837|49.798066|137.917725|
20170425_184455|14954|53|12.987013|1|CarroTeste2|1|circulo_r60_xc160_yc120|205|159|211|165|8.485281|0.000000|0.000000|55.000000|55.000000|1877.157914|-1.797595|2.450502|-2.035088|-34.861355|57.161732|130.554060|
20170425_184455|14956|53|12.987013|1|CarroTeste3|1|circulo_r60_xc130_yc120|190|120|64536|165|64346.015735|0.000000|0.000000|55.000000|55.000000|1877.157914|-0.785398|3.054326|-2.443461|-41.856837|49.798066|137.917725|
20170425_184455|14958|53|12.987013|1|CarroTeste|1|circulo_r60_xc160_yc120|220|120|64536|165|64316.015743|0.000000|0.000000|55.000000|55.000000|1877.157914|-0.785398|3.054326|-2.443461|-41.856837|49.798066|137.917725|
20170425_184455|15034|55|12.987013|1|CarroTeste2|1|circulo_r60_xc160_yc120|205|159|211|165|8.485281|0.000000|0.000000|55.000000|55.000000|1877.157914|-1.797595|2.450502|-2.035088|-34.861355|57.161732|130.554060|
20170425_184455|15036|55|12.987013|1|CarroTeste3|1|circulo_r60_xc130_yc120|190|120|64536|165|64346.015735|0.000000|0.000000|55.000000|55.000000|1877.157914|-0.785398|3.054326|-2.443461|-41.856837|49.798066|137.917725|
20170425_184455|15039|55|12.987013|1|CarroTeste|1|circulo_r60_xc160_yc120|220|120|64536|165|64316.015743|0.000000|0.000000|55.000000|55.000000|1877.157914|-0.785398|3.054326|-2.443461|-41.856837|49.798066|137.917725|
20170425_184456|15114|57|12.987013|1|CarroTeste2|1|circulo_r60_xc160_yc120|205|159|211|165|8.485281|0.000000|0.000000|55.000000|55.000000|1877.157914|-1.797595|2.450502|-2.035088|-34.861355|57.161732|130.554060|
20170425_184456|15117|57|12.987013|1|CarroTeste3|1|circulo_r60_xc130_yc120|190|120|64536|165|64346.015735|0.000000|0.000000|55.000000|55.000000|1877.157914|-0.785398|3.054326|-2.443461|-41.856837|49.798066|137.917725|
20170425_184456|15119|57|12.987013|1|CarroTeste|1|circulo_r60_xc160_yc120|220|120|64536|165|64316.015743|0.000000|0.000000|55.000000|55.000000|1877.157914|-0.785398|3.054326|-2.443461|-41.856837|49.798066|137.917725|
20170425_184456|15193|59|12.987013|1|CarroTeste2|1|circulo_r60_xc160_yc120|205|159|211|165|8.485281|0.000000|0.000000|55.000000|55.000000|1877.157914|-1.735945|2.450502|-2.096738|-35.917425|56.050080|131.665712|
20170425_184456|15197|59|12.987013|1|CarroTeste3|1|circulo_r60_xc130_yc120|190|120|64536|165|64346.015735|0.000000|0.000000|55.000000|55.000000|1877.157914|-0.785398|3.054326|-2.443461|-41.856837|49.798066|137.917725|
20170425_184456|15199|59|12.987013|1|CarroTeste|1|circulo_r60_xc160_yc120|220|120|64536|165|64316.015743|0.000000|0.000000|55.000000|55.000000|1877.157914|-0.785398|3.054326|-2.443461|-41.856837|49.798066|137.917725|
20170425_184456|15267|61|12.987013|1|CarroTeste2|1|circulo_r60_xc160_yc120|205|159|211|165|8.485281|0.000000|0.000000|55.000000|55.000000|1877.157914|-1.797595|2.450502|-2.035088|-34.861356|57.161731|130.554060|
20170425_184456|15269|61|12.987013|1|CarroTeste3|1|circulo_r60_xc130_yc120|190|120|64536|165|64346.015735|0.000000|0.000000|55.000000|55.000000|1877.157914|-0.785398|3.054326|-2.443461|-41.856837|49.798066|137.917725|
20170425_184456|15271|61|12.987013|1|CarroTeste|1|circulo_r60_xc160_yc120|220|120|64536|165|64316.015743|0.000000|0.000000|55.000000|55.000000|1877.157914|-0.785398|3.054326|-2.443461|-41.856837|49.798066|137.917725|
20170425_184456|15346|63|12.987013|1|CarroTeste2|1|circulo_r60_xc160_yc120|205|159|211|165|8.485281|0.000000|0.000000|55.000000|55.000000|1877.157914|-1.797595|2.450502|-2.035088|-34.861355|57.161732|130.554060|
20170425_184456|15348|63|12.987013|1|CarroTeste3|1|circulo_r60_xc130_yc120|190|120|64536|165|64346.015735|0.000000|0.000000|55.000000|55.000000|1877.157914|-0.785398|3.054326|-2.443461|-41.856837|49.798066|137.917725|
20170425_184456|15350|63|12.987013|1|CarroTeste|1|circulo_r60_xc160_yc120|220|120|64536|165|64316.015743|0.000000|0.000000|55.000000|55.000000|1877.157914|-0.785398|3.054326|-2.443461|-41.856837|49.798066|137.917725|
20170425_184456|15421|65|12.987013|1|CarroTeste2|1|circulo_r60_xc160_yc120|205|159|211|165|8.485281|0.000000|0.000000|55.000000|55.000000|1877.157914|-1.797595|2.450502|-2.035088|-34.861355|57.161732|130.554060|
20170425_184456|15423|65|12.987013|1|CarroTeste3|1|circulo_r60_xc130_yc120|190|120|64536|165|64346.015735|0.000000|0.000000|55.000000|55.000000|1877.157914|-0.785398|3.054326|-2.443461|-41.856837|49.798066|137.917725|
20170425_184456|15425|65|12.987013|1|CarroTeste|1|circulo_r60_xc160_yc120|220|120|64536|165|64316.015743|0.000000|0.000000|55.000000|55.000000|1877.157914|-0.785398|3.054326|-2.443461|-41.856837|49.798066|137.917725|
20170425_184456|15501|67|12.987013|1|CarroTeste2|1|circulo_r60_xc160_yc120|205|159|211|165|8.485281|0.000000|0.000000|55.000000|55.000000|1877.157914|-1.797595|2.450502|-2.035088|-34.861355|57.161732|130.554060|
20170425_184456|15503|67|12.987013|1|CarroTeste3|1|circulo_r60_xc130_yc120|190|120|64536|165|64346.015735|0.000000|0.000000|55.000000|55.000000|1877.157914|-0.785398|3.054326|-2.443461|-41.856837|49.798066|137.917725|
20170425_184456|15506|67|12.987013|1|CarroTeste|1|circulo_r60_xc160_yc120|220|120|64536|165|64316.015743|0.000000|0.000000|55.000000|55.000000|1877.157914|-0.785398|3.054326|-2.443461|-41.856837|49.798066|137.917725|
20170425_184456|15578|69|12.987013|1|CarroTeste2|1|circulo_r60_xc160_yc120|205|159|211|165|8.485281|0.000000|0.000000|55.000000|55.000000|1877.157914|-1.797595|2.450502|-2.035088|-34.861355|57.161732|130.554060|
20170425_184456|15581|69|12.987013|1|CarroTeste3|1|circulo_r60_xc130_yc120|190|120|64536|165|64346.015735|0.000000|0.000000|55.000000|55.000000|1877.157914|-0.785398|3.054326|-2.443461|-41.856837|49.798066|137.917725|
20170425_184456|15583|69|12.987013|1|CarroTeste|1|circulo_r60_xc160_yc120|220|120|64536|165|64316.015743|0.000000|0.000000|55.000000|55.000000|1877.157914|-0.785398|3.054326|-2.443461|-41.856837|49.798066|137.917725|
20170425_184456|15668|71|12.987013|1|CarroTeste2|1|circulo_r60_xc160_yc120|205|159|211|165|8.485281|0.000000|0.000000|55.000000|55.000000|1877.157914|-1.797595|2.450502|-2.035088|-34.861355|57.161732|130.554060|
20170425_184456|15670|71|12.987013|1|CarroTeste3|1|circulo_r60_xc130_yc120|190|120|64536|165|64346.015735|0.000000|0.000000|55.000000|55.000000|1877.157914|-0.785398|3.054326|-2.443461|-41.856837|49.798066|137.917725|
20170425_184456|15673|71|12.987013|1|CarroTeste|1|circulo_r60_xc160_yc120|220|120|64536|165|64316.015743|0.000000|0.000000|55.000000|55.000000|1877.157914|-0.785398|3.054326|-2.443461|-41.856837|49.798066|137.917725|
20170425_184456|15737|73|12.345679|1|CarroTeste2|1|circulo_r60_xc160_yc120|205|159|211|165|8.485281|0.000000|0.000000|55.000000|55.000000|1876.810045|-1.797595|2.450502|-2.035088|-34.848484|57.157887|130.523117|
20170425_184456|15739|73|12.345679|1|CarroTeste3|1|circulo_r60_xc130_yc120|190|120|64536|165|64346.015735|0.000000|0.000000|55.000000|55.000000|1876.810045|-0.785398|3.054326|-2.443461|-41.841383|49.796941|137.884064|
20170425_184456|15741|73|12.345679|1|CarroTeste|1|circulo_r60_xc160_yc120|220|120|64536|165|64316.015743|0.000000|0.000000|55.000000|55.000000|1876.810045|-0.785398|3.054326|-2.443461|-41.841383|49.796941|137.884064|
20170425_184456|15813|75|12.987013|1|CarroTeste2|1|circulo_r60_xc160_yc120|205|159|211|165|8.485281|0.000000|0.000000|55.000000|55.000000|1877.157936|-1.797595|2.450502|-2.035088|-34.861356|57.161732|130.554062|
20170425_184456|15815|75|12.987013|1|CarroTeste3|1|circulo_r60_xc130_yc120|190|120|64536|165|64346.015735|0.000000|0.000000|55.000000|55.000000|1877.157936|-0.785398|3.054326|-2.443461|-41.856838|49.798066|137.917727|
20170425_184456|15817|75|12.987013|1|CarroTeste|1|circulo_r60_xc160_yc120|220|120|64536|165|64316.015743|0.000000|0.000000|55.000000|55.000000|1877.157936|-0.785398|3.054326|-2.443461|-41.856838|49.798066|137.917727|
20170425_184456|15891|77|12.987013|1|CarroTeste2|1|circulo_r60_xc160_yc120|205|159|211|165|8.485281|0.000000|0.000000|55.000000|55.000000|1877.157914|-1.797595|2.450502|-2.035088|-34.861355|57.161732|130.554060|
20170425_184456|15894|77|12.987013|1|CarroTeste3|1|circulo_r60_xc130_yc120|190|120|64536|165|64346.015735|0.000000|0.000000|55.000000|55.000000|1877.157914|-0.785398|3.054326|-2.443461|-41.856837|49.798066|137.917725|
20170425_184456|15896|77|12.987013|1|CarroTeste|1|circulo_r60_xc160_yc120|220|120|64536|165|64316.015743|0.000000|0.000000|55.000000|55.000000|1877.157914|-0.785398|3.054326|-2.443461|-41.856837|49.798066|137.917725|
20170425_184456|15969|79|12.987013|1|CarroTeste2|1|circulo_r60_xc160_yc120|205|159|211|165|8.485281|0.000000|0.000000|55.000000|55.000000|1877.157914|-1.797595|2.450502|-2.035088|-34.861355|57.161732|130.554060|
20170425_184456|15971|79|12.987013|1|CarroTeste3|1|circulo_r60_xc130_yc120|190|120|64536|165|64346.015735|0.000000|0.000000|55.000000|55.000000|1877.157914|-0.785398|3.054326|-2.443461|-41.856837|49.798066|137.917725|
20170425_184456|15974|79|12.987013|1|CarroTeste|1|circulo_r60_xc160_yc120|220|120|64536|165|64316.015743|0.000000|0.000000|55.000000|55.000000|1877.157914|-0.785398|3.054326|-2.443461|-41.856837|49.798066|137.917725|
20170425_184456|16047|81|12.987013|1|CarroTeste2|1|circulo_r60_xc160_yc120|205|159|211|165|8.485281|0.000000|0.000000|55.000000|55.000000|1877.157914|-1.797595|2.450502|-2.035088|-34.861355|57.161732|130.554060|
20170425_184456|16049|81|12.987013|1|CarroTeste3|1|circulo_r60_xc130_yc120|190|120|64536|165|64346.015735|0.000000|0.000000|55.000000|55.000000|1877.157914|-0.785398|3.054326|-2.443461|-41.856837|49.798066|137.917725|
20170425_184456|16051|81|12.987013|1|CarroTeste|1|circulo_r60_xc160_yc120|220|120|64536|165|64316.015743|0.000000|0.000000|55.000000|55.000000|1877.157914|-0.785398|3.054326|-2.443461|-41.856837|49.798066|137.917725|
20170425_184457|16136|83|12.987013|1|CarroTeste2|1|circulo_r60_xc160_yc120|205|159|211|165|8.485281|0.000000|0.000000|55.000000|55.000000|1877.157914|-1.797595|2.450502|-2.035088|-34.861355|57.161732|130.554060|
20170425_184457|16138|83|12.987013|1|CarroTeste3|1|circulo_r60_xc130_yc120|190|120|64536|165|64346.015735|0.000000|0.000000|55.000000|55.000000|1877.157914|-0.785398|3.054326|-2.443461|-41.856837|49.798066|137.917725|
20170425_184457|16140|83|12.987013|1|CarroTeste|1|circulo_r60_xc160_yc120|220|120|64536|165|64316.015743|0.000000|0.000000|55.000000|55.000000|1877.157914|-0.785398|3.054326|-2.443461|-41.856837|49.798066|137.917725|
20170425_184457|16202|85|12.820513|1|CarroTeste2|1|circulo_r60_xc160_yc120|205|159|211|165|8.485281|0.000000|0.000000|55.000000|55.000000|1877.067594|-1.797595|2.450502|-2.035088|-34.858013|57.160733|130.546026|
20170425_184457|16205|85|12.820513|1|CarroTeste3|1|circulo_r60_xc130_yc120|190|120|64536|165|64346.015735|0.000000|0.000000|55.000000|55.000000|1877.067594|-0.785398|3.054326|-2.443461|-41.852825|49.797774|137.908985|
20170425_184457|16207|85|12.820513|1|CarroTeste|1|circulo_r60_xc160_yc120|220|120|64536|165|64316.015743|0.000000|0.000000|55.000000|55.000000|1877.067594|-0.785398|3.054326|-2.443461|-41.852825|49.797774|137.908985|
20170425_184457|16281|87|12.987013|1|CarroTeste2|1|circulo_r60_xc160_yc120|205|159|211|165|8.485281|0.000000|0.000000|55.000000|55.000000|1877.157919|-1.797595|2.450502|-2.035088|-34.861356|57.161732|130.554060|
20170425_184457|16283|87|12.987013|1|CarroTeste3|1|circulo_r60_xc130_yc120|190|120|64536|165|64346.015735|0.000000|0.000000|55.000000|55.000000|1877.157919|-0.785398|3.054326|-2.443461|-41.856838|49.798066|137.917726|
20170425_184457|16286|87|12.987013|1|CarroTeste|1|circulo_r60_xc160_yc120|220|120|64536|165|64316.015743|0.000000|0.000000|55.000000|55.000000|1877.157919|-0.785398|3.054326|-2.443461|-41.856838|49.798066|137.917726|
20170425_184457|16369|89|12.987013|1|CarroTeste2|1|circulo_r60_xc160_yc120|205|159|211|165|8.485281|0.000000|0.000000|55.000000|55.000000|1877.157914|-1.797595|2.450502|-2.035088|-34.861355|57.161732|130.554060|
20170425_184457|16371|89|12.987013|1|CarroTeste3|1|circulo_r60_xc130_yc120|190|120|64536|165|64346.015735|0.000000|0.000000|55.000000|55.000000|1877.157914|-0.785398|3.054326|-2.443461|-41.856837|49.798066|137.917725|
20170425_184457|16373|89|12.987013|1|CarroTeste|1|circulo_r60_xc160_yc120|220|120|64536|165|64316.015743|0.000000|0.000000|55.000000|55.000000|1877.157914|-0.785398|3.054326|-2.443461|-41.856837|49.798066|137.917725|
20170425_184457|16435|91|12.987013|1|CarroTeste2|1|circulo_r60_xc160_yc120|205|159|211|165|8.485281|0.000000|0.000000|55.000000|55.000000|1877.157914|-1.797595|2.450502|-2.035088|-34.861355|57.161732|130.554060|
20170425_184457|16438|91|12.987013|1|CarroTeste3|1|circulo_r60_xc130_yc120|190|120|64536|165|64346.015735|0.000000|0.000000|55.000000|55.000000|1877.157914|-0.785398|3.054326|-2.443461|-41.856837|49.798066|137.917725|
20170425_184457|16441|91|12.987013|1|CarroTeste|1|circulo_r60_xc160_yc120|220|120|64536|165|64316.015743|0.000000|0.000000|55.000000|55.000000|1877.157914|-0.785398|3.054326|-2.443461|-41.856837|49.798066|137.917725|
20170425_184457|16513|93|12.987013|1|CarroTeste2|1|circulo_r60_xc160_yc120|205|159|211|165|8.485281|0.000000|0.000000|55.000000|55.000000|1877.157914|-1.797595|2.450502|-2.035088|-34.861355|57.161732|130.554060|
20170425_184457|16515|93|12.987013|1|CarroTeste3|1|circulo_r60_xc130_yc120|190|120|64536|165|64346.015735|0.000000|0.000000|55.000000|55.000000|1877.157914|-0.785398|3.054326|-2.443461|-41.856837|49.798066|137.917725|
20170425_184457|16517|93|12.987013|1|CarroTeste|1|circulo_r60_xc160_yc120|220|120|64536|165|64316.015743|0.000000|0.000000|55.000000|55.000000|1877.157914|-0.785398|3.054326|-2.443461|-41.856837|49.798066|137.917725|
20170425_184457|16591|95|12.987013|1|CarroTeste2|1|circulo_r60_xc160_yc120|205|159|211|165|8.485281|0.000000|0.000000|55.000000|55.000000|1877.157914|-1.797595|2.450502|-2.035088|-34.861355|57.161732|130.554060|
20170425_184457|16594|95|12.987013|1|CarroTeste3|1|circulo_r60_xc130_yc120|190|120|64536|165|64346.015735|0.000000|0.000000|55.000000|55.000000|1877.157914|-0.785398|3.054326|-2.443461|-41.856837|49.798066|137.917725|
20170425_184457|16596|95|12.987013|1|CarroTeste|1|circulo_r60_xc160_yc120|220|120|64536|165|64316.015743|0.000000|0.000000|55.000000|55.000000|1877.157914|-0.785398|3.054326|-2.443461|-41.856837|49.798066|137.917725|
20170425_184457|16670|97|12.987013|1|CarroTeste2|1|circulo_r60_xc160_yc120|205|159|211|165|8.485281|0.000000|0.000000|55.000000|55.000000|1877.157914|-1.797595|2.450502|-2.035088|-34.861355|57.161732|130.554060|
20170425_184457|16672|97|12.987013|1|CarroTeste3|1|circulo_r60_xc130_yc120|190|120|64536|165|64346.015735|0.000000|0.000000|55.000000|55.000000|1877.157914|-0.785398|3.054326|-2.443461|-41.856837|49.798066|137.917725|
20170425_184457|16674|97|12.987013|1|CarroTeste|1|circulo_r60_xc160_yc120|220|120|64536|165|64316.015743|0.000000|0.000000|55.000000|55.000000|1877.157914|-0.785398|3.054326|-2.443461|-41.856837|49.798066|137.917725|
20170425_184457|16748|99|12.987013|1|CarroTeste2|1|circulo_r60_xc160_yc120|205|159|211|165|8.485281|0.000000|0.000000|55.000000|55.000000|1877.157914|-1.797595|2.450502|-2.035088|-34.861355|57.161732|130.554060|
20170425_184457|16750|99|12.987013|1|CarroTeste3|1|circulo_r60_xc130_yc120|190|120|64536|165|64346.015735|0.000000|0.000000|55.000000|55.000000|1877.157914|-0.785398|3.054326|-2.443461|-41.856837|49.798066|137.917725|
20170425_184457|16752|99|12.987013|1|CarroTeste|1|circulo_r60_xc160_yc120|220|120|64536|165|64316.015743|0.000000|0.000000|55.000000|55.000000|1877.157914|-0.785398|3.054326|-2.443461|-41.856837|49.798066|137.917725|
20170425_184515|34905|413|22.000000|1|CarroTeste2|1|circulo_r60_xc160_yc120|205|159|211|165|8.485281|0.000000|0.000000|55.000000|55.000000|1882.045664|-1.797595|2.450502|-2.035088|-35.042210|57.215746|130.988821|
20170425_184515|34908|413|22.000000|1|CarroTeste3|1|circulo_r60_xc130_yc120|190|120|64536|165|64346.015735|0.000000|0.000000|55.000000|55.000000|1882.045664|-0.785398|3.054326|-2.443461|-42.073983|49.813879|138.390687|
20170425_184515|34911|413|22.000000|1|CarroTeste|1|circulo_r60_xc160_yc120|220|120|64536|165|64316.015743|0.000000|0.000000|55.000000|55.000000|1882.045664|-0.785398|3.054326|-2.443461|-42.073983|49.813879|138.390687|
20170425_184515|34982|415|12.987013|1|CarroTeste2|1|circulo_r60_xc160_yc120|205|159|211|165|8.485281|0.000000|0.000000|55.000000|55.000000|1877.157736|-1.797595|2.450502|-2.035088|-34.861349|57.161730|130.554044|
20170425_184515|34984|415|12.987013|1|CarroTeste3|1|circulo_r60_xc130_yc120|190|120|64536|165|64346.015735|0.000000|0.000000|55.000000|55.000000|1877.157736|-0.785398|3.054326|-2.443461|-41.856830|49.798066|137.917708|
20170425_184515|34987|415|12.987013|1|CarroTeste|1|circulo_r60_xc160_yc120|220|120|64536|165|64316.015743|0.000000|0.000000|55.000000|55.000000|1877.157736|-0.785398|3.054326|-2.443461|-41.856830|49.798066|137.917708|
20170425_184515|35061|417|12.987013|1|CarroTeste2|1|circulo_r60_xc160_yc120|205|159|211|165|8.485281|0.000000|0.000000|55.000000|55.000000|1877.157912|-1.797595|2.450502|-2.035088|-34.861355|57.161732|130.554060|
20170425_184515|35063|417|12.987013|1|CarroTeste3|1|circulo_r60_xc130_yc120|190|120|64536|165|64346.015735|0.000000|0.000000|55.000000|55.000000|1877.157912|-0.785398|3.054326|-2.443461|-41.856837|49.798066|137.917725|
20170425_184515|35065|417|12.987013|1|CarroTeste|1|circulo_r60_xc160_yc120|220|120|64536|165|64316.015743|0.000000|0.000000|55.000000|55.000000|1877.157912|-0.785398|3.054326|-2.443461|-41.856837|49.798066|137.917725|
20170425_184516|35140|419|12.820513|1|CarroTeste2|1|circulo_r60_xc160_yc120|205|159|211|165|8.485281|0.000000|0.000000|55.000000|55.000000|1877.067594|-1.797595|2.450502|-2.035088|-34.858013|57.160733|130.546026|
20170425_184516|35142|419|12.820513|1|CarroTeste3|1|circulo_r60_xc130_yc120|190|120|64536|165|64346.015735|0.000000|0.000000|55.000000|55.000000|1877.067594|-0.785398|3.054326|-2.443461|-41.852825|49.797774|137.908985|
20170425_184516|35144|419|12.820513|1|CarroTeste|1|circulo_r60_xc160_yc120|220|120|64536|165|64316.015743|0.000000|0.000000|55.000000|55.000000|1877.067594|-0.785398|3.054326|-2.443461|-41.852825|49.797774|137.908985|
20170425_184516|35218|421|12.987013|1|CarroTeste2|1|circulo_r60_xc160_yc120|205|159|211|165|8.485281|0.000000|0.000000|55.000000|55.000000|1877.157919|-1.797595|2.450502|-2.035088|-34.861356|57.161732|130.554060|
20170425_184516|35221|421|12.987013|1|CarroTeste3|1|circulo_r60_xc130_yc120|190|120|64536|165|64346.015735|0.000000|0.000000|55.000000|55.000000|1877.157919|-0.785398|3.054326|-2.443461|-41.856838|49.798066|137.917726|
20170425_184516|35223|421|12.987013|1|CarroTeste|1|circulo_r60_xc160_yc120|220|120|64536|165|64316.015743|0.000000|0.000000|55.000000|55.000000|1877.157919|-0.785398|3.054326|-2.443461|-41.856838|49.798066|137.917726|
20170425_184516|35298|423|12.987013|1|CarroTeste2|1|circulo_r60_xc160_yc120|205|159|211|165|8.485281|0.000000|0.000000|55.000000|55.000000|1877.157914|-1.797595|2.450502|-2.035088|-34.861355|57.161732|130.554060|
20170425_184516|35302|423|12.987013|1|CarroTeste3|1|circulo_r60_xc130_yc120|190|120|64536|165|64346.015735|0.000000|0.000000|55.000000|55.000000|1877.157914|-0.785398|3.054326|-2.443461|-41.856837|49.798066|137.917725|
20170425_184516|35304|423|12.987013|1|CarroTeste|1|circulo_r60_xc160_yc120|220|120|64536|165|64316.015743|0.000000|0.000000|55.000000|55.000000|1877.157914|-0.785398|3.054326|-2.443461|-41.856837|49.798066|137.917725|
20170425_184516|35377|425|12.820513|1|CarroTeste2|1|circulo_r60_xc160_yc120|205|159|211|165|8.485281|0.000000|0.000000|55.000000|55.000000|1877.067594|-1.797595|2.450502|-2.035088|-34.858013|57.160733|130.546026|
20170425_184516|35379|425|12.820513|1|CarroTeste3|1|circulo_r60_xc130_yc120|190|120|64536|165|64346.015735|0.000000|0.000000|55.000000|55.000000|1877.067594|-0.785398|3.054326|-2.443461|-41.852825|49.797774|137.908985|
20170425_184516|35382|425|12.820513|1|CarroTeste|1|circulo_r60_xc160_yc120|220|120|64536|165|64316.015743|0.000000|0.000000|55.000000|55.000000|1877.067594|-0.785398|3.054326|-2.443461|-41.852825|49.797774|137.908985|
20170425_184516|35455|427|12.987013|1|CarroTeste2|1|circulo_r60_xc160_yc120|205|159|211|165|8.485281|0.000000|0.000000|55.000000|55.000000|1877.157919|-1.797595|2.450502|-2.035088|-34.861356|57.161732|130.554060|
20170425_184516|35457|427|12.987013|1|CarroTeste3|1|circulo_r60_xc130_yc120|190|120|64536|165|64346.015735|0.000000|0.000000|55.000000|55.000000|1877.157919|-0.785398|3.054326|-2.443461|-41.856838|49.798066|137.917726|
20170425_184516|35459|427|12.987013|1|CarroTeste|1|circulo_r60_xc160_yc120|220|120|64536|165|64316.015743|0.000000|0.000000|55.000000|55.000000|1877.157919|-0.785398|3.054326|-2.443461|-41.856838|49.798066|137.917726|
20170425_184516|35532|429|12.987013|1|CarroTeste2|1|circulo_r60_xc160_yc120|205|159|211|165|8.485281|0.000000|0.000000|55.000000|55.000000|1877.157914|-1.797595|2.450502|-2.035088|-34.861355|57.161732|130.554060|
20170425_184516|35535|429|12.987013|1|CarroTeste3|1|circulo_r60_xc130_yc120|190|120|64536|165|64346.015735|0.000000|0.000000|55.000000|55.000000|1877.157914|-0.785398|3.054326|-2.443461|-41.856837|49.798066|137.917725|
20170425_184516|35537|429|12.987013|1|CarroTeste|1|circulo_r60_xc160_yc120|220|120|64536|165|64316.015743|0.000000|0.000000|55.000000|55.000000|1877.157914|-0.785398|3.054326|-2.443461|-41.856837|49.798066|137.917725|
20170425_184516|35609|431|12.987013|1|CarroTeste2|1|circulo_r60_xc160_yc120|205|159|211|165|8.485281|0.000000|0.000000|55.000000|55.000000|1877.157914|-1.735945|2.450502|-2.096738|-35.917425|56.050080|131.665712|
20170425_184516|35612|431|12.987013|1|CarroTeste3|1|circulo_r60_xc130_yc120|190|120|64536|165|64346.015735|0.000000|0.000000|55.000000|55.000000|1877.157914|-0.785398|3.054326|-2.443461|-41.856837|49.798066|137.917725|
20170425_184516|35615|431|12.987013|1|CarroTeste|1|circulo_r60_xc160_yc120|220|120|64536|165|64316.015743|0.000000|0.000000|55.000000|55.000000|1877.157914|-0.785398|3.054326|-2.443461|-41.856837|49.798066|137.917725|
20170425_184516|35687|433|12.987013|1|CarroTeste2|1|circulo_r60_xc160_yc120|205|159|211|165|8.485281|0.000000|0.000000|55.000000|55.000000|1877.157914|-1.797595|2.450502|-2.035088|-34.861356|57.161731|130.554060|
20170425_184516|35689|433|12.987013|1|CarroTeste3|1|circulo_r60_xc130_yc120|190|120|64536|165|64346.015735|0.000000|0.000000|55.000000|55.000000|1877.157914|-0.785398|3.054326|-2.443461|-41.856837|49.798066|137.917725|
20170425_184516|35691|433|12.987013|1|CarroTeste|1|circulo_r60_xc160_yc120|220|120|64536|165|64316.015743|0.000000|0.000000|55.000000|55.000000|1877.157914|-0.785398|3.054326|-2.443461|-41.856837|49.798066|137.917725|
20170425_184516|35764|435|12.987013|1|CarroTeste2|1|circulo_r60_xc160_yc120|205|159|211|165|8.485281|0.000000|0.000000|55.000000|55.000000|1877.157914|-1.797595|2.450502|-2.035088|-34.861355|57.161732|130.554060|
20170425_184516|35767|435|12.987013|1|CarroTeste3|1|circulo_r60_xc130_yc120|190|120|64536|165|64346.015735|0.000000|0.000000|55.000000|55.000000|1877.157914|-0.785398|3.054326|-2.443461|-41.856837|49.798066|137.917725|
20170425_184516|35769|435|12.987013|1|CarroTeste|1|circulo_r60_xc160_yc120|220|120|64536|165|64316.015743|0.000000|0.000000|55.000000|55.000000|1877.157914|-0.785398|3.054326|-2.443461|-41.856837|49.798066|137.917725|
20170425_184516|35842|437|12.987013|1|CarroTeste2|1|circulo_r60_xc160_yc120|205|159|211|165|8.485281|0.000000|0.000000|55.000000|55.000000|1877.157914|-1.797595|2.450502|-2.035088|-34.861355|57.161732|130.554060|
20170425_184516|35845|437|12.987013|1|CarroTeste3|1|circulo_r60_xc130_yc120|190|120|64536|165|64346.015735|0.000000|0.000000|55.000000|55.000000|1877.157914|-0.785398|3.054326|-2.443461|-41.856837|49.798066|137.917725|
20170425_184516|35848|437|12.987013|1|CarroTeste|1|circulo_r60_xc160_yc120|220|120|64536|165|64316.015743|0.000000|0.000000|55.000000|55.000000|1877.157914|-0.785398|3.054326|-2.443461|-41.856837|49.798066|137.917725|
20170425_184516|35920|439|12.987013|1|CarroTeste2|1|circulo_r60_xc160_yc120|205|159|211|165|8.485281|0.000000|0.000000|55.000000|55.000000|1877.157914|-1.797595|2.450502|-2.035088|-34.861355|57.161732|130.554060|
20170425_184516|35923|439|12.987013|1|CarroTeste3|1|circulo_r60_xc130_yc120|190|120|64536|165|64346.015735|0.000000|0.000000|55.000000|55.000000|1877.157914|-0.785398|3.054326|-2.443461|-41.856837|49.798066|137.917725|
20170425_184516|35925|439|12.987013|1|CarroTeste|1|circulo_r60_xc160_yc120|220|120|64536|165|64316.015743|0.000000|0.000000|55.000000|55.000000|1877.157914|-0.785398|3.054326|-2.443461|-41.856837|49.798066|137.917725|
20170425_184516|36001|441|12.658228|1|CarroTeste2|1|circulo_r60_xc160_yc120|205|159|211|165|8.485281|0.000000|0.000000|55.000000|55.000000|1876.979565|-1.797595|2.450502|-2.035088|-34.854756|57.159761|130.538196|
20170425_184516|36003|441|12.658228|1|CarroTeste3|1|circulo_r60_xc130_yc120|190|120|64536|165|64346.015735|0.000000|0.000000|55.000000|55.000000|1876.979565|-0.785398|3.054326|-2.443461|-41.848914|49.797489|137.900467|
20170425_184516|36006|441|12.658228|1|CarroTeste|1|circulo_r60_xc160_yc120|220|120|64536|165|64316.015743|0.000000|0.000000|55.000000|55.000000|1876.979565|-0.785398|3.054326|-2.443461|-41.848914|49.797489|137.900467|
20170425_184516|36079|443|12.987013|1|CarroTeste2|1|circulo_r60_xc160_yc120|205|159|211|165|8.485281|0.000000|0.000000|55.000000|55.000000|1877.157925|-1.797595|2.450502|-2.035088|-34.861356|57.161732|130.554061|
20170425_184516|36082|443|12.987013|1|CarroTeste3|1|circulo_r60_xc130_yc120|190|120|64536|165|64346.015735|0.000000|0.000000|55.000000|55.000000|1877.157925|-0.785398|3.054326|-2.443461|-41.856838|49.798066|137.917726|
20170425_184516|36085|443|12.987013|1|CarroTeste|1|circulo_r60_xc160_yc120|220|120|64536|165|64316.015743|0.000000|0.000000|55.000000|55.000000|1877.157925|-0.785398|3.054326|-2.443461|-41.856838|49.798066|137.917726|
20170425_184517|36157|445|12.987013|1|CarroTeste2|1|circulo_r60_xc160_yc120|205|159|211|165|8.485281|0.000000|0.000000|55.000000|55.000000|1877.157914|-1.797595|2.450502|-2.035088|-34.861355|57.161732|130.554060|
20170425_184517|36160|445|12.987013|1|CarroTeste3|1|circulo_r60_xc130_yc120|190|120|64536|165|64346.015735|0.000000|0.000000|55.000000|55.000000|1877.157914|-0.785398|3.054326|-2.443461|-41.856837|49.798066|137.917725|
20170425_184517|36163|445|12.987013|1|CarroTeste|1|circulo_r60_xc160_yc120|220|120|64536|165|64316.015743|0.000000|0.000000|55.000000|55.000000|1877.157914|-0.785398|3.054326|-2.443461|-41.856837|49.798066|137.917725|
20170425_184517|36234|447|12.987013|1|CarroTeste2|1|circulo_r60_xc160_yc120|205|159|211|165|8.485281|0.000000|0.000000|55.000000|55.000000|1877.157914|-1.797595|2.450502|-2.035088|-34.861355|57.161732|130.554060|
20170425_184517|36236|447|12.987013|1|CarroTeste3|1|circulo_r60_xc130_yc120|190|120|64536|165|64346.015735|0.000000|0.000000|55.000000|55.000000|1877.157914|-0.785398|3.054326|-2.443461|-41.856837|49.798066|137.917725|
20170425_184517|36238|447|12.987013|1|CarroTeste|1|circulo_r60_xc160_yc120|220|120|64536|165|64316.015743|0.000000|0.000000|55.000000|55.000000|1877.157914|-0.785398|3.054326|-2.443461|-41.856837|49.798066|137.917725|
20170425_184517|36311|449|12.987013|1|CarroTeste2|1|circulo_r60_xc160_yc120|205|159|211|165|8.485281|0.000000|0.000000|55.000000|55.000000|1877.157914|-1.797595|2.450502|-2.035088|-34.861355|57.161732|130.554060|
20170425_184517|36314|449|12.987013|1|CarroTeste3|1|circulo_r60_xc130_yc120|190|120|64536|165|64346.015735|0.000000|0.000000|55.000000|55.000000|1877.157914|-0.785398|3.054326|-2.443461|-41.856837|49.798066|137.917725|
20170425_184517|36316|449|12.987013|1|CarroTeste|1|circulo_r60_xc160_yc120|220|120|64536|165|64316.015743|0.000000|0.000000|55.000000|55.000000|1877.157914|-0.785398|3.054326|-2.443461|-41.856837|49.798066|137.917725|
20170425_184517|36390|451|12.987013|1|CarroTeste2|1|circulo_r60_xc160_yc120|205|159|211|165|8.485281|0.000000|0.000000|55.000000|55.000000|1877.157914|-1.797595|2.450502|-2.035088|-34.861355|57.161732|130.554060|
20170425_184517|36392|451|12.987013|1|CarroTeste3|1|circulo_r60_xc130_yc120|190|120|64536|165|64346.015735|0.000000|0.000000|55.000000|55.000000|1877.157914|-0.785398|3.054326|-2.443461|-41.856837|49.798066|137.917725|
20170425_184517|36395|451|12.987013|1|CarroTeste|1|circulo_r60_xc160_yc120|220|120|64536|165|64316.015743|0.000000|0.000000|55.000000|55.000000|1877.157914|-0.785398|3.054326|-2.443461|-41.856837|49.798066|137.917725|
20170425_184517|36468|453|12.987013|1|CarroTeste2|1|circulo_r60_xc160_yc120|205|159|211|165|8.485281|0.000000|0.000000|55.000000|55.000000|1877.157914|-1.797595|2.450502|-2.035088|-34.861355|57.161732|130.554060|
20170425_184517|36471|453|12.987013|1|CarroTeste3|1|circulo_r60_xc130_yc120|190|120|64536|165|64346.015735|0.000000|0.000000|55.000000|55.000000|1877.157914|-0.785398|3.054326|-2.443461|-41.856837|49.798066|137.917725|
20170425_184517|36473|453|12.987013|1|CarroTeste|1|circulo_r60_xc160_yc120|220|120|64536|165|64316.015743|0.000000|0.000000|55.000000|55.000000|1877.157914|-0.785398|3.054326|-2.443461|-41.856837|49.798066|137.917725|
20170425_184517|36546|455|12.987013|1|CarroTeste2|1|circulo_r60_xc160_yc120|205|159|211|165|8.485281|0.000000|0.000000|55.000000|55.000000|1877.157914|-1.797595|2.450502|-2.035088|-34.861355|57.161732|130.554060|
20170425_184517|36549|455|12.987013|1|CarroTeste3|1|circulo_r60_xc130_yc120|190|120|64536|165|64346.015735|0.000000|0.000000|55.000000|55.000000|1877.157914|-0.785398|3.054326|-2.443461|-41.856837|49.798066|137.917725|
20170425_184517|36552|455|12.987013|1|CarroTeste|1|circulo_r60_xc160_yc120|220|120|64536|165|64316.015743|0.000000|0.000000|55.000000|55.000000|1877.157914|-0.785398|3.054326|-2.443461|-41.856837|49.798066|137.917725|
20170425_184517|36622|457|12.987013|1|CarroTeste2|1|circulo_r60_xc160_yc120|205|159|211|165|8.485281|0.000000|0.000000|55.000000|55.000000|1877.157914|-1.797595|2.450502|-2.035088|-34.861355|57.161732|130.554060|
20170425_184517|36624|457|12.987013|1|CarroTeste3|1|circulo_r60_xc130_yc120|190|120|64536|165|64346.015735|0.000000|0.000000|55.000000|55.000000|1877.157914|-0.785398|3.054326|-2.443461|-41.856837|49.798066|137.917725|
20170425_184517|36627|457|12.987013|1|CarroTeste|1|circulo_r60_xc160_yc120|220|120|64536|165|64316.015743|0.000000|0.000000|55.000000|55.000000|1877.157914|-0.785398|3.054326|-2.443461|-41.856837|49.798066|137.917725|
20170425_184517|36701|459|12.987013|1|CarroTeste2|1|circulo_r60_xc160_yc120|205|159|211|165|8.485281|0.000000|0.000000|55.000000|55.000000|1877.157914|-1.797595|2.450502|-2.035088|-34.861355|57.161732|130.554060|
20170425_184517|36703|459|12.987013|1|CarroTeste3|1|circulo_r60_xc130_yc120|190|120|64536|165|64346.015735|0.000000|0.000000|55.000000|55.000000|1877.157914|-0.785398|3.054326|-2.443461|-41.856837|49.798066|137.917725|
20170425_184517|36706|459|12.987013|1|CarroTeste|1|circulo_r60_xc160_yc120|220|120|64536|165|64316.015743|0.000000|0.000000|55.000000|55.000000|1877.157914|-0.785398|3.054326|-2.443461|-41.856837|49.798066|137.917725|
20170425_184517|36781|461|12.987013|1|CarroTeste2|1|circulo_r60_xc160_yc120|205|159|211|165|8.485281|0.000000|0.000000|55.000000|55.000000|1877.157914|-1.797595|2.450502|-2.035088|-34.861355|57.161732|130.554060|
20170425_184517|36783|461|12.987013|1|CarroTeste3|1|circulo_r60_xc130_yc120|190|120|64536|165|64346.015735|0.000000|0.000000|55.000000|55.000000|1877.157914|-0.785398|3.054326|-2.443461|-41.856837|49.798066|137.917725|
20170425_184517|36786|461|12.987013|1|CarroTeste|1|circulo_r60_xc160_yc120|220|120|64536|165|64316.015743|0.000000|0.000000|55.000000|55.000000|1877.157914|-0.785398|3.054326|-2.443461|-41.856837|49.798066|137.917725|
20170425_184517|36857|463|12.987013|1|CarroTeste2|1|circulo_r60_xc160_yc120|205|159|211|165|8.485281|0.000000|0.000000|55.000000|55.000000|1877.157914|-1.797595|2.450502|-2.035088|-34.861355|57.161732|130.554060|
20170425_184517|36859|463|12.987013|1|CarroTeste3|1|circulo_r60_xc130_yc120|190|120|64536|165|64346.015735|0.000000|0.000000|55.000000|55.000000|1877.157914|-0.785398|3.054326|-2.443461|-41.856837|49.798066|137.917725|
20170425_184517|36862|463|12.987013|1|CarroTeste|1|circulo_r60_xc160_yc120|220|120|64536|165|64316.015743|0.000000|0.000000|55.000000|55.000000|1877.157914|-0.785398|3.054326|-2.443461|-41.856837|49.798066|137.917725|
20170425_184517|36934|465|12.987013|1|CarroTeste2|1|circulo_r60_xc160_yc120|205|159|211|165|8.485281|0.000000|0.000000|55.000000|55.000000|1877.157914|-1.797595|2.450502|-2.035088|-34.861355|57.161732|130.554060|
20170425_184517|36937|465|12.987013|1|CarroTeste3|1|circulo_r60_xc130_yc120|190|120|64536|165|64346.015735|0.000000|0.000000|55.000000|55.000000|1877.157914|-0.785398|3.054326|-2.443461|-41.856837|49.798066|137.917725|
20170425_184517|36939|465|12.987013|1|CarroTeste|1|circulo_r60_xc160_yc120|220|120|64536|165|64316.015743|0.000000|0.000000|55.000000|55.000000|1877.157914|-0.785398|3.054326|-2.443461|-41.856837|49.798066|137.917725|
20170425_184517|37011|467|12.987013|1|CarroTeste2|1|circulo_r60_xc160_yc120|205|159|211|165|8.485281|0.000000|0.000000|55.000000|55.000000|1877.157914|-1.797595|2.450502|-2.035088|-34.861355|57.161732|130.554060|
20170425_184517|37014|467|12.987013|1|CarroTeste3|1|circulo_r60_xc130_yc120|190|120|64536|165|64346.015735|0.000000|0.000000|55.000000|55.000000|1877.157914|-0.785398|3.054326|-2.443461|-41.856837|49.798066|137.917725|
20170425_184517|37016|467|12.987013|1|CarroTeste|1|circulo_r60_xc160_yc120|220|120|64536|165|64316.015743|0.000000|0.000000|55.000000|55.000000|1877.157914|-0.785398|3.054326|-2.443461|-41.856837|49.798066|137.917725|
20170425_184518|37090|469|12.987013|1|CarroTeste2|1|circulo_r60_xc160_yc120|205|159|211|165|8.485281|0.000000|0.000000|55.000000|55.000000|1877.157914|-1.735945|2.450502|-2.096738|-35.917425|56.050080|131.665712|
20170425_184518|37092|469|12.987013|1|CarroTeste3|1|circulo_r60_xc130_yc120|190|120|64536|165|64346.015735|0.000000|0.000000|55.000000|55.000000|1877.157914|-0.785398|3.054326|-2.443461|-41.856837|49.798066|137.917725|
20170425_184518|37094|469|12.987013|1|CarroTeste|1|circulo_r60_xc160_yc120|220|120|64536|165|64316.015743|0.000000|0.000000|55.000000|55.000000|1877.157914|-0.785398|3.054326|-2.443461|-41.856837|49.798066|137.917725|
20170425_184518|37168|471|12.987013|1|CarroTeste2|1|circulo_r60_xc160_yc120|205|159|211|165|8.485281|0.000000|0.000000|55.000000|55.000000|1877.157914|-1.797595|2.450502|-2.035088|-34.861356|57.161731|130.554060|
20170425_184518|37171|471|12.987013|1|CarroTeste3|1|circulo_r60_xc130_yc120|190|120|64536|165|64346.015735|0.000000|0.000000|55.000000|55.000000|1877.157914|-0.785398|3.054326|-2.443461|-41.856837|49.798066|137.917725|
20170425_184518|37173|471|12.987013|1|CarroTeste|1|circulo_r60_xc160_yc120|220|120|64536|165|64316.015743|0.000000|0.000000|55.000000|55.000000|1877.157914|-0.785398|3.054326|-2.443461|-41.856837|49.798066|137.917725|
20170425_184518|37244|473|12.987013|1|CarroTeste2|1|circulo_r60_xc160_yc120|205|159|211|165|8.485281|0.000000|0.000000|55.000000|55.000000|1877.157914|-1.797595|2.450502|-2.035088|-34.861355|57.161732|130.554060|
20170425_184518|37246|473|12.987013|1|CarroTeste3|1|circulo_r60_xc130_yc120|190|120|64536|165|64346.015735|0.000000|0.000000|55.000000|55.000000|1877.157914|-0.785398|3.054326|-2.443461|-41.856837|49.798066|137.917725|
20170425_184518|37248|473|12.987013|1|CarroTeste|1|circulo_r60_xc160_yc120|220|120|64536|165|64316.015743|0.000000|0.000000|55.000000|55.000000|1877.157914|-0.785398|3.054326|-2.443461|-41.856837|49.798066|137.917725|
20170425_184518|37320|475|12.987013|1|CarroTeste2|1|circulo_r60_xc160_yc120|205|159|211|165|8.485281|0.000000|0.000000|55.000000|55.000000|1877.157914|-1.797595|2.450502|-2.035088|-34.861355|57.161732|130.554060|
20170425_184518|37322|475|12.987013|1|CarroTeste3|1|circulo_r60_xc130_yc120|190|120|64536|165|64346.015735|0.000000|0.000000|55.000000|55.000000|1877.157914|-0.785398|3.054326|-2.443461|-41.856837|49.798066|137.917725|
20170425_184518|37324|475|12.987013|1|CarroTeste|1|circulo_r60_xc160_yc120|220|120|64536|165|64316.015743|0.000000|0.000000|55.000000|55.000000|1877.157914|-0.785398|3.054326|-2.443461|-41.856837|49.798066|137.917725|
20170425_184518|37398|477|12.987013|1|CarroTeste2|1|circulo_r60_xc160_yc120|205|159|211|165|8.485281|0.000000|0.000000|55.000000|55.000000|1877.157914|-1.797595|2.450502|-2.035088|-34.861355|57.161732|130.554060|
20170425_184518|37400|477|12.987013|1|CarroTeste3|1|circulo_r60_xc130_yc120|190|120|64536|165|64346.015735|0.000000|0.000000|55.000000|55.000000|1877.157914|-0.785398|3.054326|-2.443461|-41.856837|49.798066|137.917725|
20170425_184518|37402|477|12.987013|1|CarroTeste|1|circulo_r60_xc160_yc120|220|120|64536|165|64316.015743|0.000000|0.000000|55.000000|55.000000|1877.157914|-0.785398|3.054326|-2.443461|-41.856837|49.798066|137.917725|
20170425_184518|37475|479|12.987013|1|CarroTeste2|1|circulo_r60_xc160_yc120|205|159|211|165|8.485281|0.000000|0.000000|55.000000|55.000000|1877.157914|-1.797595|2.450502|-2.035088|-34.861355|57.161732|130.554060|
20170425_184518|37478|479|12.987013|1|CarroTeste3|1|circulo_r60_xc130_yc120|190|120|64536|165|64346.015735|0.000000|0.000000|55.000000|55.000000|1877.157914|-0.785398|3.054326|-2.443461|-41.856837|49.798066|137.917725|
20170425_184518|37480|479|12.987013|1|CarroTeste|1|circulo_r60_xc160_yc120|220|120|64536|165|64316.015743|0.000000|0.000000|55.000000|55.000000|1877.157914|-0.785398|3.054326|-2.443461|-41.856837|49.798066|137.917725|
20170425_184518|37553|481|12.987013|1|CarroTeste2|1|circulo_r60_xc160_yc120|205|159|211|165|8.485281|0.000000|0.000000|55.000000|55.000000|1877.157914|-1.797595|2.450502|-2.035088|-34.861355|57.161732|130.554060|
20170425_184518|37556|481|12.987013|1|CarroTeste3|1|circulo_r60_xc130_yc120|190|120|64536|165|64346.015735|0.000000|0.000000|55.000000|55.000000|1877.157914|-0.785398|3.054326|-2.443461|-41.856837|49.798066|137.917725|
20170425_184518|37558|481|12.987013|1|CarroTeste|1|circulo_r60_xc160_yc120|220|120|64536|165|64316.015743|0.000000|0.000000|55.000000|55.000000|1877.157914|-0.785398|3.054326|-2.443461|-41.856837|49.798066|137.917725|
20170425_184518|37631|483|12.987013|1|CarroTeste2|1|circulo_r60_xc160_yc120|205|159|211|165|8.485281|0.000000|0.000000|55.000000|55.000000|1877.157914|-1.735945|2.450502|-2.096738|-35.917425|56.050080|131.665712|
20170425_184518|37633|483|12.987013|1|CarroTeste3|1|circulo_r60_xc130_yc120|190|120|64536|165|64346.015735|0.000000|0.000000|55.000000|55.000000|1877.157914|-0.785398|3.054326|-2.443461|-41.856837|49.798066|137.917725|
20170425_184518|37635|483|12.987013|1|CarroTeste|1|circulo_r60_xc160_yc120|220|120|64536|165|64316.015743|0.000000|0.000000|55.000000|55.000000|1877.157914|-0.785398|3.054326|-2.443461|-41.856837|49.798066|137.917725|
20170425_184518|37709|485|12.987013|1|CarroTeste2|1|circulo_r60_xc160_yc120|205|159|211|165|8.485281|0.000000|0.000000|55.000000|55.000000|1877.157914|-1.735945|2.450502|-2.096738|-35.917425|56.050079|131.665712|
20170425_184518|37711|485|12.987013|1|CarroTeste3|1|circulo_r60_xc130_yc120|190|120|64536|165|64346.015735|0.000000|0.000000|55.000000|55.000000|1877.157914|-0.785398|3.054326|-2.443461|-41.856837|49.798066|137.917725|
20170425_184518|37713|485|12.987013|1|CarroTeste|1|circulo_r60_xc160_yc120|220|120|64536|165|64316.015743|0.000000|0.000000|55.000000|55.000000|1877.157914|-0.785398|3.054326|-2.443461|-41.856837|49.798066|137.917725|
20170425_184518|37788|487|12.987013|1|CarroTeste2|1|circulo_r60_xc160_yc120|205|159|211|165|8.485281|0.000000|0.000000|55.000000|55.000000|1877.157914|-1.797595|2.450502|-2.035088|-34.861356|57.161731|130.554060|
20170425_184518|37791|487|12.987013|1|CarroTeste3|1|circulo_r60_xc130_yc120|190|120|64536|165|64346.015735|0.000000|0.000000|55.000000|55.000000|1877.157914|-0.785398|3.054326|-2.443461|-41.856837|49.798066|137.917725|
20170425_184518|37793|487|12.987013|1|CarroTeste|1|circulo_r60_xc160_yc120|220|120|64536|165|64316.015743|0.000000|0.000000|55.000000|55.000000|1877.157914|-0.785398|3.054326|-2.443461|-41.856837|49.798066|137.917725|
20170425_184518|37864|489|12.987013|1|CarroTeste2|1|circulo_r60_xc160_yc120|205|159|211|165|8.485281|0.000000|0.000000|55.000000|55.000000|1877.157914|-1.797595|2.450502|-2.035088|-34.861355|57.161732|130.554060|
20170425_184518|37866|489|12.987013|1|CarroTeste3|1|circulo_r60_xc130_yc120|190|120|64536|165|64346.015735|0.000000|0.000000|55.000000|55.000000|1877.157914|-0.785398|3.054326|-2.443461|-41.856837|49.798066|137.917725|
20170425_184518|37869|489|12.987013|1|CarroTeste|1|circulo_r60_xc160_yc120|220|120|64536|165|64316.015743|0.000000|0.000000|55.000000|55.000000|1877.157914|-0.785398|3.054326|-2.443461|-41.856837|49.798066|137.917725|
20170425_184518|37942|491|12.987013|1|CarroTeste2|1|circulo_r60_xc160_yc120|205|159|211|165|8.485281|0.000000|0.000000|55.000000|55.000000|1877.157914|-1.797595|2.450502|-2.035088|-34.861355|57.161732|130.554060|
20170425_184518|37944|491|12.987013|1|CarroTeste3|1|circulo_r60_xc130_yc120|190|120|64536|165|64346.015735|0.000000|0.000000|55.000000|55.000000|1877.157914|-0.785398|3.054326|-2.443461|-41.856837|49.798066|137.917725|
20170425_184518|37946|491|12.987013|1|CarroTeste|1|circulo_r60_xc160_yc120|220|120|64536|165|64316.015743|0.000000|0.000000|55.000000|55.000000|1877.157914|-0.785398|3.054326|-2.443461|-41.856837|49.798066|137.917725|
20170425_184518|38020|493|12.987013|1|CarroTeste2|1|circulo_r60_xc160_yc120|205|159|211|165|8.485281|0.000000|0.000000|55.000000|55.000000|1877.157914|-1.797595|2.450502|-2.035088|-34.861355|57.161732|130.554060|
20170425_184518|38023|493|12.987013|1|CarroTeste3|1|circulo_r60_xc130_yc120|190|120|64536|165|64346.015735|0.000000|0.000000|55.000000|55.000000|1877.157914|-0.785398|3.054326|-2.443461|-41.856837|49.798066|137.917725|
20170425_184518|38026|493|12.987013|1|CarroTeste|1|circulo_r60_xc160_yc120|220|120|64536|165|64316.015743|0.000000|0.000000|55.000000|55.000000|1877.157914|-0.785398|3.054326|-2.443461|-41.856837|49.798066|137.917725|
20170425_184519|38098|495|12.987013|1|CarroTeste2|1|circulo_r60_xc160_yc120|205|159|211|165|8.485281|0.000000|0.000000|55.000000|55.000000|1877.157914|-1.797595|2.450502|-2.035088|-34.861355|57.161732|130.554060|
20170425_184519|38100|495|12.987013|1|CarroTeste3|1|circulo_r60_xc130_yc120|190|120|64536|165|64346.015735|0.000000|0.000000|55.000000|55.000000|1877.157914|-0.785398|3.054326|-2.443461|-41.856837|49.798066|137.917725|
20170425_184519|38102|495|12.987013|1|CarroTeste|1|circulo_r60_xc160_yc120|220|120|64536|165|64316.015743|0.000000|0.000000|55.000000|55.000000|1877.157914|-0.785398|3.054326|-2.443461|-41.856837|49.798066|137.917725|
20170425_184519|38176|497|12.987013|1|CarroTeste2|1|circulo_r60_xc160_yc120|205|159|211|165|8.485281|0.000000|0.000000|55.000000|55.000000|1877.157914|-1.797595|2.450502|-2.035088|-34.861355|57.161732|130.554060|
20170425_184519|38178|497|12.987013|1|CarroTeste3|1|circulo_r60_xc130_yc120|190|120|64536|165|64346.015735|0.000000|0.000000|55.000000|55.000000|1877.157914|-0.785398|3.054326|-2.443461|-41.856837|49.798066|137.917725|
20170425_184519|38181|497|12.987013|1|CarroTeste|1|circulo_r60_xc160_yc120|220|120|64536|165|64316.015743|0.000000|0.000000|55.000000|55.000000|1877.157914|-0.785398|3.054326|-2.443461|-41.856837|49.798066|137.917725|
20170425_184519|38254|499|12.987013|1|CarroTeste2|1|circulo_r60_xc160_yc120|205|159|211|165|8.485281|0.000000|0.000000|55.000000|55.000000|1877.157914|-1.797595|2.450502|-2.035088|-34.861355|57.161732|130.554060|
20170425_184519|38257|499|12.987013|1|CarroTeste3|1|circulo_r60_xc130_yc120|190|120|64536|165|64346.015735|0.000000|0.000000|55.000000|55.000000|1877.157914|-0.785398|3.054326|-2.443461|-41.856837|49.798066|137.917725|
20170425_184519|38259|499|12.987013|1|CarroTeste|1|circulo_r60_xc160_yc120|220|120|64536|165|64316.015743|0.000000|0.000000|55.000000|55.000000|1877.157914|-0.785398|3.054326|-2.443461|-41.856837|49.798066|137.917725|
20170425_184519|38331|501|12.987013|1|CarroTeste2|1|circulo_r60_xc160_yc120|205|159|211|165|8.485281|0.000000|0.000000|55.000000|55.000000|1877.157914|-1.797595|2.450502|-2.035088|-34.861355|57.161732|130.554060|
20170425_184519|38333|501|12.987013|1|CarroTeste3|1|circulo_r60_xc130_yc120|190|120|64536|165|64346.015735|0.000000|0.000000|55.000000|55.000000|1877.157914|-0.785398|3.054326|-2.443461|-41.856837|49.798066|137.917725|
20170425_184519|38336|501|12.987013|1|CarroTeste|1|circulo_r60_xc160_yc120|220|120|64536|165|64316.015743|0.000000|0.000000|55.000000|55.000000|1877.157914|-0.785398|3.054326|-2.443461|-41.856837|49.798066|137.917725|
20170425_184519|38408|503|12.987013|1|CarroTeste2|1|circulo_r60_xc160_yc120|205|159|211|165|8.485281|0.000000|0.000000|55.000000|55.000000|1877.157914|-1.797595|2.450502|-2.035088|-34.861355|57.161732|130.554060|
20170425_184519|38410|503|12.987013|1|CarroTeste3|1|circulo_r60_xc130_yc120|190|120|64536|165|64346.015735|0.000000|0.000000|55.000000|55.000000|1877.157914|-0.785398|3.054326|-2.443461|-41.856837|49.798066|137.917725|
20170425_184519|38412|503|12.987013|1|CarroTeste|1|circulo_r60_xc160_yc120|220|120|64536|165|64316.015743|0.000000|0.000000|55.000000|55.000000|1877.157914|-0.785398|3.054326|-2.443461|-41.856837|49.798066|137.917725|
20170425_184519|38486|505|12.987013|1|CarroTeste2|1|circulo_r60_xc160_yc120|205|159|211|165|8.485281|0.000000|0.000000|55.000000|55.000000|1877.157914|-1.797595|2.450502|-2.035088|-34.861355|57.161732|130.554060|
20170425_184519|38489|505|12.987013|1|CarroTeste3|1|circulo_r60_xc130_yc120|190|120|64536|165|64346.015735|0.000000|0.000000|55.000000|55.000000|1877.157914|-0.785398|3.054326|-2.443461|-41.856837|49.798066|137.917725|
20170425_184519|38491|505|12.987013|1|CarroTeste|1|circulo_r60_xc160_yc120|220|120|64536|165|64316.015743|0.000000|0.000000|55.000000|55.000000|1877.157914|-0.785398|3.054326|-2.443461|-41.856837|49.798066|137.917725|
20170425_184519|38564|507|12.987013|1|CarroTeste2|1|circulo_r60_xc160_yc120|205|159|211|165|8.485281|0.000000|0.000000|55.000000|55.000000|1877.157914|-1.797595|2.450502|-2.035088|-34.861355|57.161732|130.554060|
20170425_184519|38566|507|12.987013|1|CarroTeste3|1|circulo_r60_xc130_yc120|190|120|64536|165|64346.015735|0.000000|0.000000|55.000000|55.000000|1877.157914|-0.785398|3.054326|-2.443461|-41.856837|49.798066|137.917725|
20170425_184519|38568|507|12.987013|1|CarroTeste|1|circulo_r60_xc160_yc120|220|120|64536|165|64316.015743|0.000000|0.000000|55.000000|55.000000|1877.157914|-0.785398|3.054326|-2.443461|-41.856837|49.798066|137.917725|
20170425_184519|38642|509|12.987013|1|CarroTeste2|1|circulo_r60_xc160_yc120|205|159|211|165|8.485281|0.000000|0.000000|55.000000|55.000000|1877.157914|-1.797595|2.450502|-2.035088|-34.861355|57.161732|130.554060|
20170425_184519|38644|509|12.987013|1|CarroTeste3|1|circulo_r60_xc130_yc120|190|120|64536|165|64346.015735|0.000000|0.000000|55.000000|55.000000|1877.157914|-0.785398|3.054326|-2.443461|-41.856837|49.798066|137.917725|
20170425_184519|38647|509|12.987013|1|CarroTeste|1|circulo_r60_xc160_yc120|220|120|64536|165|64316.015743|0.000000|0.000000|55.000000|55.000000|1877.157914|-0.785398|3.054326|-2.443461|-41.856837|49.798066|137.917725|
20170425_184519|38719|511|12.987013|1|CarroTeste2|1|circulo_r60_xc160_yc120|205|159|211|165|8.485281|0.000000|0.000000|55.000000|55.000000|1877.157914|-1.797595|2.450502|-2.035088|-34.861355|57.161732|130.554060|
20170425_184519|38721|511|12.987013|1|CarroTeste3|1|circulo_r60_xc130_yc120|190|120|64536|165|64346.015735|0.000000|0.000000|55.000000|55.000000|1877.157914|-0.785398|3.054326|-2.443461|-41.856837|49.798066|137.917725|
20170425_184519|38724|511|12.987013|1|CarroTeste|1|circulo_r60_xc160_yc120|220|120|64536|165|64316.015743|0.000000|0.000000|55.000000|55.000000|1877.157914|-0.785398|3.054326|-2.443461|-41.856837|49.798066|137.917725|
20170425_184519|38797|513|12.987013|1|CarroTeste2|1|circulo_r60_xc160_yc120|205|159|211|165|8.485281|0.000000|0.000000|55.000000|55.000000|1877.157914|-1.797595|2.450502|-2.035088|-34.861355|57.161732|130.554060|
20170425_184519|38799|513|12.987013|1|CarroTeste3|1|circulo_r60_xc130_yc120|190|120|64536|165|64346.015735|0.000000|0.000000|55.000000|55.000000|1877.157914|-0.785398|3.054326|-2.443461|-41.856837|49.798066|137.917725|
20170425_184519|38801|513|12.987013|1|CarroTeste|1|circulo_r60_xc160_yc120|220|120|64536|165|64316.015743|0.000000|0.000000|55.000000|55.000000|1877.157914|-0.785398|3.054326|-2.443461|-41.856837|49.798066|137.917725|
20170425_184519|38874|515|12.987013|1|CarroTeste2|1|circulo_r60_xc160_yc120|205|159|211|165|8.485281|0.000000|0.000000|55.000000|55.000000|1877.157914|-1.797595|2.450502|-2.035088|-34.861355|57.161732|130.554060|
20170425_184519|38876|515|12.987013|1|CarroTeste3|1|circulo_r60_xc130_yc120|190|120|64536|165|64346.015735|0.000000|0.000000|55.000000|55.000000|1877.157914|-0.785398|3.054326|-2.443461|-41.856837|49.798066|137.917725|
20170425_184519|38881|515|12.987013|1|CarroTeste|1|circulo_r60_xc160_yc120|220|120|64536|165|64316.015743|0.000000|0.000000|55.000000|55.000000|1877.157914|-0.785398|3.054326|-2.443461|-41.856837|49.798066|137.917725|
20170425_184519|38952|517|12.987013|1|CarroTeste2|1|circulo_r60_xc160_yc120|205|159|211|165|8.485281|0.000000|0.000000|55.000000|55.000000|1877.157914|-1.797595|2.450502|-2.035088|-34.861355|57.161732|130.554060|
20170425_184519|38954|517|12.987013|1|CarroTeste3|1|circulo_r60_xc130_yc120|190|120|64536|165|64346.015735|0.000000|0.000000|55.000000|55.000000|1877.157914|-0.785398|3.054326|-2.443461|-41.856837|49.798066|137.917725|
20170425_184519|38956|517|12.987013|1|CarroTeste|1|circulo_r60_xc160_yc120|220|120|64536|165|64316.015743|0.000000|0.000000|55.000000|55.000000|1877.157914|-0.785398|3.054326|-2.443461|-41.856837|49.798066|137.917725|
20170425_184519|39030|519|12.987013|1|CarroTeste2|1|circulo_r60_xc160_yc120|205|159|211|165|8.485281|0.000000|0.000000|55.000000|55.000000|1877.157914|-1.797595|2.450502|-2.035088|-34.861355|57.161732|130.554060|
20170425_184519|39033|519|12.987013|1|CarroTeste3|1|circulo_r60_xc130_yc120|190|120|64536|165|64346.015735|0.000000|0.000000|55.000000|55.000000|1877.157914|-0.785398|3.054326|-2.443461|-41.856837|49.798066|137.917725|
20170425_184519|39035|519|12.987013|1|CarroTeste|1|circulo_r60_xc160_yc120|220|120|64536|165|64316.015743|0.000000|0.000000|55.000000|55.000000|1877.157914|-0.785398|3.054326|-2.443461|-41.856837|49.798066|137.917725|
20170425_184520|39108|521|12.987013|1|CarroTeste2|1|circulo_r60_xc160_yc120|205|159|211|165|8.485281|0.000000|0.000000|55.000000|55.000000|1877.157914|-1.797595|2.450502|-2.035088|-34.861355|57.161732|130.554060|
20170425_184520|39110|521|12.987013|1|CarroTeste3|1|circulo_r60_xc130_yc120|190|120|64536|165|64346.015735|0.000000|0.000000|55.000000|55.000000|1877.157914|-0.785398|3.054326|-2.443461|-41.856837|49.798066|137.917725|
20170425_184520|39112|521|12.987013|1|CarroTeste|1|circulo_r60_xc160_yc120|220|120|64536|165|64316.015743|0.000000|0.000000|55.000000|55.000000|1877.157914|-0.785398|3.054326|-2.443461|-41.856837|49.798066|137.917725|
20170425_184520|39185|523|12.987013|1|CarroTeste2|1|circulo_r60_xc160_yc120|205|159|211|165|8.485281|0.000000|0.000000|55.000000|55.000000|1877.157914|-1.797595|2.450502|-2.035088|-34.861355|57.161732|130.554060|
20170425_184520|39187|523|12.987013|1|CarroTeste3|1|circulo_r60_xc130_yc120|190|120|64536|165|64346.015735|0.000000|0.000000|55.000000|55.000000|1877.157914|-0.785398|3.054326|-2.443461|-41.856837|49.798066|137.917725|
20170425_184520|39190|523|12.987013|1|CarroTeste|1|circulo_r60_xc160_yc120|220|120|64536|165|64316.015743|0.000000|0.000000|55.000000|55.000000|1877.157914|-0.785398|3.054326|-2.443461|-41.856837|49.798066|137.917725|
20170425_184520|39263|525|12.987013|1|CarroTeste2|1|circulo_r60_xc160_yc120|205|159|211|165|8.485281|0.000000|0.000000|55.000000|55.000000|1877.157914|-1.797595|2.450502|-2.035088|-34.861355|57.161732|130.554060|
20170425_184520|39265|525|12.987013|1|CarroTeste3|1|circulo_r60_xc130_yc120|190|120|64536|165|64346.015735|0.000000|0.000000|55.000000|55.000000|1877.157914|-0.785398|3.054326|-2.443461|-41.856837|49.798066|137.917725|
20170425_184520|39267|525|12.987013|1|CarroTeste|1|circulo_r60_xc160_yc120|220|120|64536|165|64316.015743|0.000000|0.000000|55.000000|55.000000|1877.157914|-0.785398|3.054326|-2.443461|-41.856837|49.798066|137.917725|
20170425_184520|39341|527|12.987013|1|CarroTeste2|1|circulo_r60_xc160_yc120|205|159|211|165|8.485281|0.000000|0.000000|55.000000|55.000000|1877.157914|-1.797595|2.450502|-2.035088|-34.861355|57.161732|130.554060|
20170425_184520|39343|527|12.987013|1|CarroTeste3|1|circulo_r60_xc130_yc120|190|120|64536|165|64346.015735|0.000000|0.000000|55.000000|55.000000|1877.157914|-0.785398|3.054326|-2.443461|-41.856837|49.798066|137.917725|
20170425_184520|39345|527|12.987013|1|CarroTeste|1|circulo_r60_xc160_yc120|220|120|64536|165|64316.015743|0.000000|0.000000|55.000000|55.000000|1877.157914|-0.785398|3.054326|-2.443461|-41.856837|49.798066|137.917725|
