TimeStamp|Ticks|FrameNum|FPS|LogaDados|Robo|achou|trajetoria|Xd|Yd|Xa|Ya|DistMelhorPonto|velAtual|velAtualDerivSuja|velDesejada|erroVel|SaidaControleLinear|angAtual|angDesejado|erroAng|SaidaControleAngular|SinalDeControle1|SinalDeControle2|
20170610_163827|16616|23|22.000000|1|Caçula|1|circulo_r60_xc160_yc120|0|0|219|89|0.000000|0.000000|0.000000|0.000000|0.000000|0.000000|0.785398|0.585938|-0.199460|-17.951526|-18.896343|18.896343|
20170610_163827|16623|23|22.000000|1|CarroTeste2|0|circulo_r60_xc160_yc120|0|0|0|0|0.000000|0.000000|0.000000|0.000000|0.000000|0.000000|0.000000|0.000000|0.000000|0.000000|0.000000|0.000000|
20170610_163827|16630|23|22.000000|1|CarroTeste|0|circulo_r60_xc160_yc120|0|0|0|0|0.000000|0.000000|0.000000|0.000000|0.000000|0.000000|0.000000|0.000000|0.000000|0.000000|0.000000|0.000000|
20170610_163827|16706|25|10.638298|1|Caçula|1|circulo_r60_xc160_yc120|0|0|219|89|0.000000|0.000000|0.000000|0.000000|0.000000|0.000000|0.785398|0.754491|-0.030907|-2.781641|-2.928043|2.928043|
20170610_163827|16712|25|10.638298|1|CarroTeste2|0|circulo_r60_xc160_yc120|0|0|0|0|0.000000|0.000000|0.000000|0.000000|0.000000|0.000000|0.000000|0.000000|0.000000|0.000000|0.000000|0.000000|
20170610_163827|16718|25|10.638298|1|CarroTeste|0|circulo_r60_xc160_yc120|0|0|0|0|0.000000|0.000000|0.000000|0.000000|0.000000|0.000000|0.000000|0.000000|0.000000|0.000000|0.000000|0.000000|
20170610_163827|16807|27|10.000000|1|Caçula|1|circulo_r60_xc160_yc120|0|0|219|89|0.000000|0.000000|0.000000|0.000000|0.000000|0.000000|0.785398|0.952821|0.167422|15.068182|15.861244|-15.861244|
20170610_163827|16812|27|10.000000|1|CarroTeste2|0|circulo_r60_xc160_yc120|0|0|0|0|0.000000|0.000000|0.000000|0.000000|0.000000|0.000000|0.000000|0.000000|0.000000|0.000000|0.000000|0.000000|
20170610_163827|16818|27|10.000000|1|CarroTeste|0|circulo_r60_xc160_yc120|0|0|0|0|0.000000|0.000000|0.000000|0.000000|0.000000|0.000000|0.000000|0.000000|0.000000|0.000000|0.000000|0.000000|
20170610_163827|16898|29|10.869565|1|Caçula|1|circulo_r60_xc160_yc120|0|0|219|89|0.000000|0.000000|0.000000|0.000000|0.000000|0.000000|0.785398|1.111489|0.326091|29.348484|30.893142|-30.893142|
20170610_163827|16903|29|10.869565|1|CarroTeste2|0|circulo_r60_xc160_yc120|0|0|0|0|0.000000|0.000000|0.000000|0.000000|0.000000|0.000000|0.000000|0.000000|0.000000|0.000000|0.000000|0.000000|
20170610_163827|16909|29|10.869565|1|CarroTeste|0|circulo_r60_xc160_yc120|0|0|0|0|0.000000|0.000000|0.000000|0.000000|0.000000|0.000000|0.000000|0.000000|0.000000|0.000000|0.000000|0.000000|
20170610_163827|16992|31|10.869565|1|Caçula|1|circulo_r60_xc160_yc120|0|0|219|89|0.000000|0.000000|0.000000|0.000000|0.000000|0.000000|0.785398|1.235410|0.450012|40.501513|42.633172|-42.633172|
20170610_163827|16997|31|10.869565|1|CarroTeste2|0|circulo_r60_xc160_yc120|0|0|0|0|0.000000|0.000000|0.000000|0.000000|0.000000|0.000000|0.000000|0.000000|0.000000|0.000000|0.000000|0.000000|
20170610_163827|17005|31|10.869565|1|CarroTeste|0|circulo_r60_xc160_yc120|0|0|0|0|0.000000|0.000000|0.000000|0.000000|0.000000|0.000000|0.000000|0.000000|0.000000|0.000000|0.000000|0.000000|
20170610_163828|17089|33|11.627907|1|Caçula|1|circulo_r60_xc160_yc120|0|0|219|89|0.000000|0.000000|0.000000|0.000000|0.000000|0.000000|0.785398|1.299223|0.513825|46.244673|48.678603|-48.678603|
20170610_163828|17100|33|11.627907|1|CarroTeste2|0|circulo_r60_xc160_yc120|0|0|0|0|0.000000|0.000000|0.000000|0.000000|0.000000|0.000000|0.000000|0.000000|0.000000|0.000000|0.000000|0.000000|
20170610_163828|17106|33|11.627907|1|CarroTeste|0|circulo_r60_xc160_yc120|0|0|0|0|0.000000|0.000000|0.000000|0.000000|0.000000|0.000000|0.000000|0.000000|0.000000|0.000000|0.000000|0.000000|
20170610_163828|17214|35|7.299270|1|Caçula|1|circulo_r60_xc160_yc120|0|0|219|89|0.000000|0.000000|0.000000|0.000000|0.000000|0.000000|0.785398|1.283775|0.498377|44.854627|47.215397|-47.215397|
20170610_163828|17221|35|7.299270|1|CarroTeste2|0|circulo_r60_xc160_yc120|0|0|0|0|0.000000|0.000000|0.000000|0.000000|0.000000|0.000000|0.000000|0.000000|0.000000|0.000000|0.000000|0.000000|
20170610_163828|17230|35|7.299270|1|CarroTeste|0|circulo_r60_xc160_yc120|0|0|0|0|0.000000|0.000000|0.000000|0.000000|0.000000|0.000000|0.000000|0.000000|0.000000|0.000000|0.000000|0.000000|
20170610_163828|17354|37|10.869565|1|Caçula|1|circulo_r60_xc160_yc120|0|0|221|87|0.000000|0.000000|0.000000|0.000000|0.000000|0.000000|0.785398|1.194647|0.409249|36.832773|38.771340|-38.771340|
20170610_163828|17359|37|10.869565|1|CarroTeste2|0|circulo_r60_xc160_yc120|0|0|0|0|0.000000|0.000000|0.000000|0.000000|0.000000|0.000000|0.000000|0.000000|0.000000|0.000000|0.000000|0.000000|
20170610_163828|17365|37|10.869565|1|CarroTeste|0|circulo_r60_xc160_yc120|0|0|0|0|0.000000|0.000000|0.000000|0.000000|0.000000|0.000000|0.000000|0.000000|0.000000|0.000000|0.000000|0.000000|
20170610_163828|17456|39|7.246377|1|Caçula|1|circulo_r60_xc160_yc120|0|0|223|87|0.000000|0.000000|0.000000|0.000000|0.000000|0.000000|0.785398|0.972630|0.187231|16.851092|17.737992|-17.737992|
20170610_163828|17462|39|7.246377|1|CarroTeste2|0|circulo_r60_xc160_yc120|0|0|0|0|0.000000|0.000000|0.000000|0.000000|0.000000|0.000000|0.000000|0.000000|0.000000|0.000000|0.000000|0.000000|
20170610_163828|17467|39|7.246377|1|CarroTeste|0|circulo_r60_xc160_yc120|0|0|0|0|0.000000|0.000000|0.000000|0.000000|0.000000|0.000000|0.000000|0.000000|0.000000|0.000000|0.000000|0.000000|
20170610_163828|17553|41|10.000000|1|Caçula|1|circulo_r60_xc160_yc120|0|0|226|87|0.000000|0.000000|0.000000|0.000000|0.000000|0.000000|2.356194|0.779477|-1.576718|-141.906191|-149.374940|149.374940|
20170610_163828|17559|41|10.000000|1|CarroTeste2|0|circulo_r60_xc160_yc120|0|0|0|0|0.000000|0.000000|0.000000|0.000000|0.000000|0.000000|0.000000|0.000000|0.000000|0.000000|0.000000|0.000000|
20170610_163828|17564|41|10.000000|1|CarroTeste|0|circulo_r60_xc160_yc120|0|0|0|0|0.000000|0.000000|0.000000|0.000000|0.000000|0.000000|0.000000|0.000000|0.000000|0.000000|0.000000|0.000000|
20170610_163828|17645|43|11.627907|1|Caçula|1|circulo_r60_xc160_yc120|0|0|227|89|0.000000|0.000000|0.000000|0.000000|0.000000|0.000000|0.785398|0.614862|-0.170536|-15.348421|-16.156233|16.156233|
20170610_163828|17651|43|11.627907|1|CarroTeste2|0|circulo_r60_xc160_yc120|0|0|0|0|0.000000|0.000000|0.000000|0.000000|0.000000|0.000000|0.000000|0.000000|0.000000|0.000000|0.000000|0.000000|
20170610_163828|17657|43|11.627907|1|CarroTeste|0|circulo_r60_xc160_yc120|0|0|0|0|0.000000|0.000000|0.000000|0.000000|0.000000|0.000000|0.000000|0.000000|0.000000|0.000000|0.000000|0.000000|
20170610_163828|17850|45|10.752688|1|Caçula|1|circulo_r60_xc160_yc120|0|0|228|91|0.000000|0.000000|0.000000|0.000000|0.000000|0.000000|3.926991|0.438643|-3.488348|-313.954567|-255.000000|255.000000|
20170610_163828|17857|45|10.752688|1|CarroTeste2|0|circulo_r60_xc160_yc120|0|0|0|0|0.000000|0.000000|0.000000|0.000000|0.000000|0.000000|0.000000|0.000000|0.000000|0.000000|0.000000|0.000000|
20170610_163828|17864|45|10.752688|1|CarroTeste|0|circulo_r60_xc160_yc120|0|0|0|0|0.000000|0.000000|0.000000|0.000000|0.000000|0.000000|0.000000|0.000000|0.000000|0.000000|0.000000|0.000000|
20170610_163828|18061|47|4.310345|1|Caçula|1|circulo_r60_xc160_yc120|0|0|228|91|0.000000|0.000000|0.000000|0.000000|0.000000|0.000000|3.926991|0.261806|-3.665185|-329.875169|-255.000000|255.000000|
20170610_163828|18067|47|4.310345|1|CarroTeste2|0|circulo_r60_xc160_yc120|0|0|0|0|0.000000|0.000000|0.000000|0.000000|0.000000|0.000000|0.000000|0.000000|0.000000|0.000000|0.000000|0.000000|
20170610_163828|18072|47|4.310345|1|CarroTeste|0|circulo_r60_xc160_yc120|0|0|0|0|0.000000|0.000000|0.000000|0.000000|0.000000|0.000000|0.000000|0.000000|0.000000|0.000000|0.000000|0.000000|
20170610_163829|18286|49|5.376344|1|Caçula|1|circulo_r60_xc160_yc120|0|0|228|91|0.000000|0.000000|0.000000|0.000000|0.000000|0.000000|3.926991|0.387037|-3.539954|-318.602518|-255.000000|255.000000|
20170610_163829|18293|49|5.376344|1|CarroTeste2|0|circulo_r60_xc160_yc120|0|0|0|0|0.000000|0.000000|0.000000|0.000000|0.000000|0.000000|0.000000|0.000000|0.000000|0.000000|0.000000|0.000000|
20170610_163829|18300|49|5.376344|1|CarroTeste|0|circulo_r60_xc160_yc120|0|0|0|0|0.000000|0.000000|0.000000|0.000000|0.000000|0.000000|0.000000|0.000000|0.000000|0.000000|0.000000|0.000000|
20170610_163829|18482|51|4.255319|1|Caçula|1|circulo_r60_xc160_yc120|0|0|228|91|0.000000|0.000000|0.000000|0.000000|0.000000|0.000000|3.926991|0.796583|-3.130408|-281.744139|-255.000000|255.000000|
20170610_163829|18487|51|4.255319|1|CarroTeste2|0|circulo_r60_xc160_yc120|0|0|0|0|0.000000|0.000000|0.000000|0.000000|0.000000|0.000000|0.000000|0.000000|0.000000|0.000000|0.000000|0.000000|
20170610_163829|18492|51|4.255319|1|CarroTeste|0|circulo_r60_xc160_yc120|0|0|0|0|0.000000|0.000000|0.000000|0.000000|0.000000|0.000000|0.000000|0.000000|0.000000|0.000000|0.000000|0.000000|
20170610_163829|18667|53|5.434783|1|Caçula|1|circulo_r60_xc160_yc120|0|0|228|91|0.000000|0.000000|0.000000|0.000000|0.000000|0.000000|3.926991|1.131660|-2.795331|-251.584969|-255.000000|255.000000|
20170610_163829|18673|53|5.434783|1|CarroTeste2|0|circulo_r60_xc160_yc120|0|0|0|0|0.000000|0.000000|0.000000|0.000000|0.000000|0.000000|0.000000|0.000000|0.000000|0.000000|0.000000|0.000000|
20170610_163829|18679|53|5.434783|1|CarroTeste|0|circulo_r60_xc160_yc120|0|0|0|0|0.000000|0.000000|0.000000|0.000000|0.000000|0.000000|0.000000|0.000000|0.000000|0.000000|0.000000|0.000000|
20170610_163829|18791|55|5.263158|1|Caçula|1|circulo_r60_xc160_yc120|0|0|228|91|0.000000|0.000000|0.000000|0.000000|0.000000|0.000000|0.785398|1.304702|0.519303|46.738247|49.198155|-49.198155|
20170610_163829|18798|55|5.263158|1|CarroTeste2|0|circulo_r60_xc160_yc120|0|0|0|0|0.000000|0.000000|0.000000|0.000000|0.000000|0.000000|0.000000|0.000000|0.000000|0.000000|0.000000|0.000000|
20170610_163829|18804|55|5.263158|1|CarroTeste|0|circulo_r60_xc160_yc120|0|0|0|0|0.000000|0.000000|0.000000|0.000000|0.000000|0.000000|0.000000|0.000000|0.000000|0.000000|0.000000|0.000000|
20170610_163829|18910|57|7.299270|1|Caçula|1|circulo_r60_xc160_yc120|0|0|228|91|0.000000|0.000000|0.000000|0.000000|0.000000|0.000000|3.926991|1.266973|-2.660018|-239.405280|-252.005561|252.005561|
20170610_163829|18917|57|7.299270|1|CarroTeste2|0|circulo_r60_xc160_yc120|0|0|0|0|0.000000|0.000000|0.000000|0.000000|0.000000|0.000000|0.000000|0.000000|0.000000|0.000000|0.000000|0.000000|
20170610_163829|18918|57|7.299270|1|CarroTeste|0|circulo_r60_xc160_yc120|0|0|0|0|0.000000|0.000000|0.000000|0.000000|0.000000|0.000000|0.000000|0.000000|0.000000|0.000000|0.000000|0.000000|
20170610_163829|18994|59|10.989011|1|Caçula|1|circulo_r60_xc160_yc120|0|0|228|91|0.000000|0.000000|0.000000|0.000000|0.000000|0.000000|3.926991|1.169777|-2.757214|-248.151802|-255.000000|255.000000|
20170610_163829|18999|59|10.989011|1|CarroTeste2|0|circulo_r60_xc160_yc120|0|0|0|0|0.000000|0.000000|0.000000|0.000000|0.000000|0.000000|0.000000|0.000000|0.000000|0.000000|0.000000|0.000000|
20170610_163829|19005|59|10.989011|1|CarroTeste|0|circulo_r60_xc160_yc120|0|0|0|0|0.000000|0.000000|0.000000|0.000000|0.000000|0.000000|0.000000|0.000000|0.000000|0.000000|0.000000|0.000000|
20170610_163830|19088|61|10.752688|1|Caçula|1|circulo_r60_xc160_yc120|0|0|229|91|0.000000|0.000000|0.000000|0.000000|0.000000|0.000000|0.785398|1.024279|0.238881|21.499454|22.631004|-22.631004|
20170610_163830|19093|61|10.752688|1|CarroTeste2|0|circulo_r60_xc160_yc120|0|0|0|0|0.000000|0.000000|0.000000|0.000000|0.000000|0.000000|0.000000|0.000000|0.000000|0.000000|0.000000|0.000000|
20170610_163830|19099|61|10.752688|1|CarroTeste|0|circulo_r60_xc160_yc120|0|0|0|0|0.000000|0.000000|0.000000|0.000000|0.000000|0.000000|0.000000|0.000000|0.000000|0.000000|0.000000|0.000000|
20170610_163830|19201|63|10.638298|1|Caçula|1|circulo_r60_xc160_yc120|0|0|228|91|0.000000|0.000000|0.000000|0.000000|0.000000|0.000000|3.926991|0.847757|-3.079234|-277.133910|-255.000000|255.000000|
20170610_163830|19207|63|10.638298|1|CarroTeste2|0|circulo_r60_xc160_yc120|0|0|0|0|0.000000|0.000000|0.000000|0.000000|0.000000|0.000000|0.000000|0.000000|0.000000|0.000000|0.000000|0.000000|
20170610_163830|19208|63|10.638298|1|CarroTeste|0|circulo_r60_xc160_yc120|0|0|0|0|0.000000|0.000000|0.000000|0.000000|0.000000|0.000000|0.000000|0.000000|0.000000|0.000000|0.000000|0.000000|
20170610_163830|19288|65|10.869565|1|Caçula|1|circulo_r60_xc160_yc120|0|0|228|91|0.000000|0.000000|0.000000|0.000000|0.000000|0.000000|3.926991|0.652001|-3.274990|-294.752168|-255.000000|255.000000|
20170610_163830|19295|65|10.869565|1|CarroTeste2|0|circulo_r60_xc160_yc120|0|0|0|0|0.000000|0.000000|0.000000|0.000000|0.000000|0.000000|0.000000|0.000000|0.000000|0.000000|0.000000|0.000000|
20170610_163830|19303|65|10.869565|1|CarroTeste|0|circulo_r60_xc160_yc120|0|0|0|0|0.000000|0.000000|0.000000|0.000000|0.000000|0.000000|0.000000|0.000000|0.000000|0.000000|0.000000|0.000000|
20170610_163830|19381|67|10.526316|1|Caçula|1|circulo_r60_xc160_yc120|0|0|228|91|0.000000|0.000000|0.000000|0.000000|0.000000|0.000000|3.926991|0.487835|-3.439156|-309.527302|-255.000000|255.000000|
20170610_163830|19387|67|10.526316|1|CarroTeste2|0|circulo_r60_xc160_yc120|0|0|0|0|0.000000|0.000000|0.000000|0.000000|0.000000|0.000000|0.000000|0.000000|0.000000|0.000000|0.000000|0.000000|
20170610_163830|19388|67|10.526316|1|CarroTeste|0|circulo_r60_xc160_yc120|0|0|0|0|0.000000|0.000000|0.000000|0.000000|0.000000|0.000000|0.000000|0.000000|0.000000|0.000000|0.000000|0.000000|
20170610_163830|19467|69|11.111111|1|Caçula|1|circulo_r60_xc160_yc120|0|0|228|91|0.000000|0.000000|0.000000|0.000000|0.000000|0.000000|3.926991|0.361411|-3.565579|-320.905386|-255.000000|255.000000|
20170610_163830|19473|69|11.111111|1|CarroTeste2|0|circulo_r60_xc160_yc120|0|0|0|0|0.000000|0.000000|0.000000|0.000000|0.000000|0.000000|0.000000|0.000000|0.000000|0.000000|0.000000|0.000000|
20170610_163830|19475|69|11.111111|1|CarroTeste|0|circulo_r60_xc160_yc120|0|0|0|0|0.000000|0.000000|0.000000|0.000000|0.000000|0.000000|0.000000|0.000000|0.000000|0.000000|0.000000|0.000000|
20170610_163830|19561|71|10.752688|1|Caçula|1|circulo_r60_xc160_yc120|0|0|228|91|0.000000|0.000000|0.000000|0.000000|0.000000|0.000000|3.926991|0.281146|-3.645844|-328.129416|-255.000000|255.000000|
20170610_163830|19567|71|10.752688|1|CarroTeste2|0|circulo_r60_xc160_yc120|0|0|0|0|0.000000|0.000000|0.000000|0.000000|0.000000|0.000000|0.000000|0.000000|0.000000|0.000000|0.000000|0.000000|
20170610_163830|19573|71|10.752688|1|CarroTeste|0|circulo_r60_xc160_yc120|0|0|0|0|0.000000|0.000000|0.000000|0.000000|0.000000|0.000000|0.000000|0.000000|0.000000|0.000000|0.000000|0.000000|
20170610_163830|19652|73|10.526316|1|Caçula|1|circulo_r60_xc160_yc120|0|0|228|91|0.000000|0.000000|0.000000|0.000000|0.000000|0.000000|3.926991|0.264062|-3.662929|-329.667141|-255.000000|255.000000|
20170610_163830|19658|73|10.526316|1|CarroTeste2|0|circulo_r60_xc160_yc120|0|0|0|0|0.000000|0.000000|0.000000|0.000000|0.000000|0.000000|0.000000|0.000000|0.000000|0.000000|0.000000|0.000000|
20170610_163830|19659|73|10.526316|1|CarroTeste|0|circulo_r60_xc160_yc120|0|0|0|0|0.000000|0.000000|0.000000|0.000000|0.000000|0.000000|0.000000|0.000000|0.000000|0.000000|0.000000|0.000000|
20170610_163830|19758|75|11.111111|1|Caçula|1|circulo_r60_xc160_yc120|0|0|228|91|0.000000|0.000000|0.000000|0.000000|0.000000|0.000000|3.926991|0.310795|-3.616196|-325.460937|-255.000000|255.000000|
20170610_163830|19769|75|11.111111|1|CarroTeste2|0|circulo_r60_xc160_yc120|0|0|0|0|0.000000|0.000000|0.000000|0.000000|0.000000|0.000000|0.000000|0.000000|0.000000|0.000000|0.000000|0.000000|
20170610_163830|19776|75|11.111111|1|CarroTeste|0|circulo_r60_xc160_yc120|0|0|0|0|0.000000|0.000000|0.000000|0.000000|0.000000|0.000000|0.000000|0.000000|0.000000|0.000000|0.000000|0.000000|
20170610_163830|19907|77|6.993007|1|Caçula|1|circulo_r60_xc160_yc120|0|0|228|91|0.000000|0.000000|0.000000|0.000000|0.000000|0.000000|3.926991|0.494913|-3.432078|-308.891970|-255.000000|255.000000|
20170610_163830|19912|77|6.993007|1|CarroTeste2|0|circulo_r60_xc160_yc120|0|0|0|0|0.000000|0.000000|0.000000|0.000000|0.000000|0.000000|0.000000|0.000000|0.000000|0.000000|0.000000|0.000000|
20170610_163830|19914|77|6.993007|1|CarroTeste|0|circulo_r60_xc160_yc120|0|0|0|0|0.000000|0.000000|0.000000|0.000000|0.000000|0.000000|0.000000|0.000000|0.000000|0.000000|0.000000|0.000000|
20170610_163831|20076|79|10.869565|1|Caçula|1|circulo_r60_xc160_yc120|0|0|228|91|0.000000|0.000000|0.000000|0.000000|0.000000|0.000000|3.926991|0.656459|-3.270531|-294.350881|-255.000000|255.000000|
20170610_163831|20085|79|10.869565|1|CarroTeste2|0|circulo_r60_xc160_yc120|0|0|0|0|0.000000|0.000000|0.000000|0.000000|0.000000|0.000000|0.000000|0.000000|0.000000|0.000000|0.000000|0.000000|
20170610_163831|20087|79|10.869565|1|CarroTeste|0|circulo_r60_xc160_yc120|0|0|0|0|0.000000|0.000000|0.000000|0.000000|0.000000|0.000000|0.000000|0.000000|0.000000|0.000000|0.000000|0.000000|
20170610_163831|20175|81|5.347594|1|Caçula|1|circulo_r60_xc160_yc120|0|0|228|91|0.000000|0.000000|0.000000|0.000000|0.000000|0.000000|3.926991|1.019583|-2.907408|-261.672193|-255.000000|255.000000|
20170610_163831|20180|81|5.347594|1|CarroTeste2|0|circulo_r60_xc160_yc120|0|0|0|0|0.000000|0.000000|0.000000|0.000000|0.000000|0.000000|0.000000|0.000000|0.000000|0.000000|0.000000|0.000000|
20170610_163831|20186|81|5.347594|1|CarroTeste|0|circulo_r60_xc160_yc120|0|0|0|0|0.000000|0.000000|0.000000|0.000000|0.000000|0.000000|0.000000|0.000000|0.000000|0.000000|0.000000|0.000000|
20170610_163831|20286|83|10.869565|1|Caçula|1|circulo_r60_xc160_yc120|0|0|228|91|0.000000|0.000000|0.000000|0.000000|0.000000|0.000000|3.926991|1.171559|-2.755432|-247.991442|-255.000000|255.000000|
20170610_163831|20296|83|10.869565|1|CarroTeste2|0|circulo_r60_xc160_yc120|0|0|0|0|0.000000|0.000000|0.000000|0.000000|0.000000|0.000000|0.000000|0.000000|0.000000|0.000000|0.000000|0.000000|
20170610_163831|20304|83|10.869565|1|CarroTeste|0|circulo_r60_xc160_yc120|0|0|0|0|0.000000|0.000000|0.000000|0.000000|0.000000|0.000000|0.000000|0.000000|0.000000|0.000000|0.000000|0.000000|
20170610_163831|20408|85|7.092199|1|Caçula|1|circulo_r60_xc160_yc120|0|0|228|91|0.000000|0.000000|0.000000|0.000000|0.000000|0.000000|3.926991|1.297095|-2.629896|-236.694398|-249.152001|249.152001|
20170610_163831|20413|85|7.092199|1|CarroTeste2|0|circulo_r60_xc160_yc120|0|0|0|0|0.000000|0.000000|0.000000|0.000000|0.000000|0.000000|0.000000|0.000000|0.000000|0.000000|0.000000|0.000000|
20170610_163831|20419|85|7.092199|1|CarroTeste|0|circulo_r60_xc160_yc120|0|0|0|0|0.000000|0.000000|0.000000|0.000000|0.000000|0.000000|0.000000|0.000000|0.000000|0.000000|0.000000|0.000000|
20170610_163831|20500|87|10.869565|1|Caçula|1|circulo_r60_xc160_yc120|0|0|228|91|0.000000|0.000000|0.000000|0.000000|0.000000|0.000000|3.926991|1.303820|-2.623171|-236.087861|-248.513541|248.513541|
20170610_163831|20506|87|10.869565|1|CarroTeste2|0|circulo_r60_xc160_yc120|0|0|0|0|0.000000|0.000000|0.000000|0.000000|0.000000|0.000000|0.000000|0.000000|0.000000|0.000000|0.000000|0.000000|
20170610_163831|20511|87|10.869565|1|CarroTeste|0|circulo_r60_xc160_yc120|0|0|0|0|0.000000|0.000000|0.000000|0.000000|0.000000|0.000000|0.000000|0.000000|0.000000|0.000000|0.000000|0.000000|
20170610_163831|20638|89|10.869565|1|Caçula|1|circulo_r60_xc160_yc120|0|0|228|91|0.000000|0.000000|0.000000|0.000000|0.000000|0.000000|3.926991|1.244231|-2.682760|-241.450852|-254.158795|254.158795|
20170610_163831|20645|89|10.869565|1|CarroTeste2|0|circulo_r60_xc160_yc120|0|0|0|0|0.000000|0.000000|0.000000|0.000000|0.000000|0.000000|0.000000|0.000000|0.000000|0.000000|0.000000|0.000000|
20170610_163831|20651|89|10.869565|1|CarroTeste|0|circulo_r60_xc160_yc120|0|0|0|0|0.000000|0.000000|0.000000|0.000000|0.000000|0.000000|0.000000|0.000000|0.000000|0.000000|0.000000|0.000000|
20170610_164025|134213|1794|22.000000|1|Caçula|1|circulo_r60_xc160_yc120|0|0|208|180|0.000000|0.000000|0.000000|0.000000|0.000000|0.000000|0.785398|0.802502|0.017104|1.539392|1.620413|-1.620413|
20170610_164025|134219|1794|22.000000|1|CarroTeste2|0|circulo_r60_xc160_yc120|0|0|0|0|0.000000|0.000000|0.000000|0.000000|0.000000|0.000000|0.000000|0.000000|0.000000|0.000000|0.000000|0.000000|
20170610_164025|134226|1794|22.000000|1|CarroTeste|0|circulo_r60_xc160_yc120|0|0|0|0|0.000000|0.000000|0.000000|0.000000|0.000000|0.000000|0.000000|0.000000|0.000000|0.000000|0.000000|0.000000|
20170610_164025|134314|1796|9.615385|1|Caçula|1|circulo_r60_xc160_yc120|0|0|208|180|0.000000|0.000000|0.000000|0.000000|0.000000|0.000000|0.785398|0.601243|-0.184155|-16.574179|-17.446505|17.446505|
20170610_164025|134320|1796|9.615385|1|CarroTeste2|0|circulo_r60_xc160_yc120|0|0|0|0|0.000000|0.000000|0.000000|0.000000|0.000000|0.000000|0.000000|0.000000|0.000000|0.000000|0.000000|0.000000|
20170610_164025|134328|1796|9.615385|1|CarroTeste|0|circulo_r60_xc160_yc120|0|0|0|0|0.000000|0.000000|0.000000|0.000000|0.000000|0.000000|0.000000|0.000000|0.000000|0.000000|0.000000|0.000000|
20170610_164025|134407|1798|10.752688|1|Caçula|1|circulo_r60_xc160_yc120|0|0|208|180|0.000000|0.000000|0.000000|0.000000|0.000000|0.000000|0.785398|0.442604|-0.342794|-30.851768|-32.475546|32.475546|
20170610_164025|134413|1798|10.752688|1|CarroTeste2|0|circulo_r60_xc160_yc120|0|0|0|0|0.000000|0.000000|0.000000|0.000000|0.000000|0.000000|0.000000|0.000000|0.000000|0.000000|0.000000|0.000000|
20170610_164025|134419|1798|10.752688|1|CarroTeste|0|circulo_r60_xc160_yc120|0|0|0|0|0.000000|0.000000|0.000000|0.000000|0.000000|0.000000|0.000000|0.000000|0.000000|0.000000|0.000000|0.000000|
20170610_164025|134508|1800|10.869565|1|Caçula|1|circulo_r60_xc160_yc120|0|0|208|180|0.000000|0.000000|0.000000|0.000000|0.000000|0.000000|0.785398|0.323742|-0.461657|-41.549516|-43.736333|43.736333|
20170610_164025|134515|1800|10.869565|1|CarroTeste2|0|circulo_r60_xc160_yc120|0|0|0|0|0.000000|0.000000|0.000000|0.000000|0.000000|0.000000|0.000000|0.000000|0.000000|0.000000|0.000000|0.000000|
20170610_164025|134521|1800|10.869565|1|CarroTeste|0|circulo_r60_xc160_yc120|0|0|0|0|0.000000|0.000000|0.000000|0.000000|0.000000|0.000000|0.000000|0.000000|0.000000|0.000000|0.000000|0.000000|
20170610_164025|134605|1802|10.204082|1|Caçula|1|circulo_r60_xc160_yc120|0|0|207|180|0.000000|0.000000|0.000000|0.000000|0.000000|0.000000|0.785398|0.265684|-0.519714|-46.774751|-49.236581|49.236581|
20170610_164025|134611|1802|10.204082|1|CarroTeste2|0|circulo_r60_xc160_yc120|0|0|0|0|0.000000|0.000000|0.000000|0.000000|0.000000|0.000000|0.000000|0.000000|0.000000|0.000000|0.000000|0.000000|
20170610_164025|134618|1802|10.204082|1|CarroTeste|0|circulo_r60_xc160_yc120|0|0|0|0|0.000000|0.000000|0.000000|0.000000|0.000000|0.000000|0.000000|0.000000|0.000000|0.000000|0.000000|0.000000|
20170610_164025|134691|1804|11.764706|1|Caçula|1|circulo_r60_xc160_yc120|0|0|208|179|0.000000|0.000000|0.000000|0.000000|0.000000|0.000000|0.785398|0.273287|-0.512111|-46.090452|-48.516266|48.516266|
20170610_164025|134698|1804|11.764706|1|CarroTeste2|0|circulo_r60_xc160_yc120|0|0|0|0|0.000000|0.000000|0.000000|0.000000|0.000000|0.000000|0.000000|0.000000|0.000000|0.000000|0.000000|0.000000|
20170610_164025|134704|1804|11.764706|1|CarroTeste|0|circulo_r60_xc160_yc120|0|0|0|0|0.000000|0.000000|0.000000|0.000000|0.000000|0.000000|0.000000|0.000000|0.000000|0.000000|0.000000|0.000000|
20170610_164025|134779|1806|10.869565|1|Caçula|1|circulo_r60_xc160_yc120|0|0|207|177|0.000000|0.000000|0.000000|0.000000|0.000000|0.000000|0.785398|0.341904|-0.443494|-39.914847|-42.015629|42.015629|
20170610_164025|134785|1806|10.869565|1|CarroTeste2|0|circulo_r60_xc160_yc120|0|0|0|0|0.000000|0.000000|0.000000|0.000000|0.000000|0.000000|0.000000|0.000000|0.000000|0.000000|0.000000|0.000000|
20170610_164025|134790|1806|10.869565|1|CarroTeste|0|circulo_r60_xc160_yc120|0|0|0|0|0.000000|0.000000|0.000000|0.000000|0.000000|0.000000|0.000000|0.000000|0.000000|0.000000|0.000000|0.000000|
20170610_164025|134875|1808|10.752688|1|Caçula|1|circulo_r60_xc160_yc120|0|0|206|176|0.000000|0.000000|0.000000|0.000000|0.000000|0.000000|0.785398|0.467609|-0.317789|-28.601299|-30.106631|30.106631|
20170610_164025|134881|1808|10.752688|1|CarroTeste2|0|circulo_r60_xc160_yc120|0|0|0|0|0.000000|0.000000|0.000000|0.000000|0.000000|0.000000|0.000000|0.000000|0.000000|0.000000|0.000000|0.000000|
20170610_164025|134888|1808|10.752688|1|CarroTeste|0|circulo_r60_xc160_yc120|0|0|0|0|0.000000|0.000000|0.000000|0.000000|0.000000|0.000000|0.000000|0.000000|0.000000|0.000000|0.000000|0.000000|
20170610_164025|134994|1810|10.752688|1|Caçula|1|circulo_r60_xc160_yc120|0|0|205|175|0.000000|0.000000|0.000000|0.000000|0.000000|0.000000|0.785398|0.633642|-0.151757|-13.658235|-14.377090|14.377090|
20170610_164025|135000|1810|10.752688|1|CarroTeste2|0|circulo_r60_xc160_yc120|0|0|0|0|0.000000|0.000000|0.000000|0.000000|0.000000|0.000000|0.000000|0.000000|0.000000|0.000000|0.000000|0.000000|
20170610_164025|135006|1810|10.752688|1|CarroTeste|0|circulo_r60_xc160_yc120|0|0|0|0|0.000000|0.000000|0.000000|0.000000|0.000000|0.000000|0.000000|0.000000|0.000000|0.000000|0.000000|0.000000|
20170610_164026|135116|1812|6.993007|1|Caçula|1|circulo_r60_xc160_yc120|0|0|202|174|0.000000|0.000000|0.000000|0.000000|0.000000|0.000000|0.785398|0.918159|0.132761|11.948703|12.577582|-12.577582|
20170610_164026|135121|1812|6.993007|1|CarroTeste2|0|circulo_r60_xc160_yc120|0|0|0|0|0.000000|0.000000|0.000000|0.000000|0.000000|0.000000|0.000000|0.000000|0.000000|0.000000|0.000000|0.000000|
20170610_164026|135129|1812|6.993007|1|CarroTeste|0|circulo_r60_xc160_yc120|0|0|0|0|0.000000|0.000000|0.000000|0.000000|0.000000|0.000000|0.000000|0.000000|0.000000|0.000000|0.000000|0.000000|
20170610_164026|135209|1814|11.235955|1|Caçula|1|circulo_r60_xc160_yc120|0|0|199|175|0.000000|0.000000|0.000000|0.000000|0.000000|0.000000|3.926991|1.080792|-2.846199|-256.160443|-255.000000|255.000000|
20170610_164026|135215|1814|11.235955|1|CarroTeste2|0|circulo_r60_xc160_yc120|0|0|0|0|0.000000|0.000000|0.000000|0.000000|0.000000|0.000000|0.000000|0.000000|0.000000|0.000000|0.000000|0.000000|
20170610_164026|135224|1814|11.235955|1|CarroTeste|0|circulo_r60_xc160_yc120|0|0|0|0|0.000000|0.000000|0.000000|0.000000|0.000000|0.000000|0.000000|0.000000|0.000000|0.000000|0.000000|0.000000|
20170610_164026|135306|1816|10.989011|1|Caçula|1|circulo_r60_xc160_yc120|0|0|199|175|0.000000|0.000000|0.000000|0.000000|0.000000|0.000000|0.785398|1.204310|0.418911|37.702378|39.686714|-39.686714|
20170610_164026|135314|1816|10.989011|1|CarroTeste2|0|circulo_r60_xc160_yc120|0|0|0|0|0.000000|0.000000|0.000000|0.000000|0.000000|0.000000|0.000000|0.000000|0.000000|0.000000|0.000000|0.000000|
20170610_164026|135323|1816|10.989011|1|CarroTeste|0|circulo_r60_xc160_yc120|0|0|0|0|0.000000|0.000000|0.000000|0.000000|0.000000|0.000000|0.000000|0.000000|0.000000|0.000000|0.000000|0.000000|
20170610_164026|135443|1818|6.896552|1|Caçula|1|circulo_r60_xc160_yc120|0|0|199|175|0.000000|0.000000|0.000000|0.000000|0.000000|0.000000|0.785398|1.306735|0.521337|46.921048|49.390577|-49.390577|
20170610_164026|135449|1818|6.896552|1|CarroTeste2|0|circulo_r60_xc160_yc120|0|0|0|0|0.000000|0.000000|0.000000|0.000000|0.000000|0.000000|0.000000|0.000000|0.000000|0.000000|0.000000|0.000000|
20170610_164026|135454|1818|6.896552|1|CarroTeste|0|circulo_r60_xc160_yc120|0|0|0|0|0.000000|0.000000|0.000000|0.000000|0.000000|0.000000|0.000000|0.000000|0.000000|0.000000|0.000000|0.000000|
20170610_164026|135535|1820|11.494253|1|Caçula|1|circulo_r60_xc160_yc120|0|0|199|183|0.000000|0.000000|0.000000|0.000000|0.000000|0.000000|0.785398|1.294143|0.508745|45.787517|48.197387|-48.197387|
20170610_164026|135542|1820|11.494253|1|CarroTeste2|0|circulo_r60_xc160_yc120|0|0|0|0|0.000000|0.000000|0.000000|0.000000|0.000000|0.000000|0.000000|0.000000|0.000000|0.000000|0.000000|0.000000|
20170610_164026|135547|1820|11.494253|1|CarroTeste|0|circulo_r60_xc160_yc120|0|0|0|0|0.000000|0.000000|0.000000|0.000000|0.000000|0.000000|0.000000|0.000000|0.000000|0.000000|0.000000|0.000000|
20170610_164026|135624|1822|10.204082|1|Caçula|1|circulo_r60_xc160_yc120|0|0|201|184|0.000000|0.000000|0.000000|0.000000|0.000000|0.000000|3.926991|1.212832|-2.714158|-244.276913|-255.000000|255.000000|
20170610_164026|135630|1822|10.204082|1|CarroTeste2|0|circulo_r60_xc160_yc120|0|0|0|0|0.000000|0.000000|0.000000|0.000000|0.000000|0.000000|0.000000|0.000000|0.000000|0.000000|0.000000|0.000000|
20170610_164026|135635|1822|10.204082|1|CarroTeste|0|circulo_r60_xc160_yc120|0|0|0|0|0.000000|0.000000|0.000000|0.000000|0.000000|0.000000|0.000000|0.000000|0.000000|0.000000|0.000000|0.000000|
20170610_164026|135713|1824|11.627907|1|Caçula|1|circulo_r60_xc160_yc120|0|0|199|183|0.000000|0.000000|0.000000|0.000000|0.000000|0.000000|0.785398|1.092629|0.307231|27.651035|29.106353|-29.106353|
20170610_164026|135718|1824|11.627907|1|CarroTeste2|0|circulo_r60_xc160_yc120|0|0|0|0|0.000000|0.000000|0.000000|0.000000|0.000000|0.000000|0.000000|0.000000|0.000000|0.000000|0.000000|0.000000|
20170610_164026|135724|1824|11.627907|1|CarroTeste|0|circulo_r60_xc160_yc120|0|0|0|0|0.000000|0.000000|0.000000|0.000000|0.000000|0.000000|0.000000|0.000000|0.000000|0.000000|0.000000|0.000000|
20170610_164026|135805|1826|10.752688|1|Caçula|1|circulo_r60_xc160_yc120|0|0|198|182|0.000000|0.000000|0.000000|0.000000|0.000000|0.000000|3.926991|0.926415|-3.000575|-270.054568|-255.000000|255.000000|
20170610_164026|135810|1826|10.752688|1|CarroTeste2|0|circulo_r60_xc160_yc120|0|0|0|0|0.000000|0.000000|0.000000|0.000000|0.000000|0.000000|0.000000|0.000000|0.000000|0.000000|0.000000|0.000000|
20170610_164026|135816|1826|10.752688|1|CarroTeste|0|circulo_r60_xc160_yc120|0|0|0|0|0.000000|0.000000|0.000000|0.000000|0.000000|0.000000|0.000000|0.000000|0.000000|0.000000|0.000000|0.000000|
20170610_164026|135916|1828|10.638298|1|Caçula|1|circulo_r60_xc160_yc120|0|0|201|184|0.000000|0.000000|0.000000|0.000000|0.000000|0.000000|0.785398|0.732849|-0.052549|-4.729512|-4.978433|4.978433|
20170610_164026|135924|1828|10.638298|1|CarroTeste2|0|circulo_r60_xc160_yc120|0|0|0|0|0.000000|0.000000|0.000000|0.000000|0.000000|0.000000|0.000000|0.000000|0.000000|0.000000|0.000000|0.000000|
20170610_164026|135931|1828|10.638298|1|CarroTeste|0|circulo_r60_xc160_yc120|0|0|0|0|0.000000|0.000000|0.000000|0.000000|0.000000|0.000000|0.000000|0.000000|0.000000|0.000000|0.000000|0.000000|
20170610_164026|135998|1830|11.111111|1|Caçula|1|circulo_r60_xc160_yc120|0|0|203|184|0.000000|0.000000|0.000000|0.000000|0.000000|0.000000|0.785398|0.566039|-0.219359|-19.742517|-20.781597|20.781597|
20170610_164026|136003|1830|11.111111|1|CarroTeste2|0|circulo_r60_xc160_yc120|0|0|0|0|0.000000|0.000000|0.000000|0.000000|0.000000|0.000000|0.000000|0.000000|0.000000|0.000000|0.000000|0.000000|
20170610_164026|136008|1830|11.111111|1|CarroTeste|0|circulo_r60_xc160_yc120|0|0|0|0|0.000000|0.000000|0.000000|0.000000|0.000000|0.000000|0.000000|0.000000|0.000000|0.000000|0.000000|0.000000|
20170610_164027|136101|1832|10.309278|1|Caçula|1|circulo_r60_xc160_yc120|0|0|207|178|0.000000|0.000000|0.000000|0.000000|0.000000|0.000000|0.785398|0.407789|-0.377609|-33.985181|-35.773875|35.773875|
20170610_164027|136107|1832|10.309278|1|CarroTeste2|0|circulo_r60_xc160_yc120|0|0|0|0|0.000000|0.000000|0.000000|0.000000|0.000000|0.000000|0.000000|0.000000|0.000000|0.000000|0.000000|0.000000|
20170610_164027|136115|1832|10.309278|1|CarroTeste|0|circulo_r60_xc160_yc120|0|0|0|0|0.000000|0.000000|0.000000|0.000000|0.000000|0.000000|0.000000|0.000000|0.000000|0.000000|0.000000|0.000000|
20170610_164027|136199|1834|10.204082|1|Caçula|1|circulo_r60_xc160_yc120|0|0|204|174|0.000000|0.000000|0.000000|0.000000|0.000000|0.000000|-0.785398|0.300035|1.085434|97.690086|102.831670|-102.831670|
20170610_164027|136205|1834|10.204082|1|CarroTeste2|0|circulo_r60_xc160_yc120|0|0|0|0|0.000000|0.000000|0.000000|0.000000|0.000000|0.000000|0.000000|0.000000|0.000000|0.000000|0.000000|0.000000|
20170610_164027|136212|1834|10.204082|1|CarroTeste|0|circulo_r60_xc160_yc120|0|0|0|0|0.000000|0.000000|0.000000|0.000000|0.000000|0.000000|0.000000|0.000000|0.000000|0.000000|0.000000|0.000000|
20170610_164027|136290|1836|11.363636|1|Caçula|1|circulo_r60_xc160_yc120|0|0|203|174|0.000000|0.000000|0.000000|0.000000|0.000000|0.000000|0.785398|0.262428|-0.522970|-47.067758|-49.545009|49.545009|
20170610_164027|136296|1836|11.363636|1|CarroTeste2|0|circulo_r60_xc160_yc120|0|0|0|0|0.000000|0.000000|0.000000|0.000000|0.000000|0.000000|0.000000|0.000000|0.000000|0.000000|0.000000|0.000000|
20170610_164027|136302|1836|11.363636|1|CarroTeste|0|circulo_r60_xc160_yc120|0|0|0|0|0.000000|0.000000|0.000000|0.000000|0.000000|0.000000|0.000000|0.000000|0.000000|0.000000|0.000000|0.000000|
20170610_164027|136383|1838|10.638298|1|Caçula|1|circulo_r60_xc160_yc120|0|0|202|174|0.000000|0.000000|0.000000|0.000000|0.000000|0.000000|0.785398|0.286022|-0.499376|-44.944316|-47.309806|47.309806|
20170610_164027|136389|1838|10.638298|1|CarroTeste2|0|circulo_r60_xc160_yc120|0|0|0|0|0.000000|0.000000|0.000000|0.000000|0.000000|0.000000|0.000000|0.000000|0.000000|0.000000|0.000000|0.000000|
20170610_164027|136395|1838|10.638298|1|CarroTeste|0|circulo_r60_xc160_yc120|0|0|0|0|0.000000|0.000000|0.000000|0.000000|0.000000|0.000000|0.000000|0.000000|0.000000|0.000000|0.000000|0.000000|
20170610_164027|136474|1840|11.494253|1|Caçula|1|circulo_r60_xc160_yc120|0|0|202|174|0.000000|0.000000|0.000000|0.000000|0.000000|0.000000|0.785398|0.365699|-0.419699|-37.773324|-39.761394|39.761394|
20170610_164027|136481|1840|11.494253|1|CarroTeste2|0|circulo_r60_xc160_yc120|0|0|0|0|0.000000|0.000000|0.000000|0.000000|0.000000|0.000000|0.000000|0.000000|0.000000|0.000000|0.000000|0.000000|
20170610_164027|136487|1840|11.494253|1|CarroTeste|0|circulo_r60_xc160_yc120|0|0|0|0|0.000000|0.000000|0.000000|0.000000|0.000000|0.000000|0.000000|0.000000|0.000000|0.000000|0.000000|0.000000|
20170610_164027|136557|1842|10.752688|1|Caçula|1|circulo_r60_xc160_yc120|0|0|204|175|0.000000|0.000000|0.000000|0.000000|0.000000|0.000000|0.785398|0.497106|-0.288292|-25.946558|-27.312167|27.312167|
20170610_164027|136563|1842|10.752688|1|CarroTeste2|0|circulo_r60_xc160_yc120|0|0|0|0|0.000000|0.000000|0.000000|0.000000|0.000000|0.000000|0.000000|0.000000|0.000000|0.000000|0.000000|0.000000|
20170610_164027|136568|1842|10.752688|1|CarroTeste|0|circulo_r60_xc160_yc120|0|0|0|0|0.000000|0.000000|0.000000|0.000000|0.000000|0.000000|0.000000|0.000000|0.000000|0.000000|0.000000|0.000000|
20170610_164027|136653|1844|10.869565|1|Caçula|1|circulo_r60_xc160_yc120|0|0|202|174|0.000000|0.000000|0.000000|0.000000|0.000000|0.000000|0.785398|0.664767|-0.120632|-10.856960|-11.428379|11.428379|
20170610_164027|136658|1844|10.869565|1|CarroTeste2|0|circulo_r60_xc160_yc120|0|0|0|0|0.000000|0.000000|0.000000|0.000000|0.000000|0.000000|0.000000|0.000000|0.000000|0.000000|0.000000|0.000000|
20170610_164027|136664|1844|10.869565|1|CarroTeste|0|circulo_r60_xc160_yc120|0|0|0|0|0.000000|0.000000|0.000000|0.000000|0.000000|0.000000|0.000000|0.000000|0.000000|0.000000|0.000000|0.000000|
20170610_164027|136761|1846|10.526316|1|Caçula|1|circulo_r60_xc160_yc120|0|0|201|174|0.000000|0.000000|0.000000|0.000000|0.000000|0.000000|0.785398|0.851022|0.065624|5.906251|6.217106|-6.217106|
20170610_164027|136767|1846|10.526316|1|CarroTeste2|0|circulo_r60_xc160_yc120|0|0|0|0|0.000000|0.000000|0.000000|0.000000|0.000000|0.000000|0.000000|0.000000|0.000000|0.000000|0.000000|0.000000|
20170610_164027|136773|1846|10.526316|1|CarroTeste|0|circulo_r60_xc160_yc120|0|0|0|0|0.000000|0.000000|0.000000|0.000000|0.000000|0.000000|0.000000|0.000000|0.000000|0.000000|0.000000|0.000000|
20170610_164027|136859|1848|10.989011|1|Caçula|1|circulo_r60_xc160_yc120|0|0|199|174|0.000000|0.000000|0.000000|0.000000|0.000000|0.000000|0.785398|1.023693|0.238295|21.446762|22.575539|-22.575539|
20170610_164027|136869|1848|10.989011|1|CarroTeste2|0|circulo_r60_xc160_yc120|0|0|0|0|0.000000|0.000000|0.000000|0.000000|0.000000|0.000000|0.000000|0.000000|0.000000|0.000000|0.000000|0.000000|
20170610_164027|136878|1848|10.989011|1|CarroTeste|0|circulo_r60_xc160_yc120|0|0|0|0|0.000000|0.000000|0.000000|0.000000|0.000000|0.000000|0.000000|0.000000|0.000000|0.000000|0.000000|0.000000|
20170610_164027|136994|1850|7.142857|1|Caçula|1|circulo_r60_xc160_yc120|0|0|198|174|0.000000|0.000000|0.000000|0.000000|0.000000|0.000000|0.000000|1.228191|1.228191|110.538908|116.356746|-116.356746|
20170610_164027|136999|1850|7.142857|1|CarroTeste2|0|circulo_r60_xc160_yc120|0|0|0|0|0.000000|0.000000|0.000000|0.000000|0.000000|0.000000|0.000000|0.000000|0.000000|0.000000|0.000000|0.000000|
20170610_164027|137005|1850|7.142857|1|CarroTeste|0|circulo_r60_xc160_yc120|0|0|0|0|0.000000|0.000000|0.000000|0.000000|0.000000|0.000000|0.000000|0.000000|0.000000|0.000000|0.000000|0.000000|
20170610_164028|137086|1852|10.989011|1|Caçula|1|circulo_r60_xc160_yc120|0|0|198|174|0.000000|0.000000|0.000000|0.000000|0.000000|0.000000|0.000000|1.297234|1.297234|116.752226|122.897082|-122.897082|
20170610_164028|137091|1852|10.989011|1|CarroTeste2|0|circulo_r60_xc160_yc120|0|0|0|0|0.000000|0.000000|0.000000|0.000000|0.000000|0.000000|0.000000|0.000000|0.000000|0.000000|0.000000|0.000000|
20170610_164028|137097|1852|10.989011|1|CarroTeste|0|circulo_r60_xc160_yc120|0|0|0|0|0.000000|0.000000|0.000000|0.000000|0.000000|0.000000|0.000000|0.000000|0.000000|0.000000|0.000000|0.000000|
20170610_164028|137187|1854|10.638298|1|Caçula|1|circulo_r60_xc160_yc120|0|0|199|174|0.000000|0.000000|0.000000|0.000000|0.000000|0.000000|0.785398|1.303727|0.518329|46.650084|49.105352|-49.105352|
20170610_164028|137193|1854|10.638298|1|CarroTeste2|0|circulo_r60_xc160_yc120|0|0|0|0|0.000000|0.000000|0.000000|0.000000|0.000000|0.000000|0.000000|0.000000|0.000000|0.000000|0.000000|0.000000|
20170610_164028|137203|1854|10.638298|1|CarroTeste|0|circulo_r60_xc160_yc120|0|0|0|0|0.000000|0.000000|0.000000|0.000000|0.000000|0.000000|0.000000|0.000000|0.000000|0.000000|0.000000|0.000000|
20170610_164028|137325|1856|7.142857|1|Caçula|1|circulo_r60_xc160_yc120|0|0|201|173|0.000000|0.000000|0.000000|0.000000|0.000000|0.000000|0.000000|1.194647|1.194647|107.519901|113.178845|-113.178845|
20170610_164028|137332|1856|7.142857|1|CarroTeste2|0|circulo_r60_xc160_yc120|0|0|0|0|0.000000|0.000000|0.000000|0.000000|0.000000|0.000000|0.000000|0.000000|0.000000|0.000000|0.000000|0.000000|
20170610_164028|137337|1856|7.142857|1|CarroTeste|0|circulo_r60_xc160_yc120|0|0|0|0|0.000000|0.000000|0.000000|0.000000|0.000000|0.000000|0.000000|0.000000|0.000000|0.000000|0.000000|0.000000|
20170610_164028|137434|1858|10.638298|1|Caçula|1|circulo_r60_xc160_yc120|0|0|206|179|0.000000|0.000000|0.000000|0.000000|0.000000|0.000000|3.926991|1.055886|-2.871105|-258.402144|-255.000000|255.000000|
20170610_164028|137441|1858|10.638298|1|CarroTeste2|0|circulo_r60_xc160_yc120|0|0|0|0|0.000000|0.000000|0.000000|0.000000|0.000000|0.000000|0.000000|0.000000|0.000000|0.000000|0.000000|0.000000|
20170610_164028|137455|1858|10.638298|1|CarroTeste|0|circulo_r60_xc160_yc120|0|0|0|0|0.000000|0.000000|0.000000|0.000000|0.000000|0.000000|0.000000|0.000000|0.000000|0.000000|0.000000|0.000000|
20170610_164028|137561|1860|7.299270|1|Caçula|1|circulo_r60_xc160_yc120|0|0|205|181|0.000000|0.000000|0.000000|0.000000|0.000000|0.000000|2.356194|0.793294|-1.562901|-140.663253|-148.066584|148.066584|
20170610_164028|137567|1860|7.299270|1|CarroTeste2|0|circulo_r60_xc160_yc120|0|0|0|0|0.000000|0.000000|0.000000|0.000000|0.000000|0.000000|0.000000|0.000000|0.000000|0.000000|0.000000|0.000000|
20170610_164028|137574|1860|7.299270|1|CarroTeste|0|circulo_r60_xc160_yc120|0|0|0|0|0.000000|0.000000|0.000000|0.000000|0.000000|0.000000|0.000000|0.000000|0.000000|0.000000|0.000000|0.000000|
20170610_164028|137652|1862|10.526316|1|Caçula|1|circulo_r60_xc160_yc120|0|0|199|183|0.000000|0.000000|0.000000|0.000000|0.000000|0.000000|0.785398|0.611134|-0.174264|-15.683939|-16.509409|16.509409|
20170610_164028|137658|1862|10.526316|1|CarroTeste2|0|circulo_r60_xc160_yc120|0|0|0|0|0.000000|0.000000|0.000000|0.000000|0.000000|0.000000|0.000000|0.000000|0.000000|0.000000|0.000000|0.000000|
20170610_164028|137663|1862|10.526316|1|CarroTeste|0|circulo_r60_xc160_yc120|0|0|0|0|0.000000|0.000000|0.000000|0.000000|0.000000|0.000000|0.000000|0.000000|0.000000|0.000000|0.000000|0.000000|
20170610_164028|137741|1864|10.752688|1|Caçula|1|circulo_r60_xc160_yc120|0|0|200|183|0.000000|0.000000|0.000000|0.000000|0.000000|0.000000|3.141593|0.450631|-2.690962|-242.189067|-254.935864|254.935864|
20170610_164028|137748|1864|10.752688|1|CarroTeste2|0|circulo_r60_xc160_yc120|0|0|0|0|0.000000|0.000000|0.000000|0.000000|0.000000|0.000000|0.000000|0.000000|0.000000|0.000000|0.000000|0.000000|
20170610_164028|137749|1864|10.752688|1|CarroTeste|0|circulo_r60_xc160_yc120|0|0|0|0|0.000000|0.000000|0.000000|0.000000|0.000000|0.000000|0.000000|0.000000|0.000000|0.000000|0.000000|0.000000|
20170610_164028|137820|1866|10.989011|1|Caçula|1|circulo_r60_xc160_yc120|0|0|205|180|0.000000|0.000000|0.000000|0.000000|0.000000|0.000000|3.141593|0.333713|-2.807880|-252.711741|-255.000000|255.000000|
20170610_164028|137825|1866|10.989011|1|CarroTeste2|0|circulo_r60_xc160_yc120|0|0|0|0|0.000000|0.000000|0.000000|0.000000|0.000000|0.000000|0.000000|0.000000|0.000000|0.000000|0.000000|0.000000|
20170610_164028|137832|1866|10.989011|1|CarroTeste|0|circulo_r60_xc160_yc120|0|0|0|0|0.000000|0.000000|0.000000|0.000000|0.000000|0.000000|0.000000|0.000000|0.000000|0.000000|0.000000|0.000000|
20170610_164028|137940|1868|10.869565|1|Caçula|1|circulo_r60_xc160_yc120|0|0|202|173|0.000000|0.000000|0.000000|0.000000|0.000000|0.000000|0.785398|0.269540|-0.515858|-46.427765|-48.871332|48.871332|
20170610_164028|137949|1868|10.869565|1|CarroTeste2|0|circulo_r60_xc160_yc120|0|0|0|0|0.000000|0.000000|0.000000|0.000000|0.000000|0.000000|0.000000|0.000000|0.000000|0.000000|0.000000|0.000000|
20170610_164028|137955|1868|10.869565|1|CarroTeste|0|circulo_r60_xc160_yc120|0|0|0|0|0.000000|0.000000|0.000000|0.000000|0.000000|0.000000|0.000000|0.000000|0.000000|0.000000|0.000000|0.000000|
20170610_164028|138054|1870|7.194245|1|Caçula|1|circulo_r60_xc160_yc120|0|0|200|173|0.000000|0.000000|0.000000|0.000000|0.000000|0.000000|0.785398|0.293878|-0.491520|-44.237479|-46.565768|46.565768|
20170610_164028|138059|1870|7.194245|1|CarroTeste2|0|circulo_r60_xc160_yc120|0|0|0|0|0.000000|0.000000|0.000000|0.000000|0.000000|0.000000|0.000000|0.000000|0.000000|0.000000|0.000000|0.000000|
20170610_164028|138061|1870|7.194245|1|CarroTeste|0|circulo_r60_xc160_yc120|0|0|0|0|0.000000|0.000000|0.000000|0.000000|0.000000|0.000000|0.000000|0.000000|0.000000|0.000000|0.000000|0.000000|
20170610_164029|138155|1872|10.752688|1|Caçula|1|circulo_r60_xc160_yc120|0|0|202|183|0.000000|0.000000|0.000000|0.000000|0.000000|0.000000|3.926991|0.388321|-3.538670|-318.483600|-255.000000|255.000000|
20170610_164029|138160|1872|10.752688|1|CarroTeste2|0|circulo_r60_xc160_yc120|0|0|0|0|0.000000|0.000000|0.000000|0.000000|0.000000|0.000000|0.000000|0.000000|0.000000|0.000000|0.000000|0.000000|
20170610_164029|138165|1872|10.752688|1|CarroTeste|0|circulo_r60_xc160_yc120|0|0|0|0|0.000000|0.000000|0.000000|0.000000|0.000000|0.000000|0.000000|0.000000|0.000000|0.000000|0.000000|0.000000|
20170610_164029|138247|1874|10.638298|1|Caçula|1|circulo_r60_xc160_yc120|0|0|206|175|0.000000|0.000000|0.000000|0.000000|0.000000|0.000000|2.356194|0.529700|-1.826494|-164.386235|-173.038144|173.038144|
20170610_164029|138253|1874|10.638298|1|CarroTeste2|0|circulo_r60_xc160_yc120|0|0|0|0|0.000000|0.000000|0.000000|0.000000|0.000000|0.000000|0.000000|0.000000|0.000000|0.000000|0.000000|0.000000|
20170610_164029|138258|1874|10.638298|1|CarroTeste|0|circulo_r60_xc160_yc120|0|0|0|0|0.000000|0.000000|0.000000|0.000000|0.000000|0.000000|0.000000|0.000000|0.000000|0.000000|0.000000|0.000000|
20170610_164029|138342|1876|10.869565|1|Caçula|1|circulo_r60_xc160_yc120|0|0|205|174|0.000000|0.000000|0.000000|0.000000|0.000000|0.000000|0.785398|0.706090|-0.079308|-7.137845|-7.513521|7.513521|
20170610_164029|138348|1876|10.869565|1|CarroTeste2|0|circulo_r60_xc160_yc120|0|0|0|0|0.000000|0.000000|0.000000|0.000000|0.000000|0.000000|0.000000|0.000000|0.000000|0.000000|0.000000|0.000000|
20170610_164029|138354|1876|10.869565|1|CarroTeste|0|circulo_r60_xc160_yc120|0|0|0|0|0.000000|0.000000|0.000000|0.000000|0.000000|0.000000|0.000000|0.000000|0.000000|0.000000|0.000000|0.000000|
20170610_164029|138453|1878|10.638298|1|Caçula|1|circulo_r60_xc160_yc120|0|0|196|176|0.000000|0.000000|0.000000|0.000000|0.000000|0.000000|0.785398|0.896405|0.111007|9.990703|10.516530|-10.516530|
20170610_164029|138460|1878|10.638298|1|CarroTeste2|0|circulo_r60_xc160_yc120|0|0|0|0|0.000000|0.000000|0.000000|0.000000|0.000000|0.000000|0.000000|0.000000|0.000000|0.000000|0.000000|0.000000|
20170610_164029|138467|1878|10.638298|1|CarroTeste|0|circulo_r60_xc160_yc120|0|0|0|0|0.000000|0.000000|0.000000|0.000000|0.000000|0.000000|0.000000|0.000000|0.000000|0.000000|0.000000|0.000000|
20170610_164029|138583|1880|7.246377|1|Caçula|1|circulo_r60_xc160_yc120|0|0|199|182|0.000000|0.000000|0.000000|0.000000|0.000000|0.000000|0.785398|1.136080|0.350682|31.561849|33.222999|-33.222999|
20170610_164029|138589|1880|7.246377|1|CarroTeste2|0|circulo_r60_xc160_yc120|0|0|0|0|0.000000|0.000000|0.000000|0.000000|0.000000|0.000000|0.000000|0.000000|0.000000|0.000000|0.000000|0.000000|
20170610_164029|138595|1880|7.246377|1|CarroTeste|0|circulo_r60_xc160_yc120|0|0|0|0|0.000000|0.000000|0.000000|0.000000|0.000000|0.000000|0.000000|0.000000|0.000000|0.000000|0.000000|0.000000|
20170610_164029|138671|1882|10.752688|1|Caçula|1|circulo_r60_xc160_yc120|0|0|204|183|0.000000|0.000000|0.000000|0.000000|0.000000|0.000000|0.785398|1.248291|0.462892|41.660756|43.853428|-43.853428|
20170610_164029|138678|1882|10.752688|1|CarroTeste2|0|circulo_r60_xc160_yc120|0|0|0|0|0.000000|0.000000|0.000000|0.000000|0.000000|0.000000|0.000000|0.000000|0.000000|0.000000|0.000000|0.000000|
20170610_164029|138684|1882|10.752688|1|CarroTeste|0|circulo_r60_xc160_yc120|0|0|0|0|0.000000|0.000000|0.000000|0.000000|0.000000|0.000000|0.000000|0.000000|0.000000|0.000000|0.000000|0.000000|
20170610_164029|138767|1884|10.752688|1|Caçula|1|circulo_r60_xc160_yc120|0|0|204|183|0.000000|0.000000|0.000000|0.000000|0.000000|0.000000|0.785398|1.304702|0.519303|46.737800|49.197684|-49.197684|
20170610_164029|138772|1884|10.752688|1|CarroTeste2|0|circulo_r60_xc160_yc120|0|0|0|0|0.000000|0.000000|0.000000|0.000000|0.000000|0.000000|0.000000|0.000000|0.000000|0.000000|0.000000|0.000000|
20170610_164029|138778|1884|10.752688|1|CarroTeste|0|circulo_r60_xc160_yc120|0|0|0|0|0.000000|0.000000|0.000000|0.000000|0.000000|0.000000|0.000000|0.000000|0.000000|0.000000|0.000000|0.000000|
20170610_164029|138859|1886|10.869565|1|Caçula|1|circulo_r60_xc160_yc120|0|0|203|183|0.000000|0.000000|0.000000|0.000000|0.000000|0.000000|3.926991|1.296530|-2.630461|-236.743878|-249.204086|249.204086|
20170610_164029|138865|1886|10.869565|1|CarroTeste2|0|circulo_r60_xc160_yc120|0|0|0|0|0.000000|0.000000|0.000000|0.000000|0.000000|0.000000|0.000000|0.000000|0.000000|0.000000|0.000000|0.000000|
20170610_164029|138871|1886|10.869565|1|CarroTeste|0|circulo_r60_xc160_yc120|0|0|0|0|0.000000|0.000000|0.000000|0.000000|0.000000|0.000000|0.000000|0.000000|0.000000|0.000000|0.000000|0.000000|
20170610_164029|138956|1888|10.526316|1|Caçula|1|circulo_r60_xc160_yc120|0|0|202|183|0.000000|0.000000|0.000000|0.000000|0.000000|0.000000|2.356194|1.222121|-1.134074|-102.067751|-107.439739|107.439739|
20170610_164029|138962|1888|10.526316|1|CarroTeste2|0|circulo_r60_xc160_yc120|0|0|0|0|0.000000|0.000000|0.000000|0.000000|0.000000|0.000000|0.000000|0.000000|0.000000|0.000000|0.000000|0.000000|
20170610_164029|138969|1888|10.526316|1|CarroTeste|0|circulo_r60_xc160_yc120|0|0|0|0|0.000000|0.000000|0.000000|0.000000|0.000000|0.000000|0.000000|0.000000|0.000000|0.000000|0.000000|0.000000|
20170610_164029|139056|1890|11.111111|1|Caçula|1|circulo_r60_xc160_yc120|0|0|199|183|0.000000|0.000000|0.000000|0.000000|0.000000|0.000000|0.785398|1.099514|0.314116|28.270725|29.758658|-29.758658|
20170610_164029|139063|1890|11.111111|1|CarroTeste2|0|circulo_r60_xc160_yc120|0|0|0|0|0.000000|0.000000|0.000000|0.000000|0.000000|0.000000|0.000000|0.000000|0.000000|0.000000|0.000000|0.000000|
20170610_164029|139070|1890|11.111111|1|CarroTeste|0|circulo_r60_xc160_yc120|0|0|0|0|0.000000|0.000000|0.000000|0.000000|0.000000|0.000000|0.000000|0.000000|0.000000|0.000000|0.000000|0.000000|
20170610_164030|139152|1892|10.000000|1|Caçula|1|circulo_r60_xc160_yc120|0|0|201|183|0.000000|0.000000|0.000000|0.000000|0.000000|0.000000|2.356194|0.917523|-1.438672|-129.481883|-136.296720|136.296720|
20170610_164030|139158|1892|10.000000|1|CarroTeste2|0|circulo_r60_xc160_yc120|0|0|0|0|0.000000|0.000000|0.000000|0.000000|0.000000|0.000000|0.000000|0.000000|0.000000|0.000000|0.000000|0.000000|
20170610_164030|139164|1892|10.000000|1|CarroTeste|0|circulo_r60_xc160_yc120|0|0|0|0|0.000000|0.000000|0.000000|0.000000|0.000000|0.000000|0.000000|0.000000|0.000000|0.000000|0.000000|0.000000|
20170610_164030|139239|1894|11.363636|1|Caçula|1|circulo_r60_xc160_yc120|0|0|206|177|0.000000|0.000000|0.000000|0.000000|0.000000|0.000000|0.785398|0.743333|-0.042065|-3.785895|-3.985153|3.985153|
20170610_164030|139244|1894|11.363636|1|CarroTeste2|0|circulo_r60_xc160_yc120|0|0|0|0|0.000000|0.000000|0.000000|0.000000|0.000000|0.000000|0.000000|0.000000|0.000000|0.000000|0.000000|0.000000|
20170610_164030|139250|1894|11.363636|1|CarroTeste|0|circulo_r60_xc160_yc120|0|0|0|0|0.000000|0.000000|0.000000|0.000000|0.000000|0.000000|0.000000|0.000000|0.000000|0.000000|0.000000|0.000000|
20170610_164030|139328|1896|11.235955|1|Caçula|1|circulo_r60_xc160_yc120|0|0|205|175|0.000000|0.000000|0.000000|0.000000|0.000000|0.000000|1.570796|0.568432|-1.002365|-90.213717|-94.961808|94.961808|
20170610_164030|139334|1896|11.235955|1|CarroTeste2|0|circulo_r60_xc160_yc120|0|0|0|0|0.000000|0.000000|0.000000|0.000000|0.000000|0.000000|0.000000|0.000000|0.000000|0.000000|0.000000|0.000000|
20170610_164030|139339|1896|11.235955|1|CarroTeste|0|circulo_r60_xc160_yc120|0|0|0|0|0.000000|0.000000|0.000000|0.000000|0.000000|0.000000|0.000000|0.000000|0.000000|0.000000|0.000000|0.000000|
20170610_164030|139416|1898|10.638298|1|Caçula|1|circulo_r60_xc160_yc120|0|0|205|175|0.000000|0.000000|0.000000|0.000000|0.000000|0.000000|0.785398|0.419369|-0.366029|-32.942993|-34.676836|34.676836|
20170610_164030|139422|1898|10.638298|1|CarroTeste2|0|circulo_r60_xc160_yc120|0|0|0|0|0.000000|0.000000|0.000000|0.000000|0.000000|0.000000|0.000000|0.000000|0.000000|0.000000|0.000000|0.000000|
20170610_164030|139428|1898|10.638298|1|CarroTeste|0|circulo_r60_xc160_yc120|0|0|0|0|0.000000|0.000000|0.000000|0.000000|0.000000|0.000000|0.000000|0.000000|0.000000|0.000000|0.000000|0.000000|
20170610_164030|139618|1900|10.526316|1|Caçula|1|circulo_r60_xc160_yc120|0|0|201|173|0.000000|0.000000|0.000000|0.000000|0.000000|0.000000|0.785398|0.307245|-0.478153|-43.034201|-45.299159|45.299159|
20170610_164030|139627|1900|10.526316|1|CarroTeste2|0|circulo_r60_xc160_yc120|0|0|0|0|0.000000|0.000000|0.000000|0.000000|0.000000|0.000000|0.000000|0.000000|0.000000|0.000000|0.000000|0.000000|
20170610_164030|139634|1900|10.526316|1|CarroTeste|0|circulo_r60_xc160_yc120|0|0|0|0|0.000000|0.000000|0.000000|0.000000|0.000000|0.000000|0.000000|0.000000|0.000000|0.000000|0.000000|0.000000|
20170610_164030|139753|1902|4.366812|1|Caçula|1|circulo_r60_xc160_yc120|0|0|200|173|0.000000|0.000000|0.000000|0.000000|0.000000|0.000000|0.785398|0.311632|-0.473766|-42.640060|-44.884274|44.884274|
20170610_164030|139759|1902|4.366812|1|CarroTeste2|0|circulo_r60_xc160_yc120|0|0|0|0|0.000000|0.000000|0.000000|0.000000|0.000000|0.000000|0.000000|0.000000|0.000000|0.000000|0.000000|0.000000|
20170610_164030|139766|1902|4.366812|1|CarroTeste|0|circulo_r60_xc160_yc120|0|0|0|0|0.000000|0.000000|0.000000|0.000000|0.000000|0.000000|0.000000|0.000000|0.000000|0.000000|0.000000|0.000000|
20170610_164030|139846|1904|10.869565|1|Caçula|1|circulo_r60_xc160_yc120|0|0|195|177|0.000000|0.000000|0.000000|0.000000|0.000000|0.000000|-1.570796|0.419840|1.990636|179.159054|188.588481|-188.588481|
20170610_164030|139852|1904|10.869565|1|CarroTeste2|0|circulo_r60_xc160_yc120|0|0|0|0|0.000000|0.000000|0.000000|0.000000|0.000000|0.000000|0.000000|0.000000|0.000000|0.000000|0.000000|0.000000|
20170610_164030|139858|1904|10.869565|1|CarroTeste|0|circulo_r60_xc160_yc120|0|0|0|0|0.000000|0.000000|0.000000|0.000000|0.000000|0.000000|0.000000|0.000000|0.000000|0.000000|0.000000|0.000000|
20170610_164030|139941|1906|10.752688|1|Caçula|1|circulo_r60_xc160_yc120|0|0|195|179|0.000000|0.000000|0.000000|0.000000|0.000000|0.000000|3.926991|0.574437|-3.352554|-301.732957|-255.000000|255.000000|
20170610_164030|139947|1906|10.752688|1|CarroTeste2|0|circulo_r60_xc160_yc120|0|0|0|0|0.000000|0.000000|0.000000|0.000000|0.000000|0.000000|0.000000|0.000000|0.000000|0.000000|0.000000|0.000000|
20170610_164030|139953|1906|10.752688|1|CarroTeste|0|circulo_r60_xc160_yc120|0|0|0|0|0.000000|0.000000|0.000000|0.000000|0.000000|0.000000|0.000000|0.000000|0.000000|0.000000|0.000000|0.000000|
20170610_164030|140041|1908|10.526316|1|Caçula|1|circulo_r60_xc160_yc120|0|0|197|181|0.000000|0.000000|0.000000|0.000000|0.000000|0.000000|0.785398|0.753835|-0.031564|-2.840784|-2.990299|2.990299|
20170610_164030|140050|1908|10.526316|1|CarroTeste2|0|circulo_r60_xc160_yc120|0|0|0|0|0.000000|0.000000|0.000000|0.000000|0.000000|0.000000|0.000000|0.000000|0.000000|0.000000|0.000000|0.000000|
20170610_164030|140059|1908|10.526316|1|CarroTeste|0|circulo_r60_xc160_yc120|0|0|0|0|0.000000|0.000000|0.000000|0.000000|0.000000|0.000000|0.000000|0.000000|0.000000|0.000000|0.000000|0.000000|
20170610_164031|140175|1910|7.299270|1|Caçula|1|circulo_r60_xc160_yc120|0|0|196|179|0.000000|0.000000|0.000000|0.000000|0.000000|0.000000|0.785398|1.016045|0.230647|20.758546|21.851101|-21.851101|
20170610_164031|140181|1910|7.299270|1|CarroTeste2|0|circulo_r60_xc160_yc120|0|0|0|0|0.000000|0.000000|0.000000|0.000000|0.000000|0.000000|0.000000|0.000000|0.000000|0.000000|0.000000|0.000000|
20170610_164031|140187|1910|7.299270|1|CarroTeste|0|circulo_r60_xc160_yc120|0|0|0|0|0.000000|0.000000|0.000000|0.000000|0.000000|0.000000|0.000000|0.000000|0.000000|0.000000|0.000000|0.000000|
20170610_164031|140260|1912|10.869565|1|Caçula|1|circulo_r60_xc160_yc120|0|0|195|177|0.000000|0.000000|0.000000|0.000000|0.000000|0.000000|0.785398|1.166183|0.380785|34.271008|36.074746|-36.074746|
20170610_164031|140266|1912|10.869565|1|CarroTeste2|0|circulo_r60_xc160_yc120|0|0|0|0|0.000000|0.000000|0.000000|0.000000|0.000000|0.000000|0.000000|0.000000|0.000000|0.000000|0.000000|0.000000|
20170610_164031|140272|1912|10.869565|1|CarroTeste|0|circulo_r60_xc160_yc120|0|0|0|0|0.000000|0.000000|0.000000|0.000000|0.000000|0.000000|0.000000|0.000000|0.000000|0.000000|0.000000|0.000000|
20170610_164031|140360|1914|10.752688|1|Caçula|1|circulo_r60_xc160_yc120|0|0|195|178|0.000000|0.000000|0.000000|0.000000|0.000000|0.000000|-0.785398|1.268000|2.053398|184.807707|194.534431|-194.534431|
20170610_164031|140367|1914|10.752688|1|CarroTeste2|0|circulo_r60_xc160_yc120|0|0|0|0|0.000000|0.000000|0.000000|0.000000|0.000000|0.000000|0.000000|0.000000|0.000000|0.000000|0.000000|0.000000|
20170610_164031|140374|1914|10.752688|1|CarroTeste|0|circulo_r60_xc160_yc120|0|0|0|0|0.000000|0.000000|0.000000|0.000000|0.000000|0.000000|0.000000|0.000000|0.000000|0.000000|0.000000|0.000000|
20170610_164031|140450|1916|10.752688|1|Caçula|1|circulo_r60_xc160_yc120|0|0|195|177|0.000000|0.000000|0.000000|0.000000|0.000000|0.000000|-0.785398|1.308302|2.093700|188.434993|198.352627|-198.352627|
20170610_164031|140456|1916|10.752688|1|CarroTeste2|0|circulo_r60_xc160_yc120|0|0|0|0|0.000000|0.000000|0.000000|0.000000|0.000000|0.000000|0.000000|0.000000|0.000000|0.000000|0.000000|0.000000|
20170610_164031|140462|1916|10.752688|1|CarroTeste|0|circulo_r60_xc160_yc120|0|0|0|0|0.000000|0.000000|0.000000|0.000000|0.000000|0.000000|0.000000|0.000000|0.000000|0.000000|0.000000|0.000000|
20170610_164031|140564|1918|10.416667|1|Caçula|1|circulo_r60_xc160_yc120|0|0|195|177|0.000000|0.000000|0.000000|0.000000|0.000000|0.000000|0.785398|1.283370|0.497972|44.817980|47.176822|-47.176822|
20170610_164031|140572|1918|10.416667|1|CarroTeste2|0|circulo_r60_xc160_yc120|0|0|0|0|0.000000|0.000000|0.000000|0.000000|0.000000|0.000000|0.000000|0.000000|0.000000|0.000000|0.000000|0.000000|
20170610_164031|140580|1918|10.416667|1|CarroTeste|0|circulo_r60_xc160_yc120|0|0|0|0|0.000000|0.000000|0.000000|0.000000|0.000000|0.000000|0.000000|0.000000|0.000000|0.000000|0.000000|0.000000|
20170610_164031|140697|1920|7.352941|1|Caçula|1|circulo_r60_xc160_yc120|0|0|201|174|0.000000|0.000000|0.000000|0.000000|0.000000|0.000000|0.785398|1.126698|0.341299|30.717410|32.334116|-32.334116|
20170610_164031|140703|1920|7.352941|1|CarroTeste2|0|circulo_r60_xc160_yc120|0|0|0|0|0.000000|0.000000|0.000000|0.000000|0.000000|0.000000|0.000000|0.000000|0.000000|0.000000|0.000000|0.000000|
20170610_164031|140710|1920|7.352941|1|CarroTeste|0|circulo_r60_xc160_yc120|0|0|0|0|0.000000|0.000000|0.000000|0.000000|0.000000|0.000000|0.000000|0.000000|0.000000|0.000000|0.000000|0.000000|
20170610_164031|140788|1922|10.204082|1|Caçula|1|circulo_r60_xc160_yc120|0|0|201|183|0.000000|0.000000|0.000000|0.000000|0.000000|0.000000|3.926991|0.962142|-2.964849|-266.839321|-255.000000|255.000000|
20170610_164031|140795|1922|10.204082|1|CarroTeste2|0|circulo_r60_xc160_yc120|0|0|0|0|0.000000|0.000000|0.000000|0.000000|0.000000|0.000000|0.000000|0.000000|0.000000|0.000000|0.000000|0.000000|
20170610_164031|140802|1922|10.204082|1|CarroTeste|0|circulo_r60_xc160_yc120|0|0|0|0|0.000000|0.000000|0.000000|0.000000|0.000000|0.000000|0.000000|0.000000|0.000000|0.000000|0.000000|0.000000|
20170610_164031|140879|1924|11.764706|1|Caçula|1|circulo_r60_xc160_yc120|0|0|198|183|0.000000|0.000000|0.000000|0.000000|0.000000|0.000000|3.926991|0.799872|-3.127119|-281.443404|-255.000000|255.000000|
20170610_164031|140886|1924|11.764706|1|CarroTeste2|0|circulo_r60_xc160_yc120|0|0|0|0|0.000000|0.000000|0.000000|0.000000|0.000000|0.000000|0.000000|0.000000|0.000000|0.000000|0.000000|0.000000|
20170610_164031|140892|1924|11.764706|1|CarroTeste|0|circulo_r60_xc160_yc120|0|0|0|0|0.000000|0.000000|0.000000|0.000000|0.000000|0.000000|0.000000|0.000000|0.000000|0.000000|0.000000|0.000000|
20170610_164031|140974|1926|10.638298|1|Caçula|1|circulo_r60_xc160_yc120|0|0|197|183|0.000000|0.000000|0.000000|0.000000|0.000000|0.000000|0.785398|0.619223|-0.166175|-14.955933|-15.743087|15.743087|
20170610_164031|140981|1926|10.638298|1|CarroTeste2|0|circulo_r60_xc160_yc120|0|0|0|0|0.000000|0.000000|0.000000|0.000000|0.000000|0.000000|0.000000|0.000000|0.000000|0.000000|0.000000|0.000000|
20170610_164031|140987|1926|10.638298|1|CarroTeste|0|circulo_r60_xc160_yc120|0|0|0|0|0.000000|0.000000|0.000000|0.000000|0.000000|0.000000|0.000000|0.000000|0.000000|0.000000|0.000000|0.000000|
20170610_164032|141094|1928|10.416667|1|Caçula|1|circulo_r60_xc160_yc120|0|0|199|183|0.000000|0.000000|0.000000|0.000000|0.000000|0.000000|0.785398|0.437658|-0.347740|-31.296961|-32.944170|32.944170|
20170610_164032|141102|1928|10.416667|1|CarroTeste2|0|circulo_r60_xc160_yc120|0|0|0|0|0.000000|0.000000|0.000000|0.000000|0.000000|0.000000|0.000000|0.000000|0.000000|0.000000|0.000000|0.000000|
20170610_164032|141108|1928|10.416667|1|CarroTeste|0|circulo_r60_xc160_yc120|0|0|0|0|0.000000|0.000000|0.000000|0.000000|0.000000|0.000000|0.000000|0.000000|0.000000|0.000000|0.000000|0.000000|
20170610_164032|141201|1930|7.633588|1|Caçula|1|circulo_r60_xc160_yc120|0|0|204|178|0.000000|0.000000|0.000000|0.000000|0.000000|0.000000|3.141593|0.293652|-2.847941|-256.318403|-255.000000|255.000000|
20170610_164032|141209|1930|7.633588|1|CarroTeste2|0|circulo_r60_xc160_yc120|0|0|0|0|0.000000|0.000000|0.000000|0.000000|0.000000|0.000000|0.000000|0.000000|0.000000|0.000000|0.000000|0.000000|
20170610_164032|141215|1930|7.633588|1|CarroTeste|0|circulo_r60_xc160_yc120|0|0|0|0|0.000000|0.000000|0.000000|0.000000|0.000000|0.000000|0.000000|0.000000|0.000000|0.000000|0.000000|0.000000|
20170610_164032|141306|1932|10.309278|1|Caçula|1|circulo_r60_xc160_yc120|0|0|195|174|0.000000|0.000000|0.000000|0.000000|0.000000|0.000000|0.785398|0.261982|-0.523416|-47.108027|-49.587398|49.587398|
20170610_164032|141312|1932|10.309278|1|CarroTeste2|0|circulo_r60_xc160_yc120|0|0|0|0|0.000000|0.000000|0.000000|0.000000|0.000000|0.000000|0.000000|0.000000|0.000000|0.000000|0.000000|0.000000|
20170610_164032|141317|1932|10.309278|1|CarroTeste|0|circulo_r60_xc160_yc120|0|0|0|0|0.000000|0.000000|0.000000|0.000000|0.000000|0.000000|0.000000|0.000000|0.000000|0.000000|0.000000|0.000000|
20170610_164032|141391|1934|11.904762|1|Caçula|1|circulo_r60_xc160_yc120|0|0|194|175|0.000000|0.000000|0.000000|0.000000|0.000000|0.000000|0.785398|0.293652|-0.491746|-44.257583|-46.586930|46.586930|
20170610_164032|141397|1934|11.904762|1|CarroTeste2|0|circulo_r60_xc160_yc120|0|0|0|0|0.000000|0.000000|0.000000|0.000000|0.000000|0.000000|0.000000|0.000000|0.000000|0.000000|0.000000|0.000000|
20170610_164032|141403|1934|11.904762|1|CarroTeste|0|circulo_r60_xc160_yc120|0|0|0|0|0.000000|0.000000|0.000000|0.000000|0.000000|0.000000|0.000000|0.000000|0.000000|0.000000|0.000000|0.000000|
20170610_164032|141483|1936|10.752688|1|Caçula|1|circulo_r60_xc160_yc120|0|0|194|178|0.000000|0.000000|0.000000|0.000000|0.000000|0.000000|2.356194|0.381539|-1.974655|-177.720809|-187.074538|187.074538|
20170610_164032|141490|1936|10.752688|1|CarroTeste2|0|circulo_r60_xc160_yc120|0|0|0|0|0.000000|0.000000|0.000000|0.000000|0.000000|0.000000|0.000000|0.000000|0.000000|0.000000|0.000000|0.000000|
20170610_164032|141496|1936|10.752688|1|CarroTeste|0|circulo_r60_xc160_yc120|0|0|0|0|0.000000|0.000000|0.000000|0.000000|0.000000|0.000000|0.000000|0.000000|0.000000|0.000000|0.000000|0.000000|
20170610_164032|141597|1938|10.000000|1|Caçula|1|circulo_r60_xc160_yc120|0|0|203|181|0.000000|0.000000|0.000000|0.000000|0.000000|0.000000|3.926991|0.537778|-3.389213|-305.032571|-255.000000|255.000000|
20170610_164032|141604|1938|10.000000|1|CarroTeste2|0|circulo_r60_xc160_yc120|0|0|0|0|0.000000|0.000000|0.000000|0.000000|0.000000|0.000000|0.000000|0.000000|0.000000|0.000000|0.000000|0.000000|
20170610_164032|141614|1938|10.000000|1|CarroTeste|0|circulo_r60_xc160_yc120|0|0|0|0|0.000000|0.000000|0.000000|0.000000|0.000000|0.000000|0.000000|0.000000|0.000000|0.000000|0.000000|0.000000|
20170610_164032|141719|1940|7.407407|1|Caçula|1|circulo_r60_xc160_yc120|0|0|204|179|0.000000|0.000000|0.000000|0.000000|0.000000|0.000000|0.785398|0.793951|0.008553|0.769772|0.810287|-0.810287|
20170610_164032|141724|1940|7.407407|1|CarroTeste2|0|circulo_r60_xc160_yc120|0|0|0|0|0.000000|0.000000|0.000000|0.000000|0.000000|0.000000|0.000000|0.000000|0.000000|0.000000|0.000000|0.000000|
20170610_164032|141730|1940|7.407407|1|CarroTeste|0|circulo_r60_xc160_yc120|0|0|0|0|0.000000|0.000000|0.000000|0.000000|0.000000|0.000000|0.000000|0.000000|0.000000|0.000000|0.000000|0.000000|
20170610_164032|141806|1942|11.363636|1|Caçula|1|circulo_r60_xc160_yc120|0|0|199|173|0.000000|0.000000|0.000000|0.000000|0.000000|0.000000|3.926991|0.965853|-2.961138|-266.505030|-255.000000|255.000000|
20170610_164032|141811|1942|11.363636|1|CarroTeste2|0|circulo_r60_xc160_yc120|0|0|0|0|0.000000|0.000000|0.000000|0.000000|0.000000|0.000000|0.000000|0.000000|0.000000|0.000000|0.000000|0.000000|
20170610_164032|141817|1942|11.363636|1|CarroTeste|0|circulo_r60_xc160_yc120|0|0|0|0|0.000000|0.000000|0.000000|0.000000|0.000000|0.000000|0.000000|0.000000|0.000000|0.000000|0.000000|0.000000|
20170610_164032|141900|1944|10.869565|1|Caçula|1|circulo_r60_xc160_yc120|0|0|199|182|0.000000|0.000000|0.000000|0.000000|0.000000|0.000000|3.141593|1.126698|-2.014895|-181.342443|-190.886785|190.886785|
20170610_164032|141905|1944|10.869565|1|CarroTeste2|0|circulo_r60_xc160_yc120|0|0|0|0|0.000000|0.000000|0.000000|0.000000|0.000000|0.000000|0.000000|0.000000|0.000000|0.000000|0.000000|0.000000|
20170610_164032|141911|1944|10.869565|1|CarroTeste|0|circulo_r60_xc160_yc120|0|0|0|0|0.000000|0.000000|0.000000|0.000000|0.000000|0.000000|0.000000|0.000000|0.000000|0.000000|0.000000|0.000000|
20170610_164032|142000|1946|10.752688|1|Caçula|1|circulo_r60_xc160_yc120|0|0|204|180|0.000000|0.000000|0.000000|0.000000|0.000000|0.000000|2.356194|1.246120|-1.110074|-99.907747|-105.166050|105.166050|
20170610_164032|142006|1946|10.752688|1|CarroTeste2|0|circulo_r60_xc160_yc120|0|0|0|0|0.000000|0.000000|0.000000|0.000000|0.000000|0.000000|0.000000|0.000000|0.000000|0.000000|0.000000|0.000000|
20170610_164032|142012|1946|10.752688|1|CarroTeste|0|circulo_r60_xc160_yc120|0|0|0|0|0.000000|0.000000|0.000000|0.000000|0.000000|0.000000|0.000000|0.000000|0.000000|0.000000|0.000000|0.000000|
20170610_164033|142113|1948|10.869565|1|Caçula|1|circulo_r60_xc160_yc120|0|0|205|178|0.000000|0.000000|0.000000|0.000000|0.000000|0.000000|0.785398|1.302653|0.517255|46.553409|49.003589|-49.003589|
20170610_164033|142122|1948|10.869565|1|CarroTeste2|0|circulo_r60_xc160_yc120|0|0|0|0|0.000000|0.000000|0.000000|0.000000|0.000000|0.000000|0.000000|0.000000|0.000000|0.000000|0.000000|0.000000|
20170610_164033|142131|1948|10.869565|1|CarroTeste|0|circulo_r60_xc160_yc120|0|0|0|0|0.000000|0.000000|0.000000|0.000000|0.000000|0.000000|0.000000|0.000000|0.000000|0.000000|0.000000|0.000000|
20170610_164033|142246|1950|7.092199|1|Caçula|1|circulo_r60_xc160_yc120|0|0|194|177|0.000000|0.000000|0.000000|0.000000|0.000000|0.000000|0.785398|1.270266|0.484868|43.638766|45.935544|-45.935544|
20170610_164033|142255|1950|7.092199|1|CarroTeste2|0|circulo_r60_xc160_yc120|0|0|0|0|0.000000|0.000000|0.000000|0.000000|0.000000|0.000000|0.000000|0.000000|0.000000|0.000000|0.000000|0.000000|
20170610_164033|142261|1950|7.092199|1|CarroTeste|0|circulo_r60_xc160_yc120|0|0|0|0|0.000000|0.000000|0.000000|0.000000|0.000000|0.000000|0.000000|0.000000|0.000000|0.000000|0.000000|0.000000|
20170610_164033|142378|1952|7.142857|1|Caçula|1|circulo_r60_xc160_yc120|0|0|200|183|0.000000|0.000000|0.000000|0.000000|0.000000|0.000000|2.356194|1.104754|-1.251441|-112.631428|-118.559400|118.559400|
20170610_164033|142384|1952|7.142857|1|CarroTeste2|0|circulo_r60_xc160_yc120|0|0|0|0|0.000000|0.000000|0.000000|0.000000|0.000000|0.000000|0.000000|0.000000|0.000000|0.000000|0.000000|0.000000|
20170610_164033|142389|1952|7.142857|1|CarroTeste|0|circulo_r60_xc160_yc120|0|0|0|0|0.000000|0.000000|0.000000|0.000000|0.000000|0.000000|0.000000|0.000000|0.000000|0.000000|0.000000|0.000000|
