TimeStamp|Ticks|FrameNum|FPS|LogaDados|Robo|achou|trajetoria|Xd|Yd|Xa|Ya|DistMelhorPonto|velAtual|velDesejada|erroVel|SaidaControleLinear|angAtual|angDesejado|erroAng|SaidaControleAngular|SinalDeControle1|SinalDeControle2|
20170122_173524|34626|304|0,000000|1|CarroTeste|0|bean_a1.7_b2_xc320_yc240_scale80|0|0|0|0|0,000000|0,000000|0,000000|0,000000|0,000000|0,000000|0,000000|0,000000|39,000000|0,000000|0,000000|
20170122_173524|34637|304|0,000000|1|CarroTeste2|0|circulo_r120_xc320_yc240|0|0|0|0|0,000000|0,000000|0,000000|0,000000|0,000000|0,000000|0,000000|0,000000|39,000000|0,000000|0,000000|
20170122_173525|34764|306|0,000000|1|CarroTeste|0|bean_a1.7_b2_xc320_yc240_scale80|0|0|0|0|0,000000|0,000000|0,000000|0,000000|0,000000|0,000000|0,000000|0,000000|0,000000|0,000000|0,000000|
20170122_173525|34770|306|0,000000|1|CarroTeste2|0|circulo_r120_xc320_yc240|0|0|0|0|0,000000|0,000000|0,000000|0,000000|0,000000|0,000000|0,000000|0,000000|0,000000|0,000000|0,000000|
20170122_173525|34945|308|0,000000|1|CarroTeste|0|bean_a1.7_b2_xc320_yc240_scale80|0|0|0|0|0,000000|0,000000|0,000000|0,000000|0,000000|0,000000|0,000000|0,000000|0,000000|0,000000|0,000000|
20170122_173525|34949|308|0,000000|1|CarroTeste2|0|circulo_r120_xc320_yc240|0|0|0|0|0,000000|0,000000|0,000000|0,000000|0,000000|0,000000|0,000000|0,000000|0,000000|0,000000|0,000000|
20170122_173525|35069|310|0,000000|1|CarroTeste|0|bean_a1.7_b2_xc320_yc240_scale80|0|0|0|0|0,000000|0,000000|0,000000|0,000000|0,000000|0,000000|0,000000|0,000000|0,000000|0,000000|0,000000|
20170122_173525|35075|310|0,000000|1|CarroTeste2|0|circulo_r120_xc320_yc240|0|0|0|0|0,000000|0,000000|0,000000|0,000000|0,000000|0,000000|0,000000|0,000000|0,000000|0,000000|0,000000|
20170122_173525|35223|312|0,000000|1|CarroTeste|0|bean_a1.7_b2_xc320_yc240_scale80|0|0|0|0|0,000000|0,000000|0,000000|0,000000|0,000000|0,000000|0,000000|0,000000|0,000000|0,000000|0,000000|
20170122_173525|35229|312|0,000000|1|CarroTeste2|0|circulo_r120_xc320_yc240|0|0|0|0|0,000000|0,000000|0,000000|0,000000|0,000000|0,000000|0,000000|0,000000|0,000000|0,000000|0,000000|
20170122_173525|35422|314|0,000000|1|CarroTeste|0|bean_a1.7_b2_xc320_yc240_scale80|0|0|0|0|0,000000|0,000000|0,000000|0,000000|0,000000|0,000000|0,000000|0,000000|0,000000|0,000000|0,000000|
20170122_173525|35427|314|0,000000|1|CarroTeste2|0|circulo_r120_xc320_yc240|0|0|0|0|0,000000|0,000000|0,000000|0,000000|0,000000|0,000000|0,000000|0,000000|0,000000|0,000000|0,000000|
20170122_173525|35547|316|0,000000|1|CarroTeste|0|bean_a1.7_b2_xc320_yc240_scale80|0|0|0|0|0,000000|0,000000|0,000000|0,000000|0,000000|0,000000|0,000000|0,000000|0,000000|0,000000|0,000000|
20170122_173525|35553|316|0,000000|1|CarroTeste2|0|circulo_r120_xc320_yc240|0|0|0|0|0,000000|0,000000|0,000000|0,000000|0,000000|0,000000|0,000000|0,000000|0,000000|0,000000|0,000000|
20170122_173525|35671|318|0,000000|1|CarroTeste|0|bean_a1.7_b2_xc320_yc240_scale80|0|0|0|0|0,000000|-1,#QNAN0|0,000000|-1,#QNAN0|0,000000|0,000000|0,000000|0,000000|0,000000|0,000000|0,000000|
20170122_173525|35682|318|0,000000|1|CarroTeste2|0|circulo_r120_xc320_yc240|0|0|0|0|0,000000|-1,#QNAN0|0,000000|-1,#QNAN0|0,000000|0,000000|0,000000|0,000000|0,000000|0,000000|0,000000|
20170122_173526|35862|320|0,000000|1|CarroTeste|0|bean_a1.7_b2_xc320_yc240_scale80|0|0|0|0|0,000000|-1,#QNAN0|0,000000|-1,#QNAN0|0,000000|0,000000|0,000000|0,000000|0,000000|0,000000|0,000000|
20170122_173526|35868|320|0,000000|1|CarroTeste2|0|circulo_r120_xc320_yc240|0|0|0|0|0,000000|-1,#QNAN0|0,000000|-1,#QNAN0|0,000000|0,000000|0,000000|0,000000|0,000000|0,000000|0,000000|
20170122_173526|36007|322|0,000000|1|CarroTeste|0|bean_a1.7_b2_xc320_yc240_scale80|0|0|0|0|0,000000|-1,#QNAN0|0,000000|-1,#QNAN0|0,000000|0,000000|0,000000|0,000000|0,000000|0,000000|0,000000|
20170122_173526|36011|322|0,000000|1|CarroTeste2|0|circulo_r120_xc320_yc240|0|0|0|0|0,000000|-1,#QNAN0|0,000000|-1,#QNAN0|0,000000|0,000000|0,000000|0,000000|0,000000|0,000000|0,000000|
20170122_173526|36155|324|0,000000|1|CarroTeste|0|bean_a1.7_b2_xc320_yc240_scale80|0|0|0|0|0,000000|-1,#QNAN0|0,000000|-1,#QNAN0|0,000000|0,000000|0,000000|0,000000|0,000000|0,000000|0,000000|
20170122_173526|36160|324|0,000000|1|CarroTeste2|0|circulo_r120_xc320_yc240|0|0|0|0|0,000000|-1,#QNAN0|0,000000|-1,#QNAN0|0,000000|0,000000|0,000000|0,000000|0,000000|0,000000|0,000000|
20170122_173526|36348|326|0,000000|1|CarroTeste|0|bean_a1.7_b2_xc320_yc240_scale80|0|0|0|0|0,000000|-1,#QNAN0|0,000000|-1,#QNAN0|0,000000|0,000000|0,000000|0,000000|0,000000|0,000000|0,000000|
20170122_173526|36353|326|0,000000|1|CarroTeste2|0|circulo_r120_xc320_yc240|0|0|0|0|0,000000|-1,#QNAN0|0,000000|-1,#QNAN0|0,000000|0,000000|0,000000|0,000000|0,000000|0,000000|0,000000|
20170122_173526|36455|328|0,000000|1|CarroTeste|0|bean_a1.7_b2_xc320_yc240_scale80|0|0|0|0|0,000000|0,000000|0,000000|0,000000|0,000000|0,000000|0,000000|0,000000|0,000000|0,000000|0,000000|
20170122_173526|36461|328|0,000000|1|CarroTeste2|0|circulo_r120_xc320_yc240|0|0|0|0|0,000000|0,000000|0,000000|0,000000|0,000000|0,000000|0,000000|0,000000|0,000000|0,000000|0,000000|
20170122_173526|36573|330|0,000000|1|CarroTeste|0|bean_a1.7_b2_xc320_yc240_scale80|0|0|0|0|0,000000|0,000000|0,000000|0,000000|0,000000|0,000000|0,000000|0,000000|59,000000|0,000000|0,000000|
20170122_173526|36579|330|0,000000|1|CarroTeste2|0|circulo_r120_xc320_yc240|0|0|0|0|0,000000|0,000000|0,000000|0,000000|0,000000|0,000000|0,000000|0,000000|59,000000|0,000000|0,000000|
20170122_173527|36709|332|0,000000|1|CarroTeste|0|bean_a1.7_b2_xc320_yc240_scale80|0|0|0|0|0,000000|0,000000|0,000000|0,000000|0,000000|0,000000|0,000000|0,000000|0,000000|0,000000|0,000000|
20170122_173527|36716|332|0,000000|1|CarroTeste2|0|circulo_r120_xc320_yc240|0|0|0|0|0,000000|0,000000|0,000000|0,000000|0,000000|0,000000|0,000000|0,000000|0,000000|0,000000|0,000000|
20170122_173527|36848|334|0,000000|1|CarroTeste|0|bean_a1.7_b2_xc320_yc240_scale80|0|0|0|0|0,000000|0,000000|0,000000|0,000000|0,000000|0,000000|0,000000|0,000000|0,000000|0,000000|0,000000|
20170122_173527|36854|334|0,000000|1|CarroTeste2|0|circulo_r120_xc320_yc240|0|0|0|0|0,000000|0,000000|0,000000|0,000000|0,000000|0,000000|0,000000|0,000000|0,000000|0,000000|0,000000|
20170122_173527|36967|336|0,000000|1|CarroTeste|0|bean_a1.7_b2_xc320_yc240_scale80|0|0|0|0|0,000000|-1,#QNAN0|0,000000|-1,#QNAN0|0,000000|0,000000|0,000000|0,000000|0,000000|0,000000|0,000000|
20170122_173527|36973|336|0,000000|1|CarroTeste2|0|circulo_r120_xc320_yc240|0|0|0|0|0,000000|-1,#QNAN0|0,000000|-1,#QNAN0|0,000000|0,000000|0,000000|0,000000|0,000000|0,000000|0,000000|
20170122_173527|37158|338|0,000000|1|CarroTeste|0|bean_a1.7_b2_xc320_yc240_scale80|0|0|0|0|0,000000|-1,#QNAN0|0,000000|-1,#QNAN0|0,000000|0,000000|0,000000|0,000000|0,000000|0,000000|0,000000|
20170122_173527|37163|338|0,000000|1|CarroTeste2|0|circulo_r120_xc320_yc240|0|0|0|0|0,000000|-1,#QNAN0|0,000000|-1,#QNAN0|0,000000|0,000000|0,000000|0,000000|0,000000|0,000000|0,000000|
20170122_173527|37281|340|0,000000|1|CarroTeste|0|bean_a1.7_b2_xc320_yc240_scale80|0|0|0|0|0,000000|0,000000|0,000000|0,000000|0,000000|0,000000|0,000000|0,000000|0,000000|0,000000|0,000000|
20170122_173527|37287|340|0,000000|1|CarroTeste2|0|circulo_r120_xc320_yc240|0|0|0|0|0,000000|0,000000|0,000000|0,000000|0,000000|0,000000|0,000000|0,000000|0,000000|0,000000|0,000000|
20170122_173527|37507|342|0,000000|1|CarroTeste|0|bean_a1.7_b2_xc320_yc240_scale80|0|0|0|0|0,000000|0,000000|0,000000|0,000000|0,000000|0,000000|0,000000|0,000000|0,000000|0,000000|0,000000|
20170122_173527|37513|342|0,000000|1|CarroTeste2|0|circulo_r120_xc320_yc240|0|0|0|0|0,000000|0,000000|0,000000|0,000000|0,000000|0,000000|0,000000|0,000000|0,000000|0,000000|0,000000|
20170122_173527|37650|344|0,000000|1|CarroTeste|0|bean_a1.7_b2_xc320_yc240_scale80|0|0|0|0|0,000000|0,000000|0,000000|0,000000|0,000000|0,000000|0,000000|0,000000|0,000000|0,000000|0,000000|
20170122_173527|37657|344|0,000000|1|CarroTeste2|0|circulo_r120_xc320_yc240|0|0|0|0|0,000000|0,000000|0,000000|0,000000|0,000000|0,000000|0,000000|0,000000|0,000000|0,000000|0,000000|
20170122_173528|37859|346|0,000000|1|CarroTeste|0|bean_a1.7_b2_xc320_yc240_scale80|0|0|0|0|0,000000|0,000000|0,000000|0,000000|0,000000|0,000000|0,000000|0,000000|0,000000|0,000000|0,000000|
20170122_173528|37864|346|0,000000|1|CarroTeste2|0|circulo_r120_xc320_yc240|0|0|0|0|0,000000|0,000000|0,000000|0,000000|0,000000|0,000000|0,000000|0,000000|0,000000|0,000000|0,000000|
20170122_173528|38016|348|0,000000|1|CarroTeste|0|bean_a1.7_b2_xc320_yc240_scale80|0|0|0|0|0,000000|0,000000|0,000000|0,000000|0,000000|0,000000|0,000000|0,000000|0,000000|0,000000|0,000000|
20170122_173528|38021|348|0,000000|1|CarroTeste2|0|circulo_r120_xc320_yc240|0|0|0|0|0,000000|0,000000|0,000000|0,000000|0,000000|0,000000|0,000000|0,000000|0,000000|0,000000|0,000000|
20170122_173528|38165|350|0,000000|1|CarroTeste|0|bean_a1.7_b2_xc320_yc240_scale80|0|0|0|0|0,000000|0,000000|0,000000|0,000000|0,000000|0,000000|0,000000|0,000000|0,000000|0,000000|0,000000|
20170122_173528|38172|350|0,000000|1|CarroTeste2|0|circulo_r120_xc320_yc240|0|0|0|0|0,000000|0,000000|0,000000|0,000000|0,000000|0,000000|0,000000|0,000000|0,000000|0,000000|0,000000|
20170122_173528|38286|352|0,000000|1|CarroTeste|0|bean_a1.7_b2_xc320_yc240_scale80|0|0|0|0|0,000000|0,000000|0,000000|0,000000|0,000000|0,000000|0,000000|0,000000|0,000000|0,000000|0,000000|
20170122_173528|38293|352|0,000000|1|CarroTeste2|0|circulo_r120_xc320_yc240|0|0|0|0|0,000000|0,000000|0,000000|0,000000|0,000000|0,000000|0,000000|0,000000|0,000000|0,000000|0,000000|
20170122_173528|38464|354|0,000000|1|CarroTeste|0|bean_a1.7_b2_xc320_yc240_scale80|0|0|0|0|0,000000|0,000000|0,000000|0,000000|0,000000|0,000000|0,000000|0,000000|0,000000|0,000000|0,000000|
20170122_173528|38471|354|0,000000|1|CarroTeste2|0|circulo_r120_xc320_yc240|0|0|0|0|0,000000|0,000000|0,000000|0,000000|0,000000|0,000000|0,000000|0,000000|0,000000|0,000000|0,000000|
20170122_173528|38592|356|0,000000|1|CarroTeste|0|bean_a1.7_b2_xc320_yc240_scale80|0|0|0|0|0,000000|0,000000|0,000000|0,000000|0,000000|0,000000|0,000000|0,000000|0,000000|0,000000|0,000000|
20170122_173528|38597|356|0,000000|1|CarroTeste2|0|circulo_r120_xc320_yc240|0|0|0|0|0,000000|0,000000|0,000000|0,000000|0,000000|0,000000|0,000000|0,000000|0,000000|0,000000|0,000000|
20170122_173529|38725|358|0,000000|1|CarroTeste|0|bean_a1.7_b2_xc320_yc240_scale80|0|0|0|0|0,000000|0,000000|0,000000|0,000000|0,000000|0,000000|0,000000|0,000000|0,000000|0,000000|0,000000|
20170122_173529|38731|358|0,000000|1|CarroTeste2|0|circulo_r120_xc320_yc240|0|0|0|0|0,000000|0,000000|0,000000|0,000000|0,000000|0,000000|0,000000|0,000000|0,000000|0,000000|0,000000|
20170122_173529|38914|360|0,000000|1|CarroTeste|0|bean_a1.7_b2_xc320_yc240_scale80|0|0|0|0|0,000000|0,000000|0,000000|0,000000|0,000000|0,000000|0,000000|0,000000|0,000000|0,000000|0,000000|
20170122_173529|38922|360|0,000000|1|CarroTeste2|0|circulo_r120_xc320_yc240|0|0|0|0|0,000000|0,000000|0,000000|0,000000|0,000000|0,000000|0,000000|0,000000|0,000000|0,000000|0,000000|
20170122_173529|39100|362|0,000000|1|CarroTeste|0|bean_a1.7_b2_xc320_yc240_scale80|0|0|0|0|0,000000|0,000000|0,000000|0,000000|0,000000|0,000000|0,000000|0,000000|0,000000|0,000000|0,000000|
20170122_173529|39105|362|0,000000|1|CarroTeste2|0|circulo_r120_xc320_yc240|0|0|0|0|0,000000|0,000000|0,000000|0,000000|0,000000|0,000000|0,000000|0,000000|0,000000|0,000000|0,000000|
20170122_173529|39240|364|0,000000|1|CarroTeste|0|bean_a1.7_b2_xc320_yc240_scale80|0|0|0|0|0,000000|0,000000|0,000000|0,000000|0,000000|0,000000|0,000000|0,000000|226,000000|0,000000|0,000000|
20170122_173529|39248|364|0,000000|1|CarroTeste2|0|circulo_r120_xc320_yc240|0|0|0|0|0,000000|0,000000|0,000000|0,000000|0,000000|0,000000|0,000000|0,000000|226,000000|0,000000|0,000000|
20170122_173529|39377|366|0,000000|1|CarroTeste|0|bean_a1.7_b2_xc320_yc240_scale80|0|0|0|0|0,000000|0,000000|0,000000|0,000000|0,000000|0,000000|0,000000|0,000000|254,000000|0,000000|0,000000|
20170122_173529|39384|366|0,000000|1|CarroTeste2|0|circulo_r120_xc320_yc240|0|0|0|0|0,000000|0,000000|0,000000|0,000000|0,000000|0,000000|0,000000|0,000000|254,000000|0,000000|0,000000|
20170122_173529|39552|368|0,000000|1|CarroTeste|0|bean_a1.7_b2_xc320_yc240_scale80|0|0|0|0|0,000000|0,000000|0,000000|0,000000|0,000000|0,000000|0,000000|0,000000|292,000000|0,000000|0,000000|
20170122_173529|39561|368|0,000000|1|CarroTeste2|0|circulo_r120_xc320_yc240|0|0|0|0|0,000000|0,000000|0,000000|0,000000|0,000000|0,000000|0,000000|0,000000|292,000000|0,000000|0,000000|
20170122_173530|39700|370|0,000000|1|CarroTeste|0|bean_a1.7_b2_xc320_yc240_scale80|0|0|0|0|0,000000|0,000000|0,000000|0,000000|0,000000|0,000000|0,000000|0,000000|317,000000|0,000000|0,000000|
20170122_173530|39709|370|0,000000|1|CarroTeste2|0|circulo_r120_xc320_yc240|0|0|0|0|0,000000|0,000000|0,000000|0,000000|0,000000|0,000000|0,000000|0,000000|317,000000|0,000000|0,000000|
20170122_173530|39836|372|0,000000|1|CarroTeste|0|bean_a1.7_b2_xc320_yc240_scale80|0|0|0|0|0,000000|0,000000|0,000000|0,000000|0,000000|0,000000|0,000000|0,000000|321,000000|0,000000|0,000000|
20170122_173530|39845|372|0,000000|1|CarroTeste2|0|circulo_r120_xc320_yc240|0|0|0|0|0,000000|0,000000|0,000000|0,000000|0,000000|0,000000|0,000000|0,000000|321,000000|0,000000|0,000000|
20170122_173530|39988|374|0,000000|1|CarroTeste|0|bean_a1.7_b2_xc320_yc240_scale80|0|0|0|0|0,000000|0,000000|0,000000|0,000000|0,000000|0,000000|0,000000|0,000000|326,000000|0,000000|0,000000|
20170122_173530|39997|374|0,000000|1|CarroTeste2|0|circulo_r120_xc320_yc240|0|0|0|0|0,000000|0,000000|0,000000|0,000000|0,000000|0,000000|0,000000|0,000000|326,000000|0,000000|0,000000|
20170122_173530|40128|376|0,000000|1|CarroTeste|0|bean_a1.7_b2_xc320_yc240_scale80|0|0|0|0|0,000000|0,000000|0,000000|0,000000|0,000000|0,000000|0,000000|0,000000|326,000000|0,000000|0,000000|
20170122_173530|40140|376|0,000000|1|CarroTeste2|0|circulo_r120_xc320_yc240|0|0|0|0|0,000000|0,000000|0,000000|0,000000|0,000000|0,000000|0,000000|0,000000|326,000000|0,000000|0,000000|
20170122_173530|40248|378|0,000000|1|CarroTeste|0|bean_a1.7_b2_xc320_yc240_scale80|0|0|0|0|0,000000|0,000000|0,000000|0,000000|0,000000|0,000000|0,000000|0,000000|326,000000|0,000000|0,000000|
20170122_173530|40258|378|0,000000|1|CarroTeste2|0|circulo_r120_xc320_yc240|0|0|0|0|0,000000|0,000000|0,000000|0,000000|0,000000|0,000000|0,000000|0,000000|326,000000|0,000000|0,000000|
20170122_173530|40366|380|0,000000|1|CarroTeste|0|bean_a1.7_b2_xc320_yc240_scale80|0|0|0|0|0,000000|0,000000|0,000000|0,000000|0,000000|0,000000|0,000000|0,000000|326,000000|0,000000|0,000000|
20170122_173530|40375|380|0,000000|1|CarroTeste2|0|circulo_r120_xc320_yc240|0|0|0|0|0,000000|0,000000|0,000000|0,000000|0,000000|0,000000|0,000000|0,000000|326,000000|0,000000|0,000000|
20170122_173530|40536|382|0,000000|1|CarroTeste|0|bean_a1.7_b2_xc320_yc240_scale80|0|0|0|0|0,000000|0,000000|0,000000|0,000000|0,000000|0,000000|0,000000|0,000000|296,000000|0,000000|0,000000|
20170122_173530|40542|382|0,000000|1|CarroTeste2|0|circulo_r120_xc320_yc240|0|0|0|0|0,000000|0,000000|0,000000|0,000000|0,000000|0,000000|0,000000|0,000000|296,000000|0,000000|0,000000|
20170122_173531|40717|384|0,000000|1|CarroTeste|0|bean_a1.7_b2_xc320_yc240_scale80|0|0|0|0|0,000000|0,000000|0,000000|0,000000|0,000000|0,000000|0,000000|0,000000|139,000000|0,000000|0,000000|
20170122_173531|40722|384|0,000000|1|CarroTeste2|0|circulo_r120_xc320_yc240|0|0|0|0|0,000000|0,000000|0,000000|0,000000|0,000000|0,000000|0,000000|0,000000|139,000000|0,000000|0,000000|
20170122_173531|40831|386|0,000000|1|CarroTeste|0|bean_a1.7_b2_xc320_yc240_scale80|0|0|0|0|0,000000|0,000000|0,000000|0,000000|0,000000|0,000000|0,000000|0,000000|115,000000|0,000000|0,000000|
20170122_173531|40837|386|0,000000|1|CarroTeste2|0|circulo_r120_xc320_yc240|0|0|0|0|0,000000|0,000000|0,000000|0,000000|0,000000|0,000000|0,000000|0,000000|115,000000|0,000000|0,000000|
20170122_173531|40958|388|0,000000|1|CarroTeste|0|bean_a1.7_b2_xc320_yc240_scale80|0|0|0|0|0,000000|0,000000|0,000000|0,000000|0,000000|0,000000|0,000000|0,000000|85,000000|0,000000|0,000000|
20170122_173531|40966|388|0,000000|1|CarroTeste2|0|circulo_r120_xc320_yc240|0|0|0|0|0,000000|0,000000|0,000000|0,000000|0,000000|0,000000|0,000000|0,000000|85,000000|0,000000|0,000000|
20170122_173531|41049|390|0,000000|1|CarroTeste|0|bean_a1.7_b2_xc320_yc240_scale80|0|0|0|0|0,000000|0,000000|0,000000|0,000000|0,000000|0,000000|0,000000|0,000000|0,000000|0,000000|0,000000|
20170122_173531|41057|390|0,000000|1|CarroTeste2|0|circulo_r120_xc320_yc240|0|0|0|0|0,000000|0,000000|0,000000|0,000000|0,000000|0,000000|0,000000|0,000000|0,000000|0,000000|0,000000|
20170122_173531|41152|392|0,000000|1|CarroTeste|0|bean_a1.7_b2_xc320_yc240_scale80|0|0|0|0|0,000000|0,000000|0,000000|0,000000|0,000000|0,000000|0,000000|0,000000|68,000000|0,000000|0,000000|
20170122_173531|41159|392|0,000000|1|CarroTeste2|0|circulo_r120_xc320_yc240|0|0|0|0|0,000000|0,000000|0,000000|0,000000|0,000000|0,000000|0,000000|0,000000|68,000000|0,000000|0,000000|
20170122_173531|41299|394|0,000000|1|CarroTeste|0|bean_a1.7_b2_xc320_yc240_scale80|0|0|0|0|0,000000|0,000000|0,000000|0,000000|0,000000|0,000000|0,000000|0,000000|66,000000|0,000000|0,000000|
20170122_173531|41307|394|0,000000|1|CarroTeste2|0|circulo_r120_xc320_yc240|0|0|0|0|0,000000|0,000000|0,000000|0,000000|0,000000|0,000000|0,000000|0,000000|66,000000|0,000000|0,000000|
20170122_173531|41510|396|0,000000|1|CarroTeste|0|bean_a1.7_b2_xc320_yc240_scale80|0|0|0|0|0,000000|0,000000|0,000000|0,000000|0,000000|0,000000|0,000000|0,000000|0,000000|0,000000|0,000000|
20170122_173531|41518|396|0,000000|1|CarroTeste2|0|circulo_r120_xc320_yc240|0|0|0|0|0,000000|0,000000|0,000000|0,000000|0,000000|0,000000|0,000000|0,000000|0,000000|0,000000|0,000000|
20170122_173531|41643|398|0,000000|1|CarroTeste|0|bean_a1.7_b2_xc320_yc240_scale80|0|0|0|0|0,000000|0,000000|0,000000|0,000000|0,000000|0,000000|0,000000|0,000000|0,000000|0,000000|0,000000|
20170122_173531|41651|398|0,000000|1|CarroTeste2|0|circulo_r120_xc320_yc240|0|0|0|0|0,000000|0,000000|0,000000|0,000000|0,000000|0,000000|0,000000|0,000000|0,000000|0,000000|0,000000|
20170122_173532|41842|400|0,000000|1|CarroTeste|0|bean_a1.7_b2_xc320_yc240_scale80|0|0|0|0|0,000000|0,000000|0,000000|0,000000|0,000000|0,000000|0,000000|0,000000|0,000000|0,000000|0,000000|
20170122_173532|41847|400|0,000000|1|CarroTeste2|0|circulo_r120_xc320_yc240|0|0|0|0|0,000000|0,000000|0,000000|0,000000|0,000000|0,000000|0,000000|0,000000|0,000000|0,000000|0,000000|
20170122_173532|41941|402|0,000000|1|CarroTeste|0|bean_a1.7_b2_xc320_yc240_scale80|0|0|0|0|0,000000|0,000000|0,000000|0,000000|0,000000|0,000000|0,000000|0,000000|0,000000|0,000000|0,000000|
20170122_173532|41948|402|0,000000|1|CarroTeste2|0|circulo_r120_xc320_yc240|0|0|0|0|0,000000|0,000000|0,000000|0,000000|0,000000|0,000000|0,000000|0,000000|0,000000|0,000000|0,000000|
20170122_173532|42067|404|0,000000|1|CarroTeste|0|bean_a1.7_b2_xc320_yc240_scale80|0|0|0|0|0,000000|0,000000|0,000000|0,000000|0,000000|0,000000|0,000000|0,000000|0,000000|0,000000|0,000000|
20170122_173532|42075|404|0,000000|1|CarroTeste2|0|circulo_r120_xc320_yc240|0|0|0|0|0,000000|0,000000|0,000000|0,000000|0,000000|0,000000|0,000000|0,000000|0,000000|0,000000|0,000000|
20170122_173532|42189|406|0,000000|1|CarroTeste|0|bean_a1.7_b2_xc320_yc240_scale80|0|0|0|0|0,000000|0,000000|0,000000|0,000000|0,000000|0,000000|0,000000|0,000000|0,000000|0,000000|0,000000|
20170122_173532|42196|406|0,000000|1|CarroTeste2|0|circulo_r120_xc320_yc240|0|0|0|0|0,000000|0,000000|0,000000|0,000000|0,000000|0,000000|0,000000|0,000000|0,000000|0,000000|0,000000|
20170122_173532|42317|408|0,000000|1|CarroTeste|0|bean_a1.7_b2_xc320_yc240_scale80|0|0|0|0|0,000000|0,000000|0,000000|0,000000|0,000000|0,000000|0,000000|0,000000|0,000000|0,000000|0,000000|
20170122_173532|42325|408|0,000000|1|CarroTeste2|0|circulo_r120_xc320_yc240|0|0|0|0|0,000000|0,000000|0,000000|0,000000|0,000000|0,000000|0,000000|0,000000|0,000000|0,000000|0,000000|
20170122_173532|42404|410|0,000000|1|CarroTeste|0|bean_a1.7_b2_xc320_yc240_scale80|0|0|0|0|0,000000|0,000000|0,000000|0,000000|0,000000|0,000000|0,000000|0,000000|0,000000|0,000000|0,000000|
20170122_173532|42412|410|0,000000|1|CarroTeste2|0|circulo_r120_xc320_yc240|0|0|0|0|0,000000|0,000000|0,000000|0,000000|0,000000|0,000000|0,000000|0,000000|0,000000|0,000000|0,000000|
20170122_173532|42572|412|0,000000|1|CarroTeste|0|bean_a1.7_b2_xc320_yc240_scale80|0|0|0|0|0,000000|0,000000|0,000000|0,000000|0,000000|0,000000|0,000000|0,000000|0,000000|0,000000|0,000000|
20170122_173532|42580|412|0,000000|1|CarroTeste2|0|circulo_r120_xc320_yc240|0|0|0|0|0,000000|0,000000|0,000000|0,000000|0,000000|0,000000|0,000000|0,000000|0,000000|0,000000|0,000000|
20170122_173532|42681|414|0,000000|1|CarroTeste|0|bean_a1.7_b2_xc320_yc240_scale80|0|0|0|0|0,000000|0,000000|0,000000|0,000000|0,000000|0,000000|0,000000|0,000000|0,000000|0,000000|0,000000|
20170122_173533|42689|414|0,000000|1|CarroTeste2|0|circulo_r120_xc320_yc240|0|0|0|0|0,000000|0,000000|0,000000|0,000000|0,000000|0,000000|0,000000|0,000000|0,000000|0,000000|0,000000|
20170122_173533|42808|416|0,000000|1|CarroTeste|0|bean_a1.7_b2_xc320_yc240_scale80|0|0|0|0|0,000000|0,000000|0,000000|0,000000|0,000000|0,000000|0,000000|0,000000|0,000000|0,000000|0,000000|
20170122_173533|42817|416|0,000000|1|CarroTeste2|0|circulo_r120_xc320_yc240|0|0|0|0|0,000000|0,000000|0,000000|0,000000|0,000000|0,000000|0,000000|0,000000|0,000000|0,000000|0,000000|
20170122_173533|42931|418|0,000000|1|CarroTeste|0|bean_a1.7_b2_xc320_yc240_scale80|0|0|0|0|0,000000|0,000000|0,000000|0,000000|0,000000|0,000000|0,000000|0,000000|0,000000|0,000000|0,000000|
20170122_173533|42938|418|0,000000|1|CarroTeste2|0|circulo_r120_xc320_yc240|0|0|0|0|0,000000|0,000000|0,000000|0,000000|0,000000|0,000000|0,000000|0,000000|0,000000|0,000000|0,000000|
20170122_173533|43072|420|0,000000|1|CarroTeste|0|bean_a1.7_b2_xc320_yc240_scale80|0|0|0|0|0,000000|0,000000|0,000000|0,000000|0,000000|0,000000|0,000000|0,000000|0,000000|0,000000|0,000000|
20170122_173533|43079|420|0,000000|1|CarroTeste2|0|circulo_r120_xc320_yc240|0|0|0|0|0,000000|0,000000|0,000000|0,000000|0,000000|0,000000|0,000000|0,000000|0,000000|0,000000|0,000000|
20170122_173533|43197|422|0,000000|1|CarroTeste|0|bean_a1.7_b2_xc320_yc240_scale80|0|0|0|0|0,000000|0,000000|0,000000|0,000000|0,000000|0,000000|0,000000|0,000000|0,000000|0,000000|0,000000|
20170122_173533|43205|422|0,000000|1|CarroTeste2|0|circulo_r120_xc320_yc240|0|0|0|0|0,000000|0,000000|0,000000|0,000000|0,000000|0,000000|0,000000|0,000000|0,000000|0,000000|0,000000|
20170122_173533|43329|424|0,000000|1|CarroTeste|0|bean_a1.7_b2_xc320_yc240_scale80|0|0|0|0|0,000000|0,000000|0,000000|0,000000|0,000000|0,000000|0,000000|0,000000|0,000000|0,000000|0,000000|
20170122_173533|43338|424|0,000000|1|CarroTeste2|0|circulo_r120_xc320_yc240|0|0|0|0|0,000000|0,000000|0,000000|0,000000|0,000000|0,000000|0,000000|0,000000|0,000000|0,000000|0,000000|
20170122_173533|43508|426|0,000000|1|CarroTeste|0|bean_a1.7_b2_xc320_yc240_scale80|0|0|0|0|0,000000|0,000000|0,000000|0,000000|0,000000|0,000000|0,000000|0,000000|0,000000|0,000000|0,000000|
20170122_173533|43517|426|0,000000|1|CarroTeste2|0|circulo_r120_xc320_yc240|0|0|0|0|0,000000|0,000000|0,000000|0,000000|0,000000|0,000000|0,000000|0,000000|0,000000|0,000000|0,000000|
20170122_173533|43634|428|0,000000|1|CarroTeste|0|bean_a1.7_b2_xc320_yc240_scale80|0|0|0|0|0,000000|0,000000|0,000000|0,000000|0,000000|0,000000|0,000000|0,000000|0,000000|0,000000|0,000000|
20170122_173533|43643|428|0,000000|1|CarroTeste2|0|circulo_r120_xc320_yc240|0|0|0|0|0,000000|0,000000|0,000000|0,000000|0,000000|0,000000|0,000000|0,000000|0,000000|0,000000|0,000000|
20170122_173534|43789|430|0,000000|1|CarroTeste|0|bean_a1.7_b2_xc320_yc240_scale80|0|0|0|0|0,000000|0,000000|0,000000|0,000000|0,000000|0,000000|0,000000|0,000000|0,000000|0,000000|0,000000|
20170122_173534|43797|430|0,000000|1|CarroTeste2|0|circulo_r120_xc320_yc240|0|0|0|0|0,000000|0,000000|0,000000|0,000000|0,000000|0,000000|0,000000|0,000000|0,000000|0,000000|0,000000|
20170122_173534|43963|432|0,000000|1|CarroTeste|0|bean_a1.7_b2_xc320_yc240_scale80|0|0|0|0|0,000000|0,000000|0,000000|0,000000|0,000000|0,000000|0,000000|0,000000|0,000000|0,000000|0,000000|
20170122_173534|43970|432|0,000000|1|CarroTeste2|0|circulo_r120_xc320_yc240|0|0|0|0|0,000000|0,000000|0,000000|0,000000|0,000000|0,000000|0,000000|0,000000|0,000000|0,000000|0,000000|
20170122_173534|44173|434|0,000000|1|CarroTeste|0|bean_a1.7_b2_xc320_yc240_scale80|0|0|0|0|0,000000|0,000000|0,000000|0,000000|0,000000|0,000000|0,000000|0,000000|0,000000|0,000000|0,000000|
20170122_173534|44181|434|0,000000|1|CarroTeste2|0|circulo_r120_xc320_yc240|0|0|0|0|0,000000|0,000000|0,000000|0,000000|0,000000|0,000000|0,000000|0,000000|0,000000|0,000000|0,000000|
20170122_173534|44355|436|0,000000|1|CarroTeste|0|bean_a1.7_b2_xc320_yc240_scale80|0|0|0|0|0,000000|0,000000|0,000000|0,000000|0,000000|0,000000|0,000000|0,000000|0,000000|0,000000|0,000000|
20170122_173534|44362|436|0,000000|1|CarroTeste2|0|circulo_r120_xc320_yc240|0|0|0|0|0,000000|0,000000|0,000000|0,000000|0,000000|0,000000|0,000000|0,000000|0,000000|0,000000|0,000000|
20170122_173534|44458|438|0,000000|1|CarroTeste|0|bean_a1.7_b2_xc320_yc240_scale80|0|0|0|0|0,000000|0,000000|0,000000|0,000000|0,000000|0,000000|0,000000|0,000000|0,000000|0,000000|0,000000|
20170122_173534|44467|438|0,000000|1|CarroTeste2|0|circulo_r120_xc320_yc240|0|0|0|0|0,000000|0,000000|0,000000|0,000000|0,000000|0,000000|0,000000|0,000000|0,000000|0,000000|0,000000|
20170122_173534|44547|440|0,000000|1|CarroTeste|0|bean_a1.7_b2_xc320_yc240_scale80|0|0|0|0|0,000000|0,000000|0,000000|0,000000|0,000000|0,000000|0,000000|0,000000|0,000000|0,000000|0,000000|
20170122_173534|44556|440|0,000000|1|CarroTeste2|0|circulo_r120_xc320_yc240|0|0|0|0|0,000000|0,000000|0,000000|0,000000|0,000000|0,000000|0,000000|0,000000|0,000000|0,000000|0,000000|
20170122_173534|44679|442|0,000000|1|CarroTeste|0|bean_a1.7_b2_xc320_yc240_scale80|0|0|0|0|0,000000|0,000000|0,000000|0,000000|0,000000|0,000000|0,000000|0,000000|0,000000|0,000000|0,000000|
20170122_173535|44687|442|0,000000|1|CarroTeste2|0|circulo_r120_xc320_yc240|0|0|0|0|0,000000|0,000000|0,000000|0,000000|0,000000|0,000000|0,000000|0,000000|0,000000|0,000000|0,000000|
20170122_173535|44800|444|0,000000|1|CarroTeste|0|bean_a1.7_b2_xc320_yc240_scale80|0|0|0|0|0,000000|0,000000|0,000000|0,000000|0,000000|0,000000|0,000000|0,000000|0,000000|0,000000|0,000000|
20170122_173535|44807|444|0,000000|1|CarroTeste2|0|circulo_r120_xc320_yc240|0|0|0|0|0,000000|0,000000|0,000000|0,000000|0,000000|0,000000|0,000000|0,000000|0,000000|0,000000|0,000000|
20170122_173535|44902|446|0,000000|1|CarroTeste|0|bean_a1.7_b2_xc320_yc240_scale80|0|0|0|0|0,000000|0,000000|0,000000|0,000000|0,000000|0,000000|0,000000|0,000000|0,000000|0,000000|0,000000|
20170122_173535|44911|446|0,000000|1|CarroTeste2|0|circulo_r120_xc320_yc240|0|0|0|0|0,000000|0,000000|0,000000|0,000000|0,000000|0,000000|0,000000|0,000000|0,000000|0,000000|0,000000|
20170122_173535|45083|448|0,000000|1|CarroTeste|0|bean_a1.7_b2_xc320_yc240_scale80|0|0|0|0|0,000000|0,000000|0,000000|0,000000|0,000000|0,000000|0,000000|0,000000|0,000000|0,000000|0,000000|
20170122_173535|45090|448|0,000000|1|CarroTeste2|0|circulo_r120_xc320_yc240|0|0|0|0|0,000000|0,000000|0,000000|0,000000|0,000000|0,000000|0,000000|0,000000|0,000000|0,000000|0,000000|
20170122_173535|45209|450|0,000000|1|CarroTeste|0|bean_a1.7_b2_xc320_yc240_scale80|0|0|0|0|0,000000|0,000000|0,000000|0,000000|0,000000|0,000000|0,000000|0,000000|0,000000|0,000000|0,000000|
20170122_173535|45218|450|0,000000|1|CarroTeste2|0|circulo_r120_xc320_yc240|0|0|0|0|0,000000|0,000000|0,000000|0,000000|0,000000|0,000000|0,000000|0,000000|0,000000|0,000000|0,000000|
20170122_173535|45364|452|0,000000|1|CarroTeste|0|bean_a1.7_b2_xc320_yc240_scale80|0|0|0|0|0,000000|0,000000|0,000000|0,000000|0,000000|0,000000|0,000000|0,000000|0,000000|0,000000|0,000000|
20170122_173535|45371|452|0,000000|1|CarroTeste2|0|circulo_r120_xc320_yc240|0|0|0|0|0,000000|0,000000|0,000000|0,000000|0,000000|0,000000|0,000000|0,000000|0,000000|0,000000|0,000000|
20170122_173535|45459|454|0,000000|1|CarroTeste|0|bean_a1.7_b2_xc320_yc240_scale80|0|0|0|0|0,000000|0,000000|0,000000|0,000000|0,000000|0,000000|0,000000|0,000000|0,000000|0,000000|0,000000|
20170122_173535|45466|454|0,000000|1|CarroTeste2|0|circulo_r120_xc320_yc240|0|0|0|0|0,000000|0,000000|0,000000|0,000000|0,000000|0,000000|0,000000|0,000000|0,000000|0,000000|0,000000|
20170122_173535|45662|456|0,000000|1|CarroTeste|0|bean_a1.7_b2_xc320_yc240_scale80|0|0|0|0|0,000000|0,000000|0,000000|0,000000|0,000000|0,000000|0,000000|0,000000|0,000000|0,000000|0,000000|
20170122_173535|45674|456|0,000000|1|CarroTeste2|0|circulo_r120_xc320_yc240|0|0|0|0|0,000000|0,000000|0,000000|0,000000|0,000000|0,000000|0,000000|0,000000|0,000000|0,000000|0,000000|
20170122_173536|45796|458|0,000000|1|CarroTeste|0|bean_a1.7_b2_xc320_yc240_scale80|0|0|0|0|0,000000|0,000000|0,000000|0,000000|0,000000|0,000000|0,000000|0,000000|0,000000|0,000000|0,000000|
20170122_173536|45805|458|0,000000|1|CarroTeste2|0|circulo_r120_xc320_yc240|0|0|0|0|0,000000|0,000000|0,000000|0,000000|0,000000|0,000000|0,000000|0,000000|0,000000|0,000000|0,000000|
20170122_173536|45928|460|0,000000|1|CarroTeste|0|bean_a1.7_b2_xc320_yc240_scale80|0|0|0|0|0,000000|0,000000|0,000000|0,000000|0,000000|0,000000|0,000000|0,000000|0,000000|0,000000|0,000000|
20170122_173536|45937|460|0,000000|1|CarroTeste2|0|circulo_r120_xc320_yc240|0|0|0|0|0,000000|0,000000|0,000000|0,000000|0,000000|0,000000|0,000000|0,000000|0,000000|0,000000|0,000000|
20170122_173536|46089|462|0,000000|1|CarroTeste|0|bean_a1.7_b2_xc320_yc240_scale80|0|0|0|0|0,000000|0,000000|0,000000|0,000000|0,000000|0,000000|0,000000|0,000000|0,000000|0,000000|0,000000|
20170122_173536|46098|462|0,000000|1|CarroTeste2|0|circulo_r120_xc320_yc240|0|0|0|0|0,000000|0,000000|0,000000|0,000000|0,000000|0,000000|0,000000|0,000000|0,000000|0,000000|0,000000|
20170122_173536|46206|464|0,000000|1|CarroTeste|0|bean_a1.7_b2_xc320_yc240_scale80|0|0|0|0|0,000000|0,000000|0,000000|0,000000|0,000000|0,000000|0,000000|0,000000|0,000000|0,000000|0,000000|
20170122_173536|46216|464|0,000000|1|CarroTeste2|0|circulo_r120_xc320_yc240|0|0|0|0|0,000000|0,000000|0,000000|0,000000|0,000000|0,000000|0,000000|0,000000|0,000000|0,000000|0,000000|
20170122_173536|46322|466|0,000000|1|CarroTeste|0|bean_a1.7_b2_xc320_yc240_scale80|0|0|0|0|0,000000|0,000000|0,000000|0,000000|0,000000|0,000000|0,000000|0,000000|0,000000|0,000000|0,000000|
20170122_173536|46331|466|0,000000|1|CarroTeste2|0|circulo_r120_xc320_yc240|0|0|0|0|0,000000|0,000000|0,000000|0,000000|0,000000|0,000000|0,000000|0,000000|0,000000|0,000000|0,000000|
20170122_173536|46431|468|0,000000|1|CarroTeste|0|bean_a1.7_b2_xc320_yc240_scale80|0|0|0|0|0,000000|0,000000|0,000000|0,000000|0,000000|0,000000|0,000000|0,000000|60,000000|0,000000|0,000000|
20170122_173536|46441|468|0,000000|1|CarroTeste2|0|circulo_r120_xc320_yc240|0|0|0|0|0,000000|0,000000|0,000000|0,000000|0,000000|0,000000|0,000000|0,000000|60,000000|0,000000|0,000000|
20170122_173536|46608|470|0,000000|1|CarroTeste|0|bean_a1.7_b2_xc320_yc240_scale80|0|0|0|0|0,000000|0,000000|0,000000|0,000000|0,000000|0,000000|0,000000|0,000000|60,000000|0,000000|0,000000|
20170122_173536|46615|470|0,000000|1|CarroTeste2|0|circulo_r120_xc320_yc240|0|0|0|0|0,000000|0,000000|0,000000|0,000000|0,000000|0,000000|0,000000|0,000000|60,000000|0,000000|0,000000|
20170122_173537|46715|472|0,000000|1|CarroTeste|0|bean_a1.7_b2_xc320_yc240_scale80|0|0|0|0|0,000000|0,000000|0,000000|0,000000|0,000000|0,000000|0,000000|0,000000|0,000000|0,000000|0,000000|
20170122_173537|46723|472|0,000000|1|CarroTeste2|0|circulo_r120_xc320_yc240|0|0|0|0|0,000000|0,000000|0,000000|0,000000|0,000000|0,000000|0,000000|0,000000|0,000000|0,000000|0,000000|
20170122_173537|46846|474|0,000000|1|CarroTeste|0|bean_a1.7_b2_xc320_yc240_scale80|0|0|0|0|0,000000|0,000000|0,000000|0,000000|0,000000|0,000000|0,000000|0,000000|0,000000|0,000000|0,000000|
20170122_173537|46854|474|0,000000|1|CarroTeste2|0|circulo_r120_xc320_yc240|0|0|0|0|0,000000|0,000000|0,000000|0,000000|0,000000|0,000000|0,000000|0,000000|0,000000|0,000000|0,000000|
20170122_173537|47005|476|0,000000|1|CarroTeste|0|bean_a1.7_b2_xc320_yc240_scale80|0|0|0|0|0,000000|0,000000|0,000000|0,000000|0,000000|0,000000|0,000000|0,000000|0,000000|0,000000|0,000000|
20170122_173537|47013|476|0,000000|1|CarroTeste2|0|circulo_r120_xc320_yc240|0|0|0|0|0,000000|0,000000|0,000000|0,000000|0,000000|0,000000|0,000000|0,000000|0,000000|0,000000|0,000000|
20170122_173537|47199|478|0,000000|1|CarroTeste|0|bean_a1.7_b2_xc320_yc240_scale80|0|0|0|0|0,000000|0,000000|0,000000|0,000000|0,000000|0,000000|0,000000|0,000000|62,000000|0,000000|0,000000|
20170122_173537|47206|478|0,000000|1|CarroTeste2|0|circulo_r120_xc320_yc240|0|0|0|0|0,000000|0,000000|0,000000|0,000000|0,000000|0,000000|0,000000|0,000000|62,000000|0,000000|0,000000|
20170122_173537|47350|480|0,000000|1|CarroTeste|0|bean_a1.7_b2_xc320_yc240_scale80|0|0|0|0|0,000000|0,000000|0,000000|0,000000|0,000000|0,000000|0,000000|0,000000|62,000000|0,000000|0,000000|
20170122_173537|47360|480|0,000000|1|CarroTeste2|0|circulo_r120_xc320_yc240|0|0|0|0|0,000000|0,000000|0,000000|0,000000|0,000000|0,000000|0,000000|0,000000|62,000000|0,000000|0,000000|
20170122_173537|47446|482|0,000000|1|CarroTeste|0|bean_a1.7_b2_xc320_yc240_scale80|0|0|0|0|0,000000|0,000000|0,000000|0,000000|0,000000|0,000000|0,000000|0,000000|62,000000|0,000000|0,000000|
20170122_173537|47455|482|0,000000|1|CarroTeste2|0|circulo_r120_xc320_yc240|0|0|0|0|0,000000|0,000000|0,000000|0,000000|0,000000|0,000000|0,000000|0,000000|62,000000|0,000000|0,000000|
20170122_173537|47570|484|0,000000|1|CarroTeste|0|bean_a1.7_b2_xc320_yc240_scale80|0|0|0|0|0,000000|0,000000|0,000000|0,000000|0,000000|0,000000|0,000000|0,000000|62,000000|0,000000|0,000000|
20170122_173537|47579|484|0,000000|1|CarroTeste2|0|circulo_r120_xc320_yc240|0|0|0|0|0,000000|0,000000|0,000000|0,000000|0,000000|0,000000|0,000000|0,000000|62,000000|0,000000|0,000000|
20170122_173538|47749|486|0,000000|1|CarroTeste|0|bean_a1.7_b2_xc320_yc240_scale80|0|0|0|0|0,000000|0,000000|0,000000|0,000000|0,000000|0,000000|0,000000|0,000000|62,000000|0,000000|0,000000|
20170122_173538|47757|486|0,000000|1|CarroTeste2|0|circulo_r120_xc320_yc240|0|0|0|0|0,000000|0,000000|0,000000|0,000000|0,000000|0,000000|0,000000|0,000000|62,000000|0,000000|0,000000|
20170122_173538|47830|488|0,000000|1|CarroTeste|0|bean_a1.7_b2_xc320_yc240_scale80|0|0|0|0|0,000000|0,000000|0,000000|0,000000|0,000000|0,000000|0,000000|0,000000|0,000000|0,000000|0,000000|
20170122_173538|47840|488|0,000000|1|CarroTeste2|0|circulo_r120_xc320_yc240|0|0|0|0|0,000000|0,000000|0,000000|0,000000|0,000000|0,000000|0,000000|0,000000|0,000000|0,000000|0,000000|
20170122_173538|48022|490|0,000000|1|CarroTeste|0|bean_a1.7_b2_xc320_yc240_scale80|0|0|0|0|0,000000|0,000000|0,000000|0,000000|0,000000|0,000000|0,000000|0,000000|10,000000|0,000000|0,000000|
20170122_173538|48035|490|0,000000|1|CarroTeste2|0|circulo_r120_xc320_yc240|0|0|0|0|0,000000|0,000000|0,000000|0,000000|0,000000|0,000000|0,000000|0,000000|10,000000|0,000000|0,000000|
20170122_173538|48163|492|0,000000|1|CarroTeste|0|bean_a1.7_b2_xc320_yc240_scale80|0|0|0|0|0,000000|0,000000|0,000000|0,000000|0,000000|0,000000|0,000000|0,000000|0,000000|0,000000|0,000000|
20170122_173538|48176|492|0,000000|1|CarroTeste2|0|circulo_r120_xc320_yc240|0|0|0|0|0,000000|0,000000|0,000000|0,000000|0,000000|0,000000|0,000000|0,000000|0,000000|0,000000|0,000000|
20170122_173538|48279|494|0,000000|1|CarroTeste|0|bean_a1.7_b2_xc320_yc240_scale80|0|0|0|0|0,000000|0,000000|0,000000|0,000000|0,000000|0,000000|0,000000|0,000000|0,000000|0,000000|0,000000|
20170122_173538|48292|494|0,000000|1|CarroTeste2|0|circulo_r120_xc320_yc240|0|0|0|0|0,000000|0,000000|0,000000|0,000000|0,000000|0,000000|0,000000|0,000000|0,000000|0,000000|0,000000|
20170122_173538|48404|496|0,000000|1|CarroTeste|0|bean_a1.7_b2_xc320_yc240_scale80|0|0|0|0|0,000000|0,000000|0,000000|0,000000|0,000000|0,000000|0,000000|0,000000|28,000001|0,000000|0,000000|
20170122_173538|48417|496|0,000000|1|CarroTeste2|0|circulo_r120_xc320_yc240|0|0|0|0|0,000000|0,000000|0,000000|0,000000|0,000000|0,000000|0,000000|0,000000|28,000001|0,000000|0,000000|
20170122_173538|48549|498|0,000000|1|CarroTeste|0|bean_a1.7_b2_xc320_yc240_scale80|0|0|0|0|0,000000|0,000000|0,000000|0,000000|0,000000|0,000000|0,000000|0,000000|28,000001|0,000000|0,000000|
20170122_173538|48562|498|0,000000|1|CarroTeste2|0|circulo_r120_xc320_yc240|0|0|0|0|0,000000|0,000000|0,000000|0,000000|0,000000|0,000000|0,000000|0,000000|28,000001|0,000000|0,000000|
20170122_173539|48688|500|0,000000|1|CarroTeste|0|bean_a1.7_b2_xc320_yc240_scale80|0|0|0|0|0,000000|0,000000|0,000000|0,000000|0,000000|0,000000|0,000000|0,000000|28,000000|0,000000|0,000000|
20170122_173539|48698|500|0,000000|1|CarroTeste2|0|circulo_r120_xc320_yc240|0|0|0|0|0,000000|0,000000|0,000000|0,000000|0,000000|0,000000|0,000000|0,000000|28,000000|0,000000|0,000000|
20170122_173539|48835|502|0,000000|1|CarroTeste|0|bean_a1.7_b2_xc320_yc240_scale80|0|0|0|0|0,000000|0,000000|0,000000|0,000000|0,000000|0,000000|0,000000|0,000000|28,000000|0,000000|0,000000|
20170122_173539|48847|502|0,000000|1|CarroTeste2|0|circulo_r120_xc320_yc240|0|0|0|0|0,000000|0,000000|0,000000|0,000000|0,000000|0,000000|0,000000|0,000000|28,000000|0,000000|0,000000|
20170122_173539|48980|504|0,000000|1|CarroTeste|0|bean_a1.7_b2_xc320_yc240_scale80|0|0|0|0|0,000000|0,000000|0,000000|0,000000|0,000000|0,000000|0,000000|0,000000|11,000000|0,000000|0,000000|
20170122_173539|48993|504|0,000000|1|CarroTeste2|0|circulo_r120_xc320_yc240|0|0|0|0|0,000000|0,000000|0,000000|0,000000|0,000000|0,000000|0,000000|0,000000|11,000000|0,000000|0,000000|
20170122_173539|49114|506|0,000000|1|CarroTeste|0|bean_a1.7_b2_xc320_yc240_scale80|0|0|0|0|0,000000|0,000000|0,000000|0,000000|0,000000|0,000000|0,000000|0,000000|16,000000|0,000000|0,000000|
20170122_173539|49127|506|0,000000|1|CarroTeste2|0|circulo_r120_xc320_yc240|0|0|0|0|0,000000|0,000000|0,000000|0,000000|0,000000|0,000000|0,000000|0,000000|16,000000|0,000000|0,000000|
20170122_173539|49309|508|0,000000|1|CarroTeste|0|bean_a1.7_b2_xc320_yc240_scale80|0|0|0|0|0,000000|0,000000|0,000000|0,000000|0,000000|0,000000|0,000000|0,000000|0,000000|0,000000|0,000000|
20170122_173539|49324|508|0,000000|1|CarroTeste2|0|circulo_r120_xc320_yc240|0|0|0|0|0,000000|0,000000|0,000000|0,000000|0,000000|0,000000|0,000000|0,000000|0,000000|0,000000|0,000000|
20170122_173539|49492|510|0,000000|1|CarroTeste|0|bean_a1.7_b2_xc320_yc240_scale80|0|0|0|0|0,000000|0,000000|0,000000|0,000000|0,000000|0,000000|0,000000|0,000000|16,000001|0,000000|0,000000|
20170122_173539|49502|510|0,000000|1|CarroTeste2|0|circulo_r120_xc320_yc240|0|0|0|0|0,000000|0,000000|0,000000|0,000000|0,000000|0,000000|0,000000|0,000000|16,000001|0,000000|0,000000|
20170122_173540|49686|512|0,000000|1|CarroTeste|0|bean_a1.7_b2_xc320_yc240_scale80|0|0|0|0|0,000000|0,000000|0,000000|0,000000|0,000000|0,000000|0,000000|0,000000|0,000000|0,000000|0,000000|
20170122_173540|49699|512|0,000000|1|CarroTeste2|0|circulo_r120_xc320_yc240|0|0|0|0|0,000000|0,000000|0,000000|0,000000|0,000000|0,000000|0,000000|0,000000|0,000000|0,000000|0,000000|
20170122_173540|49823|514|0,000000|1|CarroTeste|0|bean_a1.7_b2_xc320_yc240_scale80|0|0|0|0|0,000000|0,000000|0,000000|0,000000|0,000000|0,000000|0,000000|0,000000|0,000000|0,000000|0,000000|
20170122_173540|49832|514|0,000000|1|CarroTeste2|0|circulo_r120_xc320_yc240|0|0|0|0|0,000000|0,000000|0,000000|0,000000|0,000000|0,000000|0,000000|0,000000|0,000000|0,000000|0,000000|
20170122_173540|49966|516|0,000000|1|CarroTeste|0|bean_a1.7_b2_xc320_yc240_scale80|0|0|0|0|0,000000|0,000000|0,000000|0,000000|0,000000|0,000000|0,000000|0,000000|0,000000|0,000000|0,000000|
20170122_173540|49978|516|0,000000|1|CarroTeste2|0|circulo_r120_xc320_yc240|0|0|0|0|0,000000|0,000000|0,000000|0,000000|0,000000|0,000000|0,000000|0,000000|0,000000|0,000000|0,000000|
20170122_173540|50073|518|0,000000|1|CarroTeste|0|bean_a1.7_b2_xc320_yc240_scale80|0|0|0|0|0,000000|0,000000|0,000000|0,000000|0,000000|0,000000|0,000000|0,000000|15,000000|0,000000|0,000000|
20170122_173540|50085|518|0,000000|1|CarroTeste2|0|circulo_r120_xc320_yc240|0|0|0|0|0,000000|0,000000|0,000000|0,000000|0,000000|0,000000|0,000000|0,000000|15,000000|0,000000|0,000000|
20170122_173540|50173|520|0,000000|1|CarroTeste|0|bean_a1.7_b2_xc320_yc240_scale80|0|0|0|0|0,000000|0,000000|0,000000|0,000000|0,000000|0,000000|0,000000|0,000000|4,000000|0,000000|0,000000|
20170122_173540|50185|520|0,000000|1|CarroTeste2|0|circulo_r120_xc320_yc240|0|0|0|0|0,000000|0,000000|0,000000|0,000000|0,000000|0,000000|0,000000|0,000000|4,000000|0,000000|0,000000|
20170122_173540|50342|522|0,000000|1|CarroTeste|0|bean_a1.7_b2_xc320_yc240_scale80|0|0|0|0|0,000000|0,000000|0,000000|0,000000|0,000000|0,000000|0,000000|0,000000|4,000000|0,000000|0,000000|
20170122_173540|50352|522|0,000000|1|CarroTeste2|0|circulo_r120_xc320_yc240|0|0|0|0|0,000000|0,000000|0,000000|0,000000|0,000000|0,000000|0,000000|0,000000|4,000000|0,000000|0,000000|
20170122_173540|50539|524|0,000000|1|CarroTeste|0|bean_a1.7_b2_xc320_yc240_scale80|0|0|0|0|0,000000|0,000000|0,000000|0,000000|0,000000|0,000000|0,000000|0,000000|4,000000|0,000000|0,000000|
20170122_173540|50550|524|0,000000|1|CarroTeste2|0|circulo_r120_xc320_yc240|0|0|0|0|0,000000|0,000000|0,000000|0,000000|0,000000|0,000000|0,000000|0,000000|4,000000|0,000000|0,000000|
20170122_173540|50682|526|0,000000|1|CarroTeste|0|bean_a1.7_b2_xc320_yc240_scale80|0|0|0|0|0,000000|0,000000|0,000000|0,000000|0,000000|0,000000|0,000000|0,000000|4,000000|0,000000|0,000000|
20170122_173541|50695|526|0,000000|1|CarroTeste2|0|circulo_r120_xc320_yc240|0|0|0|0|0,000000|0,000000|0,000000|0,000000|0,000000|0,000000|0,000000|0,000000|4,000000|0,000000|0,000000|
20170122_173541|50788|528|0,000000|1|CarroTeste|0|bean_a1.7_b2_xc320_yc240_scale80|0|0|0|0|0,000000|0,000000|0,000000|0,000000|0,000000|0,000000|0,000000|0,000000|4,000000|0,000000|0,000000|
20170122_173541|50801|528|0,000000|1|CarroTeste2|0|circulo_r120_xc320_yc240|0|0|0|0|0,000000|0,000000|0,000000|0,000000|0,000000|0,000000|0,000000|0,000000|4,000000|0,000000|0,000000|
20170122_173541|50915|530|0,000000|1|CarroTeste|0|bean_a1.7_b2_xc320_yc240_scale80|0|0|0|0|0,000000|0,000000|0,000000|0,000000|0,000000|0,000000|0,000000|0,000000|0,000000|0,000000|0,000000|
20170122_173541|50928|530|0,000000|1|CarroTeste2|0|circulo_r120_xc320_yc240|0|0|0|0|0,000000|0,000000|0,000000|0,000000|0,000000|0,000000|0,000000|0,000000|0,000000|0,000000|0,000000|
20170122_173541|51066|532|0,000000|1|CarroTeste|0|bean_a1.7_b2_xc320_yc240_scale80|0|0|0|0|0,000000|0,000000|0,000000|0,000000|0,000000|0,000000|0,000000|0,000000|10,000000|0,000000|0,000000|
20170122_173541|51078|532|0,000000|1|CarroTeste2|0|circulo_r120_xc320_yc240|0|0|0|0|0,000000|0,000000|0,000000|0,000000|0,000000|0,000000|0,000000|0,000000|10,000000|0,000000|0,000000|
20170122_173541|51196|534|0,000000|1|CarroTeste|0|bean_a1.7_b2_xc320_yc240_scale80|0|0|0|0|0,000000|0,000000|0,000000|0,000000|0,000000|0,000000|0,000000|0,000000|0,000000|0,000000|0,000000|
20170122_173541|51208|534|0,000000|1|CarroTeste2|0|circulo_r120_xc320_yc240|0|0|0|0|0,000000|0,000000|0,000000|0,000000|0,000000|0,000000|0,000000|0,000000|0,000000|0,000000|0,000000|
20170122_173541|51333|536|0,000000|1|CarroTeste|0|bean_a1.7_b2_xc320_yc240_scale80|0|0|0|0|0,000000|0,000000|0,000000|0,000000|0,000000|0,000000|0,000000|0,000000|28,000000|0,000000|0,000000|
20170122_173541|51343|536|0,000000|1|CarroTeste2|0|circulo_r120_xc320_yc240|0|0|0|0|0,000000|0,000000|0,000000|0,000000|0,000000|0,000000|0,000000|0,000000|28,000000|0,000000|0,000000|
20170122_173541|51471|538|0,000000|1|CarroTeste|0|bean_a1.7_b2_xc320_yc240_scale80|0|0|0|0|0,000000|0,000000|0,000000|0,000000|0,000000|0,000000|0,000000|0,000000|0,000000|0,000000|0,000000|
20170122_173541|51484|538|0,000000|1|CarroTeste2|0|circulo_r120_xc320_yc240|0|0|0|0|0,000000|0,000000|0,000000|0,000000|0,000000|0,000000|0,000000|0,000000|0,000000|0,000000|0,000000|
20170122_173541|51621|540|0,000000|1|CarroTeste|0|bean_a1.7_b2_xc320_yc240_scale80|0|0|0|0|0,000000|0,000000|0,000000|0,000000|0,000000|0,000000|0,000000|0,000000|26,000000|0,000000|0,000000|
20170122_173541|51636|540|0,000000|1|CarroTeste2|0|circulo_r120_xc320_yc240|0|0|0|0|0,000000|0,000000|0,000000|0,000000|0,000000|0,000000|0,000000|0,000000|26,000000|0,000000|0,000000|
20170122_173542|51759|542|0,000000|1|CarroTeste|0|bean_a1.7_b2_xc320_yc240_scale80|0|0|0|0|0,000000|0,000000|0,000000|0,000000|0,000000|0,000000|0,000000|0,000000|53,000000|0,000000|0,000000|
20170122_173542|51773|542|0,000000|1|CarroTeste2|0|circulo_r120_xc320_yc240|0|0|0|0|0,000000|0,000000|0,000000|0,000000|0,000000|0,000000|0,000000|0,000000|53,000000|0,000000|0,000000|
20170122_173542|51889|544|0,000000|1|CarroTeste|0|bean_a1.7_b2_xc320_yc240_scale80|0|0|0|0|0,000000|0,000000|0,000000|0,000000|0,000000|0,000000|0,000000|0,000000|15,000000|0,000000|0,000000|
20170122_173542|51901|544|0,000000|1|CarroTeste2|0|circulo_r120_xc320_yc240|0|0|0|0|0,000000|0,000000|0,000000|0,000000|0,000000|0,000000|0,000000|0,000000|15,000000|0,000000|0,000000|
20170122_173542|51997|546|0,000000|1|CarroTeste|0|bean_a1.7_b2_xc320_yc240_scale80|0|0|0|0|0,000000|0,000000|0,000000|0,000000|0,000000|0,000000|0,000000|0,000000|11,000000|0,000000|0,000000|
20170122_173542|52008|546|0,000000|1|CarroTeste2|0|circulo_r120_xc320_yc240|0|0|0|0|0,000000|0,000000|0,000000|0,000000|0,000000|0,000000|0,000000|0,000000|11,000000|0,000000|0,000000|
20170122_173542|52114|548|0,000000|1|CarroTeste|0|bean_a1.7_b2_xc320_yc240_scale80|0|0|0|0|0,000000|0,000000|0,000000|0,000000|0,000000|0,000000|0,000000|0,000000|9,000000|0,000000|0,000000|
20170122_173542|52127|548|0,000000|1|CarroTeste2|0|circulo_r120_xc320_yc240|0|0|0|0|0,000000|0,000000|0,000000|0,000000|0,000000|0,000000|0,000000|0,000000|9,000000|0,000000|0,000000|
20170122_173542|52230|550|0,000000|1|CarroTeste|0|bean_a1.7_b2_xc320_yc240_scale80|0|0|0|0|0,000000|0,000000|0,000000|0,000000|0,000000|0,000000|0,000000|0,000000|0,000000|0,000000|0,000000|
20170122_173542|52243|550|0,000000|1|CarroTeste2|0|circulo_r120_xc320_yc240|0|0|0|0|0,000000|0,000000|0,000000|0,000000|0,000000|0,000000|0,000000|0,000000|0,000000|0,000000|0,000000|
20170122_173542|52354|552|0,000000|1|CarroTeste|0|bean_a1.7_b2_xc320_yc240_scale80|0|0|0|0|0,000000|0,000000|0,000000|0,000000|0,000000|0,000000|0,000000|0,000000|0,000000|0,000000|0,000000|
20170122_173542|52366|552|0,000000|1|CarroTeste2|0|circulo_r120_xc320_yc240|0|0|0|0|0,000000|0,000000|0,000000|0,000000|0,000000|0,000000|0,000000|0,000000|0,000000|0,000000|0,000000|
20170122_173542|52487|554|0,000000|1|CarroTeste|0|bean_a1.7_b2_xc320_yc240_scale80|0|0|0|0|0,000000|0,000000|0,000000|0,000000|0,000000|0,000000|0,000000|0,000000|0,000000|0,000000|0,000000|
20170122_173542|52501|554|0,000000|1|CarroTeste2|0|circulo_r120_xc320_yc240|0|0|0|0|0,000000|0,000000|0,000000|0,000000|0,000000|0,000000|0,000000|0,000000|0,000000|0,000000|0,000000|
20170122_173542|52660|556|0,000000|1|CarroTeste|0|bean_a1.7_b2_xc320_yc240_scale80|0|0|0|0|0,000000|0,000000|0,000000|0,000000|0,000000|0,000000|0,000000|0,000000|3,000000|0,000000|0,000000|
20170122_173542|52674|556|0,000000|1|CarroTeste2|0|circulo_r120_xc320_yc240|0|0|0|0|0,000000|0,000000|0,000000|0,000000|0,000000|0,000000|0,000000|0,000000|3,000000|0,000000|0,000000|
20170122_173543|52792|558|0,000000|1|CarroTeste|0|bean_a1.7_b2_xc320_yc240_scale80|0|0|0|0|0,000000|0,000000|0,000000|0,000000|0,000000|0,000000|0,000000|0,000000|2,000000|0,000000|0,000000|
20170122_173543|52808|558|0,000000|1|CarroTeste2|0|circulo_r120_xc320_yc240|0|0|0|0|0,000000|0,000000|0,000000|0,000000|0,000000|0,000000|0,000000|0,000000|2,000000|0,000000|0,000000|
20170122_173543|52899|560|0,000000|1|CarroTeste|0|bean_a1.7_b2_xc320_yc240_scale80|0|0|0|0|0,000000|0,000000|0,000000|0,000000|0,000000|0,000000|0,000000|0,000000|0,000000|0,000000|0,000000|
20170122_173543|52916|560|0,000000|1|CarroTeste2|0|circulo_r120_xc320_yc240|0|0|0|0|0,000000|0,000000|0,000000|0,000000|0,000000|0,000000|0,000000|0,000000|0,000000|0,000000|0,000000|
20170122_173543|53068|562|0,000000|1|CarroTeste|0|bean_a1.7_b2_xc320_yc240_scale80|0|0|0|0|0,000000|0,000000|0,000000|0,000000|0,000000|0,000000|0,000000|0,000000|0,000000|0,000000|0,000000|
20170122_173543|53085|562|0,000000|1|CarroTeste2|0|circulo_r120_xc320_yc240|0|0|0|0|0,000000|0,000000|0,000000|0,000000|0,000000|0,000000|0,000000|0,000000|0,000000|0,000000|0,000000|
20170122_173543|53174|564|0,000000|1|CarroTeste|0|bean_a1.7_b2_xc320_yc240_scale80|0|0|0|0|0,000000|0,000000|0,000000|0,000000|0,000000|0,000000|0,000000|0,000000|0,000000|0,000000|0,000000|
20170122_173543|53190|564|0,000000|1|CarroTeste2|0|circulo_r120_xc320_yc240|0|0|0|0|0,000000|0,000000|0,000000|0,000000|0,000000|0,000000|0,000000|0,000000|0,000000|0,000000|0,000000|
20170122_173543|53272|566|0,000000|1|CarroTeste|0|bean_a1.7_b2_xc320_yc240_scale80|0|0|0|0|0,000000|0,000000|0,000000|0,000000|0,000000|0,000000|0,000000|0,000000|0,000000|0,000000|0,000000|
20170122_173543|53284|566|0,000000|1|CarroTeste2|0|circulo_r120_xc320_yc240|0|0|0|0|0,000000|0,000000|0,000000|0,000000|0,000000|0,000000|0,000000|0,000000|0,000000|0,000000|0,000000|
20170122_173543|53381|568|0,000000|1|CarroTeste|0|bean_a1.7_b2_xc320_yc240_scale80|0|0|0|0|0,000000|0,000000|0,000000|0,000000|0,000000|0,000000|0,000000|0,000000|0,000000|0,000000|0,000000|
20170122_173543|53394|568|0,000000|1|CarroTeste2|0|circulo_r120_xc320_yc240|0|0|0|0|0,000000|0,000000|0,000000|0,000000|0,000000|0,000000|0,000000|0,000000|0,000000|0,000000|0,000000|
20170122_173543|53525|570|0,000000|1|CarroTeste|0|bean_a1.7_b2_xc320_yc240_scale80|0|0|0|0|0,000000|0,000000|0,000000|0,000000|0,000000|0,000000|0,000000|0,000000|0,000000|0,000000|0,000000|
20170122_173543|53537|570|0,000000|1|CarroTeste2|0|circulo_r120_xc320_yc240|0|0|0|0|0,000000|0,000000|0,000000|0,000000|0,000000|0,000000|0,000000|0,000000|0,000000|0,000000|0,000000|
20170122_173543|53674|572|0,000000|1|CarroTeste|0|bean_a1.7_b2_xc320_yc240_scale80|0|0|0|0|0,000000|0,000000|0,000000|0,000000|0,000000|0,000000|0,000000|0,000000|0,000000|0,000000|0,000000|
20170122_173544|53690|572|0,000000|1|CarroTeste2|0|circulo_r120_xc320_yc240|0|0|0|0|0,000000|0,000000|0,000000|0,000000|0,000000|0,000000|0,000000|0,000000|0,000000|0,000000|0,000000|
20170122_173544|53813|574|0,000000|1|CarroTeste|0|bean_a1.7_b2_xc320_yc240_scale80|0|0|0|0|0,000000|0,000000|0,000000|0,000000|0,000000|0,000000|0,000000|0,000000|6,000000|0,000000|0,000000|
20170122_173544|53829|574|0,000000|1|CarroTeste2|0|circulo_r120_xc320_yc240|0|0|0|0|0,000000|0,000000|0,000000|0,000000|0,000000|0,000000|0,000000|0,000000|6,000000|0,000000|0,000000|
20170122_173544|53916|576|0,000000|1|CarroTeste|0|bean_a1.7_b2_xc320_yc240_scale80|0|0|0|0|0,000000|0,000000|0,000000|0,000000|0,000000|0,000000|0,000000|0,000000|8,000000|0,000000|0,000000|
20170122_173544|53931|576|0,000000|1|CarroTeste2|0|circulo_r120_xc320_yc240|0|0|0|0|0,000000|0,000000|0,000000|0,000000|0,000000|0,000000|0,000000|0,000000|8,000000|0,000000|0,000000|
20170122_173544|54049|578|0,000000|1|CarroTeste|0|bean_a1.7_b2_xc320_yc240_scale80|0|0|0|0|0,000000|0,000000|0,000000|0,000000|0,000000|0,000000|0,000000|0,000000|12,000000|0,000000|0,000000|
20170122_173544|54060|578|0,000000|1|CarroTeste2|0|circulo_r120_xc320_yc240|0|0|0|0|0,000000|0,000000|0,000000|0,000000|0,000000|0,000000|0,000000|0,000000|12,000000|0,000000|0,000000|
20170122_173544|54195|580|0,000000|1|CarroTeste|0|bean_a1.7_b2_xc320_yc240_scale80|0|0|0|0|0,000000|0,000000|0,000000|0,000000|0,000000|0,000000|0,000000|0,000000|16,000000|0,000000|0,000000|
20170122_173544|54206|580|0,000000|1|CarroTeste2|0|circulo_r120_xc320_yc240|0|0|0|0|0,000000|0,000000|0,000000|0,000000|0,000000|0,000000|0,000000|0,000000|16,000000|0,000000|0,000000|
20170122_173544|54335|582|0,000000|1|CarroTeste|0|bean_a1.7_b2_xc320_yc240_scale80|0|0|0|0|0,000000|0,000000|0,000000|0,000000|0,000000|0,000000|0,000000|0,000000|25,000001|0,000000|0,000000|
20170122_173544|54346|582|0,000000|1|CarroTeste2|0|circulo_r120_xc320_yc240|0|0|0|0|0,000000|0,000000|0,000000|0,000000|0,000000|0,000000|0,000000|0,000000|25,000001|0,000000|0,000000|
20170122_173544|54473|584|0,000000|1|CarroTeste|0|bean_a1.7_b2_xc320_yc240_scale80|0|0|0|0|0,000000|0,000000|0,000000|0,000000|0,000000|0,000000|0,000000|0,000000|9,000000|0,000000|0,000000|
20170122_173544|54482|584|0,000000|1|CarroTeste2|0|circulo_r120_xc320_yc240|0|0|0|0|0,000000|0,000000|0,000000|0,000000|0,000000|0,000000|0,000000|0,000000|9,000000|0,000000|0,000000|
20170122_173544|54576|586|0,000000|1|CarroTeste|0|bean_a1.7_b2_xc320_yc240_scale80|0|0|0|0|0,000000|0,000000|0,000000|0,000000|0,000000|0,000000|0,000000|0,000000|11,000000|0,000000|0,000000|
20170122_173544|54587|586|0,000000|1|CarroTeste2|0|circulo_r120_xc320_yc240|0|0|0|0|0,000000|0,000000|0,000000|0,000000|0,000000|0,000000|0,000000|0,000000|11,000000|0,000000|0,000000|
20170122_173545|54716|588|0,000000|1|CarroTeste|0|bean_a1.7_b2_xc320_yc240_scale80|0|0|0|0|0,000000|0,000000|0,000000|0,000000|0,000000|0,000000|0,000000|0,000000|0,000000|0,000000|0,000000|
20170122_173545|54728|588|0,000000|1|CarroTeste2|0|circulo_r120_xc320_yc240|0|0|0|0|0,000000|0,000000|0,000000|0,000000|0,000000|0,000000|0,000000|0,000000|0,000000|0,000000|0,000000|
20170122_173545|54851|590|0,000000|1|CarroTeste|0|bean_a1.7_b2_xc320_yc240_scale80|0|0|0|0|0,000000|0,000000|0,000000|0,000000|0,000000|0,000000|0,000000|0,000000|0,000000|0,000000|0,000000|
20170122_173545|54861|590|0,000000|1|CarroTeste2|0|circulo_r120_xc320_yc240|0|0|0|0|0,000000|0,000000|0,000000|0,000000|0,000000|0,000000|0,000000|0,000000|0,000000|0,000000|0,000000|
20170122_173545|54986|592|0,000000|1|CarroTeste|0|bean_a1.7_b2_xc320_yc240_scale80|0|0|0|0|0,000000|0,000000|0,000000|0,000000|0,000000|0,000000|0,000000|0,000000|0,000000|0,000000|0,000000|
20170122_173545|54996|592|0,000000|1|CarroTeste2|0|circulo_r120_xc320_yc240|0|0|0|0|0,000000|0,000000|0,000000|0,000000|0,000000|0,000000|0,000000|0,000000|0,000000|0,000000|0,000000|
20170122_173545|55118|594|0,000000|1|CarroTeste|0|bean_a1.7_b2_xc320_yc240_scale80|0|0|0|0|0,000000|0,000000|0,000000|0,000000|0,000000|0,000000|0,000000|0,000000|8,000000|0,000000|0,000000|
20170122_173545|55136|594|0,000000|1|CarroTeste2|0|circulo_r120_xc320_yc240|0|0|0|0|0,000000|0,000000|0,000000|0,000000|0,000000|0,000000|0,000000|0,000000|8,000000|0,000000|0,000000|
20170122_173545|55255|596|0,000000|1|CarroTeste|0|bean_a1.7_b2_xc320_yc240_scale80|0|0|0|0|0,000000|0,000000|0,000000|0,000000|0,000000|0,000000|0,000000|0,000000|8,000000|0,000000|0,000000|
20170122_173545|55273|596|0,000000|1|CarroTeste2|0|circulo_r120_xc320_yc240|0|0|0|0|0,000000|0,000000|0,000000|0,000000|0,000000|0,000000|0,000000|0,000000|8,000000|0,000000|0,000000|
20170122_173545|55399|598|0,000000|1|CarroTeste|0|bean_a1.7_b2_xc320_yc240_scale80|0|0|0|0|0,000000|0,000000|0,000000|0,000000|0,000000|0,000000|0,000000|0,000000|8,000000|0,000000|0,000000|
20170122_173545|55417|598|0,000000|1|CarroTeste2|0|circulo_r120_xc320_yc240|0|0|0|0|0,000000|0,000000|0,000000|0,000000|0,000000|0,000000|0,000000|0,000000|8,000000|0,000000|0,000000|
20170122_173545|55554|600|0,000000|1|CarroTeste|0|bean_a1.7_b2_xc320_yc240_scale80|0|0|0|0|0,000000|0,000000|0,000000|0,000000|0,000000|0,000000|0,000000|0,000000|8,000000|0,000000|0,000000|
20170122_173545|55572|600|0,000000|1|CarroTeste2|0|circulo_r120_xc320_yc240|0|0|0|0|0,000000|0,000000|0,000000|0,000000|0,000000|0,000000|0,000000|0,000000|8,000000|0,000000|0,000000|
20170122_173546|55689|602|0,000000|1|CarroTeste|0|bean_a1.7_b2_xc320_yc240_scale80|0|0|0|0|0,000000|0,000000|0,000000|0,000000|0,000000|0,000000|0,000000|0,000000|0,000000|0,000000|0,000000|
20170122_173546|55707|602|0,000000|1|CarroTeste2|0|circulo_r120_xc320_yc240|0|0|0|0|0,000000|0,000000|0,000000|0,000000|0,000000|0,000000|0,000000|0,000000|0,000000|0,000000|0,000000|
20170122_173546|55839|604|0,000000|1|CarroTeste|0|bean_a1.7_b2_xc320_yc240_scale80|0|0|0|0|0,000000|0,000000|0,000000|0,000000|0,000000|0,000000|0,000000|0,000000|0,000000|0,000000|0,000000|
20170122_173546|55856|604|0,000000|1|CarroTeste2|0|circulo_r120_xc320_yc240|0|0|0|0|0,000000|0,000000|0,000000|0,000000|0,000000|0,000000|0,000000|0,000000|0,000000|0,000000|0,000000|
20170122_173546|55984|606|0,000000|1|CarroTeste|0|bean_a1.7_b2_xc320_yc240_scale80|0|0|0|0|0,000000|0,000000|0,000000|0,000000|0,000000|0,000000|0,000000|0,000000|0,000000|0,000000|0,000000|
20170122_173546|56005|606|0,000000|1|CarroTeste2|0|circulo_r120_xc320_yc240|0|0|0|0|0,000000|0,000000|0,000000|0,000000|0,000000|0,000000|0,000000|0,000000|0,000000|0,000000|0,000000|
20170122_173546|56135|608|0,000000|1|CarroTeste|0|bean_a1.7_b2_xc320_yc240_scale80|0|0|0|0|0,000000|0,000000|0,000000|0,000000|0,000000|0,000000|0,000000|0,000000|0,000000|0,000000|0,000000|
20170122_173546|56157|608|0,000000|1|CarroTeste2|0|circulo_r120_xc320_yc240|0|0|0|0|0,000000|0,000000|0,000000|0,000000|0,000000|0,000000|0,000000|0,000000|0,000000|0,000000|0,000000|
20170122_173546|56301|610|0,000000|1|CarroTeste|0|bean_a1.7_b2_xc320_yc240_scale80|0|0|0|0|0,000000|0,000000|0,000000|0,000000|0,000000|0,000000|0,000000|0,000000|0,000000|0,000000|0,000000|
20170122_173546|56311|610|0,000000|1|CarroTeste2|0|circulo_r120_xc320_yc240|0|0|0|0|0,000000|0,000000|0,000000|0,000000|0,000000|0,000000|0,000000|0,000000|0,000000|0,000000|0,000000|
20170122_173546|56402|612|0,000000|1|CarroTeste|0|bean_a1.7_b2_xc320_yc240_scale80|0|0|0|0|0,000000|0,000000|0,000000|0,000000|0,000000|0,000000|0,000000|0,000000|0,000000|0,000000|0,000000|
20170122_173546|56420|612|0,000000|1|CarroTeste2|0|circulo_r120_xc320_yc240|0|0|0|0|0,000000|0,000000|0,000000|0,000000|0,000000|0,000000|0,000000|0,000000|0,000000|0,000000|0,000000|
20170122_173546|56500|614|0,000000|1|CarroTeste|0|bean_a1.7_b2_xc320_yc240_scale80|0|0|0|0|0,000000|0,000000|0,000000|0,000000|0,000000|0,000000|0,000000|0,000000|0,000000|0,000000|0,000000|
20170122_173546|56514|614|0,000000|1|CarroTeste2|0|circulo_r120_xc320_yc240|0|0|0|0|0,000000|0,000000|0,000000|0,000000|0,000000|0,000000|0,000000|0,000000|0,000000|0,000000|0,000000|
20170122_173546|56625|616|0,000000|1|CarroTeste|0|bean_a1.7_b2_xc320_yc240_scale80|0|0|0|0|0,000000|0,000000|0,000000|0,000000|0,000000|0,000000|0,000000|0,000000|0,000000|0,000000|0,000000|
20170122_173546|56640|616|0,000000|1|CarroTeste2|0|circulo_r120_xc320_yc240|0|0|0|0|0,000000|0,000000|0,000000|0,000000|0,000000|0,000000|0,000000|0,000000|0,000000|0,000000|0,000000|
20170122_173547|56755|618|0,000000|1|CarroTeste|0|bean_a1.7_b2_xc320_yc240_scale80|0|0|0|0|0,000000|0,000000|0,000000|0,000000|0,000000|0,000000|0,000000|0,000000|0,000000|0,000000|0,000000|
20170122_173547|56769|618|0,000000|1|CarroTeste2|0|circulo_r120_xc320_yc240|0|0|0|0|0,000000|0,000000|0,000000|0,000000|0,000000|0,000000|0,000000|0,000000|0,000000|0,000000|0,000000|
20170122_173547|56868|620|0,000000|1|CarroTeste|0|bean_a1.7_b2_xc320_yc240_scale80|0|0|0|0|0,000000|0,000000|0,000000|0,000000|0,000000|0,000000|0,000000|0,000000|0,000000|0,000000|0,000000|
20170122_173547|56881|620|0,000000|1|CarroTeste2|0|circulo_r120_xc320_yc240|0|0|0|0|0,000000|0,000000|0,000000|0,000000|0,000000|0,000000|0,000000|0,000000|0,000000|0,000000|0,000000|
20170122_173547|56995|622|0,000000|1|CarroTeste|0|bean_a1.7_b2_xc320_yc240_scale80|0|0|0|0|0,000000|0,000000|0,000000|0,000000|0,000000|0,000000|0,000000|0,000000|0,000000|0,000000|0,000000|
20170122_173547|57005|622|0,000000|1|CarroTeste2|0|circulo_r120_xc320_yc240|0|0|0|0|0,000000|0,000000|0,000000|0,000000|0,000000|0,000000|0,000000|0,000000|0,000000|0,000000|0,000000|
20170122_173547|57139|624|0,000000|1|CarroTeste|0|bean_a1.7_b2_xc320_yc240_scale80|0|0|0|0|0,000000|0,000000|0,000000|0,000000|0,000000|0,000000|0,000000|0,000000|0,000000|0,000000|0,000000|
20170122_173547|57148|624|0,000000|1|CarroTeste2|0|circulo_r120_xc320_yc240|0|0|0|0|0,000000|0,000000|0,000000|0,000000|0,000000|0,000000|0,000000|0,000000|0,000000|0,000000|0,000000|
20170122_173547|57282|626|0,000000|1|CarroTeste|0|bean_a1.7_b2_xc320_yc240_scale80|0|0|0|0|0,000000|0,000000|0,000000|0,000000|0,000000|0,000000|0,000000|0,000000|0,000000|0,000000|0,000000|
20170122_173547|57292|626|0,000000|1|CarroTeste2|0|circulo_r120_xc320_yc240|0|0|0|0|0,000000|0,000000|0,000000|0,000000|0,000000|0,000000|0,000000|0,000000|0,000000|0,000000|0,000000|
20170122_173547|57405|628|0,000000|1|CarroTeste|0|bean_a1.7_b2_xc320_yc240_scale80|0|0|0|0|0,000000|0,000000|0,000000|0,000000|0,000000|0,000000|0,000000|0,000000|0,000000|0,000000|0,000000|
20170122_173547|57414|628|0,000000|1|CarroTeste2|0|circulo_r120_xc320_yc240|0|0|0|0|0,000000|0,000000|0,000000|0,000000|0,000000|0,000000|0,000000|0,000000|0,000000|0,000000|0,000000|
20170122_173547|57523|630|0,000000|1|CarroTeste|0|bean_a1.7_b2_xc320_yc240_scale80|0|0|0|0|0,000000|0,000000|0,000000|0,000000|0,000000|0,000000|0,000000|0,000000|208,000000|0,000000|0,000000|
20170122_173547|57531|630|0,000000|1|CarroTeste2|0|circulo_r120_xc320_yc240|0|0|0|0|0,000000|0,000000|0,000000|0,000000|0,000000|0,000000|0,000000|0,000000|208,000000|0,000000|0,000000|
20170122_173547|57661|632|0,000000|1|CarroTeste|0|bean_a1.7_b2_xc320_yc240_scale80|0|0|0|0|0,000000|0,000000|0,000000|0,000000|0,000000|0,000000|0,000000|0,000000|263,000000|0,000000|0,000000|
20170122_173547|57672|632|0,000000|1|CarroTeste2|0|circulo_r120_xc320_yc240|0|0|0|0|0,000000|0,000000|0,000000|0,000000|0,000000|0,000000|0,000000|0,000000|263,000000|0,000000|0,000000|
20170122_173548|57771|634|0,000000|1|CarroTeste|0|bean_a1.7_b2_xc320_yc240_scale80|0|0|0|0|0,000000|0,000000|0,000000|0,000000|0,000000|0,000000|0,000000|0,000000|263,000000|0,000000|0,000000|
20170122_173548|57783|634|0,000000|1|CarroTeste2|0|circulo_r120_xc320_yc240|0|0|0|0|0,000000|0,000000|0,000000|0,000000|0,000000|0,000000|0,000000|0,000000|263,000000|0,000000|0,000000|
20170122_173548|57892|636|0,000000|1|CarroTeste|0|bean_a1.7_b2_xc320_yc240_scale80|0|0|0|0|0,000000|0,000000|0,000000|0,000000|0,000000|0,000000|0,000000|0,000000|263,000000|0,000000|0,000000|
20170122_173548|57904|636|0,000000|1|CarroTeste2|0|circulo_r120_xc320_yc240|0|0|0|0|0,000000|0,000000|0,000000|0,000000|0,000000|0,000000|0,000000|0,000000|263,000000|0,000000|0,000000|
20170122_173548|58024|638|0,000000|1|CarroTeste|0|bean_a1.7_b2_xc320_yc240_scale80|0|0|0|0|0,000000|0,000000|0,000000|0,000000|0,000000|0,000000|0,000000|0,000000|263,000000|0,000000|0,000000|
20170122_173548|58036|638|0,000000|1|CarroTeste2|0|circulo_r120_xc320_yc240|0|0|0|0|0,000000|0,000000|0,000000|0,000000|0,000000|0,000000|0,000000|0,000000|263,000000|0,000000|0,000000|
20170122_173548|58182|640|0,000000|1|CarroTeste|0|bean_a1.7_b2_xc320_yc240_scale80|0|0|0|0|0,000000|0,000000|0,000000|0,000000|0,000000|0,000000|0,000000|0,000000|263,000000|0,000000|0,000000|
20170122_173548|58195|640|0,000000|1|CarroTeste2|0|circulo_r120_xc320_yc240|0|0|0|0|0,000000|0,000000|0,000000|0,000000|0,000000|0,000000|0,000000|0,000000|263,000000|0,000000|0,000000|
20170122_173548|58315|642|0,000000|1|CarroTeste|0|bean_a1.7_b2_xc320_yc240_scale80|0|0|0|0|0,000000|0,000000|0,000000|0,000000|0,000000|0,000000|0,000000|0,000000|263,000000|0,000000|0,000000|
20170122_173548|58326|642|0,000000|1|CarroTeste2|0|circulo_r120_xc320_yc240|0|0|0|0|0,000000|0,000000|0,000000|0,000000|0,000000|0,000000|0,000000|0,000000|263,000000|0,000000|0,000000|
20170122_173548|58422|644|0,000000|1|CarroTeste|0|bean_a1.7_b2_xc320_yc240_scale80|0|0|0|0|0,000000|0,000000|0,000000|0,000000|0,000000|0,000000|0,000000|0,000000|263,000000|0,000000|0,000000|
20170122_173548|58434|644|0,000000|1|CarroTeste2|0|circulo_r120_xc320_yc240|0|0|0|0|0,000000|0,000000|0,000000|0,000000|0,000000|0,000000|0,000000|0,000000|263,000000|0,000000|0,000000|
20170122_173548|58551|646|0,000000|1|CarroTeste|0|bean_a1.7_b2_xc320_yc240_scale80|0|0|0|0|0,000000|0,000000|0,000000|0,000000|0,000000|0,000000|0,000000|0,000000|205,000000|0,000000|0,000000|
20170122_173548|58563|646|0,000000|1|CarroTeste2|0|circulo_r120_xc320_yc240|0|0|0|0|0,000000|0,000000|0,000000|0,000000|0,000000|0,000000|0,000000|0,000000|205,000000|0,000000|0,000000|
20170122_173549|58691|648|0,000000|1|CarroTeste|0|bean_a1.7_b2_xc320_yc240_scale80|0|0|0|0|0,000000|0,000000|0,000000|0,000000|0,000000|0,000000|0,000000|0,000000|77,000000|0,000000|0,000000|
20170122_173549|58704|648|0,000000|1|CarroTeste2|0|circulo_r120_xc320_yc240|0|0|0|0|0,000000|0,000000|0,000000|0,000000|0,000000|0,000000|0,000000|0,000000|77,000000|0,000000|0,000000|
20170122_173549|58818|650|0,000000|1|CarroTeste|0|bean_a1.7_b2_xc320_yc240_scale80|0|0|0|0|0,000000|0,000000|0,000000|0,000000|0,000000|0,000000|0,000000|0,000000|69,000000|0,000000|0,000000|
20170122_173549|58829|650|0,000000|1|CarroTeste2|0|circulo_r120_xc320_yc240|0|0|0|0|0,000000|0,000000|0,000000|0,000000|0,000000|0,000000|0,000000|0,000000|69,000000|0,000000|0,000000|
20170122_173549|58975|652|0,000000|1|CarroTeste|0|bean_a1.7_b2_xc320_yc240_scale80|0|0|0|0|0,000000|0,000000|0,000000|0,000000|0,000000|0,000000|0,000000|0,000000|0,000000|0,000000|0,000000|
20170122_173549|58987|652|0,000000|1|CarroTeste2|0|circulo_r120_xc320_yc240|0|0|0|0|0,000000|0,000000|0,000000|0,000000|0,000000|0,000000|0,000000|0,000000|0,000000|0,000000|0,000000|
20170122_173549|59111|654|0,000000|1|CarroTeste|0|bean_a1.7_b2_xc320_yc240_scale80|0|0|0|0|0,000000|0,000000|0,000000|0,000000|0,000000|0,000000|0,000000|0,000000|0,000000|0,000000|0,000000|
20170122_173549|59122|654|0,000000|1|CarroTeste2|0|circulo_r120_xc320_yc240|0|0|0|0|0,000000|0,000000|0,000000|0,000000|0,000000|0,000000|0,000000|0,000000|0,000000|0,000000|0,000000|
20170122_173549|59251|656|0,000000|1|CarroTeste|0|bean_a1.7_b2_xc320_yc240_scale80|0|0|0|0|0,000000|0,000000|0,000000|0,000000|0,000000|0,000000|0,000000|0,000000|0,000000|0,000000|0,000000|
20170122_173549|59264|656|0,000000|1|CarroTeste2|0|circulo_r120_xc320_yc240|0|0|0|0|0,000000|0,000000|0,000000|0,000000|0,000000|0,000000|0,000000|0,000000|0,000000|0,000000|0,000000|
20170122_173549|59392|658|0,000000|1|CarroTeste|0|bean_a1.7_b2_xc320_yc240_scale80|0|0|0|0|0,000000|0,000000|0,000000|0,000000|0,000000|0,000000|0,000000|0,000000|0,000000|0,000000|0,000000|
20170122_173549|59404|658|0,000000|1|CarroTeste2|0|circulo_r120_xc320_yc240|0|0|0|0|0,000000|0,000000|0,000000|0,000000|0,000000|0,000000|0,000000|0,000000|0,000000|0,000000|0,000000|
20170122_173549|59527|660|0,000000|1|CarroTeste|0|bean_a1.7_b2_xc320_yc240_scale80|0|0|0|0|0,000000|0,000000|0,000000|0,000000|0,000000|0,000000|0,000000|0,000000|0,000000|0,000000|0,000000|
20170122_173549|59539|660|0,000000|1|CarroTeste2|0|circulo_r120_xc320_yc240|0|0|0|0|0,000000|0,000000|0,000000|0,000000|0,000000|0,000000|0,000000|0,000000|0,000000|0,000000|0,000000|
20170122_173549|59675|662|0,000000|1|CarroTeste|0|bean_a1.7_b2_xc320_yc240_scale80|0|0|0|0|0,000000|0,000000|0,000000|0,000000|0,000000|0,000000|0,000000|0,000000|0,000000|0,000000|0,000000|
20170122_173550|59687|662|0,000000|1|CarroTeste2|0|circulo_r120_xc320_yc240|0|0|0|0|0,000000|0,000000|0,000000|0,000000|0,000000|0,000000|0,000000|0,000000|0,000000|0,000000|0,000000|
20170122_173550|59815|664|0,000000|1|CarroTeste|0|bean_a1.7_b2_xc320_yc240_scale80|0|0|0|0|0,000000|0,000000|0,000000|0,000000|0,000000|0,000000|0,000000|0,000000|0,000000|0,000000|0,000000|
20170122_173550|59827|664|0,000000|1|CarroTeste2|0|circulo_r120_xc320_yc240|0|0|0|0|0,000000|0,000000|0,000000|0,000000|0,000000|0,000000|0,000000|0,000000|0,000000|0,000000|0,000000|
20170122_173550|59917|666|0,000000|1|CarroTeste|0|bean_a1.7_b2_xc320_yc240_scale80|0|0|0|0|0,000000|0,000000|0,000000|0,000000|0,000000|0,000000|0,000000|0,000000|0,000000|0,000000|0,000000|
20170122_173550|59929|666|0,000000|1|CarroTeste2|0|circulo_r120_xc320_yc240|0|0|0|0|0,000000|0,000000|0,000000|0,000000|0,000000|0,000000|0,000000|0,000000|0,000000|0,000000|0,000000|
20170122_173550|60038|668|0,000000|1|CarroTeste|0|bean_a1.7_b2_xc320_yc240_scale80|0|0|0|0|0,000000|0,000000|0,000000|0,000000|0,000000|0,000000|0,000000|0,000000|0,000000|0,000000|0,000000|
20170122_173550|60049|668|0,000000|1|CarroTeste2|0|circulo_r120_xc320_yc240|0|0|0|0|0,000000|0,000000|0,000000|0,000000|0,000000|0,000000|0,000000|0,000000|0,000000|0,000000|0,000000|
20170122_173550|60189|670|0,000000|1|CarroTeste|0|bean_a1.7_b2_xc320_yc240_scale80|0|0|0|0|0,000000|0,000000|0,000000|0,000000|0,000000|0,000000|0,000000|0,000000|0,000000|0,000000|0,000000|
20170122_173550|60199|670|0,000000|1|CarroTeste2|0|circulo_r120_xc320_yc240|0|0|0|0|0,000000|0,000000|0,000000|0,000000|0,000000|0,000000|0,000000|0,000000|0,000000|0,000000|0,000000|
20170122_173550|60292|672|0,000000|1|CarroTeste|0|bean_a1.7_b2_xc320_yc240_scale80|0|0|0|0|0,000000|0,000000|0,000000|0,000000|0,000000|0,000000|0,000000|0,000000|0,000000|0,000000|0,000000|
20170122_173550|60304|672|0,000000|1|CarroTeste2|0|circulo_r120_xc320_yc240|0|0|0|0|0,000000|0,000000|0,000000|0,000000|0,000000|0,000000|0,000000|0,000000|0,000000|0,000000|0,000000|
20170122_173550|60383|674|0,000000|1|CarroTeste|0|bean_a1.7_b2_xc320_yc240_scale80|0|0|0|0|0,000000|0,000000|0,000000|0,000000|0,000000|0,000000|0,000000|0,000000|0,000000|0,000000|0,000000|
20170122_173550|60396|674|0,000000|1|CarroTeste2|0|circulo_r120_xc320_yc240|0|0|0|0|0,000000|0,000000|0,000000|0,000000|0,000000|0,000000|0,000000|0,000000|0,000000|0,000000|0,000000|
20170122_173550|60514|676|0,000000|1|CarroTeste|0|bean_a1.7_b2_xc320_yc240_scale80|0|0|0|0|0,000000|0,000000|0,000000|0,000000|0,000000|0,000000|0,000000|0,000000|0,000000|0,000000|0,000000|
20170122_173550|60525|676|0,000000|1|CarroTeste2|0|circulo_r120_xc320_yc240|0|0|0|0|0,000000|0,000000|0,000000|0,000000|0,000000|0,000000|0,000000|0,000000|0,000000|0,000000|0,000000|
20170122_173550|60666|678|0,000000|1|CarroTeste|0|bean_a1.7_b2_xc320_yc240_scale80|0|0|0|0|0,000000|0,000000|0,000000|0,000000|0,000000|0,000000|0,000000|0,000000|0,000000|0,000000|0,000000|
20170122_173550|60677|678|0,000000|1|CarroTeste2|0|circulo_r120_xc320_yc240|0|0|0|0|0,000000|0,000000|0,000000|0,000000|0,000000|0,000000|0,000000|0,000000|0,000000|0,000000|0,000000|
20170122_173551|60797|680|0,000000|1|CarroTeste|0|bean_a1.7_b2_xc320_yc240_scale80|0|0|0|0|0,000000|0,000000|0,000000|0,000000|0,000000|0,000000|0,000000|0,000000|0,000000|0,000000|0,000000|
20170122_173551|60808|680|0,000000|1|CarroTeste2|0|circulo_r120_xc320_yc240|0|0|0|0|0,000000|0,000000|0,000000|0,000000|0,000000|0,000000|0,000000|0,000000|0,000000|0,000000|0,000000|
20170122_173551|60933|682|0,000000|1|CarroTeste|0|bean_a1.7_b2_xc320_yc240_scale80|0|0|0|0|0,000000|0,000000|0,000000|0,000000|0,000000|0,000000|0,000000|0,000000|0,000000|0,000000|0,000000|
20170122_173551|60945|682|0,000000|1|CarroTeste2|0|circulo_r120_xc320_yc240|0|0|0|0|0,000000|0,000000|0,000000|0,000000|0,000000|0,000000|0,000000|0,000000|0,000000|0,000000|0,000000|
20170122_173551|61075|684|0,000000|1|CarroTeste|0|bean_a1.7_b2_xc320_yc240_scale80|0|0|0|0|0,000000|0,000000|0,000000|0,000000|0,000000|0,000000|0,000000|0,000000|0,000000|0,000000|0,000000|
20170122_173551|61086|684|0,000000|1|CarroTeste2|0|circulo_r120_xc320_yc240|0|0|0|0|0,000000|0,000000|0,000000|0,000000|0,000000|0,000000|0,000000|0,000000|0,000000|0,000000|0,000000|
20170122_173551|61180|686|0,000000|1|CarroTeste|0|bean_a1.7_b2_xc320_yc240_scale80|0|0|0|0|0,000000|0,000000|0,000000|0,000000|0,000000|0,000000|0,000000|0,000000|0,000000|0,000000|0,000000|
20170122_173551|61192|686|0,000000|1|CarroTeste2|0|circulo_r120_xc320_yc240|0|0|0|0|0,000000|0,000000|0,000000|0,000000|0,000000|0,000000|0,000000|0,000000|0,000000|0,000000|0,000000|
20170122_173551|61261|688|0,000000|1|CarroTeste|0|bean_a1.7_b2_xc320_yc240_scale80|0|0|0|0|0,000000|0,000000|0,000000|0,000000|0,000000|0,000000|0,000000|0,000000|0,000000|0,000000|0,000000|
20170122_173551|61273|688|0,000000|1|CarroTeste2|0|circulo_r120_xc320_yc240|0|0|0|0|0,000000|0,000000|0,000000|0,000000|0,000000|0,000000|0,000000|0,000000|0,000000|0,000000|0,000000|
20170122_173551|61337|690|0,000000|1|CarroTeste|0|bean_a1.7_b2_xc320_yc240_scale80|0|0|0|0|0,000000|0,000000|0,000000|0,000000|0,000000|0,000000|0,000000|0,000000|0,000000|0,000000|0,000000|
20170122_173551|61350|690|0,000000|1|CarroTeste2|0|circulo_r120_xc320_yc240|0|0|0|0|0,000000|0,000000|0,000000|0,000000|0,000000|0,000000|0,000000|0,000000|0,000000|0,000000|0,000000|
20170122_173551|61384|692|0,000000|1|CarroTeste|0|bean_a1.7_b2_xc320_yc240_scale80|0|0|0|0|0,000000|0,000000|0,000000|0,000000|0,000000|0,000000|0,000000|0,000000|0,000000|0,000000|0,000000|
20170122_173551|61397|692|0,000000|1|CarroTeste2|0|circulo_r120_xc320_yc240|0|0|0|0|0,000000|0,000000|0,000000|0,000000|0,000000|0,000000|0,000000|0,000000|0,000000|0,000000|0,000000|
20170122_173551|61477|694|0,000000|1|CarroTeste|0|bean_a1.7_b2_xc320_yc240_scale80|0|0|0|0|0,000000|0,000000|0,000000|0,000000|0,000000|0,000000|0,000000|0,000000|0,000000|0,000000|0,000000|
20170122_173551|61488|694|0,000000|1|CarroTeste2|0|circulo_r120_xc320_yc240|0|0|0|0|0,000000|0,000000|0,000000|0,000000|0,000000|0,000000|0,000000|0,000000|0,000000|0,000000|0,000000|
20170122_173551|61568|696|0,000000|1|CarroTeste|0|bean_a1.7_b2_xc320_yc240_scale80|0|0|0|0|0,000000|0,000000|0,000000|0,000000|0,000000|0,000000|0,000000|0,000000|0,000000|0,000000|0,000000|
20170122_173551|61580|696|0,000000|1|CarroTeste2|0|circulo_r120_xc320_yc240|0|0|0|0|0,000000|0,000000|0,000000|0,000000|0,000000|0,000000|0,000000|0,000000|0,000000|0,000000|0,000000|
20170122_173551|61640|698|0,000000|1|CarroTeste|0|bean_a1.7_b2_xc320_yc240_scale80|0|0|0|0|0,000000|0,000000|0,000000|0,000000|0,000000|0,000000|0,000000|0,000000|0,000000|0,000000|0,000000|
20170122_173551|61654|698|0,000000|1|CarroTeste2|0|circulo_r120_xc320_yc240|0|0|0|0|0,000000|0,000000|0,000000|0,000000|0,000000|0,000000|0,000000|0,000000|0,000000|0,000000|0,000000|
20170122_173552|61752|700|0,000000|1|CarroTeste|0|bean_a1.7_b2_xc320_yc240_scale80|0|0|0|0|0,000000|0,000000|0,000000|0,000000|0,000000|0,000000|0,000000|0,000000|0,000000|0,000000|0,000000|
20170122_173552|61764|700|0,000000|1|CarroTeste2|0|circulo_r120_xc320_yc240|0|0|0|0|0,000000|0,000000|0,000000|0,000000|0,000000|0,000000|0,000000|0,000000|0,000000|0,000000|0,000000|
20170122_173552|61857|702|0,000000|1|CarroTeste|0|bean_a1.7_b2_xc320_yc240_scale80|0|0|0|0|0,000000|0,000000|0,000000|0,000000|0,000000|0,000000|0,000000|0,000000|0,000000|0,000000|0,000000|
20170122_173552|61869|702|0,000000|1|CarroTeste2|0|circulo_r120_xc320_yc240|0|0|0|0|0,000000|0,000000|0,000000|0,000000|0,000000|0,000000|0,000000|0,000000|0,000000|0,000000|0,000000|
20170122_173552|62017|704|0,000000|1|CarroTeste|0|bean_a1.7_b2_xc320_yc240_scale80|0|0|0|0|0,000000|0,000000|0,000000|0,000000|0,000000|0,000000|0,000000|0,000000|67,000000|0,000000|0,000000|
20170122_173552|62028|704|0,000000|1|CarroTeste2|0|circulo_r120_xc320_yc240|0|0|0|0|0,000000|0,000000|0,000000|0,000000|0,000000|0,000000|0,000000|0,000000|67,000000|0,000000|0,000000|
20170122_173552|62126|706|0,000000|1|CarroTeste|0|bean_a1.7_b2_xc320_yc240_scale80|0|0|0|0|0,000000|0,000000|0,000000|0,000000|0,000000|0,000000|0,000000|0,000000|67,000000|0,000000|0,000000|
20170122_173552|62138|706|0,000000|1|CarroTeste2|0|circulo_r120_xc320_yc240|0|0|0|0|0,000000|0,000000|0,000000|0,000000|0,000000|0,000000|0,000000|0,000000|67,000000|0,000000|0,000000|
20170122_173552|62225|708|0,000000|1|CarroTeste|0|bean_a1.7_b2_xc320_yc240_scale80|0|0|0|0|0,000000|0,000000|0,000000|0,000000|0,000000|0,000000|0,000000|0,000000|67,000000|0,000000|0,000000|
20170122_173552|62237|708|0,000000|1|CarroTeste2|1|circulo_r120_xc320_yc240|439|224|513|221|74,060786|8,976610|85,000000|76,023390|298,415035|1,685051|2,183646|0,498596|3,742744|18,860483|10,981021|
20170122_173552|62337|710|0,000000|1|CarroTeste|0|bean_a1.7_b2_xc320_yc240_scale80|0|0|0|0|74,060786|8,976610|85,000000|76,023390|298,415035|1,685051|2,183646|0,000000|68,000000|0,000000|0,000000|
20170122_173552|62347|710|0,000000|1|CarroTeste2|0|circulo_r120_xc320_yc240|0|0|513|221|74,060786|8,976610|85,000000|76,023390|298,415035|1,685051|2,183646|0,000000|68,000000|0,000000|0,000000|
20170122_173552|62512|712|0,000000|1|CarroTeste|0|bean_a1.7_b2_xc320_yc240_scale80|0|0|0|0|0,000000|0,000000|0,000000|0,000000|0,000000|0,000000|0,000000|0,000000|74,000000|0,000000|0,000000|
20170122_173552|62524|712|0,000000|1|CarroTeste2|0|circulo_r120_xc320_yc240|0|0|513|221|0,000000|0,000000|0,000000|0,000000|0,000000|0,000000|0,000000|0,000000|74,000000|0,000000|0,000000|
20170122_173553|62795|714|0,000000|1|CarroTeste|0|bean_a1.7_b2_xc320_yc240_scale80|0|0|0|0|0,000000|0,000000|0,000000|0,000000|0,000000|0,000000|0,000000|0,000000|80,000000|0,000000|0,000000|
20170122_173553|62804|714|0,000000|1|CarroTeste2|0|circulo_r120_xc320_yc240|0|0|513|221|0,000000|0,000000|0,000000|0,000000|0,000000|0,000000|0,000000|0,000000|80,000000|0,000000|0,000000|
20170122_173553|62875|716|0,000000|1|CarroTeste|0|bean_a1.7_b2_xc320_yc240_scale80|0|0|0|0|0,000000|0,000000|0,000000|0,000000|0,000000|0,000000|0,000000|0,000000|0,000000|0,000000|0,000000|
20170122_173553|62887|716|0,000000|1|CarroTeste2|0|circulo_r120_xc320_yc240|0|0|513|221|0,000000|0,000000|0,000000|0,000000|0,000000|0,000000|0,000000|0,000000|0,000000|0,000000|0,000000|
20170122_173553|63029|718|0,000000|1|CarroTeste|0|bean_a1.7_b2_xc320_yc240_scale80|0|0|0|0|0,000000|0,000000|0,000000|0,000000|0,000000|0,000000|0,000000|0,000000|0,000000|0,000000|0,000000|
20170122_173553|63038|718|0,000000|1|CarroTeste2|0|circulo_r120_xc320_yc240|0|0|513|221|0,000000|0,000000|0,000000|0,000000|0,000000|0,000000|0,000000|0,000000|0,000000|0,000000|0,000000|
20170122_173553|63133|720|0,000000|1|CarroTeste|0|bean_a1.7_b2_xc320_yc240_scale80|0|0|0|0|0,000000|0,000000|0,000000|0,000000|0,000000|0,000000|0,000000|0,000000|84,000000|0,000000|0,000000|
20170122_173553|63145|720|0,000000|1|CarroTeste2|0|circulo_r120_xc320_yc240|0|0|513|221|0,000000|0,000000|0,000000|0,000000|0,000000|0,000000|0,000000|0,000000|84,000000|0,000000|0,000000|
20170122_173553|63236|722|0,000000|1|CarroTeste|0|bean_a1.7_b2_xc320_yc240_scale80|0|0|0|0|0,000000|0,000000|0,000000|0,000000|0,000000|0,000000|0,000000|0,000000|84,000000|0,000000|0,000000|
20170122_173553|63247|722|0,000000|1|CarroTeste2|0|circulo_r120_xc320_yc240|0|0|513|221|0,000000|0,000000|0,000000|0,000000|0,000000|0,000000|0,000000|0,000000|84,000000|0,000000|0,000000|
20170122_173553|63328|724|0,000000|1|CarroTeste|0|bean_a1.7_b2_xc320_yc240_scale80|0|0|0|0|0,000000|0,000000|0,000000|0,000000|0,000000|0,000000|0,000000|0,000000|84,000000|0,000000|0,000000|
20170122_173553|63339|724|0,000000|1|CarroTeste2|0|circulo_r120_xc320_yc240|0|0|513|221|0,000000|0,000000|0,000000|0,000000|0,000000|0,000000|0,000000|0,000000|84,000000|0,000000|0,000000|
20170122_173553|63427|726|0,000000|1|CarroTeste|0|bean_a1.7_b2_xc320_yc240_scale80|0|0|0|0|0,000000|0,000000|0,000000|0,000000|0,000000|0,000000|0,000000|0,000000|84,000000|0,000000|0,000000|
20170122_173553|63438|726|0,000000|1|CarroTeste2|0|circulo_r120_xc320_yc240|0|0|513|221|0,000000|0,000000|0,000000|0,000000|0,000000|0,000000|0,000000|0,000000|84,000000|0,000000|0,000000|
20170122_173553|63621|728|0,000000|1|CarroTeste|0|bean_a1.7_b2_xc320_yc240_scale80|0|0|0|0|0,000000|0,000000|0,000000|0,000000|0,000000|0,000000|0,000000|0,000000|84,000000|0,000000|0,000000|
20170122_173553|63632|728|0,000000|1|CarroTeste2|0|circulo_r120_xc320_yc240|0|0|513|221|0,000000|0,000000|0,000000|0,000000|0,000000|0,000000|0,000000|0,000000|84,000000|0,000000|0,000000|
20170122_173554|63813|730|0,000000|1|CarroTeste|0|bean_a1.7_b2_xc320_yc240_scale80|0|0|0|0|0,000000|0,000000|0,000000|0,000000|0,000000|0,000000|0,000000|0,000000|84,000000|0,000000|0,000000|
20170122_173554|63822|730|0,000000|1|CarroTeste2|0|circulo_r120_xc320_yc240|0|0|513|221|0,000000|0,000000|0,000000|0,000000|0,000000|0,000000|0,000000|0,000000|84,000000|0,000000|0,000000|
20170122_173554|63930|732|0,000000|1|CarroTeste|0|bean_a1.7_b2_xc320_yc240_scale80|0|0|0|0|0,000000|0,000000|0,000000|0,000000|0,000000|0,000000|0,000000|0,000000|84,000000|0,000000|0,000000|
20170122_173554|63942|732|0,000000|1|CarroTeste2|0|circulo_r120_xc320_yc240|0|0|513|221|0,000000|0,000000|0,000000|0,000000|0,000000|0,000000|0,000000|0,000000|84,000000|0,000000|0,000000|
20170122_173554|64048|734|0,000000|1|CarroTeste|0|bean_a1.7_b2_xc320_yc240_scale80|0|0|0|0|0,000000|0,000000|0,000000|0,000000|0,000000|0,000000|0,000000|0,000000|84,000000|0,000000|0,000000|
20170122_173554|64059|734|0,000000|1|CarroTeste2|0|circulo_r120_xc320_yc240|0|0|513|221|0,000000|0,000000|0,000000|0,000000|0,000000|0,000000|0,000000|0,000000|84,000000|0,000000|0,000000|
20170122_173554|64142|736|0,000000|1|CarroTeste|0|bean_a1.7_b2_xc320_yc240_scale80|0|0|0|0|0,000000|0,000000|0,000000|0,000000|0,000000|0,000000|0,000000|0,000000|84,000000|0,000000|0,000000|
20170122_173554|64152|736|0,000000|1|CarroTeste2|0|circulo_r120_xc320_yc240|0|0|513|221|0,000000|0,000000|0,000000|0,000000|0,000000|0,000000|0,000000|0,000000|84,000000|0,000000|0,000000|
20170122_173554|64231|738|0,000000|1|CarroTeste|0|bean_a1.7_b2_xc320_yc240_scale80|0|0|0|0|0,000000|0,000000|0,000000|0,000000|0,000000|0,000000|0,000000|0,000000|84,000000|0,000000|0,000000|
20170122_173554|64244|738|0,000000|1|CarroTeste2|0|circulo_r120_xc320_yc240|0|0|513|221|0,000000|0,000000|0,000000|0,000000|0,000000|0,000000|0,000000|0,000000|84,000000|0,000000|0,000000|
20170122_173554|64401|740|0,000000|1|CarroTeste|0|bean_a1.7_b2_xc320_yc240_scale80|0|0|0|0|0,000000|0,000000|0,000000|0,000000|0,000000|0,000000|0,000000|0,000000|84,000000|0,000000|0,000000|
20170122_173554|64412|740|0,000000|1|CarroTeste2|0|circulo_r120_xc320_yc240|0|0|513|221|0,000000|0,000000|0,000000|0,000000|0,000000|0,000000|0,000000|0,000000|84,000000|0,000000|0,000000|
20170122_173554|64587|742|0,000000|1|CarroTeste|0|bean_a1.7_b2_xc320_yc240_scale80|0|0|0|0|0,000000|0,000000|0,000000|0,000000|0,000000|0,000000|0,000000|0,000000|0,000000|0,000000|0,000000|
20170122_173554|64598|742|0,000000|1|CarroTeste2|0|circulo_r120_xc320_yc240|0|0|513|221|0,000000|0,000000|0,000000|0,000000|0,000000|0,000000|0,000000|0,000000|0,000000|0,000000|0,000000|
20170122_173555|64777|744|0,000000|1|CarroTeste|0|bean_a1.7_b2_xc320_yc240_scale80|0|0|0|0|0,000000|0,000000|0,000000|0,000000|0,000000|0,000000|0,000000|0,000000|0,000000|0,000000|0,000000|
20170122_173555|64786|744|0,000000|1|CarroTeste2|0|circulo_r120_xc320_yc240|0|0|513|221|0,000000|0,000000|0,000000|0,000000|0,000000|0,000000|0,000000|0,000000|0,000000|0,000000|0,000000|
20170122_173555|64964|746|0,000000|1|CarroTeste|0|bean_a1.7_b2_xc320_yc240_scale80|0|0|0|0|0,000000|0,000000|0,000000|0,000000|0,000000|0,000000|0,000000|0,000000|0,000000|0,000000|0,000000|
20170122_173555|64972|746|0,000000|1|CarroTeste2|0|circulo_r120_xc320_yc240|0|0|513|221|0,000000|0,000000|0,000000|0,000000|0,000000|0,000000|0,000000|0,000000|0,000000|0,000000|0,000000|
20170122_173555|65153|748|0,000000|1|CarroTeste|0|bean_a1.7_b2_xc320_yc240_scale80|0|0|0|0|0,000000|0,000000|0,000000|0,000000|0,000000|0,000000|0,000000|0,000000|0,000000|0,000000|0,000000|
20170122_173555|65164|748|0,000000|1|CarroTeste2|0|circulo_r120_xc320_yc240|0|0|513|221|0,000000|0,000000|0,000000|0,000000|0,000000|0,000000|0,000000|0,000000|0,000000|0,000000|0,000000|
20170122_173555|65338|750|0,000000|1|CarroTeste|0|bean_a1.7_b2_xc320_yc240_scale80|0|0|0|0|0,000000|0,000000|0,000000|0,000000|0,000000|0,000000|0,000000|0,000000|84,000000|0,000000|0,000000|
20170122_173555|65347|750|0,000000|1|CarroTeste2|0|circulo_r120_xc320_yc240|0|0|513|221|0,000000|0,000000|0,000000|0,000000|0,000000|0,000000|0,000000|0,000000|84,000000|0,000000|0,000000|
20170122_173555|65521|752|0,000000|1|CarroTeste|0|bean_a1.7_b2_xc320_yc240_scale80|0|0|0|0|0,000000|0,000000|0,000000|0,000000|0,000000|0,000000|0,000000|0,000000|84,000000|0,000000|0,000000|
20170122_173555|65530|752|0,000000|1|CarroTeste2|0|circulo_r120_xc320_yc240|0|0|513|221|0,000000|0,000000|0,000000|0,000000|0,000000|0,000000|0,000000|0,000000|84,000000|0,000000|0,000000|
20170122_173555|65667|754|0,000000|1|CarroTeste|0|bean_a1.7_b2_xc320_yc240_scale80|0|0|0|0|0,000000|0,000000|0,000000|0,000000|0,000000|0,000000|0,000000|0,000000|84,000000|0,000000|0,000000|
20170122_173555|65683|754|0,000000|1|CarroTeste2|0|circulo_r120_xc320_yc240|0|0|513|221|0,000000|0,000000|0,000000|0,000000|0,000000|0,000000|0,000000|0,000000|84,000000|0,000000|0,000000|
20170122_173556|65796|756|0,000000|1|CarroTeste|0|bean_a1.7_b2_xc320_yc240_scale80|0|0|0|0|0,000000|0,000000|0,000000|0,000000|0,000000|0,000000|0,000000|0,000000|95,000000|0,000000|0,000000|
20170122_173556|65808|756|0,000000|1|CarroTeste2|0|circulo_r120_xc320_yc240|0|0|513|221|0,000000|0,000000|0,000000|0,000000|0,000000|0,000000|0,000000|0,000000|95,000000|0,000000|0,000000|
20170122_173556|65991|758|0,000000|1|CarroTeste|0|bean_a1.7_b2_xc320_yc240_scale80|0|0|0|0|0,000000|0,000000|0,000000|0,000000|0,000000|0,000000|0,000000|0,000000|33,000000|0,000000|0,000000|
20170122_173556|66003|758|0,000000|1|CarroTeste2|0|circulo_r120_xc320_yc240|0|0|513|221|0,000000|0,000000|0,000000|0,000000|0,000000|0,000000|0,000000|0,000000|33,000000|0,000000|0,000000|
20170122_173556|66170|760|0,000000|1|CarroTeste|0|bean_a1.7_b2_xc320_yc240_scale80|0|0|0|0|0,000000|0,000000|0,000000|0,000000|0,000000|0,000000|0,000000|0,000000|54,000000|0,000000|0,000000|
20170122_173556|66182|760|0,000000|1|CarroTeste2|0|circulo_r120_xc320_yc240|0|0|513|221|0,000000|0,000000|0,000000|0,000000|0,000000|0,000000|0,000000|0,000000|54,000000|0,000000|0,000000|
20170122_173556|66248|762|0,000000|1|CarroTeste|0|bean_a1.7_b2_xc320_yc240_scale80|0|0|0|0|0,000000|0,000000|0,000000|0,000000|0,000000|0,000000|0,000000|0,000000|62,000000|0,000000|0,000000|
20170122_173556|66261|762|0,000000|1|CarroTeste2|0|circulo_r120_xc320_yc240|0|0|513|221|0,000000|0,000000|0,000000|0,000000|0,000000|0,000000|0,000000|0,000000|62,000000|0,000000|0,000000|
20170122_173556|66388|764|0,000000|1|CarroTeste|0|bean_a1.7_b2_xc320_yc240_scale80|0|0|0|0|0,000000|0,000000|0,000000|0,000000|0,000000|0,000000|0,000000|0,000000|0,000000|0,000000|0,000000|
20170122_173556|66399|764|0,000000|1|CarroTeste2|0|circulo_r120_xc320_yc240|0|0|513|221|0,000000|0,000000|0,000000|0,000000|0,000000|0,000000|0,000000|0,000000|0,000000|0,000000|0,000000|
20170122_173556|66541|766|0,000000|1|CarroTeste|0|bean_a1.7_b2_xc320_yc240_scale80|0|0|0|0|0,000000|0,000000|0,000000|0,000000|0,000000|0,000000|0,000000|0,000000|59,000000|0,000000|0,000000|
20170122_173556|66552|766|0,000000|1|CarroTeste2|0|circulo_r120_xc320_yc240|0|0|513|221|0,000000|0,000000|0,000000|0,000000|0,000000|0,000000|0,000000|0,000000|59,000000|0,000000|0,000000|
20170122_173556|66626|768|0,000000|1|CarroTeste|0|bean_a1.7_b2_xc320_yc240_scale80|0|0|0|0|0,000000|0,000000|0,000000|0,000000|0,000000|0,000000|0,000000|0,000000|57,000000|0,000000|0,000000|
20170122_173556|66639|768|0,000000|1|CarroTeste2|0|circulo_r120_xc320_yc240|0|0|513|221|0,000000|0,000000|0,000000|0,000000|0,000000|0,000000|0,000000|0,000000|57,000000|0,000000|0,000000|
20170122_173557|66767|770|0,000000|1|CarroTeste|0|bean_a1.7_b2_xc320_yc240_scale80|0|0|0|0|0,000000|0,000000|0,000000|0,000000|0,000000|0,000000|0,000000|0,000000|57,000000|0,000000|0,000000|
20170122_173557|66779|770|0,000000|1|CarroTeste2|0|circulo_r120_xc320_yc240|0|0|513|221|0,000000|0,000000|0,000000|0,000000|0,000000|0,000000|0,000000|0,000000|57,000000|0,000000|0,000000|
20170122_173557|66896|772|0,000000|1|CarroTeste|0|bean_a1.7_b2_xc320_yc240_scale80|0|0|0|0|0,000000|0,000000|0,000000|0,000000|0,000000|0,000000|0,000000|0,000000|57,000000|0,000000|0,000000|
20170122_173557|66909|772|0,000000|1|CarroTeste2|0|circulo_r120_xc320_yc240|0|0|513|221|0,000000|0,000000|0,000000|0,000000|0,000000|0,000000|0,000000|0,000000|57,000000|0,000000|0,000000|
20170122_173557|67045|774|0,000000|1|CarroTeste|0|bean_a1.7_b2_xc320_yc240_scale80|0|0|0|0|0,000000|0,000000|0,000000|0,000000|0,000000|0,000000|0,000000|0,000000|0,000000|0,000000|0,000000|
20170122_173557|67056|774|0,000000|1|CarroTeste2|0|circulo_r120_xc320_yc240|0|0|513|221|0,000000|0,000000|0,000000|0,000000|0,000000|0,000000|0,000000|0,000000|0,000000|0,000000|0,000000|
