TimeStamp|Ticks|FrameNum|FPS|LogaDados|Robo|achou|trajetoria|Xd|Yd|Xa|Ya|DistMelhorPonto|velAtual|velDesejada|erroVel|SaidaControleLinear|angAtual|angDesejado|erroAng|SaidaControleAngular|SinalDeControle1|SinalDeControle2|
20170121_174447|11800|1|0,000001|0||0||0|0|0|0||||||||||||
20170121_174448|12440|2|0,316857|0||0||0|0|0|0||||||||||||
20170121_174448|12537|3|10,526316|0||0||0|0|0|0||||||||||||
20170121_174448|12629|4|10,638298|0||0||0|0|0|0||||||||||||
20170121_174448|12722|5|10,752688|0||0||0|0|0|0||||||||||||
20170121_174448|12819|6|10,638298|0||0||0|0|0|0||||||||||||
20170121_174448|12910|7|10,638298|0||0||0|0|0|0||||||||||||
20170121_174449|13003|8|10,638298|0||0||0|0|0|0||||||||||||
20170121_174449|13098|9|10,752688|0||0||0|0|0|0||||||||||||
20170121_174449|13189|10|10,752688|0||0||0|0|0|0||||||||||||
20170121_174449|13282|11|10,526316|0||0||0|0|0|0||||||||||||
20170121_174449|13378|12|10,638298|0||0||0|0|0|0||||||||||||
20170121_174449|13482|13|10,101010|0||0||0|0|0|0||||||||||||
20170121_174449|13576|14|11,235955|0||0||0|0|0|0||||||||||||
20170121_174449|13700|15|8,403361|0||0||0|0|0|0||||||||||||
20170121_174449|13770|16|12,195122|0||0||0|0|0|0||||||||||||
20170121_174449|13848|17|12,345679|0||0||0|0|0|0||||||||||||
20170121_174449|13940|18|10,989011|0||0||0|0|0|0||||||||||||
20170121_174450|14034|19|10,526316|0||0||0|0|0|0||||||||||||
20170121_174450|14132|20|10,752688|0||0||0|0|0|0||||||||||||
20170121_174450|14224|21|10,526316|0||0||0|0|0|0||||||||||||
20170121_174450|14317|22|10,638298|0||0||0|0|0|0||||||||||||
20170121_174450|14412|23|10,752688|0||0||0|0|0|0||||||||||||
20170121_174450|14502|24|10,638298|0||0||0|0|0|0||||||||||||
20170121_174452|16566|25|10,869565|0||0||0|0|0|0||||||||||||
20170121_174452|16666|26|0,484262|0||0||0|0|0|0||||||||||||
20170121_174452|16760|27|9,803922|0||0||0|0|0|0||||||||||||
20170121_174452|16844|28|11,764706|0||0||0|0|0|0||||||||||||
20170121_174452|16939|29|10,752688|0||0||0|0|0|0||||||||||||
20170121_174453|17034|30|10,752688|0||0||0|0|0|0||||||||||||
20170121_174453|17127|31|10,638298|0||0||0|0|0|0||||||||||||
20170121_174453|17226|32|10,416667|0||0||0|0|0|0||||||||||||
20170121_174453|17313|33|10,989011|0||0||0|0|0|0||||||||||||
20170121_174453|17409|34|10,526316|0||0||0|0|0|0||||||||||||
20170121_174453|17488|35|13,157895|0||0||0|0|0|0||||||||||||
20170121_174453|17565|36|12,345679|0||0||0|0|0|0||||||||||||
20170121_174453|17645|37|12,820513|0||0||0|0|0|0||||||||||||
20170121_174453|17739|38|10,989011|0||0||0|0|0|0||||||||||||
20170121_174453|17834|39|10,309278|0||0||0|0|0|0||||||||||||
20170121_174453|17926|40|10,638298|0||0||0|0|0|0||||||||||||
20170121_174454|18017|41|10,752688|0||0||0|0|0|0||||||||||||
20170121_174454|18113|42|10,526316|0||0||0|0|0|0||||||||||||
20170121_174454|18204|43|10,869565|0||0||0|0|0|0||||||||||||
20170121_174454|18298|44|10,638298|0||0||0|0|0|0||||||||||||
20170121_174454|18397|45|10,638298|0||0||0|0|0|0||||||||||||
20170121_174454|18486|46|10,752688|0||0||0|0|0|0||||||||||||
20170121_174454|18579|47|10,752688|0||0||0|0|0|0||||||||||||
20170121_174454|18679|48|10,416667|0||0||0|0|0|0||||||||||||
20170121_174454|18767|49|10,869565|0||0||0|0|0|0||||||||||||
20170121_174454|18863|50|10,526316|0||0||0|0|0|0||||||||||||
20170121_174456|20973|51|10,752688|0|CarroTeste|1|circulo_r120_xc320_yc240|200|224|164|218|36,496575|0,000159|50,000000|49,999841|170,522609|0,348771|-6,046588|-0,112174|-0,633472|7,859318|9,192943|
20170121_174457|21067|52|0,474383|0|CarroTeste|1|circulo_r120_xc320_yc240|200|224|164|218|36,496575|0,000000|50,000000|50,000000|174,925382|0,348771|-6,046588|-0,112174|-0,640818|8,071724|9,420814|
20170121_174457|21161|53|10,526316|0|CarroTeste|1|circulo_r120_xc320_yc240|200|224|164|218|36,496575|0,000000|50,000000|50,000000|179,807331|0,348771|-6,046588|-0,112174|-0,651743|8,304322|9,676411|
20170121_174457|21255|54|10,869565|0|CarroTeste|1|circulo_r120_xc320_yc240|200|224|164|218|36,496575|0,000000|50,000000|50,000000|184,698487|0,348771|-6,046588|-0,112174|-0,662745|8,537298|9,932551|
20170121_174457|21353|55|10,416667|0|CarroTeste|1|circulo_r120_xc320_yc240|200|224|164|218|36,496575|0,000000|50,000000|50,000000|189,576778|0,348771|-6,046588|-0,112174|-0,673634|8,769751|10,187927|
20170121_174457|21444|56|10,752688|0|CarroTeste|1|circulo_r120_xc320_yc240|200|224|164|218|36,496575|0,000000|50,000000|50,000000|194,461910|0,348771|-6,046588|-0,112174|-0,684564|9,002502|10,443689|
20170121_174457|21539|57|10,752688|0|CarroTeste|1|circulo_r120_xc320_yc240|200|224|164|218|36,496575|0,000000|50,000000|50,000000|199,692951|0,348771|-6,046588|-0,112174|-0,698885|9,248980|10,720316|
20170121_174457|21631|58|10,416667|0|CarroTeste|1|circulo_r120_xc320_yc240|200|224|164|218|36,496575|0,000000|50,000000|50,000000|204,450822|0,348771|-6,046588|-0,112174|-0,709713|9,475475|10,969607|
20170121_174457|21723|59|10,869565|0|CarroTeste|1|circulo_r120_xc320_yc240|200|224|164|218|36,496575|0,000000|50,000000|50,000000|209,149139|0,348771|-6,046588|-0,112174|-0,720028|9,699532|11,215382|
20170121_174457|21818|60|10,752688|0|CarroTeste|1|circulo_r120_xc320_yc240|200|224|164|218|36,496575|0,000000|50,000000|50,000000|213,890496|0,348771|-6,046588|-0,112174|-0,730665|9,925403|11,463646|
20170121_174457|21912|61|10,638298|0|CarroTeste|1|circulo_r120_xc320_yc240|200|224|164|218|36,496575|0,000000|50,000000|50,000000|218,628011|0,348771|-6,046588|-0,112174|-0,741265|10,151121|11,711680|
20170121_174458|22008|62|10,416667|0|CarroTeste|1|circulo_r120_xc320_yc240|200|224|164|218|36,496575|0,000000|50,000000|50,000000|223,363590|0,348771|-6,046588|-0,112174|-0,751834|10,376776|11,959583|
20170121_174458|22102|63|10,989011|0|CarroTeste|1|circulo_r120_xc320_yc240|200|224|164|218|36,496575|0,000000|50,000000|50,000000|228,129041|0,348771|-6,046588|-0,112174|-0,762669|10,603643|12,209261|
20170121_174458|22195|64|10,526316|0|CarroTeste|1|circulo_r120_xc320_yc240|200|224|164|218|36,496575|0,000000|50,000000|50,000000|232,851435|0,348771|-6,046588|-0,112174|-0,773147|10,828733|12,456411|
20170121_174458|22287|65|10,752688|0|CarroTeste|1|circulo_r120_xc320_yc240|200|224|164|218|36,496575|0,000000|50,000000|50,000000|237,603677|0,348771|-6,046588|-0,112174|-0,783866|11,055062|12,705306|
20170121_174458|22380|66|10,638298|0|CarroTeste|1|circulo_r120_xc320_yc240|200|224|164|218|36,496575|0,000000|50,000000|50,000000|242,260709|0,348771|-6,046588|-0,112174|-0,793679|11,277583|12,948487|
20170121_174458|22474|67|10,752688|0|CarroTeste|1|circulo_r120_xc320_yc240|200|224|164|219|36,345564|10,526316|50,000000|39,473684|211,118003|0,404892|-6,040548|-0,162255|-1,086036|9,412705|11,699095|
20170121_174458|22571|68|10,526316|0|CarroTeste|1|circulo_r120_xc320_yc240|200|224|164|218|36,496575|10,309278|50,000000|39,690722|215,588122|0,348771|-6,046588|-0,112174|-0,818714|9,917602|11,641210|
20170121_174458|22666|69|10,416667|0|CarroTeste|1|circulo_r120_xc320_yc240|200|224|164|218|36,496575|0,000000|50,000000|50,000000|254,520911|0,348771|-6,046588|-0,112174|-0,829377|11,853017|13,599074|
20170121_174458|22763|70|10,869565|0|CarroTeste|1|circulo_r120_xc320_yc240|200|224|164|218|36,496575|0,000000|50,000000|50,000000|259,384170|0,348771|-6,046588|-0,112174|-0,840429|12,084547|13,853870|
20170121_174458|22850|71|10,752688|0|CarroTeste|1|circulo_r120_xc320_yc240|200|224|164|218|36,496575|0,000000|50,000000|50,000000|264,224264|0,348771|-6,046588|-0,112174|-0,851316|12,315091|14,107335|
20170121_174458|22943|72|10,752688|0|CarroTeste|1|circulo_r120_xc320_yc240|200|224|164|218|36,496575|0,000000|50,000000|50,000000|269,058856|0,348771|-6,046588|-0,112174|-0,862162|12,545403|14,360482|
20170121_174459|23036|73|10,638298|0|CarroTeste|1|circulo_r120_xc320_yc240|200|224|164|218|36,496575|0,000000|50,000000|50,000000|273,897144|0,348771|-6,046588|-0,112174|-0,873045|12,775862|14,613852|
20170121_174459|23137|74|10,526316|0|CarroTeste|1|circulo_r120_xc320_yc240|200|224|164|218|36,496575|0,000000|50,000000|50,000000|278,718719|0,348771|-6,046588|-0,112174|-0,883776|13,005645|14,866226|
20170121_174459|23226|75|10,638298|0|CarroTeste|1|circulo_r120_xc320_yc240|200|224|164|218|36,496575|0,000000|50,000000|50,000000|283,556800|0,348771|-6,046588|-0,112174|-0,894630|13,236124|15,119556|
20170121_174459|23318|76|10,752688|0|CarroTeste|1|circulo_r120_xc320_yc240|200|224|164|218|36,496575|0,000000|50,000000|50,000000|288,398654|0,348771|-6,046588|-0,112174|-0,905521|13,466752|15,373113|
20170121_174459|23412|77|10,752688|0|CarroTeste|1|circulo_r120_xc320_yc240|200|224|164|218|36,496575|0,000000|50,000000|50,000000|293,235009|0,348771|-6,046588|-0,112174|-0,916372|13,697149|15,626352|
20170121_174459|23506|78|10,416667|0|CarroTeste|1|circulo_r120_xc320_yc240|200|224|164|218|36,496575|0,000000|50,000000|50,000000|298,060280|0,348771|-6,046588|-0,112174|-0,927113|13,927106|15,878922|
20170121_174459|23599|79|10,869565|0|CarroTeste|1|circulo_r120_xc320_yc240|200|224|164|218|36,496575|0,000000|50,000000|50,000000|302,916652|0,348771|-6,046588|-0,112174|-0,938122|14,158336|16,133329|
20170121_174459|23692|80|10,752688|0|CarroTeste|1|circulo_r120_xc320_yc240|200|224|164|218|36,496575|0,000000|50,000000|50,000000|307,747385|0,348771|-6,046588|-0,112174|-0,948930|14,388495|16,386243|
20170121_174459|23787|81|10,638298|0|CarroTeste|1|circulo_r120_xc320_yc240|200|224|164|218|36,496575|0,000000|50,000000|50,000000|312,587436|0,348771|-6,046588|-0,112174|-0,959817|14,619038|16,639705|
20170121_174459|23884|82|10,526316|0|CarroTeste|1|circulo_r120_xc320_yc240|200|224|164|218|36,496575|0,000000|50,000000|50,000000|317,414632|0,348771|-6,046588|-0,112174|-0,970590|14,849058|16,892405|
20170121_174459|23974|83|10,752688|0|CarroTeste|1|circulo_r120_xc320_yc240|200|224|164|218|36,496575|0,000000|50,000000|50,000000|322,596540|0,348771|-6,046588|-0,112174|-0,984802|15,093193|17,166461|
20170121_174500|24076|84|10,638298|0|CarroTeste|1|circulo_r120_xc320_yc240|200|224|164|218|36,496575|0,000000|50,000000|50,000000|327,288028|0,348771|-6,046588|-0,112174|-0,995356|15,316659|17,412144|
20170121_174500|24170|85|10,526316|0|CarroTeste|1|circulo_r120_xc320_yc240|200|224|164|218|36,496575|0,000000|50,000000|50,000000|331,962496|0,348771|-6,046588|-0,112174|-1,005756|15,539434|17,656816|
20170121_174500|24258|86|10,869565|0|CarroTeste|1|circulo_r120_xc320_yc240|200|224|164|218|36,496575|0,000000|50,000000|50,000000|336,668821|0,348771|-6,046588|-0,112174|-1,016429|15,763516|17,903366|
20170121_174500|24356|87|10,526316|0|CarroTeste|1|circulo_r120_xc320_yc240|200|224|164|218|36,496575|0,000000|50,000000|50,000000|341,345695|0,348771|-6,046588|-0,112174|-1,026864|15,986375|18,148195|
20170121_174500|24449|88|10,752688|0|CarroTeste|1|circulo_r120_xc320_yc240|200|224|164|218|36,496575|0,000000|50,000000|50,000000|346,033453|0,348771|-6,046588|-0,112174|-1,037381|16,209692|18,393653|
20170121_174500|24538|89|10,752688|0|CarroTeste|1|circulo_r120_xc320_yc240|200|224|164|218|36,496575|0,000000|50,000000|50,000000|350,732606|0,348771|-6,046588|-0,112174|-1,048008|16,433464|18,639797|
20170121_174500|24630|90|10,638298|0|CarroTeste|1|circulo_r120_xc320_yc240|200|224|164|218|36,496575|0,000000|50,000000|50,000000|355,407759|0,348771|-6,046588|-0,112174|-1,058439|16,656242|18,884534|
20170121_174500|24726|91|10,416667|0|CarroTeste|1|circulo_r120_xc320_yc240|200|224|164|218|36,496575|0,000000|50,000000|50,000000|360,082643|0,348771|-6,046588|-0,112174|-1,068842|16,879035|19,129229|
20170121_174500|24819|92|10,869565|0|CarroTeste|1|circulo_r120_xc320_yc240|200|224|164|218|36,496575|0,000000|50,000000|50,000000|364,781520|0,348771|-6,046588|-0,112174|-1,079442|17,102821|19,375331|
20170121_174500|24912|93|10,638298|0|CarroTeste|1|circulo_r120_xc320_yc240|200|224|164|218|36,496575|0,000000|50,000000|50,000000|369,476792|0,348771|-6,046588|-0,112174|-1,090032|17,326438|19,621242|
20170121_174501|25009|94|10,526316|0|CarroTeste|1|circulo_r120_xc320_yc240|200|224|164|218|36,496575|0,000000|50,000000|50,000000|374,145724|0,348771|-6,046588|-0,112174|-1,100390|17,548981|19,865592|
20170121_174501|25101|95|10,869565|0|CarroTeste|1|circulo_r120_xc320_yc240|200|224|164|218|36,496575|0,000000|50,000000|50,000000|378,848537|0,348771|-6,046588|-0,112174|-1,111027|17,772924|20,111929|
20170121_174501|25194|96|10,752688|0|CarroTeste|1|circulo_r120_xc320_yc240|200|224|164|218|36,496575|0,000000|50,000000|50,000000|383,534846|0,348771|-6,046588|-0,112174|-1,121541|17,996173|20,357312|
20170121_174501|25289|97|10,526316|0|CarroTeste|1|circulo_r120_xc320_yc240|200|224|164|218|36,496575|0,000000|50,000000|50,000000|388,217359|0,348771|-6,046588|-0,112174|-1,132018|18,219270|20,602466|
20170121_174501|25382|98|10,752688|0|CarroTeste|1|circulo_r120_xc320_yc240|200|224|164|218|36,496575|0,000000|50,000000|50,000000|392,905255|0,348771|-6,046588|-0,112174|-1,142535|18,442594|20,847931|
20170121_174501|25475|99|10,638298|0|CarroTeste|1|circulo_r120_xc320_yc240|200|224|164|218|36,496575|0,000000|50,000000|50,000000|397,596948|0,348771|-6,046588|-0,112174|-1,153089|18,666070|21,093625|
20170121_174501|25577|100|10,638298|0|CarroTeste|1|circulo_r120_xc320_yc240|200|224|164|218|36,496575|0,000000|50,000000|50,000000|402,290775|0,348771|-6,046588|-0,112174|-1,163675|18,889617|21,339460|
20170121_174501|25670|101|10,526316|0|CarroTeste|1|circulo_r120_xc320_yc240|200|224|164|218|36,496575|0,000000|50,000000|50,000000|406,962304|0,348771|-6,046588|-0,112174|-1,174069|19,112253|21,583978|
20170121_174501|25756|102|10,752688|0|CarroTeste|1|circulo_r120_xc320_yc240|200|224|164|218|36,496575|0,000000|50,000000|50,000000|411,650337|0,348771|-6,046588|-0,112174|-1,184587|19,335583|21,829450|
20170121_174501|25850|103|10,752688|0|CarroTeste|1|circulo_r120_xc320_yc240|200|224|164|218|36,496575|0,000000|50,000000|50,000000|416,338370|0,348771|-6,046588|-0,112174|-1,195104|19,558914|22,074923|
20170121_174501|25944|104|10,526316|0|CarroTeste|1|circulo_r120_xc320_yc240|200|224|164|218|36,496575|0,000000|50,000000|50,000000|421,022608|0,348771|-6,046588|-0,112174|-1,205585|19,782093|22,320168|
20170121_174502|26036|105|10,869565|0|CarroTeste|1|circulo_r120_xc320_yc240|200|224|164|218|36,496575|0,000000|50,000000|50,000000|425,723868|0,348771|-6,046588|-0,112174|-1,216219|20,005963|22,566424|
20170121_174502|26131|106|10,752688|0|CarroTeste|1|circulo_r120_xc320_yc240|200|224|164|218|36,496575|0,000000|50,000000|50,000000|430,412506|0,348771|-6,046588|-0,112174|-1,226767|20,229292|22,811959|
20170121_174502|26229|107|10,309278|0|CarroTeste|1|circulo_r120_xc320_yc240|200|224|164|218|36,496575|0,000000|50,000000|50,000000|435,080606|0,348771|-6,046588|-0,112174|-1,237128|20,451791|23,056270|
20170121_174502|26319|108|10,869565|0|CarroTeste|1|circulo_r120_xc320_yc240|200|224|164|218|36,496575|0,000000|50,000000|50,000000|439,773988|0,348771|-6,046588|-0,112174|-1,247687|20,675345|23,302054|
20170121_174502|26412|109|10,752688|0|CarroTeste|1|circulo_r120_xc320_yc240|200|224|164|218|36,496575|0,000000|50,000000|50,000000|444,473146|0,348771|-6,046588|-0,112174|-1,258314|20,899116|23,548198|
20170121_174502|26505|110|10,638298|0|CarroTeste|1|circulo_r120_xc320_yc240|200|224|164|218|36,496575|0,000000|50,000000|50,000000|449,148303|0,348771|-6,046588|-0,112174|-1,268744|21,121895|23,792935|
20170121_174502|26602|111|10,526316|0|CarroTeste|1|circulo_r120_xc320_yc240|200|224|164|218|36,496575|0,000000|50,000000|50,000000|453,826905|0,348771|-6,046588|-0,112174|-1,279184|21,344836|24,037854|
20170121_174502|26694|112|10,752688|0|CarroTeste|1|circulo_r120_xc320_yc240|200|224|164|218|36,496575|0,000000|50,000000|50,000000|458,520271|0,348771|-6,046588|-0,112174|-1,289742|21,568390|24,283637|
20170121_174502|26795|113|10,526316|0|CarroTeste|1|circulo_r120_xc320_yc240|200|224|164|218|36,496575|0,000000|50,000000|50,000000|463,208135|0,348771|-6,046588|-0,112174|-1,300259|21,791713|24,529100|
20170121_174502|26886|114|10,752688|0|CarroTeste|1|circulo_r120_xc320_yc240|200|224|164|218|36,496575|0,000000|50,000000|50,000000|467,895999|0,348771|-6,046588|-0,112174|-1,310776|22,015036|24,774564|
20170121_174502|26976|115|10,752688|0|CarroTeste|1|circulo_r120_xc320_yc240|200|224|164|219|36,345564|11,111111|50,000000|38,888889|434,667859|0,404892|-6,040548|-0,162255|-1,604649|20,044289|23,422497|
20170121_174503|27069|116|10,752688|0|CarroTeste|1|circulo_r120_xc320_yc240|200|224|164|218|36,496575|10,989011|50,000000|39,010989|438,735408|0,348771|-6,046588|-0,112174|-1,336612|20,529810|23,343731|
20170121_174503|27162|117|10,526316|0|CarroTeste|1|circulo_r120_xc320_yc240|200|224|164|218|36,496575|0,000000|50,000000|50,000000|479,882434|0,348771|-6,046588|-0,112174|-1,347006|22,576221|25,412023|
20170121_174503|27255|118|10,638298|0|CarroTeste|1|circulo_r120_xc320_yc240|200|224|164|218|36,496575|0,000000|50,000000|50,000000|484,574130|0,348771|-6,046588|-0,112174|-1,357560|22,799696|25,657717|
20170121_174503|27356|119|10,638298|0|CarroTeste|1|circulo_r120_xc320_yc240|200|224|164|218|36,496575|0,000000|50,000000|50,000000|489,256563|0,348771|-6,046588|-0,112174|-1,368036|23,022790|25,902866|
20170121_174503|27444|120|10,752688|0|CarroTeste|1|circulo_r120_xc320_yc240|200|224|164|218|36,496575|0,000000|50,000000|50,000000|493,944497|0,348771|-6,046588|-0,112174|-1,378554|23,246116|26,148334|
20170121_174503|27539|121|10,526316|0|CarroTeste|1|circulo_r120_xc320_yc240|200|224|164|218|36,496575|0,000000|50,000000|50,000000|498,628635|0,348771|-6,046588|-0,112174|-1,389034|23,469291|26,393573|
20170121_174503|27632|122|10,869565|0|CarroTeste|1|circulo_r120_xc320_yc240|200|224|164|218|36,496575|0,000000|50,000000|50,000000|503,333516|0,348771|-6,046588|-0,112174|-1,399703|23,693304|26,640048|
20170121_174503|27726|123|10,526316|0|CarroTeste|1|circulo_r120_xc320_yc240|200|224|164|218|36,496575|0,000000|50,000000|50,000000|508,004979|0,348771|-6,046588|-0,112174|-1,410097|23,915936|26,884562|
20170121_174503|27827|124|10,638298|0|CarroTeste|1|circulo_r120_xc320_yc240|200|224|164|218|36,496575|0,000000|50,000000|50,000000|512,692946|0,348771|-6,046588|-0,112174|-1,420615|24,139263|27,130031|
20170121_174503|27912|125|10,869565|0|CarroTeste|1|circulo_r120_xc320_yc240|200|224|164|218|36,496575|0,000000|50,000000|50,000000|517,392554|0,348771|-6,046588|-0,112174|-1,431245|24,363054|27,376201|
20170121_174504|28008|126|10,416667|0|CarroTeste|1|circulo_r120_xc320_yc240|200|224|164|218|36,496575|0,000000|50,000000|50,000000|522,060301|0,348771|-6,046588|-0,112174|-1,441603|24,585539|27,620492|
20170121_174504|28101|127|10,869565|0|CarroTeste|1|circulo_r120_xc320_yc240|200|224|164|218|36,496575|0,000000|50,000000|50,000000|526,753786|0,348771|-6,046588|-0,112174|-1,452162|24,809098|27,866281|
20170121_174504|28196|128|10,752688|0|CarroTeste|1|circulo_r120_xc320_yc240|200|224|164|218|36,496575|0,000000|50,000000|50,000000|531,449326|0,348771|-6,046588|-0,112174|-1,462753|25,032726|28,112207|
20170121_174504|28289|129|10,416667|0|CarroTeste|1|circulo_r120_xc320_yc240|200|224|164|218|36,496575|0,000000|50,000000|50,000000|536,122590|0,348771|-6,046588|-0,112174|-1,473153|25,255442|28,356817|
20170121_174504|28383|130|10,869565|0|CarroTeste|1|circulo_r120_xc320_yc240|200|224|164|218|36,496575|0,000000|50,000000|50,000000|540,819849|0,348771|-6,046588|-0,112174|-1,483749|25,479151|28,602834|
20170121_174504|28477|131|10,638298|0|CarroTeste|1|circulo_r120_xc320_yc240|200|224|164|218|36,496575|0,000000|50,000000|50,000000|545,505989|0,348771|-6,046588|-0,112174|-1,494263|25,702391|28,848208|
20170121_174504|28568|132|10,752688|0|CarroTeste|1|circulo_r120_xc320_yc240|200|224|164|218|36,496575|0,000000|50,000000|50,000000|550,199809|0,348771|-6,046588|-0,112174|-1,504850|25,925938|29,094043|
20170121_174504|28664|133|10,526316|0|CarroTeste|1|circulo_r120_xc320_yc240|200|224|164|218|36,496575|0,000000|50,000000|50,000000|554,875066|0,348771|-6,046588|-0,112174|-1,515282|26,148719|29,338787|
20170121_174504|28758|134|10,752688|0|CarroTeste|1|circulo_r120_xc320_yc240|200|224|164|218|36,496575|0,000000|50,000000|50,000000|559,561206|0,348771|-6,046588|-0,112174|-1,525795|26,371960|29,584161|
20170121_174504|28850|135|10,638298|0|CarroTeste|1|circulo_r120_xc320_yc240|200|224|164|218|36,496575|0,000000|50,000000|50,000000|564,251147|0,348771|-6,046588|-0,112174|-1,536345|26,595352|29,829763|
20170121_174504|28943|136|10,752688|0|CarroTeste|1|circulo_r120_xc320_yc240|200|224|164|218|36,496575|0,000000|50,000000|50,000000|568,931737|0,348771|-6,046588|-0,112174|-1,546817|26,818359|30,074815|
20170121_174505|29044|137|10,526316|0|CarroTeste|1|circulo_r120_xc320_yc240|200|224|164|218|36,496575|0,000000|50,000000|50,000000|573,610273|0,348771|-6,046588|-0,112174|-1,557256|27,041297|30,319731|
20170121_174505|29183|138|7,092199|0|CarroTeste|1|circulo_r120_xc320_yc240|200|224|164|218|36,496575|0,000000|50,000000|50,000000|578,191103|0,348771|-6,046588|-0,112174|-1,566723|27,260373|30,558738|
20170121_174505|29273|139|10,752688|0|CarroTeste|1|circulo_r120_xc320_yc240|200|224|164|218|36,496575|0,000000|50,000000|50,000000|582,922686|0,348771|-6,046588|-0,112174|-1,577309|27,485809|30,806460|
20170121_174505|29364|140|10,869565|0|CarroTeste|1|circulo_r120_xc320_yc240|200|224|164|218|36,496575|0,000000|50,000000|50,000000|587,663815|0,348771|-6,046588|-0,112174|-1,587975|27,711638|31,054744|
20170121_174505|29460|141|10,416667|0|CarroTeste|1|circulo_r120_xc320_yc240|200|224|164|218|36,496575|0,000000|50,000000|50,000000|592,391880|0,348771|-6,046588|-0,112174|-1,598527|27,936934|31,302254|
20170121_174505|29553|142|10,638298|0|CarroTeste|1|circulo_r120_xc320_yc240|200|224|164|218|36,496575|0,000000|50,000000|50,000000|597,134360|0,348771|-6,046588|-0,112174|-1,609195|28,162829|31,550607|
20170121_174505|29647|143|10,752688|0|CarroTeste|1|circulo_r120_xc320_yc240|200|224|164|218|36,496575|0,000000|50,000000|50,000000|601,871457|0,348771|-6,046588|-0,112174|-1,619822|28,388497|31,798649|
20170121_174505|29745|144|10,752688|0|CarroTeste|1|circulo_r120_xc320_yc240|200|224|164|218|36,496575|0,000000|50,000000|50,000000|606,616166|0,348771|-6,046588|-0,112174|-1,630524|28,614467|32,047149|
20170121_174505|29844|145|10,416667|0|CarroTeste|1|circulo_r120_xc320_yc240|200|224|164|218|36,496575|0,000000|50,000000|50,000000|611,338694|0,348771|-6,046588|-0,112174|-1,641034|28,839530|32,294339|
20170121_174505|29985|146|7,194245|0|CarroTeste|1|circulo_r120_xc320_yc240|200|224|164|218|36,496575|0,000000|50,000000|50,000000|615,958393|0,348771|-6,046588|-0,112174|-1,650503|29,060548|32,535291|
20170121_174506|30120|147|7,042254|0|CarroTeste|1|circulo_r120_xc320_yc240|200|224|164|218|36,496575|0,000000|50,000000|50,000000|620,626354|0,348771|-6,046588|-0,112174|-1,660041|29,283906|32,778730|
20170121_174506|30265|148|7,042254|0|CarroTeste|1|circulo_r120_xc320_yc240|200|224|164|218|36,496575|0,000000|50,000000|50,000000|625,358564|0,348771|-6,046588|-0,112174|-1,669781|29,510264|33,025592|
20170121_174506|30405|149|7,092199|0|CarroTeste|1|circulo_r120_xc320_yc240|200|224|164|218|36,496575|0,000000|50,000000|50,000000|630,143327|0,348771|-6,046588|-0,112174|-1,679623|29,739143|33,275190|
20170121_174506|30543|150|7,246377|0|CarroTeste|1|circulo_r120_xc320_yc240|200|224|164|218|36,496575|0,000000|50,000000|50,000000|634,989817|0,348771|-6,046588|-0,112174|-1,689642|29,970921|33,528061|
20170121_174506|30686|151|7,042254|0|CarroTeste|1|circulo_r120_xc320_yc240|200|224|164|218|36,496575|0,000000|50,000000|50,000000|639,881781|0,348771|-6,046588|-0,112174|-1,699682|30,204950|33,783228|
20170121_174506|30829|152|7,194245|0|CarroTeste|1|circulo_r120_xc320_yc240|200|224|164|218|36,496575|0,000000|50,000000|50,000000|644,847811|0,348771|-6,046588|-0,112174|-1,709985|30,442407|34,042374|
20170121_174506|30965|153|7,142857|0|CarroTeste|1|circulo_r120_xc320_yc240|200|224|164|218|36,496575|0,000000|50,000000|50,000000|649,858817|0,348771|-6,046588|-0,112174|-1,720288|30,682111|34,303771|
20170121_174507|31106|154|7,042254|0|CarroTeste|1|circulo_r120_xc320_yc240|200|224|164|218|36,496575|0,000000|50,000000|50,000000|654,942752|0,348771|-6,046588|-0,112174|-1,730816|30,925226|34,569050|
20170121_174507|31202|155|10,752688|0|CarroTeste|1|circulo_r120_xc320_yc240|200|224|164|218|36,496575|0,000000|50,000000|50,000000|660,197776|0,348771|-6,046588|-0,112174|-1,742635|31,175536|34,844241|
20170121_174507|31297|156|10,416667|0|CarroTeste|1|circulo_r120_xc320_yc240|200|224|164|218|36,496575|0,000000|50,000000|50,000000|665,433571|0,348771|-6,046588|-0,112174|-1,754267|31,425082|35,118276|
20170121_174507|31436|157|7,194245|0|CarroTeste|1|circulo_r120_xc320_yc240|200|224|164|218|36,496575|0,000000|50,000000|50,000000|670,594215|0,348771|-6,046588|-0,112174|-1,765033|31,671781|35,387641|
20170121_174507|31573|158|7,142857|0|CarroTeste|1|circulo_r120_xc320_yc240|200|224|164|218|36,496575|0,000000|50,000000|50,000000|675,799402|0,348771|-6,046588|-0,112174|-1,775772|31,920736|35,659204|
20170121_174507|31669|159|10,638298|0|CarroTeste|1|circulo_r120_xc320_yc240|200|224|164|218|36,496575|0,000000|50,000000|50,000000|681,180543|0,348771|-6,046588|-0,112174|-1,787816|32,177115|35,940939|
20170121_174507|31779|160|9,523810|0|CarroTeste|1|circulo_r120_xc320_yc240|200|224|164|218|36,496575|0,000000|50,000000|50,000000|686,540991|0,348771|-6,046588|-0,112174|-1,799617|32,432716|36,221384|
20170121_174507|31881|161|9,345794|0|CarroTeste|1|circulo_r120_xc320_yc240|200|224|164|218|36,496575|0,000000|50,000000|50,000000|691,899934|0,348771|-6,046588|-0,112174|-1,811256|32,688411|36,501582|
20170121_174507|31969|162|11,764706|0|CarroTeste|1|circulo_r120_xc320_yc240|200|224|164|218|36,496575|0,000000|50,000000|50,000000|697,365043|0,348771|-6,046588|-0,112174|-1,823801|32,948462|36,788042|
20170121_174508|32069|163|10,204082|0|CarroTeste|1|circulo_r120_xc320_yc240|200|224|164|218|36,496575|0,000000|50,000000|50,000000|702,759935|0,348771|-6,046588|-0,112174|-1,835766|33,205612|37,070382|
20170121_174508|32167|164|10,000000|0|CarroTeste|1|circulo_r120_xc320_yc240|200|224|164|218|36,496575|0,000000|50,000000|50,000000|708,165895|0,348771|-6,046588|-0,112174|-1,847762|33,463283|37,353307|
20170121_174508|32281|165|8,620690|0|CarroTeste|1|circulo_r120_xc320_yc240|200|224|164|218|36,496575|0,000000|50,000000|50,000000|713,535468|0,348771|-6,046588|-0,112174|-1,859271|33,719646|37,633901|
20170121_174508|32418|166|7,092199|0|CarroTeste|1|circulo_r120_xc320_yc240|200|224|164|218|36,496575|0,000000|50,000000|50,000000|718,906357|0,348771|-6,046588|-0,112174|-1,870427|33,976447|37,914189|
20170121_174508|32511|167|10,752688|0|CarroTeste|1|circulo_r120_xc320_yc240|200|224|164|218|36,496575|0,000000|50,000000|50,000000|724,447902|0,348771|-6,046588|-0,112174|-1,882860|34,240438|38,204353|
20170121_174508|32603|168|10,989011|0|CarroTeste|1|circulo_r120_xc320_yc240|200|224|164|218|36,496575|0,000000|50,000000|50,000000|730,002561|0,348771|-6,046588|-0,112174|-1,895438|34,504930|38,495326|
20170121_174508|32696|169|10,638298|0|CarroTeste|1|circulo_r120_xc320_yc240|200|224|164|218|36,496575|0,000000|50,000000|50,000000|735,636458|0,348771|-6,046588|-0,112174|-1,908971|34,772380|38,791266|
20170121_174508|32793|170|10,526316|0|CarroTeste|1|circulo_r120_xc320_yc240|200|224|164|218|36,496575|0,000000|50,000000|50,000000|741,093171|0,348771|-6,046588|-0,112174|-1,921156|35,032389|39,076928|
20170121_174508|32884|171|10,638298|0|CarroTeste|1|circulo_r120_xc320_yc240|200|224|164|218|36,496575|0,000000|50,000000|50,000000|746,554112|0,348771|-6,046588|-0,112174|-1,933349|35,292601|39,362810|
20170121_174508|32973|172|10,869565|0|CarroTeste|1|circulo_r120_xc320_yc240|200|224|164|218|36,496575|0,000000|50,000000|50,000000|752,039241|0,348771|-6,046588|-0,112174|-1,945769|35,553784|39,650140|
20170121_174509|33069|173|10,526316|0|CarroTeste|1|circulo_r120_xc320_yc240|200|224|164|218|36,496575|0,000000|50,000000|50,000000|757,499345|0,348771|-6,046588|-0,112174|-1,957990|35,813925|39,936010|
20170121_174509|33164|174|10,638298|0|CarroTeste|1|circulo_r120_xc320_yc240|200|224|164|218|36,496575|0,000000|50,000000|50,000000|762,961539|0,348771|-6,046588|-0,112174|-1,970216|36,074165|40,221988|
20170121_174509|33255|175|10,638298|0|CarroTeste|1|circulo_r120_xc320_yc240|200|224|164|218|36,496575|0,000000|50,000000|50,000000|768,425938|0,348771|-6,046588|-0,112174|-1,982446|36,334511|40,508083|
20170121_174509|33358|176|10,752688|0|CarroTeste|1|circulo_r120_xc320_yc240|200|224|164|218|36,496575|0,000000|50,000000|50,000000|773,905535|0,348771|-6,046588|-0,112174|-1,994824|36,595461|40,795092|
20170121_174509|33495|177|7,042254|0|CarroTeste|1|circulo_r120_xc320_yc240|200|224|164|218|36,496575|0,000000|50,000000|50,000000|779,364575|0,348771|-6,046588|-0,112174|-2,007033|36,855562|41,080896|
20170121_174509|33632|178|7,142857|0|CarroTeste|1|circulo_r120_xc320_yc240|200|224|164|218|36,496575|0,000000|50,000000|50,000000|784,833833|0,348771|-6,046588|-0,112174|-2,019329|37,116082|41,367301|
20170121_174509|33728|179|10,752688|0|CarroTeste|1|circulo_r120_xc320_yc240|200|224|164|218|36,496575|0,000000|50,000000|50,000000|790,406243|0,348771|-6,046588|-0,112174|-2,032765|37,380559|41,660065|
20170121_174509|33828|180|10,638298|0|CarroTeste|1|circulo_r120_xc320_yc240|200|224|164|218|36,496575|0,000000|50,000000|50,000000|795,904982|0,348771|-6,046588|-0,112174|-2,045995|37,641570|41,948928|
20170121_174509|33912|181|10,752688|0|CarroTeste|1|circulo_r120_xc320_yc240|200|224|164|218|36,496575|0,000000|50,000000|50,000000|801,338341|0,348771|-6,046588|-0,112174|-2,059068|37,899477|42,234357|
20170121_174510|34016|182|10,416667|0|CarroTeste|1|circulo_r120_xc320_yc240|200|224|164|218|36,496575|0,000000|50,000000|50,000000|806,705687|0,348771|-6,046588|-0,112174|-2,071959|38,154275|42,516294|
20170121_174510|34099|183|10,869565|0|CarroTeste|1|circulo_r120_xc320_yc240|200|224|164|218|36,496575|0,000000|50,000000|50,000000|812,024041|0,348771|-6,046588|-0,112174|-2,084816|38,406659|42,795745|
20170121_174510|34194|184|10,752688|0|CarroTeste|1|circulo_r120_xc320_yc240|200|224|164|218|36,496575|0,000000|50,000000|50,000000|817,278394|0,348771|-6,046588|-0,112174|-2,097513|38,656011|43,071828|
20170121_174510|34289|185|10,416667|0|CarroTeste|1|circulo_r120_xc320_yc240|200|224|164|218|36,496575|0,000000|50,000000|50,000000|822,465830|0,348771|-6,046588|-0,112174|-2,110001|38,902238|43,344345|
20170121_174510|34381|186|10,989011|0|CarroTeste|1|circulo_r120_xc320_yc240|200|224|164|218|36,496575|0,000000|50,000000|50,000000|827,498472|0,348771|-6,046588|-0,112174|-2,121351|39,141922|43,607925|
20170121_174510|34477|187|10,526316|0|CarroTeste|1|circulo_r120_xc320_yc240|200|224|164|218|36,496575|0,000000|50,000000|50,000000|832,523239|0,348771|-6,046588|-0,112174|-2,132652|39,381265|43,871058|
20170121_174510|34571|188|10,638298|0|CarroTeste|1|circulo_r120_xc320_yc240|200|224|164|218|36,496575|0,000000|50,000000|50,000000|837,653016|0,348771|-6,046588|-0,112174|-2,145027|39,624727|44,140574|
20170121_174510|34662|189|10,752688|0|CarroTeste|1|circulo_r120_xc320_yc240|200|224|164|218|36,496575|0,000000|50,000000|50,000000|842,734021|0,348771|-6,046588|-0,112174|-2,157335|39,865822|44,407580|
20170121_174510|34756|190|10,638298|0|CarroTeste|1|circulo_r120_xc320_yc240|200|224|164|218|36,496575|0,000000|50,000000|50,000000|847,641413|0,348771|-6,046588|-0,112174|-2,168345|40,099602|44,664539|
20170121_174510|34848|191|10,638298|0|CarroTeste|1|circulo_r120_xc320_yc240|200|224|164|218|36,496575|0,000000|50,000000|50,000000|852,585149|0,348771|-6,046588|-0,112174|-2,179717|40,334819|44,923696|
20170121_174510|34946|192|10,638298|0|CarroTeste|1|circulo_r120_xc320_yc240|200|224|164|218|36,496575|0,000000|50,000000|50,000000|857,517584|0,348771|-6,046588|-0,112174|-2,191108|40,569450|45,182309|
20170121_174511|35040|193|10,526316|0|CarroTeste|1|circulo_r120_xc320_yc240|200|224|164|218|36,496575|0,000000|50,000000|50,000000|862,347331|0,348771|-6,046588|-0,112174|-2,201632|40,799859|45,434874|
20170121_174511|35137|194|10,752688|0|CarroTeste|1|circulo_r120_xc320_yc240|200|224|164|218|36,496575|0,000000|50,000000|50,000000|867,254570|0,348771|-6,046588|-0,112174|-2,212779|41,033487|45,691970|
20170121_174511|35227|195|10,638298|0|CarroTeste|1|circulo_r120_xc320_yc240|200|224|164|218|36,496575|0,000000|50,000000|50,000000|872,156332|0,348771|-6,046588|-0,112174|-2,223937|41,266830|45,948803|
20170121_174511|35318|196|10,752688|0|CarroTeste|1|circulo_r120_xc320_yc240|200|224|164|218|36,496575|0,000000|50,000000|50,000000|877,097504|0,348771|-6,046588|-0,112174|-2,235559|41,501655|46,208095|
20170121_174511|35414|197|10,752688|0|CarroTeste|1|circulo_r120_xc320_yc240|200|224|164|218|36,496575|0,000000|50,000000|50,000000|882,057506|0,348771|-6,046588|-0,112174|-2,247608|41,736972|46,468779|
20170121_174511|35506|198|10,526316|0|CarroTeste|1|circulo_r120_xc320_yc240|200|224|164|218|36,496575|0,000000|50,000000|50,000000|886,833944|0,348771|-6,046588|-0,112174|-2,258267|41,964574|46,718820|
20170121_174511|35601|199|10,638298|0|CarroTeste|1|circulo_r120_xc320_yc240|200|224|164|218|36,496575|0,000000|50,000000|50,000000|891,609596|0,348771|-6,046588|-0,112174|-2,268893|42,192172|46,968788|
20170121_174511|35695|200|10,752688|0|CarroTeste|1|circulo_r120_xc320_yc240|200|224|164|218|36,496575|0,000000|50,000000|50,000000|896,405918|0,348771|-6,046588|-0,112174|-2,279682|42,420631|47,219961|
20170121_174511|35792|201|10,638298|0|CarroTeste|1|circulo_r120_xc320_yc240|200|224|164|218|36,496575|0,000000|50,000000|50,000000|901,200467|0,348771|-6,046588|-0,112174|-2,290467|42,649006|47,471041|
20170121_174511|35881|202|10,752688|0|CarroTeste|1|circulo_r120_xc320_yc240|200|224|164|218|36,496575|0,000000|50,000000|50,000000|905,993439|0,348771|-6,046588|-0,112174|-2,301248|42,877305|47,722039|
20170121_174511|35975|203|10,752688|0|CarroTeste|1|circulo_r120_xc320_yc240|200|224|164|218|36,496575|0,000000|50,000000|50,000000|910,777018|0,348771|-6,046588|-0,112174|-2,311951|43,105218|47,972484|
20170121_174512|36069|204|10,526316|0|CarroTeste|1|circulo_r120_xc320_yc240|200|224|164|218|36,496575|0,000000|50,000000|50,000000|915,566219|0,348771|-6,046588|-0,112174|-2,322695|43,333368|48,223254|
20170121_174512|36163|205|10,638298|0|CarroTeste|1|circulo_r120_xc320_yc240|200|224|164|218|36,496575|0,000000|50,000000|50,000000|920,355419|0,348771|-6,046588|-0,112174|-2,333440|43,561518|48,474024|
20170121_174512|36262|206|10,752688|0|CarroTeste|1|circulo_r120_xc320_yc240|200|224|164|218|36,496575|0,000000|50,000000|50,000000|925,148428|0,348771|-6,046588|-0,112174|-2,344222|43,789820|48,725023|
20170121_174512|36355|207|10,526316|0|CarroTeste|1|circulo_r120_xc320_yc240|200|224|164|218|36,496575|0,000000|50,000000|50,000000|929,928402|0,348771|-6,046588|-0,112174|-2,354889|44,017590|48,975250|
20170121_174512|36447|208|10,752688|0|CarroTeste|1|circulo_r120_xc320_yc240|200|224|164|218|36,496575|0,000000|50,000000|50,000000|934,843350|0,348771|-6,046588|-0,112174|-2,366849|44,250747|49,233588|
20170121_174512|36537|209|10,638298|0|CarroTeste|1|circulo_r120_xc320_yc240|200|224|164|218|36,496575|0,000000|50,000000|50,000000|939,697892|0,348771|-6,046588|-0,112174|-2,378620|44,481084|49,488705|
20170121_174512|36632|210|10,638298|0|CarroTeste|1|circulo_r120_xc320_yc240|200|224|164|218|36,496575|0,000000|50,000000|50,000000|944,380492|0,348771|-6,046588|-0,112174|-2,389097|44,704186|49,733863|
20170121_174512|36724|211|10,869565|0|CarroTeste|1|circulo_r120_xc320_yc240|200|224|164|218|36,496575|0,000000|50,000000|50,000000|949,076435|0,348771|-6,046588|-0,112174|-2,399690|44,927832|49,979811|
20170121_174512|36821|212|10,638298|0|CarroTeste|1|circulo_r120_xc320_yc240|200|224|164|218|36,496575|0,000000|50,000000|50,000000|953,757378|0,348771|-6,046588|-0,112174|-2,410163|45,150855|50,224882|
20170121_174512|36915|213|10,416667|0|CarroTeste|1|circulo_r120_xc320_yc240|200|224|164|218|36,496575|0,000000|50,000000|50,000000|958,443822|0,348771|-6,046588|-0,112174|-2,420677|45,374110|50,470272|
20170121_174513|37007|214|10,869565|0|CarroTeste|1|circulo_r120_xc320_yc240|200|224|164|218|36,496575|0,000000|50,000000|50,000000|963,130265|0,348771|-6,046588|-0,112174|-2,431191|45,597365|50,715661|
20170121_174513|37099|215|10,638298|0|CarroTeste|1|circulo_r120_xc320_yc240|200|224|164|218|36,496575|0,000000|50,000000|50,000000|967,812830|0,348771|-6,046588|-0,112174|-2,441667|45,820465|50,960818|
20170121_174513|37192|216|10,752688|0|CarroTeste|1|circulo_r120_xc320_yc240|200|224|164|218|36,496575|0,000000|50,000000|50,000000|972,512292|0,348771|-6,046588|-0,112174|-2,452295|46,044251|51,206978|
20170121_174513|37293|217|10,416667|0|CarroTeste|1|circulo_r120_xc320_yc240|200|224|164|218|36,496575|0,000000|50,000000|50,000000|977,176191|0,348771|-6,046588|-0,112174|-2,462614|46,266584|51,451035|
20170121_174513|37382|218|10,869565|0|CarroTeste|1|circulo_r120_xc320_yc240|200|224|164|218|36,496575|0,000000|50,000000|50,000000|981,879244|0,348771|-6,046588|-0,112174|-2,473252|46,490539|51,697385|
20170121_174513|37479|219|10,638298|0|CarroTeste|1|circulo_r120_xc320_yc240|200|224|164|218|36,496575|0,000000|50,000000|50,000000|986,565793|0,348771|-6,046588|-0,112174|-2,483766|46,713799|51,942780|
20170121_174513|37567|220|10,752688|0|CarroTeste|1|circulo_r120_xc320_yc240|200|224|164|218|36,496575|0,000000|50,000000|50,000000|991,252342|0,348771|-6,046588|-0,112174|-2,494280|46,937059|52,188175|
20170121_174513|37666|221|10,638298|0|CarroTeste|1|circulo_r120_xc320_yc240|200|224|164|218|36,496575|0,000000|50,000000|50,000000|995,938892|0,348771|-6,046588|-0,112174|-2,504795|47,160319|52,433570|
20170121_174513|37759|222|10,526316|0|CarroTeste|1|circulo_r120_xc320_yc240|200|224|164|219|36,345564|10,989011|50,000000|39,010989|963,119460|0,404892|-6,040548|-0,162255|-2,798570|45,210109|51,101837|
20170121_174513|37850|223|10,638298|0|CarroTeste|1|circulo_r120_xc320_yc240|200|224|164|218|36,496575|10,869565|50,000000|39,130435|967,184868|0,348771|-6,046588|-0,112174|-2,530485|45,695574|51,022912|
20170121_174513|37951|224|10,752688|0|CarroTeste|1|circulo_r120_xc320_yc240|200|224|164|218|36,496575|0,000000|50,000000|50,000000|1007,956075|0,348771|-6,046588|-0,112174|-2,541077|47,722985|53,072622|
20170121_174514|38086|225|7,042254|0|CarroTeste|1|circulo_r120_xc320_yc240|200|224|164|218|36,496575|0,000000|50,000000|50,000000|1012,515741|0,348771|-6,046588|-0,112174|-2,550373|47,941184|53,310390|
20170121_174514|38183|226|10,638298|0|CarroTeste|1|circulo_r120_xc320_yc240|200|224|164|218|36,496575|0,000000|50,000000|50,000000|1017,253807|0,348771|-6,046588|-0,112174|-2,561003|48,166898|53,558483|
20170121_174514|38271|227|10,989011|0|CarroTeste|1|circulo_r120_xc320_yc240|200|224|164|218|36,496575|0,000000|50,000000|50,000000|1021,999814|0,348771|-6,046588|-0,112174|-2,571710|48,392928|53,807054|
20170121_174514|38367|228|10,526316|0|CarroTeste|1|circulo_r120_xc320_yc240|200|224|164|218|36,496575|0,000000|50,000000|50,000000|1026,726852|0,348771|-6,046588|-0,112174|-2,582258|48,618176|54,054509|
20170121_174514|38458|229|10,752688|0|CarroTeste|1|circulo_r120_xc320_yc240|200|224|164|218|36,496575|0,000000|50,000000|50,000000|1031,472382|0,348771|-6,046588|-0,112174|-2,592961|48,844186|54,303052|
20170121_174514|38556|230|10,416667|0|CarroTeste|1|circulo_r120_xc320_yc240|200|224|164|219|36,345564|10,309278|50,000000|39,690722|1001,041259|0,404892|-6,040548|-0,162255|-2,886302|47,013850|53,090276|
20170121_174514|38647|231|10,869565|0|CarroTeste|1|circulo_r120_xc320_yc240|200|224|164|218|36,496575|10,869565|50,000000|39,130435|1002,894532|0,348771|-6,046588|-0,112174|-2,618924|47,387964|52,901489|
20170121_174514|38742|232|10,752688|0|CarroTeste|1|circulo_r120_xc320_yc240|200|224|164|218|36,496575|0,000000|50,000000|50,000000|1043,674889|0,348771|-6,046588|-0,112174|-2,629587|49,415758|54,951731|
20170121_174514|38835|233|10,526316|0|CarroTeste|1|circulo_r120_xc320_yc240|200|224|164|218|36,496575|0,000000|50,000000|50,000000|1048,401786|0,348771|-6,046588|-0,112174|-2,640135|49,641000|55,199179|
20170121_174514|38929|234|10,752688|0|CarroTeste|1|circulo_r120_xc320_yc240|200|224|164|218|36,496575|0,000000|50,000000|50,000000|1053,139569|0,348771|-6,046588|-0,112174|-2,650764|49,866701|55,447256|
20170121_174515|39023|235|10,526316|0|CarroTeste|1|circulo_r120_xc320_yc240|200|224|164|218|36,496575|0,000000|50,000000|50,000000|1057,877351|0,348771|-6,046588|-0,112174|-2,661393|50,092401|55,695334|
20170121_174515|39114|236|10,752688|0|CarroTeste|1|circulo_r120_xc320_yc240|200|224|164|218|36,496575|0,000000|50,000000|50,000000|1062,618978|0,348771|-6,046588|-0,112174|-2,672060|50,318255|55,943643|
20170121_174515|39208|237|10,752688|0|CarroTeste|1|circulo_r120_xc320_yc240|200|224|164|218|36,496575|0,000000|50,000000|50,000000|1067,355104|0,348771|-6,046588|-0,112174|-2,682685|50,543876|56,191634|
20170121_174515|39301|238|10,638298|0|CarroTeste|1|circulo_r120_xc320_yc240|200|224|164|218|36,496575|0,000000|50,000000|50,000000|1072,094995|0,348771|-6,046588|-0,112174|-2,693347|50,769648|56,439852|
20170121_174515|39397|239|10,638298|0|CarroTeste|1|circulo_r120_xc320_yc240|200|224|164|218|36,496575|0,000000|50,000000|50,000000|1076,825656|0,348771|-6,046588|-0,112174|-2,703931|50,995039|56,687526|
20170121_174515|39491|240|10,752688|0|CarroTeste|1|circulo_r120_xc320_yc240|200|224|164|218|36,496575|0,000000|50,000000|50,000000|1081,565662|0,348771|-6,046588|-0,112174|-2,714594|51,220815|56,935751|
20170121_174515|39586|241|10,416667|0|CarroTeste|1|circulo_r120_xc320_yc240|200|224|164|218|36,496575|0,000000|50,000000|50,000000|1086,292719|0,348771|-6,046588|-0,112174|-2,725144|51,446064|57,183208|
20170121_174515|39680|242|10,869565|0|CarroTeste|1|circulo_r120_xc320_yc240|200|224|164|218|36,496575|0,000000|50,000000|50,000000|1091,030433|0,348771|-6,046588|-0,112174|-2,735773|51,671761|57,431282|
20170121_174515|39770|243|10,752688|0|CarroTeste|1|circulo_r120_xc320_yc240|200|224|164|218|36,496575|0,000000|50,000000|50,000000|1095,771990|0,348771|-6,046588|-0,112174|-2,746439|51,897611|57,679588|
20170121_174515|39865|244|10,526316|0|CarroTeste|1|circulo_r120_xc320_yc240|200|224|164|218|36,496575|0,000000|50,000000|50,000000|1100,511734|0,348771|-6,046588|-0,112174|-2,757100|52,123376|57,927797|
20170121_174515|39959|245|10,638298|0|CarroTeste|1|circulo_r120_xc320_yc240|200|224|164|218|36,496575|0,000000|50,000000|50,000000|1105,238432|0,348771|-6,046588|-0,112174|-2,767646|52,348610|58,175233|
20170121_174516|40052|246|10,752688|0|CarroTeste|1|circulo_r120_xc320_yc240|200|224|164|218|36,496575|0,000000|50,000000|50,000000|1109,980095|0,348771|-6,046588|-0,112174|-2,778313|52,574465|58,423545|
20170121_174516|40147|247|10,526316|0|CarroTeste|1|circulo_r120_xc320_yc240|200|224|164|218|36,496575|0,000000|50,000000|50,000000|1114,708650|0,348771|-6,046588|-0,112174|-2,788864|52,799786|58,671079|
20170121_174516|40241|248|10,869565|0|CarroTeste|1|circulo_r120_xc320_yc240|200|224|164|218|36,496575|0,000000|50,000000|50,000000|1119,463313|0,348771|-6,046588|-0,112174|-2,799645|53,026171|58,920161|
20170121_174516|40338|249|10,526316|0|CarroTeste|1|circulo_r120_xc320_yc240|200|224|164|218|36,496575|0,000000|50,000000|50,000000|1124,184662|0,348771|-6,046588|-0,112174|-2,810151|53,251179|59,167287|
20170121_174516|40429|250|10,638298|0|CarroTeste|1|circulo_r120_xc320_yc240|200|224|164|218|36,496575|0,000000|50,000000|50,000000|1128,922514|0,348771|-6,046588|-0,112174|-2,820781|53,476883|59,415368|
20170121_174516|40521|251|10,752688|0|CarroTeste|1|circulo_r120_xc320_yc240|200|224|164|218|36,496575|0,000000|50,000000|50,000000|1133,660366|0,348771|-6,046588|-0,112174|-2,831410|53,702587|59,663450|
20170121_174516|40619|252|10,526316|0|CarroTeste|1|circulo_r120_xc320_yc240|200|224|164|218|36,496575|0,000000|50,000000|50,000000|1138,394455|0,348771|-6,046588|-0,112174|-2,842002|53,928141|59,911304|
20170121_174516|40713|253|10,869565|0|CarroTeste|1|circulo_r120_xc320_yc240|200|224|164|218|36,496575|0,000000|50,000000|50,000000|1143,145465|0,348771|-6,046588|-0,112174|-2,852748|54,154381|60,160166|
20170121_174516|40808|254|10,526316|0|CarroTeste|1|circulo_r120_xc320_yc240|200|224|164|218|36,496575|0,000000|50,000000|50,000000|1147,876205|0,348771|-6,046588|-0,112174|-2,863333|54,379776|60,407845|
20170121_174516|40944|255|7,194245|0|CarroTeste|1|circulo_r120_xc320_yc240|200|224|164|218|36,496575|0,000000|50,000000|50,000000|1152,493290|0,348771|-6,046588|-0,112174|-2,872795|54,600669|60,648660|
20170121_174517|41035|256|10,638298|0|CarroTeste|1|circulo_r120_xc320_yc240|200|224|164|218|36,496575|0,000000|50,000000|50,000000|1157,401781|0,348771|-6,046588|-0,112174|-2,884713|54,833549|60,906629|
20170121_174517|41130|257|10,526316|0|CarroTeste|1|circulo_r120_xc320_yc240|200|224|164|218|36,496575|0,000000|50,000000|50,000000|1162,133600|0,348771|-6,046588|-0,112174|-2,895300|55,058995|61,154365|
20170121_174517|41224|258|10,638298|0|CarroTeste|1|circulo_r120_xc320_yc240|200|224|164|218|36,496575|0,000000|50,000000|50,000000|1166,859020|0,348771|-6,046588|-0,112174|-2,905813|55,284200|61,401702|
20170121_174517|41320|259|10,752688|0|CarroTeste|1|circulo_r120_xc320_yc240|200|224|164|218|36,496575|0,000000|50,000000|50,000000|1171,608909|0,348771|-6,046588|-0,112174|-2,916527|55,510417|61,650474|
20170121_174517|41420|260|10,526316|0|CarroTeste|1|circulo_r120_xc320_yc240|200|224|164|218|36,496575|0,000000|50,000000|50,000000|1176,340308|0,348771|-6,046588|-0,112174|-2,927085|55,735874|61,898157|
20170121_174517|41508|261|10,752688|0|CarroTeste|1|circulo_r120_xc320_yc240|200|224|164|218|36,496575|0,000000|50,000000|50,000000|1181,093879|0,348771|-6,046588|-0,112174|-2,937834|55,962237|62,147151|
20170121_174517|41604|262|10,526316|0|CarroTeste|1|circulo_r120_xc320_yc240|200|224|164|218|36,496575|0,000000|50,000000|50,000000|1185,819765|0,348771|-6,046588|-0,112174|-2,948350|56,187462|62,394514|
20170121_174517|41697|263|10,989011|0|CarroTeste|1|circulo_r120_xc320_yc240|200|224|164|218|36,496575|0,000000|50,000000|50,000000|1190,570091|0,348771|-6,046588|-0,112174|-2,959067|56,413698|62,643311|
20170121_174517|41784|264|10,752688|0|CarroTeste|1|circulo_r120_xc320_yc240|200|224|164|218|36,496575|0,000000|50,000000|50,000000|1195,316663|0,348771|-6,046588|-0,112174|-2,969772|56,639757|62,891909|
20170121_174517|41882|265|10,416667|0|CarroTeste|1|circulo_r120_xc320_yc240|200|224|164|218|36,496575|0,000000|50,000000|50,000000|1200,041057|0,348771|-6,046588|-0,112174|-2,980287|56,864909|63,139197|
20170121_174517|41977|266|10,752688|0|CarroTeste|1|circulo_r120_xc320_yc240|200|224|164|218|36,496575|0,000000|50,000000|50,000000|1204,789214|0,348771|-6,046588|-0,112174|-2,990996|57,091044|63,387878|
20170121_174518|42069|267|10,752688|0|CarroTeste|1|circulo_r120_xc320_yc240|200|224|164|218|36,496575|0,000000|50,000000|50,000000|1209,526487|0,348771|-6,046588|-0,112174|-3,001624|57,316720|63,635929|
20170121_174518|42163|268|10,416667|0|CarroTeste|1|circulo_r120_xc320_yc240|200|224|164|218|36,496575|0,000000|50,000000|50,000000|1214,252475|0,348771|-6,046588|-0,112174|-3,012142|57,541947|63,883300|
20170121_174518|42257|269|10,752688|0|CarroTeste|1|circulo_r120_xc320_yc240|200|224|164|218|36,496575|0,000000|50,000000|50,000000|1218,998457|0,348771|-6,046588|-0,112174|-3,022819|57,768008|64,131837|
20170121_174518|42354|270|10,638298|0|CarroTeste|1|circulo_r120_xc320_yc240|200|224|164|218|36,496575|0,000000|50,000000|50,000000|1223,738941|0,348771|-6,046588|-0,112174|-3,033454|57,993838|64,380057|
20170121_174518|42443|271|10,752688|0|CarroTeste|1|circulo_r120_xc320_yc240|200|224|164|218|36,496575|0,000000|50,000000|50,000000|1228,479425|0,348771|-6,046588|-0,112174|-3,044089|58,219667|64,628276|
20170121_174518|42543|272|10,638298|0|CarroTeste|1|circulo_r120_xc320_yc240|200|224|164|218|36,496575|0,000000|50,000000|50,000000|1233,227354|0,348771|-6,046588|-0,112174|-3,054797|58,445792|64,876943|
20170121_174518|42633|273|10,416667|0|CarroTeste|1|circulo_r120_xc320_yc240|200|224|164|218|36,496575|0,000000|50,000000|50,000000|1237,949416|0,348771|-6,046588|-0,112174|-3,065277|58,670864|65,124078|
20170121_174518|42726|274|10,752688|0|CarroTeste|1|circulo_r120_xc320_yc240|200|224|164|218|36,496575|0,000000|50,000000|50,000000|1242,693255|0,348771|-6,046588|-0,112174|-3,075919|58,896853|65,372473|
20170121_174518|42823|275|10,989011|0|CarroTeste|1|circulo_r120_xc320_yc240|200|224|164|218|36,496575|0,000000|50,000000|50,000000|1247,452633|0,348771|-6,046588|-0,112174|-3,086713|59,123460|65,621804|
20170121_174518|42912|276|10,638298|0|CarroTeste|1|circulo_r120_xc320_yc240|200|224|164|218|36,496575|0,000000|50,000000|50,000000|1252,189764|0,348771|-6,046588|-0,112174|-3,097341|59,349129|65,869847|
20170121_174519|43010|277|10,752688|0|CarroTeste|1|circulo_r120_xc320_yc240|200|224|164|218|36,496575|0,000000|50,000000|50,000000|1256,926895|0,348771|-6,046588|-0,112174|-3,107969|59,574799|66,117891|
20170121_174519|43103|278|10,526316|0|CarroTeste|1|circulo_r120_xc320_yc240|200|224|164|218|36,496575|0,000000|50,000000|50,000000|1261,664026|0,348771|-6,046588|-0,112174|-3,118597|59,800468|66,365935|
20170121_174519|43193|279|10,752688|0|CarroTeste|1|circulo_r120_xc320_yc240|200|224|164|218|36,496575|0,000000|50,000000|50,000000|1266,397230|0,348771|-6,046588|-0,112174|-3,129186|60,025982|66,613742|
20170121_174519|43286|280|10,526316|0|CarroTeste|1|circulo_r120_xc320_yc240|200|224|164|218|36,496575|0,000000|50,000000|50,000000|1271,136054|0,348771|-6,046588|-0,112174|-3,139817|60,251732|66,861874|
20170121_174519|43381|281|10,638298|0|CarroTeste|1|circulo_r120_xc320_yc240|200|224|164|218|36,496575|0,000000|50,000000|50,000000|1275,874877|0,348771|-6,046588|-0,112174|-3,150449|60,477482|67,110006|
20170121_174519|43476|282|10,752688|0|CarroTeste|1|circulo_r120_xc320_yc240|200|224|164|218|36,496575|0,000000|50,000000|50,000000|1280,613701|0,348771|-6,046588|-0,112174|-3,161080|60,703232|67,358138|
20170121_174519|43566|283|10,752688|0|CarroTeste|1|circulo_r120_xc320_yc240|200|224|164|218|36,496575|0,000000|50,000000|50,000000|1285,360132|0,348771|-6,046588|-0,112174|-3,171786|60,929285|67,606729|
20170121_174519|43663|284|10,416667|0|CarroTeste|1|circulo_r120_xc320_yc240|200|224|164|218|36,496575|0,000000|50,000000|50,000000|1290,080464|0,348771|-6,046588|-0,112174|-3,182262|61,154274|67,853773|
20170121_174519|43804|285|7,194245|0|CarroTeste|1|circulo_r120_xc320_yc240|200|224|164|218|36,496575|0,000000|50,000000|50,000000|1294,711192|0,348771|-6,046588|-0,112174|-3,191812|61,375757|68,095362|
20170121_174519|43897|286|10,416667|0|CarroTeste|1|circulo_r120_xc320_yc240|200|224|164|218|36,496575|0,000000|50,000000|50,000000|1299,609839|0,348771|-6,046588|-0,112174|-3,203613|61,608267|68,352717|
20170121_174519|43990|287|10,989011|0|CarroTeste|1|circulo_r120_xc320_yc240|200|224|164|218|36,496575|0,000000|50,000000|50,000000|1304,365314|0,348771|-6,046588|-0,112174|-3,214370|61,834718|68,601814|
20170121_174520|44083|288|10,638298|0|CarroTeste|1|circulo_r120_xc320_yc240|200|224|164|218|36,496575|0,000000|50,000000|50,000000|1309,107690|0,348771|-6,046588|-0,112174|-3,225038|62,060608|68,850161|
20170121_174520|44176|289|10,638298|0|CarroTeste|1|circulo_r120_xc320_yc240|200|224|164|218|36,496575|0,000000|50,000000|50,000000|1313,844682|0,348771|-6,046588|-0,112174|-3,235665|62,286270|69,098198|
20170121_174520|44273|290|10,638298|0|CarroTeste|1|circulo_r120_xc320_yc240|200|224|164|218|36,496575|0,000000|50,000000|50,000000|1318,577829|0,348771|-6,046588|-0,112174|-3,246255|62,511780|69,346002|
20170121_174520|44365|291|10,638298|0|CarroTeste|1|circulo_r120_xc320_yc240|200|224|164|218|36,496575|0,000000|50,000000|50,000000|1323,320238|0,348771|-6,046588|-0,112174|-3,256923|62,737672|69,594352|
20170121_174520|44459|292|10,638298|0|CarroTeste|1|circulo_r120_xc320_yc240|200|224|164|218|36,496575|0,000000|50,000000|50,000000|1328,053422|0,348771|-6,046588|-0,112174|-3,267513|62,963184|69,842159|
20170121_174520|44552|293|10,752688|0|CarroTeste|1|circulo_r120_xc320_yc240|200|224|164|218|36,496575|0,000000|50,000000|50,000000|1332,799712|0,348771|-6,046588|-0,112174|-3,278218|63,189229|70,090742|
20170121_174520|44651|294|10,526316|0|CarroTeste|1|circulo_r120_xc320_yc240|200|224|164|218|36,496575|0,000000|50,000000|50,000000|1337,519573|0,348771|-6,046588|-0,112174|-3,288691|63,414199|70,337758|
20170121_174520|44744|295|10,752688|0|CarroTeste|1|circulo_r120_xc320_yc240|200|224|164|218|36,496575|0,000000|50,000000|50,000000|1342,261682|0,348771|-6,046588|-0,112174|-3,299330|63,640106|70,586063|
20170121_174520|44839|296|10,869565|0|CarroTeste|1|circulo_r120_xc320_yc240|200|224|164|218|36,496575|0,000000|50,000000|50,000000|1347,019006|0,348771|-6,046588|-0,112174|-3,310117|63,866617|70,835284|
20170121_174520|44975|297|6,993007|0|CarroTeste|1|circulo_r120_xc320_yc240|200|224|164|218|36,496575|0,000000|50,000000|50,000000|1351,628801|0,348771|-6,046588|-0,112174|-3,319512|64,087217|71,075664|
20170121_174521|45066|298|10,869565|0|CarroTeste|1|circulo_r120_xc320_yc240|200|224|164|218|36,496575|0,000000|50,000000|50,000000|1356,423264|0,348771|-6,046588|-0,112174|-3,330298|64,315586|71,326740|
20170121_174521|45165|299|10,416667|0|CarroTeste|1|circulo_r120_xc320_yc240|200|224|164|218|36,496575|0,000000|50,000000|50,000000|1361,212109|0,348771|-6,046588|-0,112174|-3,341042|64,543719|71,577491|
20170121_174521|45256|300|10,752688|0|CarroTeste|1|circulo_r120_xc320_yc240|200|224|164|218|36,496575|0,000000|50,000000|50,000000|1366,000953|0,348771|-6,046588|-0,112174|-3,351785|64,771852|71,828243|
20170121_174521|45348|301|10,752688|0|CarroTeste|1|circulo_r120_xc320_yc240|200|224|164|218|36,496575|0,000000|50,000000|50,000000|1370,793607|0,348771|-6,046588|-0,112174|-3,362566|65,000137|72,079224|
20170121_174521|45448|302|10,638298|0|CarroTeste|1|circulo_r120_xc320_yc240|200|224|164|218|36,496575|0,000000|50,000000|50,000000|1375,576950|0,348771|-6,046588|-0,112174|-3,373269|65,228038|72,329657|
20170121_174521|45540|303|10,638298|0|CarroTeste|1|circulo_r120_xc320_yc240|200|224|164|218|36,496575|0,000000|50,000000|50,000000|1380,365795|0,348771|-6,046588|-0,112174|-3,384013|65,456171|72,580408|
20170121_174521|45633|304|10,526316|0|CarroTeste|1|circulo_r120_xc320_yc240|200|224|164|218|36,496575|0,000000|50,000000|50,000000|1385,158291|0,348771|-6,046588|-0,112174|-3,394792|65,684449|72,831380|
20170121_174521|45724|305|10,869565|0|CarroTeste|1|circulo_r120_xc320_yc240|200|224|164|218|36,496575|0,000000|50,000000|50,000000|1389,949406|0,348771|-6,046588|-0,112174|-3,405570|65,912659|73,082281|
20170121_174521|45819|306|10,752688|0|CarroTeste|1|circulo_r120_xc320_yc240|200|224|164|218|36,496575|0,000000|50,000000|50,000000|1394,727032|0,348771|-6,046588|-0,112174|-3,416229|66,140321|73,332383|
20170121_174521|45912|307|10,416667|0|CarroTeste|1|circulo_r120_xc320_yc240|200|224|164|218|36,496575|0,000000|50,000000|50,000000|1399,508646|0,348771|-6,046588|-0,112174|-3,426901|66,368168|73,582697|
20170121_174522|46009|308|10,638298|0|CarroTeste|1|circulo_r120_xc320_yc240|200|224|164|218|36,496575|0,000000|50,000000|50,000000|1404,297113|0,348771|-6,046588|-0,112174|-3,437615|66,596313|73,833398|
20170121_174522|46098|309|10,989011|0|CarroTeste|1|circulo_r120_xc320_yc240|200|224|164|218|36,496575|0,000000|50,000000|50,000000|1409,106478|0,348771|-6,046588|-0,112174|-3,448521|66,825301|74,085346|
20170121_174522|46193|310|10,526316|0|CarroTeste|1|circulo_r120_xc320_yc240|200|224|164|218|36,496575|0,000000|50,000000|50,000000|1413,886057|0,348771|-6,046588|-0,112174|-3,459187|67,053053|74,335553|
20170121_174522|46287|311|10,752688|0|CarroTeste|1|circulo_r120_xc320_yc240|200|224|164|218|36,496575|0,000000|50,000000|50,000000|1418,684059|0,348771|-6,046588|-0,112174|-3,470008|67,281562|74,586844|
20170121_174522|46382|312|10,416667|0|CarroTeste|1|circulo_r120_xc320_yc240|200|224|164|218|36,496575|0,000000|50,000000|50,000000|1423,463794|0,348771|-6,046588|-0,112174|-3,480676|67,509320|74,837059|
20170121_174522|46477|313|10,752688|0|CarroTeste|1|circulo_r120_xc320_yc240|200|224|164|218|36,496575|0,000000|50,000000|50,000000|1428,254189|0,348771|-6,046588|-0,112174|-3,491423|67,737527|75,087892|
20170121_174522|46569|314|10,869565|0|CarroTeste|1|circulo_r120_xc320_yc240|200|224|164|218|36,496575|0,000000|50,000000|50,000000|1433,048476|0,348771|-6,046588|-0,112174|-3,502208|67,965889|75,338959|
20170121_174522|46663|315|10,416667|0|CarroTeste|1|circulo_r120_xc320_yc240|200|224|164|218|36,496575|0,000000|50,000000|50,000000|1437,837142|0,348771|-6,046588|-0,112174|-3,512952|68,194013|75,589701|
20170121_174522|46760|316|10,989011|0|CarroTeste|1|circulo_r120_xc320_yc240|200|224|164|218|36,496575|0,000000|50,000000|50,000000|1442,752781|0,348771|-6,046588|-0,112174|-3,524935|68,427181|75,848097|
20170121_174522|46850|317|10,752688|0|CarroTeste|1|circulo_r120_xc320_yc240|200|224|164|218|36,496575|0,000000|50,000000|50,000000|1447,497261|0,348771|-6,046588|-0,112174|-3,535664|68,653112|76,096614|
20170121_174522|46945|318|10,416667|0|CarroTeste|1|circulo_r120_xc320_yc240|200|224|164|218|36,496575|0,000000|50,000000|50,000000|1452,206334|0,348771|-6,046588|-0,112174|-3,546085|68,877596|76,343037|
20170121_174523|47036|319|10,638298|0|CarroTeste|1|circulo_r120_xc320_yc240|200|224|164|218|36,496575|0,000000|50,000000|50,000000|1456,942926|0,348771|-6,046588|-0,112174|-3,556711|69,103240|76,591053|
20170121_174523|47135|320|10,638298|0|CarroTeste|1|circulo_r120_xc320_yc240|200|224|164|218|36,496575|0,000000|50,000000|50,000000|1461,679519|0,348771|-6,046588|-0,112174|-3,567337|69,328884|76,839068|
20170121_174523|47224|321|10,638298|0|CarroTeste|1|circulo_r120_xc320_yc240|200|224|164|218|36,496575|0,000000|50,000000|50,000000|1466,416112|0,348771|-6,046588|-0,112174|-3,577964|69,554528|77,087083|
20170121_174523|47318|322|10,752688|0|CarroTeste|1|circulo_r120_xc320_yc240|200|224|164|218|36,496575|0,000000|50,000000|50,000000|1471,156550|0,348771|-6,046588|-0,112174|-3,588628|69,780324|77,335331|
20170121_174523|47418|323|10,526316|0|CarroTeste|1|circulo_r120_xc320_yc240|200|224|164|218|36,496575|0,000000|50,000000|50,000000|1475,887722|0,348771|-6,046588|-0,112174|-3,599214|70,005740|77,583032|
20170121_174523|47506|324|10,869565|0|CarroTeste|1|circulo_r120_xc320_yc240|200|224|164|218|36,496575|0,000000|50,000000|50,000000|1480,628209|0,348771|-6,046588|-0,112174|-3,609879|70,231538|77,831283|
20170121_174523|47597|325|10,752688|0|CarroTeste|1|circulo_r120_xc320_yc240|200|224|164|218|36,496575|0,000000|50,000000|50,000000|1485,370689|0,348771|-6,046588|-0,112174|-3,620575|70,457403|78,079666|
20170121_174523|47696|326|10,416667|0|CarroTeste|1|circulo_r120_xc320_yc240|200|224|164|218|36,496575|0,000000|50,000000|50,000000|1490,090985|0,348771|-6,046588|-0,112174|-3,631081|70,682359|78,326739|
20170121_174523|47787|327|10,989011|0|CarroTeste|1|circulo_r120_xc320_yc240|200|224|164|218|36,496575|0,000000|50,000000|50,000000|1494,831452|0,348771|-6,046588|-0,112174|-3,641746|70,908156|78,574989|
20170121_174523|47883|328|10,416667|0|CarroTeste|1|circulo_r120_xc320_yc240|200|224|164|218|36,496575|0,000000|50,000000|50,000000|1499,681785|0,348771|-6,046588|-0,112174|-3,653489|71,138311|78,829867|
20170121_174523|47976|329|10,526316|0|CarroTeste|1|circulo_r120_xc320_yc240|200|224|164|218|36,496575|0,000000|50,000000|50,000000|1504,355870|0,348771|-6,046588|-0,112174|-3,663889|71,361068|79,074519|
20170121_174524|48070|330|10,989011|0|CarroTeste|1|circulo_r120_xc320_yc240|200|224|164|218|36,496575|0,000000|50,000000|50,000000|1509,065865|0,348771|-6,046588|-0,112174|-3,674600|71,585293|79,321293|
20170121_174524|48165|331|10,416667|0|CarroTeste|1|circulo_r120_xc320_yc240|200|224|164|218|36,496575|0,000000|50,000000|50,000000|1513,736946|0,348771|-6,046588|-0,112174|-3,684995|71,807905|79,565789|
20170121_174524|48260|332|10,752688|0|CarroTeste|1|circulo_r120_xc320_yc240|200|224|164|218|36,496575|0,000000|50,000000|50,000000|1518,424183|0,348771|-6,046588|-0,112174|-3,695510|72,031198|79,811220|
20170121_174524|48350|333|10,869565|0|CarroTeste|1|circulo_r120_xc320_yc240|200|224|164|218|36,496575|0,000000|50,000000|50,000000|1523,119263|0,348771|-6,046588|-0,112174|-3,706102|72,254803|80,057123|
20170121_174524|48443|334|10,416667|0|CarroTeste|1|circulo_r120_xc320_yc240|200|224|164|218|36,496575|0,000000|50,000000|50,000000|1527,795705|0,348771|-6,046588|-0,112174|-3,716538|72,477640|80,301930|
20170121_174524|48536|335|10,989011|0|CarroTeste|1|circulo_r120_xc320_yc240|200|224|164|218|36,496575|0,000000|50,000000|50,000000|1532,498502|0,348771|-6,046588|-0,112174|-3,727205|72,701552|80,548299|
20170121_174524|48631|336|10,416667|0|CarroTeste|1|circulo_r120_xc320_yc240|200|224|164|218|36,496575|0,000000|50,000000|50,000000|1537,163690|0,348771|-6,046588|-0,112174|-3,737557|72,923914|80,792455|
20170121_174524|48724|337|10,752688|0|CarroTeste|1|circulo_r120_xc320_yc240|200|224|164|218|36,496575|0,000000|50,000000|50,000000|1541,850651|0,348771|-6,046588|-0,112174|-3,748072|73,147193|81,037872|
20170121_174524|48822|338|10,638298|0|CarroTeste|1|circulo_r120_xc320_yc240|200|224|164|218|36,496575|0,000000|50,000000|50,000000|1546,545127|0,348771|-6,046588|-0,112174|-3,758660|73,370772|81,283741|
20170121_174524|48916|339|10,638298|0|CarroTeste|1|circulo_r120_xc320_yc240|200|224|164|218|36,496575|0,000000|50,000000|50,000000|1551,228949|0,348771|-6,046588|-0,112174|-3,769168|73,593902|81,528993|
20170121_174525|49006|340|10,638298|0|CarroTeste|1|circulo_r120_xc320_yc240|200|224|164|218|36,496575|0,000000|50,000000|50,000000|1555,900878|0,348771|-6,046588|-0,112174|-3,779561|73,816558|81,773529|
20170121_174525|49099|341|10,752688|0|CarroTeste|1|circulo_r120_xc320_yc240|200|224|164|218|36,496575|0,000000|50,000000|50,000000|1560,597344|0,348771|-6,046588|-0,112174|-3,790155|74,040231|82,019504|
20170121_174525|49193|342|10,638298|0|CarroTeste|1|circulo_r120_xc320_yc240|200|224|164|218|36,496575|0,000000|50,000000|50,000000|1565,279049|0,348771|-6,046588|-0,112174|-3,800629|74,263290|82,264615|
20170121_174525|49286|343|10,638298|0|CarroTeste|1|circulo_r120_xc320_yc240|200|224|164|218|36,496575|0,000000|50,000000|50,000000|1569,973767|0,348771|-6,046588|-0,112174|-3,811218|74,486880|82,510496|
20170121_174525|49384|344|10,869565|0|CarroTeste|1|circulo_r120_xc320_yc240|200|224|164|218|36,496575|0,000000|50,000000|50,000000|1574,661797|0,348771|-6,046588|-0,112174|-3,821764|74,710180|82,756000|
20170121_174525|49479|345|10,526316|0|CarroTeste|1|circulo_r120_xc320_yc240|200|224|164|218|36,496575|0,000000|50,000000|50,000000|1579,332564|0,348771|-6,046588|-0,112174|-3,832157|74,932779|83,000478|
20170121_174525|49568|346|10,752688|0|CarroTeste|1|circulo_r120_xc320_yc240|200|224|164|218|36,496575|0,000000|50,000000|50,000000|1584,031232|0,348771|-6,046588|-0,112174|-3,842783|75,156527|83,246596|
20170121_174525|49662|347|10,526316|0|CarroTeste|1|circulo_r120_xc320_yc240|200|224|164|218|36,496575|0,000000|50,000000|50,000000|1588,698053|0,348771|-6,046588|-0,112174|-3,853136|75,378970|83,490836|
20170121_174525|49755|348|10,638298|0|CarroTeste|1|circulo_r120_xc320_yc240|200|224|164|218|36,496575|0,000000|50,000000|50,000000|1593,383242|0,348771|-6,046588|-0,112174|-3,863619|75,602195|83,736129|
20170121_174525|49849|349|10,869565|0|CarroTeste|1|circulo_r120_xc320_yc240|200|224|164|218|36,496575|0,000000|50,000000|50,000000|1598,089287|0,348771|-6,046588|-0,112174|-3,874291|75,826264|83,982665|
20170121_174525|49944|350|10,526316|0|CarroTeste|1|circulo_r120_xc320_yc240|200|224|164|218|36,496575|0,000000|50,000000|50,000000|1602,769759|0,348771|-6,046588|-0,112174|-3,884763|76,049264|84,227712|
20170121_174526|50040|351|10,638298|0|CarroTeste|1|circulo_r120_xc320_yc240|200|224|164|218|36,496575|0,000000|50,000000|50,000000|1607,455614|0,348771|-6,046588|-0,112174|-3,895276|76,272491|84,473071|
20170121_174526|50133|352|10,752688|0|CarroTeste|1|circulo_r120_xc320_yc240|200|224|164|218|36,496575|0,000000|50,000000|50,000000|1612,145351|0,348771|-6,046588|-0,112174|-3,905826|76,495872|84,718663|
20170121_174526|50272|353|7,042254|0|CarroTeste|1|circulo_r120_xc320_yc240|200|224|164|218|36,496575|0,000000|50,000000|50,000000|1616,704307|0,348771|-6,046588|-0,112174|-3,915120|76,714037|84,956394|
20170121_174526|50367|354|10,752688|0|CarroTeste|1|circulo_r120_xc320_yc240|200|224|164|218|36,496575|0,000000|50,000000|50,000000|1621,449273|0,348771|-6,046588|-0,112174|-3,925822|76,940019|85,204908|
20170121_174526|50460|355|10,526316|0|CarroTeste|1|circulo_r120_xc320_yc240|200|224|164|218|36,496575|0,000000|50,000000|50,000000|1626,171819|0,348771|-6,046588|-0,112174|-3,936331|77,165085|85,452097|
20170121_174526|50557|356|10,638298|0|CarroTeste|1|circulo_r120_xc320_yc240|200|224|164|218|36,496575|0,000000|50,000000|50,000000|1630,907026|0,348771|-6,046588|-0,112174|-3,946925|77,390693|85,700009|
20170121_174526|50651|357|10,752688|0|CarroTeste|1|circulo_r120_xc320_yc240|200|224|164|218|36,496575|0,000000|50,000000|50,000000|1635,659024|0,348771|-6,046588|-0,112174|-3,957671|77,616982|85,948920|
20170121_174526|50744|358|10,638298|0|CarroTeste|1|circulo_r120_xc320_yc240|200|224|164|218|36,496575|0,000000|50,000000|50,000000|1640,383081|0,348771|-6,046588|-0,112174|-3,968181|77,842121|86,196187|
20170121_174526|50835|359|10,638298|0|CarroTeste|1|circulo_r120_xc320_yc240|200|224|164|218|36,496575|0,000000|50,000000|50,000000|1645,131446|0,348771|-6,046588|-0,112174|-3,978890|78,068267|86,444877|
20170121_174526|50928|360|10,752688|0|CarroTeste|1|circulo_r120_xc320_yc240|200|224|164|219|36,345564|10,869565|50,000000|39,130435|1612,805940|0,404892|-6,040548|-0,162255|-4,272418|76,143014|85,137580|
20170121_174527|51024|361|10,638298|0|CarroTeste|1|circulo_r120_xc320_yc240|200|224|164|218|36,496575|10,309278|50,000000|39,690722|1618,412659|0,348771|-6,046588|-0,112174|-4,004842|76,705010|85,136256|
20170121_174527|51114|362|10,869565|0|CarroTeste|1|circulo_r120_xc320_yc240|200|224|164|218|36,496575|0,000000|50,000000|50,000000|1657,347701|0,348771|-6,046588|-0,112174|-4,015623|78,640414|87,094356|
20170121_174527|51217|363|10,204082|0|CarroTeste|1|circulo_r120_xc320_yc240|200|224|164|218|36,496575|0,000000|50,000000|50,000000|1662,062220|0,348771|-6,046588|-0,112174|-4,026062|78,865151|87,341071|
20170121_174527|51305|364|10,869565|0|CarroTeste|1|circulo_r120_xc320_yc240|200|224|164|218|36,496575|0,000000|50,000000|50,000000|1666,803118|0,348771|-6,046588|-0,112174|-4,036698|79,091000|87,589311|
20170121_174527|51496|365|5,347594|0|CarroTeste|1|circulo_r120_xc320_yc240|200|224|164|218|36,496575|0,000000|50,000000|50,000000|1671,374932|0,348771|-6,046588|-0,112174|-4,045678|79,310138|87,827356|
