TimeStamp|Ticks|FrameNum|FPS|LogaDados|Robo|achou|trajetoria|Xd|Yd|Xa|Ya|DistMelhorPonto|velAtual|velDesejada|erroVel|SaidaControleLinear|angAtual|angDesejado|erroAng|SaidaControleAngular|SinalDeControle1|SinalDeControle2|
20170121_135634|47396|1|0,000001|0||0||0|0|0|0||||||||||||
20170121_135634|47629|2|4,329004|0||0||0|0|0|0||||||||||||
20170121_135634|47749|3|11,494253|0||0||0|0|0|0||||||||||||
20170121_135634|47839|4|8,620690|0||0||0|0|0|0||||||||||||
20170121_135634|47922|5|10,989011|0||0||0|0|0|0||||||||||||
20170121_135634|48027|6|10,638298|0||0||0|0|0|0||||||||||||
20170121_135635|48109|7|10,638298|0||0||0|0|0|0||||||||||||
20170121_135635|48206|8|10,638298|0||0||0|0|0|0||||||||||||
20170121_135635|48345|9|7,042254|0||0||0|0|0|0||||||||||||
20170121_135635|48442|10|10,752688|0||0||0|0|0|0||||||||||||
20170121_135635|48538|11|10,526316|0||0||0|0|0|0||||||||||||
20170121_135635|48671|12|7,246377|0||0||0|0|0|0||||||||||||
20170121_135635|48793|13|10,526316|0||0||0|0|0|0||||||||||||
20170121_135635|48911|14|7,092199|0||0||0|0|0|0||||||||||||
20170121_135635|49051|15|7,142857|0||0||0|0|0|0||||||||||||
20170121_135636|49146|16|10,526316|0||0||0|0|0|0||||||||||||
20170121_135636|49244|17|10,869565|0||0||0|0|0|0||||||||||||
20170121_135636|49337|18|10,416667|0||0||0|0|0|0||||||||||||
20170121_135636|49433|19|10,989011|0||0||0|0|0|0||||||||||||
20170121_135636|49517|20|10,526316|0||0||0|0|0|0||||||||||||
20170121_135636|49620|21|10,638298|0||0||0|0|0|0||||||||||||
20170121_135636|49706|22|10,752688|0||0||0|0|0|0||||||||||||
20170121_135636|49801|23|10,638298|0||0||0|0|0|0||||||||||||
20170121_135636|49900|24|10,638298|0||0||0|0|0|0||||||||||||
20170121_135636|49990|25|10,638298|0||0||0|0|0|0||||||||||||
20170121_135637|50092|26|10,416667|0||0||0|0|0|0||||||||||||
20170121_135637|50172|27|10,989011|0||0||0|0|0|0||||||||||||
20170121_135637|50266|28|10,638298|0||0||0|0|0|0||||||||||||
20170121_135637|50365|29|10,416667|0||0||0|0|0|0||||||||||||
20170121_135637|50459|30|11,111111|0||0||0|0|0|0||||||||||||
20170121_135637|50551|31|10,526316|0||0||0|0|0|0||||||||||||
20170121_135637|50643|32|10,638298|0||0||0|0|0|0||||||||||||
20170121_135637|50736|33|10,869565|0||0||0|0|0|0||||||||||||
20170121_135637|50828|34|10,416667|0||0||0|0|0|0||||||||||||
20170121_135637|50924|35|10,869565|0||0||0|0|0|0||||||||||||
20170121_135637|51017|36|10,752688|0||0||0|0|0|0||||||||||||
20170121_135638|51122|37|10,638298|0||0||0|0|0|0||||||||||||
20170121_135638|51210|38|10,526316|0||0||0|0|0|0||||||||||||
20170121_135638|51302|39|10,638298|0||0||0|0|0|0||||||||||||
20170121_135638|51393|40|10,638298|0||0||0|0|0|0||||||||||||
20170121_135638|51487|41|10,752688|0||0||0|0|0|0||||||||||||
20170121_135638|51580|42|10,752688|0||0||0|0|0|0||||||||||||
20170121_135638|51676|43|10,638298|0||0||0|0|0|0||||||||||||
20170121_135638|51781|44|10,416667|0||0||0|0|0|0||||||||||||
20170121_135638|51865|45|10,638298|0||0||0|0|0|0||||||||||||
20170121_135638|51963|46|10,869565|0||0||0|0|0|0||||||||||||
20170121_135638|52050|47|10,526316|0||0||0|0|0|0||||||||||||
20170121_135639|52142|48|10,869565|0||0||0|0|0|0||||||||||||
20170121_135639|52239|49|10,638298|0||0||0|0|0|0||||||||||||
20170121_135639|52349|50|11,764706|0||0||0|0|0|0||||||||||||
20170121_135639|52443|51|9,090909|0||0||0|0|0|0||||||||||||
20170121_135639|52537|52|10,526316|0||0||0|0|0|0||||||||||||
20170121_135639|52620|53|10,989011|0||0||0|0|0|0||||||||||||
20170121_135639|52710|54|11,363636|0||0||0|0|0|0||||||||||||
20170121_135639|52808|55|10,000000|0||0||0|0|0|0||||||||||||
20170121_135639|52895|56|11,494253|0||0||0|0|0|0||||||||||||
20170121_135639|52990|57|10,416667|0||0||0|0|0|0||||||||||||
20170121_135640|53090|58|10,638298|0||0||0|0|0|0||||||||||||
20170121_135640|53177|59|10,869565|0||0||0|0|0|0||||||||||||
20170121_135640|53273|60|10,752688|0||0||0|0|0|0||||||||||||
20170121_135640|53375|61|10,526316|0||0||0|0|0|0||||||||||||
20170121_135640|53500|62|7,194245|0||0||0|0|0|0||||||||||||
20170121_135640|53601|63|10,526316|0||0||0|0|0|0||||||||||||
20170121_135640|53688|64|10,752688|0||0||0|0|0|0||||||||||||
20170121_135640|53806|65|10,101010|0||0||0|0|0|0||||||||||||
20170121_135640|53924|66|7,407407|0||0||0|0|0|0||||||||||||
20170121_135640|54024|67|10,638298|0||0||0|0|0|0||||||||||||
20170121_135641|54113|68|10,638298|0||0||0|0|0|0||||||||||||
20170121_135641|54205|69|10,638298|0||0||0|0|0|0||||||||||||
20170121_135641|54300|70|10,638298|0||0||0|0|0|0||||||||||||
20170121_135641|54395|71|10,526316|0||0||0|0|0|0||||||||||||
20170121_135641|54487|72|10,989011|0||0||0|0|0|0||||||||||||
20170121_135641|54584|73|10,309278|0||0||0|0|0|0||||||||||||
20170121_135641|54679|74|10,989011|0||0||0|0|0|0||||||||||||
20170121_135641|54786|75|10,204082|0||0||0|0|0|0||||||||||||
20170121_135641|54911|76|7,299270|0||0||0|0|0|0||||||||||||
20170121_135641|55014|77|10,309278|0||0||0|0|0|0||||||||||||
20170121_135642|55157|78|7,142857|0||0||0|0|0|0||||||||||||
20170121_135642|55283|79|7,299270|0||0||0|0|0|0||||||||||||
20170121_135642|55380|80|10,416667|0||0||0|0|0|0||||||||||||
20170121_135642|55471|81|10,752688|0||0||0|0|0|0||||||||||||
20170121_135642|55577|82|10,752688|0||0||0|0|0|0||||||||||||
20170121_135642|55723|83|6,711409|0||0||0|0|0|0||||||||||||
20170121_135642|55847|84|7,575758|0||0||0|0|0|0||||||||||||
20170121_135642|55943|85|10,526316|0||0||0|0|0|0||||||||||||
20170121_135642|56034|86|10,752688|0||0||0|0|0|0||||||||||||
20170121_135643|56134|87|10,638298|0||0||0|0|0|0||||||||||||
20170121_135643|56232|88|10,638298|0||0||0|0|0|0||||||||||||
20170121_135643|56315|89|10,638298|0||0||0|0|0|0||||||||||||
20170121_135643|56410|90|10,638298|0||0||0|0|0|0||||||||||||
20170121_135643|56501|91|10,752688|0||0||0|0|0|0||||||||||||
20170121_135643|56599|92|10,638298|0||0||0|0|0|0||||||||||||
20170121_135643|56708|93|10,526316|0||0||0|0|0|0||||||||||||
20170121_135643|56793|94|10,416667|0||0||0|0|0|0||||||||||||
20170121_135643|56893|95|11,111111|0||0||0|0|0|0||||||||||||
20170121_135643|57019|96|7,042254|0||0||0|0|0|0||||||||||||
20170121_135644|57113|97|10,752688|0||0||0|0|0|0||||||||||||
20170121_135644|57210|98|10,752688|0||0||0|0|0|0||||||||||||
20170121_135644|57301|99|10,752688|0||0||0|0|0|0||||||||||||
20170121_135644|57392|100|10,526316|0||0||0|0|0|0||||||||||||
20170121_135644|57486|101|10,752688|0||0||0|0|0|0||||||||||||
20170121_135644|57585|102|10,638298|0||0||0|0|0|0||||||||||||
20170121_135644|57752|103|5,988024|0||0||0|0|0|0||||||||||||
20170121_135644|57868|104|8,333333|0||0||0|0|0|0||||||||||||
20170121_135644|57982|105|10,204082|0||0||0|0|0|0||||||||||||
20170121_135645|58094|106|7,692308|0||0||0|0|0|0||||||||||||
20170121_135645|58194|107|10,204082|0||0||0|0|0|0||||||||||||
20170121_135645|58293|108|11,111111|0||0||0|0|0|0||||||||||||
20170121_135645|58378|109|10,752688|0||0||0|0|0|0||||||||||||
20170121_135645|58472|110|10,309278|0||0||0|0|0|0||||||||||||
20170121_135645|58575|111|10,989011|0||0||0|0|0|0||||||||||||
20170121_135645|58661|112|10,526316|0||0||0|0|0|0||||||||||||
20170121_135645|58751|113|10,869565|0||0||0|0|0|0||||||||||||
20170121_135645|58846|114|10,638298|0||0||0|0|0|0||||||||||||
20170121_135645|58937|115|10,638298|0||0||0|0|0|0||||||||||||
20170121_135645|59035|116|10,752688|0||0||0|0|0|0||||||||||||
20170121_135646|59127|117|10,638298|0||0||0|0|0|0||||||||||||
20170121_135646|59240|118|10,309278|0||0||0|0|0|0||||||||||||
20170121_135648|61332|119|0,474834|0||0||0|0|0|0||||||||||||
20170121_135648|61422|120|10,526316|0||0||0|0|0|0||||||||||||
20170121_135648|61520|121|10,752688|0||0||0|0|0|0||||||||||||
20170121_135648|61609|122|10,638298|0||0||0|0|0|0||||||||||||
20170121_135648|61703|123|10,752688|0||0||0|0|0|0||||||||||||
20170121_135648|61805|124|10,526316|0||0||0|0|0|0||||||||||||
20170121_135648|61892|125|10,752688|0||0||0|0|0|0||||||||||||
20170121_135648|61986|126|10,638298|0||0||0|0|0|0||||||||||||
20170121_135649|62076|127|10,752688|0||0||0|0|0|0||||||||||||
20170121_135649|62172|128|10,526316|0||0||0|0|0|0||||||||||||
20170121_135649|62265|129|10,638298|0||0||0|0|0|0||||||||||||
20170121_135649|62369|130|10,638298|0||0||0|0|0|0||||||||||||
20170121_135649|62454|131|10,752688|0||0||0|0|0|0||||||||||||
20170121_135649|62546|132|10,752688|0||0||0|0|0|0||||||||||||
20170121_135649|62645|133|10,638298|0||0||0|0|0|0||||||||||||
20170121_135649|62739|134|10,416667|0||0||0|0|0|0||||||||||||
20170121_135649|62830|135|10,869565|0||0||0|0|0|0||||||||||||
20170121_135649|62924|136|10,638298|0||0||0|0|0|0||||||||||||
20170121_135649|63016|137|10,752688|0||0||0|0|0|0||||||||||||
20170121_135650|63123|138|10,526316|0||0||0|0|0|0||||||||||||
20170121_135650|63206|139|10,752688|0||0||0|0|0|0||||||||||||
20170121_135650|63296|140|10,752688|0||0||0|0|0|0||||||||||||
20170121_135650|63398|141|10,638298|0||0||0|0|0|0||||||||||||
20170121_135650|63501|142|10,416667|0||0||0|0|0|0||||||||||||
20170121_135650|63629|143|7,246377|0||0||0|0|0|0||||||||||||
20170121_135650|63724|144|10,526316|0||0||0|0|0|0||||||||||||
20170121_135650|63815|145|10,638298|0||0||0|0|0|0||||||||||||
20170121_135650|63911|146|10,869565|0||0||0|0|0|0||||||||||||
20170121_135650|64005|147|10,526316|0||0||0|0|0|0||||||||||||
20170121_135651|64090|148|10,869565|0||0||0|0|0|0||||||||||||
20170121_135651|64189|149|10,526316|0||0||0|0|0|0||||||||||||
20170121_135651|64297|150|10,638298|0||0||0|0|0|0||||||||||||
20170121_135651|64421|151|7,194245|0||0||0|0|0|0||||||||||||
20170121_135651|64526|152|10,638298|0||0||0|0|0|0||||||||||||
20170121_135651|64611|153|10,526316|0||0||0|0|0|0||||||||||||
20170121_135651|64707|154|10,526316|0||0||0|0|0|0||||||||||||
20170121_135651|64795|155|10,869565|0||0||0|0|0|0||||||||||||
20170121_135651|64891|156|10,526316|0||0||0|0|0|0||||||||||||
20170121_135651|64985|157|10,752688|0||0||0|0|0|0||||||||||||
20170121_135652|65080|158|10,638298|0||0||0|0|0|0||||||||||||
20170121_135652|65172|159|10,869565|0||0||0|0|0|0||||||||||||
20170121_135652|65264|160|10,638298|0||0||0|0|0|0||||||||||||
20170121_135652|65369|161|10,526316|0||0||0|0|0|0||||||||||||
20170121_135652|65457|162|10,638298|0||0||0|0|0|0||||||||||||
20170121_135652|65548|163|10,752688|0||0||0|0|0|0||||||||||||
20170121_135652|65641|164|10,752688|0||0||0|0|0|0||||||||||||
20170121_135652|65740|165|10,526316|0||0||0|0|0|0||||||||||||
20170121_135652|65829|166|10,638298|0||0||0|0|0|0||||||||||||
20170121_135652|65922|167|10,752688|0||0||0|0|0|0||||||||||||
20170121_135652|66013|168|10,752688|0||0||0|0|0|0||||||||||||
20170121_135653|66110|169|10,416667|0||0||0|0|0|0||||||||||||
20170121_135653|66211|170|10,752688|0||0||0|0|0|0||||||||||||
20170121_135653|66296|171|10,752688|0||0||0|0|0|0||||||||||||
20170121_135653|66391|172|10,638298|0||0||0|0|0|0||||||||||||
20170121_135653|66487|173|10,638298|0||0||0|0|0|0||||||||||||
20170121_135653|66584|174|10,752688|0||0||0|0|0|0||||||||||||
20170121_135653|66675|175|10,638298|0||0||0|0|0|0||||||||||||
20170121_135653|66767|176|10,638298|0||0||0|0|0|0||||||||||||
20170121_135653|66883|177|10,638298|0||0||0|0|0|0||||||||||||
20170121_135653|66956|178|10,638298|0||0||0|0|0|0||||||||||||
20170121_135653|67049|179|10,752688|0||0||0|0|0|0||||||||||||
20170121_135654|67155|180|10,526316|0||0||0|0|0|0||||||||||||
20170121_135654|67249|181|10,869565|0||0||0|0|0|0||||||||||||
20170121_135654|67340|182|10,416667|0||0||0|0|0|0||||||||||||
20170121_135654|67421|183|10,752688|0||0||0|0|0|0||||||||||||
20170121_135654|67515|184|10,752688|0||0||0|0|0|0||||||||||||
20170121_135654|67612|185|10,638298|0||0||0|0|0|0||||||||||||
20170121_135654|67705|186|10,752688|0||0||0|0|0|0||||||||||||
20170121_135654|67797|187|10,638298|0||0||0|0|0|0||||||||||||
20170121_135654|67888|188|10,638298|0||0||0|0|0|0||||||||||||
20170121_135654|67988|189|10,526316|0||0||0|0|0|0||||||||||||
20170121_135655|68081|190|10,752688|0||0||0|0|0|0||||||||||||
20170121_135655|68173|191|10,869565|0||0||0|0|0|0||||||||||||
20170121_135655|68262|192|10,638298|0||0||0|0|0|0||||||||||||
20170121_135655|68359|193|10,416667|0||0||0|0|0|0||||||||||||
20170121_135655|68454|194|10,752688|0||0||0|0|0|0||||||||||||
20170121_135655|68544|195|10,752688|0||0||0|0|0|0||||||||||||
20170121_135655|68640|196|10,526316|0||0||0|0|0|0||||||||||||
20170121_135655|68738|197|10,638298|0||0||0|0|0|0||||||||||||
20170121_135655|68828|198|10,869565|0||0||0|0|0|0||||||||||||
20170121_135655|68918|199|10,752688|0||0||0|0|0|0||||||||||||
20170121_135655|69016|200|10,204082|0||0||0|0|0|0||||||||||||
20170121_135656|69110|201|10,989011|0||0||0|0|0|0||||||||||||
20170121_135656|69206|202|10,752688|0||0||0|0|0|0||||||||||||
20170121_135656|69294|203|10,638298|0||0||0|0|0|0||||||||||||
20170121_135656|69389|204|10,526316|0||0||0|0|0|0||||||||||||
20170121_135656|69481|205|10,869565|0||0||0|0|0|0||||||||||||
20170121_135656|69579|206|10,638298|0||0||0|0|0|0||||||||||||
20170121_135656|69671|207|10,638298|0||0||0|0|0|0||||||||||||
20170121_135656|69765|208|10,638298|0||0||0|0|0|0||||||||||||
20170121_135656|69862|209|10,416667|0||0||0|0|0|0||||||||||||
20170121_135656|69951|210|10,869565|0||0||0|0|0|0||||||||||||
20170121_135656|70049|211|10,869565|0||0||0|0|0|0||||||||||||
20170121_135657|70146|212|10,416667|0||0||0|0|0|0||||||||||||
20170121_135657|70237|213|10,752688|0||0||0|0|0|0||||||||||||
20170121_135657|70326|214|10,638298|0||0||0|0|0|0||||||||||||
20170121_135657|70419|215|10,752688|0||0||0|0|0|0||||||||||||
20170121_135657|70515|216|10,526316|0||0||0|0|0|0||||||||||||
20170121_135657|70610|217|10,638298|0||0||0|0|0|0||||||||||||
20170121_135657|70702|218|10,869565|0||0||0|0|0|0||||||||||||
20170121_135657|70794|219|10,638298|0||0||0|0|0|0||||||||||||
20170121_135657|70890|220|10,526316|0||0||0|0|0|0||||||||||||
20170121_135657|70983|221|10,869565|0||0||0|0|0|0||||||||||||
20170121_135658|71080|222|10,416667|0||0||0|0|0|0||||||||||||
20170121_135658|71170|223|10,869565|0||0||0|0|0|0||||||||||||
20170121_135658|71266|224|10,526316|0||0||0|0|0|0||||||||||||
20170121_135658|71359|225|10,638298|0||0||0|0|0|0||||||||||||
20170121_135658|71452|226|10,752688|0||0||0|0|0|0||||||||||||
20170121_135658|71548|227|10,752688|0||0||0|0|0|0||||||||||||
20170121_135658|71641|228|10,638298|0||0||0|0|0|0||||||||||||
20170121_135658|71734|229|10,638298|0||0||0|0|0|0||||||||||||
20170121_135658|71826|230|10,638298|0||0||0|0|0|0||||||||||||
20170121_135658|71924|231|10,752688|0||0||0|0|0|0||||||||||||
20170121_135658|72013|232|10,638298|0||0||0|0|0|0||||||||||||
20170121_135659|72109|233|10,638298|0||0||0|0|0|0||||||||||||
20170121_135659|72202|234|10,752688|0||0||0|0|0|0||||||||||||
20170121_135659|72296|235|10,638298|0||0||0|0|0|0||||||||||||
20170121_135659|72395|236|10,638298|0||0||0|0|0|0||||||||||||
20170121_135659|72484|237|10,752688|0||0||0|0|0|0||||||||||||
20170121_135659|72575|238|10,638298|0||0||0|0|0|0||||||||||||
20170121_135659|72670|239|10,638298|0||0||0|0|0|0||||||||||||
20170121_135659|72764|240|10,638298|0||0||0|0|0|0||||||||||||
20170121_135659|72858|241|10,638298|0||0||0|0|0|0||||||||||||
20170121_135659|72957|242|10,526316|0||0||0|0|0|0||||||||||||
20170121_135659|73047|243|10,869565|0||0||0|0|0|0||||||||||||
20170121_135700|73142|244|10,526316|0||0||0|0|0|0||||||||||||
20170121_135700|73234|245|10,638298|0||0||0|0|0|0||||||||||||
20170121_135700|73328|246|10,638298|0||0||0|0|0|0||||||||||||
20170121_135700|73422|247|10,752688|0||0||0|0|0|0||||||||||||
20170121_135700|73514|248|10,752688|0||0||0|0|0|0||||||||||||
20170121_135700|73608|249|10,526316|0||0||0|0|0|0||||||||||||
20170121_135700|73701|250|10,869565|0||0||0|0|0|0||||||||||||
20170121_135700|73794|251|10,638298|0||0||0|0|0|0||||||||||||
20170121_135700|73889|252|10,752688|0||0||0|0|0|0||||||||||||
20170121_135700|73986|253|10,526316|0||0||0|0|0|0||||||||||||
20170121_135701|74076|254|10,752688|0||0||0|0|0|0||||||||||||
20170121_135701|74170|255|10,638298|0||0||0|0|0|0||||||||||||
20170121_135701|74268|256|10,526316|0||0||0|0|0|0||||||||||||
20170121_135701|74359|257|10,638298|0||0||0|0|0|0||||||||||||
20170121_135701|74455|258|10,752688|0||0||0|0|0|0||||||||||||
20170121_135701|74550|259|10,752688|0||0||0|0|0|0||||||||||||
20170121_135701|74641|260|10,638298|0||0||0|0|0|0||||||||||||
20170121_135701|74734|261|10,638298|0||0||0|0|0|0||||||||||||
20170121_135701|74829|262|10,638298|0||0||0|0|0|0||||||||||||
20170121_135701|74919|263|10,752688|0||0||0|0|0|0||||||||||||
20170121_135701|75013|264|10,526316|0||0||0|0|0|0||||||||||||
20170121_135702|75107|265|10,638298|0||0||0|0|0|0||||||||||||
20170121_135702|75203|266|10,752688|0||0||0|0|0|0||||||||||||
20170121_135702|75295|267|10,752688|0||0||0|0|0|0||||||||||||
20170121_135702|75388|268|10,752688|0||0||0|0|0|0||||||||||||
20170121_135702|75484|269|10,752688|0||0||0|0|0|0||||||||||||
20170121_135702|75573|270|10,638298|0||0||0|0|0|0||||||||||||
20170121_135702|75669|271|10,638298|0||0||0|0|0|0||||||||||||
20170121_135702|75766|272|10,526316|0||0||0|0|0|0||||||||||||
20170121_135702|75860|273|10,416667|0||0||0|0|0|0||||||||||||
20170121_135702|75951|274|10,989011|0||0||0|0|0|0||||||||||||
20170121_135702|76049|275|10,638298|0||0||0|0|0|0||||||||||||
20170121_135703|76138|276|10,638298|0||0||0|0|0|0||||||||||||
20170121_135703|76199|277|16,666667|0||0||0|0|0|0||||||||||||
20170121_135703|76284|278|12,345679|0||0||0|0|0|0||||||||||||
20170121_135703|76371|279|10,869565|0||0||0|0|0|0||||||||||||
20170121_135703|76469|280|10,416667|0||0||0|0|0|0||||||||||||
20170121_135703|76563|281|10,752688|0||0||0|0|0|0||||||||||||
20170121_135703|76654|282|10,638298|0||0||0|0|0|0||||||||||||
20170121_135703|76714|283|16,949153|0||0||0|0|0|0||||||||||||
20170121_135703|76795|284|12,500000|0||0||0|0|0|0||||||||||||
20170121_135703|76889|285|10,416667|0||0||0|0|0|0||||||||||||
20170121_135703|76984|286|10,752688|0||0||0|0|0|0||||||||||||
20170121_135704|77078|287|10,869565|0||0||0|0|0|0||||||||||||
20170121_135704|77177|288|10,526316|0||0||0|0|0|0||||||||||||
20170121_135704|77268|289|10,752688|0||0||0|0|0|0||||||||||||
20170121_135704|77361|290|10,526316|0||0||0|0|0|0||||||||||||
20170121_135704|77453|291|10,752688|0||0||0|0|0|0||||||||||||
20170121_135704|77544|292|10,638298|0||0||0|0|0|0||||||||||||
20170121_135704|77638|293|10,638298|0||0||0|0|0|0||||||||||||
20170121_135704|77733|294|10,638298|0||0||0|0|0|0||||||||||||
20170121_135704|77826|295|10,638298|0||0||0|0|0|0||||||||||||
20170121_135704|77924|296|10,752688|0||0||0|0|0|0||||||||||||
20170121_135704|78014|297|10,638298|0||0||0|0|0|0||||||||||||
20170121_135705|78106|298|10,638298|0||0||0|0|0|0||||||||||||
20170121_135705|78202|299|10,638298|0||0||0|0|0|0||||||||||||
20170121_135705|78298|300|10,752688|0||0||0|0|0|0||||||||||||
20170121_135705|78390|301|10,638298|0||0||0|0|0|0||||||||||||
20170121_135705|78481|302|10,638298|0||0||0|0|0|0||||||||||||
20170121_135705|78575|303|10,752688|0||0||0|0|0|0||||||||||||
20170121_135705|78668|304|10,752688|0||0||0|0|0|0||||||||||||
20170121_135705|78763|305|10,526316|0||0||0|0|0|0||||||||||||
20170121_135705|78858|306|10,638298|0||0||0|0|0|0||||||||||||
20170121_135705|78954|307|10,638298|0||0||0|0|0|0||||||||||||
20170121_135705|79044|308|10,869565|0||0||0|0|0|0||||||||||||
20170121_135706|79139|309|10,526316|0||0||0|0|0|0||||||||||||
20170121_135706|79232|310|10,638298|0||0||0|0|0|0||||||||||||
20170121_135706|79324|311|10,869565|0||0||0|0|0|0||||||||||||
20170121_135706|79421|312|10,416667|0||0||0|0|0|0||||||||||||
20170121_135706|79514|313|10,869565|0||0||0|0|0|0||||||||||||
20170121_135706|79606|314|10,526316|0||0||0|0|0|0||||||||||||
20170121_135706|79702|315|10,638298|0||0||0|0|0|0||||||||||||
20170121_135706|79795|316|10,869565|0||0||0|0|0|0||||||||||||
20170121_135706|79888|317|10,638298|0||0||0|0|0|0||||||||||||
20170121_135706|79981|318|10,638298|0||0||0|0|0|0||||||||||||
20170121_135707|80075|319|10,638298|0||0||0|0|0|0||||||||||||
20170121_135707|80168|320|10,638298|0||0||0|0|0|0||||||||||||
20170121_135707|80263|321|10,752688|0||0||0|0|0|0||||||||||||
20170121_135707|80359|322|10,309278|0||0||0|0|0|0||||||||||||
20170121_135707|80454|323|10,869565|0||0||0|0|0|0||||||||||||
20170121_135707|80545|324|10,638298|0||0||0|0|0|0||||||||||||
20170121_135707|80640|325|10,752688|0||0||0|0|0|0||||||||||||
20170121_135707|80734|326|10,638298|0||0||0|0|0|0||||||||||||
20170121_135707|80826|327|10,638298|0||0||0|0|0|0||||||||||||
20170121_135707|80919|328|10,869565|0||0||0|0|0|0||||||||||||
20170121_135707|81011|329|10,638298|0||0||0|0|0|0||||||||||||
20170121_135708|81112|330|10,526316|0||0||0|0|0|0||||||||||||
20170121_135708|81202|331|10,638298|0||0||0|0|0|0||||||||||||
20170121_135708|81297|332|10,869565|0||0||0|0|0|0||||||||||||
20170121_135708|81390|333|10,526316|0||0||0|0|0|0||||||||||||
20170121_135708|81487|334|10,638298|0||0||0|0|0|0||||||||||||
20170121_135708|81579|335|10,526316|0||0||0|0|0|0||||||||||||
20170121_135708|81668|336|10,869565|0||0||0|0|0|0||||||||||||
20170121_135708|81768|337|10,752688|0||0||0|0|0|0||||||||||||
20170121_135708|81863|338|10,526316|0||0||0|0|0|0||||||||||||
20170121_135708|81952|339|10,638298|0||0||0|0|0|0||||||||||||
20170121_135708|82043|340|10,869565|0||0||0|0|0|0||||||||||||
20170121_135709|82138|341|10,526316|0||0||0|0|0|0||||||||||||
20170121_135709|82234|342|10,869565|0||0||0|0|0|0||||||||||||
20170121_135709|82324|343|10,638298|0||0||0|0|0|0||||||||||||
20170121_135709|82424|344|10,526316|0||0||0|0|0|0||||||||||||
20170121_135709|82516|345|10,752688|0||0||0|0|0|0||||||||||||
20170121_135709|82609|346|10,526316|0||0||0|0|0|0||||||||||||
20170121_135709|82705|347|10,416667|0||0||0|0|0|0||||||||||||
20170121_135709|82800|348|11,111111|0||0||0|0|0|0||||||||||||
20170121_135709|82890|349|10,416667|0||0||0|0|0|0||||||||||||
20170121_135709|82949|350|16,949153|0||0||0|0|0|0||||||||||||
20170121_135709|83032|351|12,500000|0||0||0|0|0|0||||||||||||
20170121_135710|83127|352|10,526316|0||0||0|0|0|0||||||||||||
20170121_135710|83218|353|10,752688|0||0||0|0|0|0||||||||||||
20170121_135710|83310|354|10,638298|0||0||0|0|0|0||||||||||||
20170121_135710|83411|355|10,638298|0||0||0|0|0|0||||||||||||
20170121_135710|83497|356|10,752688|0||0||0|0|0|0||||||||||||
20170121_135710|83592|357|10,526316|0||0||0|0|0|0||||||||||||
20170121_135710|83687|358|10,638298|0||0||0|0|0|0||||||||||||
20170121_135710|83781|359|10,989011|0||0||0|0|0|0||||||||||||
20170121_135710|83876|360|10,526316|0||0||0|0|0|0||||||||||||
20170121_135710|83969|361|10,526316|0||0||0|0|0|0||||||||||||
20170121_135711|84062|362|10,869565|0||0||0|0|0|0||||||||||||
20170121_135711|84156|363|10,526316|0||0||0|0|0|0||||||||||||
20170121_135711|84247|364|10,752688|0||0||0|0|0|0||||||||||||
20170121_135711|84342|365|10,752688|0||0||0|0|0|0||||||||||||
20170121_135711|84434|366|10,526316|0||0||0|0|0|0||||||||||||
20170121_135711|84528|367|10,752688|0||0||0|0|0|0||||||||||||
20170121_135711|84627|368|10,638298|0||0||0|0|0|0||||||||||||
20170121_135711|84723|369|10,416667|0||0||0|0|0|0||||||||||||
20170121_135711|84812|370|10,989011|0||0||0|0|0|0||||||||||||
20170121_135711|84904|371|10,752688|0||0||0|0|0|0||||||||||||
20170121_135711|84999|372|10,526316|0||0||0|0|0|0||||||||||||
20170121_135712|85095|373|10,638298|0||0||0|0|0|0||||||||||||
20170121_135712|85190|374|10,416667|0||0||0|0|0|0||||||||||||
20170121_135712|85284|375|10,869565|0||0||0|0|0|0||||||||||||
20170121_135712|85373|376|10,869565|0||0||0|0|0|0||||||||||||
20170121_135712|85468|377|10,526316|0||0||0|0|0|0||||||||||||
20170121_135712|85561|378|10,638298|0||0||0|0|0|0||||||||||||
20170121_135712|85653|379|10,638298|0||0||0|0|0|0||||||||||||
20170121_135712|85748|380|10,752688|0||0||0|0|0|0||||||||||||
20170121_135712|85841|381|10,526316|0||0||0|0|0|0||||||||||||
20170121_135712|85935|382|10,752688|0||0||0|0|0|0||||||||||||
20170121_135712|86029|383|10,752688|0||0||0|0|0|0||||||||||||
20170121_135713|86122|384|10,752688|0||0||0|0|0|0||||||||||||
20170121_135713|86222|385|10,416667|0||0||0|0|0|0||||||||||||
20170121_135713|86310|386|10,869565|0||0||0|0|0|0||||||||||||
20170121_135713|86403|387|10,638298|0||0||0|0|0|0||||||||||||
20170121_135713|86497|388|10,638298|0||0||0|0|0|0||||||||||||
20170121_135713|86594|389|10,638298|0||0||0|0|0|0||||||||||||
20170121_135713|86685|390|10,752688|0||0||0|0|0|0||||||||||||
20170121_135713|86778|391|10,752688|0||0||0|0|0|0||||||||||||
20170121_135713|86878|392|10,638298|0||0||0|0|0|0||||||||||||
20170121_135713|86973|393|10,309278|0||0||0|0|0|0||||||||||||
20170121_135714|87065|394|10,989011|0||0||0|0|0|0||||||||||||
20170121_135714|87155|395|10,638298|0||0||0|0|0|0||||||||||||
20170121_135714|87249|396|10,638298|0||0||0|0|0|0||||||||||||
20170121_135714|87349|397|10,752688|0||0||0|0|0|0||||||||||||
20170121_135714|87436|398|10,526316|0||0||0|0|0|0||||||||||||
20170121_135714|87541|399|10,638298|0||0||0|0|0|0||||||||||||
20170121_135714|87624|400|10,869565|0||0||0|0|0|0||||||||||||
20170121_135714|87721|401|10,638298|0||0||0|0|0|0||||||||||||
20170121_135714|87812|402|10,526316|0||0||0|0|0|0||||||||||||
20170121_135714|87916|403|10,638298|0||0||0|0|0|0||||||||||||
20170121_135714|87997|404|10,752688|0||0||0|0|0|0||||||||||||
20170121_135715|88101|405|10,752688|0||0||0|0|0|0||||||||||||
20170121_135715|88189|406|10,416667|0||0||0|0|0|0||||||||||||
20170121_135715|88286|407|10,752688|0||0||0|0|0|0||||||||||||
20170121_135715|88373|408|10,869565|0||0||0|0|0|0||||||||||||
20170121_135715|88470|409|10,416667|0||0||0|0|0|0||||||||||||
20170121_135715|88566|410|10,869565|0||0||0|0|0|0||||||||||||
20170121_135715|88660|411|10,416667|0||0||0|0|0|0||||||||||||
20170121_135715|88747|412|10,869565|0||0||0|0|0|0||||||||||||
20170121_135715|88844|413|10,526316|0||0||0|0|0|0||||||||||||
20170121_135715|88949|414|10,638298|0||0||0|0|0|0||||||||||||
20170121_135715|89033|415|10,752688|0||0||0|0|0|0||||||||||||
20170121_135716|89122|416|10,752688|0||0||0|0|0|0||||||||||||
20170121_135716|89216|417|10,638298|0||0||0|0|0|0||||||||||||
20170121_135716|89311|418|10,752688|0||0||0|0|0|0||||||||||||
20170121_135716|89405|419|10,638298|0||0||0|0|0|0||||||||||||
20170121_135716|89501|420|10,638298|0||0||0|0|0|0||||||||||||
20170121_135716|89594|421|10,638298|0||0||0|0|0|0||||||||||||
20170121_135716|89686|422|10,638298|0||0||0|0|0|0||||||||||||
20170121_135716|89780|423|10,752688|0||0||0|0|0|0||||||||||||
20170121_135716|89873|424|10,638298|0||0||0|0|0|0||||||||||||
20170121_135716|89972|425|10,638298|0||0||0|0|0|0||||||||||||
20170121_135717|90064|426|10,752688|0||0||0|0|0|0||||||||||||
20170121_135717|90160|427|10,638298|0||0||0|0|0|0||||||||||||
20170121_135717|90254|428|10,526316|0||0||0|0|0|0||||||||||||
20170121_135717|90342|429|10,752688|0||0||0|0|0|0||||||||||||
20170121_135717|90439|430|10,638298|0||0||0|0|0|0||||||||||||
20170121_135717|90532|431|10,638298|0||0||0|0|0|0||||||||||||
20170121_135717|90622|432|10,869565|0||0||0|0|0|0||||||||||||
20170121_135717|90719|433|10,638298|0||0||0|0|0|0||||||||||||
20170121_135717|90815|434|10,526316|0||0||0|0|0|0||||||||||||
20170121_135717|90905|435|10,638298|0||0||0|0|0|0||||||||||||
20170121_135717|90997|436|10,752688|0||0||0|0|0|0||||||||||||
20170121_135718|91092|437|10,638298|0||0||0|0|0|0||||||||||||
20170121_135718|91189|438|10,638298|0||0||0|0|0|0||||||||||||
20170121_135718|91281|439|10,638298|0||0||0|0|0|0||||||||||||
20170121_135718|91377|440|10,869565|0||0||0|0|0|0||||||||||||
20170121_135718|91472|441|10,638298|0||0||0|0|0|0||||||||||||
20170121_135718|91562|442|10,638298|0||0||0|0|0|0||||||||||||
20170121_135718|91662|443|10,526316|0||0||0|0|0|0||||||||||||
20170121_135718|91748|444|10,638298|0||0||0|0|0|0||||||||||||
20170121_135718|91842|445|10,869565|0||0||0|0|0|0||||||||||||
20170121_135718|91936|446|10,526316|0||0||0|0|0|0||||||||||||
20170121_135718|92032|447|10,526316|0||0||0|0|0|0||||||||||||
20170121_135719|92122|448|10,869565|0||0||0|0|0|0||||||||||||
20170121_135719|92216|449|10,638298|0||0||0|0|0|0||||||||||||
20170121_135719|92318|450|10,752688|0||0||0|0|0|0||||||||||||
20170121_135719|92404|451|10,752688|0||0||0|0|0|0||||||||||||
20170121_135719|92498|452|10,526316|0||0||0|0|0|0||||||||||||
20170121_135719|92596|453|10,638298|0||0||0|0|0|0||||||||||||
20170121_135719|92692|454|10,752688|0||0||0|0|0|0||||||||||||
20170121_135719|92779|455|10,526316|0||0||0|0|0|0||||||||||||
20170121_135719|92872|456|10,869565|0||0||0|0|0|0||||||||||||
20170121_135719|92972|457|10,416667|0||0||0|0|0|0||||||||||||
20170121_135720|93064|458|10,869565|0||0||0|0|0|0||||||||||||
20170121_135720|93159|459|10,638298|0||0||0|0|0|0||||||||||||
20170121_135720|93253|460|10,638298|0||0||0|0|0|0||||||||||||
20170121_135720|93349|461|10,638298|0||0||0|0|0|0||||||||||||
20170121_135720|93435|462|10,752688|0||0||0|0|0|0||||||||||||
20170121_135720|93527|463|10,638298|0||0||0|0|0|0||||||||||||
20170121_135720|93623|464|10,638298|0||0||0|0|0|0||||||||||||
20170121_135720|93721|465|10,526316|0||0||0|0|0|0||||||||||||
20170121_135720|93815|466|10,638298|0||0||0|0|0|0||||||||||||
20170121_135720|93907|467|10,752688|0||0||0|0|0|0||||||||||||
20170121_135720|93998|468|10,752688|0||0||0|0|0|0||||||||||||
20170121_135721|94097|469|10,638298|0||0||0|0|0|0||||||||||||
20170121_135721|94186|470|10,752688|0||0||0|0|0|0||||||||||||
20170121_135721|94282|471|10,526316|0||0||0|0|0|0||||||||||||
20170121_135721|94375|472|10,869565|0||0||0|0|0|0||||||||||||
20170121_135721|94474|473|10,416667|0||0||0|0|0|0||||||||||||
20170121_135721|94568|474|10,869565|0||0||0|0|0|0||||||||||||
20170121_135721|94656|475|10,526316|0||0||0|0|0|0||||||||||||
20170121_135721|94758|476|10,638298|0||0||0|0|0|0||||||||||||
20170121_135721|94845|477|10,638298|0||0||0|0|0|0||||||||||||
20170121_135721|94937|478|10,752688|0||0||0|0|0|0||||||||||||
20170121_135721|95034|479|10,752688|0||0||0|0|0|0||||||||||||
20170121_135722|95125|480|10,526316|0||0||0|0|0|0||||||||||||
20170121_135722|95222|481|10,638298|0||0||0|0|0|0||||||||||||
20170121_135722|95313|482|10,869565|0||0||0|0|0|0||||||||||||
20170121_135722|95422|483|10,526316|0||0||0|0|0|0||||||||||||
20170121_135722|95506|484|10,752688|0||0||0|0|0|0||||||||||||
20170121_135722|95596|485|10,526316|0||0||0|0|0|0||||||||||||
20170121_135722|95690|486|10,752688|0||0||0|0|0|0||||||||||||
20170121_135722|95781|487|10,638298|0||0||0|0|0|0||||||||||||
20170121_135722|95878|488|10,869565|0||0||0|0|0|0||||||||||||
20170121_135722|95968|489|10,526316|0||0||0|0|0|0||||||||||||
20170121_135723|96065|490|10,638298|0||0||0|0|0|0||||||||||||
20170121_135723|96161|491|10,638298|0||0||0|0|0|0||||||||||||
20170121_135723|96265|492|10,638298|0||0||0|0|0|0||||||||||||
20170121_135723|96394|493|7,194245|0||0||0|0|0|0||||||||||||
20170121_135723|96485|494|10,416667|0||0||0|0|0|0||||||||||||
20170121_135723|96580|495|10,638298|0||0||0|0|0|0||||||||||||
20170121_135723|96672|496|10,989011|0||0||0|0|0|0||||||||||||
20170121_135723|96766|497|10,526316|0||0||0|0|0|0||||||||||||
20170121_135723|96878|498|10,638298|0||0||0|0|0|0||||||||||||
20170121_135723|97003|499|7,142857|0||0||0|0|0|0||||||||||||
20170121_135724|97095|500|10,752688|0||0||0|0|0|0||||||||||||
20170121_135724|97193|501|10,638298|0||0||0|0|0|0||||||||||||
20170121_135724|97284|502|10,416667|0||0||0|0|0|0||||||||||||
20170121_135724|97375|503|10,869565|0||0||0|0|0|0||||||||||||
20170121_135724|97471|504|10,526316|0||0||0|0|0|0||||||||||||
20170121_135724|97563|505|10,869565|0||0||0|0|0|0||||||||||||
20170121_135724|97675|506|10,526316|0||0||0|0|0|0||||||||||||
20170121_135724|97797|507|7,142857|0||0||0|0|0|0||||||||||||
20170121_135724|97903|508|10,526316|0||0||0|0|0|0||||||||||||
20170121_135724|97991|509|10,638298|0||0||0|0|0|0||||||||||||
20170121_135725|98080|510|10,638298|0||0||0|0|0|0||||||||||||
20170121_135725|98175|511|10,869565|0||0||0|0|0|0||||||||||||
20170121_135725|98266|512|10,638298|0||0||0|0|0|0||||||||||||
20170121_135725|98371|513|10,638298|0||0||0|0|0|0||||||||||||
20170121_135725|98458|514|10,638298|0||0||0|0|0|0||||||||||||
20170121_135725|98549|515|10,752688|0||0||0|0|0|0||||||||||||
20170121_135725|98644|516|10,638298|0||0||0|0|0|0||||||||||||
20170121_135725|98739|517|10,752688|0||0||0|0|0|0||||||||||||
20170121_135725|98828|518|10,416667|0||0||0|0|0|0||||||||||||
20170121_135725|98929|519|10,869565|0||0||0|0|0|0||||||||||||
20170121_135725|99014|520|10,752688|0||0||0|0|0|0||||||||||||
20170121_135726|99109|521|10,526316|0||0||0|0|0|0||||||||||||
20170121_135726|99206|522|10,526316|0||0||0|0|0|0||||||||||||
20170121_135726|99300|523|10,869565|0||0||0|0|0|0||||||||||||
20170121_135726|99389|524|10,638298|0||0||0|0|0|0||||||||||||
20170121_135726|99495|525|10,638298|0||0||0|0|0|0||||||||||||
20170121_135726|99583|526|10,638298|0||0||0|0|0|0||||||||||||
20170121_135726|99687|527|10,869565|0||0||0|0|0|0||||||||||||
20170121_135726|99766|528|10,526316|0||0||0|0|0|0||||||||||||
20170121_135726|99863|529|10,638298|0||0||0|0|0|0||||||||||||
20170121_135726|99953|530|10,638298|0||0||0|0|0|0||||||||||||
20170121_135726|100052|531|10,752688|0||0||0|0|0|0||||||||||||
20170121_135727|100140|532|10,526316|0||0||0|0|0|0||||||||||||
20170121_135727|100241|533|10,752688|0||0||0|0|0|0||||||||||||
20170121_135727|100327|534|10,752688|0||0||0|0|0|0||||||||||||
20170121_135727|100435|535|10,752688|0||0||0|0|0|0||||||||||||
20170121_135727|100516|536|10,526316|0||0||0|0|0|0||||||||||||
20170121_135727|100620|537|10,416667|0||0||0|0|0|0||||||||||||
20170121_135727|100715|538|10,989011|0||0||0|0|0|0||||||||||||
20170121_135727|100795|539|10,638298|0||0||0|0|0|0||||||||||||
20170121_135727|100891|540|10,526316|0||0||0|0|0|0||||||||||||
20170121_135727|100984|541|10,869565|0||0||0|0|0|0||||||||||||
20170121_135728|101086|542|10,416667|0||0||0|0|0|0||||||||||||
20170121_135728|101182|543|10,752688|0||0||0|0|0|0||||||||||||
20170121_135728|101268|544|10,989011|0||0||0|0|0|0||||||||||||
20170121_135728|101359|545|10,309278|0||0||0|0|0|0||||||||||||
20170121_135728|101453|546|10,869565|0||0||0|0|0|0||||||||||||
20170121_135728|101550|547|10,638298|0||0||0|0|0|0||||||||||||
20170121_135728|101641|548|10,638298|0||0||0|0|0|0||||||||||||
20170121_135728|101737|549|10,638298|0||0||0|0|0|0||||||||||||
20170121_135728|101829|550|10,638298|0||0||0|0|0|0||||||||||||
20170121_135728|101934|551|10,752688|0||0||0|0|0|0||||||||||||
20170121_135728|102016|552|10,638298|0||0||0|0|0|0||||||||||||
20170121_135729|102111|553|10,638298|0||0||0|0|0|0||||||||||||
20170121_135729|102208|554|10,752688|0||0||0|0|0|0||||||||||||
20170121_135729|102298|555|10,638298|0||0||0|0|0|0||||||||||||
20170121_135729|102405|556|10,309278|0||0||0|0|0|0||||||||||||
20170121_135729|102491|557|11,111111|0||0||0|0|0|0||||||||||||
20170121_135729|102581|558|10,416667|0||0||0|0|0|0||||||||||||
20170121_135729|102681|559|10,989011|0||0||0|0|0|0||||||||||||
20170121_135729|102765|560|10,526316|0||0||0|0|0|0||||||||||||
20170121_135729|102860|561|10,752688|0||0||0|0|0|0||||||||||||
20170121_135729|102961|562|10,526316|0||0||0|0|0|0||||||||||||
20170121_135729|103050|563|10,752688|0||0||0|0|0|0||||||||||||
20170121_135730|103150|564|10,638298|0||0||0|0|0|0||||||||||||
20170121_135730|103235|565|10,526316|0||0||0|0|0|0||||||||||||
20170121_135730|103330|566|10,752688|0||0||0|0|0|0||||||||||||
20170121_135730|103421|567|10,869565|0||0||0|0|0|0||||||||||||
20170121_135730|103521|568|10,638298|0||0||0|0|0|0||||||||||||
20170121_135730|103611|569|10,638298|0||0||0|0|0|0||||||||||||
20170121_135730|103708|570|10,638298|0||0||0|0|0|0||||||||||||
20170121_135730|103797|571|10,752688|0||0||0|0|0|0||||||||||||
20170121_135730|103890|572|10,309278|0||0||0|0|0|0||||||||||||
20170121_135730|103986|573|10,869565|0||0||0|0|0|0||||||||||||
20170121_135731|104085|574|10,526316|0||0||0|0|0|0||||||||||||
20170121_135731|104171|575|10,869565|0||0||0|0|0|0||||||||||||
20170121_135731|104266|576|10,638298|0||0||0|0|0|0||||||||||||
20170121_135731|104365|577|10,416667|0||0||0|0|0|0||||||||||||
20170121_135731|104469|578|10,989011|0||0||0|0|0|0||||||||||||
20170121_135731|104546|579|10,752688|0||0||0|0|0|0||||||||||||
20170121_135731|104642|580|10,526316|0||0||0|0|0|0||||||||||||
20170121_135731|104741|581|10,638298|0||0||0|0|0|0||||||||||||
20170121_135731|104827|582|10,752688|0||0||0|0|0|0||||||||||||
20170121_135731|104922|583|10,638298|0||0||0|0|0|0||||||||||||
20170121_135731|105022|584|10,638298|0||0||0|0|0|0||||||||||||
20170121_135732|105109|585|10,752688|0||0||0|0|0|0||||||||||||
20170121_135732|105207|586|10,526316|0||0||0|0|0|0||||||||||||
20170121_135732|105312|587|10,869565|0||0||0|0|0|0||||||||||||
20170121_135732|105402|588|10,526316|0||0||0|0|0|0||||||||||||
20170121_135732|105489|589|10,638298|0||0||0|0|0|0||||||||||||
20170121_135732|105591|590|10,752688|0||0||0|0|0|0||||||||||||
20170121_135732|105672|591|10,752688|0||0||0|0|0|0||||||||||||
20170121_135732|105765|592|10,638298|0||0||0|0|0|0||||||||||||
20170121_135732|105865|593|10,638298|0||0||0|0|0|0||||||||||||
20170121_135732|105952|594|10,526316|0||0||0|0|0|0||||||||||||
20170121_135732|106046|595|10,752688|0||0||0|0|0|0||||||||||||
20170121_135733|106143|596|10,638298|0||0||0|0|0|0||||||||||||
20170121_135733|106240|597|10,752688|0||0||0|0|0|0||||||||||||
20170121_135733|106330|598|10,526316|0||0||0|0|0|0||||||||||||
20170121_135733|106424|599|10,638298|0||0||0|0|0|0||||||||||||
20170121_135733|106516|600|10,869565|0||0||0|0|0|0||||||||||||
20170121_135733|106609|601|10,638298|0||0||0|0|0|0||||||||||||
20170121_135733|106711|602|10,416667|0||0||0|0|0|0||||||||||||
20170121_135733|106798|603|10,989011|0||0||0|0|0|0||||||||||||
20170121_135733|106893|604|10,526316|0||0||0|0|0|0||||||||||||
20170121_135733|107002|605|10,638298|0||0||0|0|0|0||||||||||||
20170121_135734|107085|606|10,752688|0||0||0|0|0|0||||||||||||
20170121_135734|107179|607|10,526316|0||0||0|0|0|0||||||||||||
20170121_135734|107265|608|10,638298|0||0||0|0|0|0||||||||||||
20170121_135734|107359|609|10,752688|0||0||0|0|0|0||||||||||||
20170121_135734|107452|610|10,638298|0||0||0|0|0|0||||||||||||
20170121_135734|107548|611|10,752688|0||0||0|0|0|0||||||||||||
20170121_135734|107645|612|10,526316|0||0||0|0|0|0||||||||||||
20170121_135734|107738|613|10,638298|0||0||0|0|0|0||||||||||||
20170121_135734|107827|614|10,869565|0||0||0|0|0|0||||||||||||
20170121_135734|107922|615|10,638298|0||0||0|0|0|0||||||||||||
20170121_135734|108018|616|10,752688|0||0||0|0|0|0||||||||||||
20170121_135735|108166|617|6,711409|0||0||0|0|0|0||||||||||||
20170121_135735|108255|618|11,363636|0||0||0|0|0|0||||||||||||
