TimeStamp|Ticks|FrameNum|FPS|LogaDados|Robo|achou|trajetoria|Xd|Yd|Xa|Ya|DistMelhorPonto|velAtual|velDesejada|erroVel|SaidaControleLinear|angAtual|angDesejado|erroAng|SaidaControleAngular|SinalDeControle1|SinalDeControle2|
20170120_162407|11986|1|0,000001|0||0||0|0|0|0||||||||||||
20170120_162407|12269|2|4,081633|0||0||0|0|0|0||||||||||||
20170120_162407|12411|3|6,849315|0||0||0|0|0|0||||||||||||
20170120_162407|12562|4|7,874016|0||0||0|0|0|0||||||||||||
20170120_162407|12680|5|6,250000|0||0||0|0|0|0||||||||||||
20170120_162408|12830|6|9,433962|0||0||0|0|0|0||||||||||||
20170120_162408|12973|7|5,747126|0||0||0|0|0|0||||||||||||
20170120_162408|13104|8|8,333333|0||0||0|0|0|0||||||||||||
20170120_162408|13245|9|6,410256|0||0||0|0|0|0||||||||||||
20170120_162408|13370|10|8,064516|0||0||0|0|0|0||||||||||||
20170120_162408|13459|11|9,615385|0||0||0|0|0|0||||||||||||
20170120_162408|13554|12|10,752688|0||0||0|0|0|0||||||||||||
20170120_162408|13689|13|10,416667|0||0||0|0|0|0||||||||||||
20170120_162409|13801|14|7,692308|0||0||0|0|0|0||||||||||||
20170120_162409|13923|15|8,547009|0||0||0|0|0|0||||||||||||
20170120_162409|14025|16|8,064516|0||0||0|0|0|0||||||||||||
20170120_162409|14147|17|10,526316|0||0||0|0|0|0||||||||||||
20170120_162409|14249|18|8,547009|0||0||0|0|0|0||||||||||||
20170120_162409|14347|19|9,009009|0||0||0|0|0|0||||||||||||
20170120_162409|14440|20|10,416667|0||0||0|0|0|0||||||||||||
20170120_162409|14553|21|10,309278|0||0||0|0|0|0||||||||||||
20170120_162409|14653|22|9,090909|0||0||0|0|0|0||||||||||||
20170120_162409|14755|23|10,101010|0||0||0|0|0|0||||||||||||
20170120_162410|14854|24|9,174312|0||0||0|0|0|0||||||||||||
20170120_162410|15044|25|5,434783|0||0||0|0|0|0||||||||||||
20170120_162410|15155|26|10,204082|0||0||0|0|0|0||||||||||||
20170120_162410|15236|27|10,309278|0||0||0|0|0|0||||||||||||
20170120_162410|15405|28|7,246377|0||0||0|0|0|0||||||||||||
20170120_162410|15519|29|7,092199|0||0||0|0|0|0||||||||||||
20170120_162410|15659|30|7,194245|0||0||0|0|0|0||||||||||||
20170120_162411|15798|31|7,092199|0||0||0|0|0|0||||||||||||
20170120_162411|15961|32|7,092199|0||0||0|0|0|0||||||||||||
20170120_162411|16093|33|7,142857|0||0||0|0|0|0||||||||||||
20170120_162411|16235|34|7,092199|0||0||0|0|0|0||||||||||||
20170120_162411|16353|35|8,928571|0||0||0|0|0|0||||||||||||
20170120_162411|16454|36|8,196721|0||0||0|0|0|0||||||||||||
20170120_162411|16593|37|7,092199|0||0||0|0|0|0||||||||||||
20170120_162412|16783|38|5,917160|0||0||0|0|0|0||||||||||||
20170120_162412|16920|39|8,403361|0||0||0|0|0|0||||||||||||
20170120_162412|17019|40|8,196721|0||0||0|0|0|0||||||||||||
20170120_162412|17119|41|8,620690|0||0||0|0|0|0||||||||||||
20170120_162412|17214|42|10,989011|0||0||0|0|0|0||||||||||||
20170120_162412|17299|43|10,869565|0||0||0|0|0|0||||||||||||
20170120_162412|17405|44|10,309278|0||0||0|0|0|0||||||||||||
20170120_162412|17511|45|9,803922|0||0||0|0|0|0||||||||||||
20170120_162412|17601|46|10,101010|0||0||0|0|0|0||||||||||||
20170120_162412|17705|47|10,309278|0||0||0|0|0|0||||||||||||
20170120_162413|17834|48|9,433962|0||0||0|0|0|0||||||||||||
20170120_162413|17956|49|7,936508|0||0||0|0|0|0||||||||||||
20170120_162413|18063|50|8,264463|0||0||0|0|0|0||||||||||||
20170120_162413|18204|51|8,547009|0||0||0|0|0|0||||||||||||
20170120_162413|18329|52|7,518797|0||0||0|0|0|0||||||||||||
20170120_162413|18480|53|5,952381|0||0||0|0|0|0||||||||||||
20170120_162413|18619|54|7,042254|0||0||0|0|0|0||||||||||||
20170120_162413|18750|55|7,246377|0||0||0|0|0|0||||||||||||
20170120_162414|18914|56|7,092199|0||0||0|0|0|0||||||||||||
20170120_162414|19041|57|7,042254|0||0||0|0|0|0||||||||||||
20170120_162414|19190|58|7,194245|0||0||0|0|0|0||||||||||||
20170120_162414|19328|59|6,993007|0||0||0|0|0|0||||||||||||
20170120_162414|19458|60|7,194245|0||0||0|0|0|0||||||||||||
20170120_162414|19612|61|7,042254|0||0||0|0|0|0||||||||||||
20170120_162414|19752|62|7,194245|0||0||0|0|0|0||||||||||||
20170120_162415|19892|63|7,042254|0||0||0|0|0|0||||||||||||
20170120_162415|20016|64|7,142857|0||0||0|0|0|0||||||||||||
20170120_162415|20166|65|7,092199|0||0||0|0|0|0||||||||||||
20170120_162415|20313|66|7,092199|0||0||0|0|0|0||||||||||||
20170120_162415|20454|67|7,194245|0||0||0|0|0|0||||||||||||
20170120_162415|20577|68|7,042254|0||0||0|0|0|0||||||||||||
20170120_162415|20733|69|7,142857|0||0||0|0|0|0||||||||||||
20170120_162416|20848|70|8,849558|0||0||0|0|0|0||||||||||||
20170120_162416|20954|71|8,196721|0||0||0|0|0|0||||||||||||
20170120_162416|21111|72|7,194245|0||0||0|0|0|0||||||||||||
20170120_162416|21248|73|7,042254|0||0||0|0|0|0||||||||||||
20170120_162416|21346|74|10,416667|0||0||0|0|0|0||||||||||||
20170120_162416|21483|75|7,194245|0||0||0|0|0|0||||||||||||
20170120_162416|21646|76|6,622517|0||0||0|0|0|0||||||||||||
20170120_162416|21752|77|7,692308|0||0||0|0|0|0||||||||||||
20170120_162417|21903|78|7,142857|0||0||0|0|0|0||||||||||||
20170120_162417|22033|79|7,092199|0||0||0|0|0|0||||||||||||
20170120_162417|22217|80|7,092199|0||0||0|0|0|0||||||||||||
20170120_162417|22342|81|7,092199|0||0||0|0|0|0||||||||||||
20170120_162417|22469|82|6,993007|0||0||0|0|0|0||||||||||||
20170120_162417|22610|83|7,299270|0||0||0|0|0|0||||||||||||
20170120_162418|22779|84|6,622517|0||0||0|0|0|0||||||||||||
20170120_162418|22953|85|5,617978|0||0||0|0|0|0||||||||||||
20170120_162418|23206|86|5,319149|0||0||0|0|0|0||||||||||||
20170120_162418|23355|87|4,291845|0||0||0|0|0|0||||||||||||
20170120_162418|23522|88|6,896552|0||0||0|0|0|0||||||||||||
20170120_162418|23729|89|5,208333|0||0||0|0|0|0||||||||||||
20170120_162419|23948|90|4,237288|0||0||0|0|0|0||||||||||||
20170120_162419|24109|91|5,263158|0||0||0|0|0|0||||||||||||
20170120_162419|24250|92|7,518797|0||0||0|0|0|0||||||||||||
20170120_162419|24403|93|7,299270|0||0||0|0|0|0||||||||||||
20170120_162419|24535|94|7,142857|0||0||0|0|0|0||||||||||||
20170120_162419|24664|95|7,194245|0||0||0|0|0|0||||||||||||
20170120_162419|24758|96|10,638298|0||0||0|0|0|0||||||||||||
20170120_162420|24918|97|6,993007|0||0||0|0|0|0||||||||||||
20170120_162420|25034|98|7,194245|0||0||0|0|0|0||||||||||||
20170120_162420|25141|99|10,416667|0||0||0|0|0|0||||||||||||
20170120_162420|25274|100|7,352941|0||0||0|0|0|0||||||||||||
20170120_162420|25459|101|6,535948|0||0||0|0|0|0||||||||||||
20170120_162420|25618|102|5,555556|0||0||0|0|0|0||||||||||||
20170120_162420|25743|103|7,092199|0||0||0|0|0|0||||||||||||
20170120_162421|25907|104|7,246377|0||0||0|0|0|0||||||||||||
20170120_162421|26029|105|7,092199|0||0||0|0|0|0||||||||||||
20170120_162421|26166|106|7,142857|0||0||0|0|0|0||||||||||||
20170120_162421|26289|107|10,526316|0||0||0|0|0|0||||||||||||
20170120_162421|26431|108|6,289308|0||0||0|0|0|0||||||||||||
20170120_162421|26548|109|8,264463|0||0||0|0|0|0||||||||||||
20170120_162421|26710|110|6,578947|0||0||0|0|0|0||||||||||||
20170120_162422|26904|111|4,464286|0||0||0|0|0|0||||||||||||
20170120_162422|27014|112|10,638298|0||0||0|0|0|0||||||||||||
20170120_162422|27144|113|7,142857|0||0||0|0|0|0||||||||||||
20170120_162422|27324|114|7,194245|0||0||0|0|0|0||||||||||||
20170120_162422|27572|115|4,065041|0||0||0|0|0|0||||||||||||
20170120_162423|27792|116|4,366812|0||0||0|0|0|0||||||||||||
20170120_162423|27960|117|5,291005|0||0||0|0|0|0||||||||||||
20170120_162423|28146|118|6,993007|0||0||0|0|0|0||||||||||||
20170120_162423|28324|119|4,347826|0||0||0|0|0|0||||||||||||
20170120_162423|28491|120|7,299270|0||0||0|0|0|0||||||||||||
20170120_162423|28665|121|5,319149|0||0||0|0|0|0||||||||||||
20170120_162424|28795|122|7,194245|0||0||0|0|0|0||||||||||||
20170120_162424|28939|123|7,042254|0||0||0|0|0|0||||||||||||
20170120_162424|29076|124|7,092199|0||0||0|0|0|0||||||||||||
20170120_162424|29229|125|7,142857|0||0||0|0|0|0||||||||||||
20170120_162424|29375|126|7,194245|0||0||0|0|0|0||||||||||||
20170120_162424|29510|127|6,944444|0||0||0|0|0|0||||||||||||
20170120_162424|29706|128|5,434783|0||0||0|0|0|0||||||||||||
20170120_162425|29849|129|7,092199|0||0||0|0|0|0||||||||||||
20170120_162425|29992|130|6,993007|0||0||0|0|0|0||||||||||||
20170120_162425|30136|131|7,042254|0||0||0|0|0|0||||||||||||
20170120_162425|30314|132|5,434783|0||0||0|0|0|0||||||||||||
20170120_162425|30414|133|7,042254|0||0||0|0|0|0||||||||||||
20170120_162425|30511|134|10,638298|0||0||0|0|0|0||||||||||||
20170120_162425|30630|135|10,869565|0||0||0|0|0|0||||||||||||
20170120_162425|30754|136|6,849315|0||0||0|0|0|0||||||||||||
20170120_162426|30890|137|7,407407|0||0||0|0|0|0||||||||||||
20170120_162426|31042|138|7,092199|0||0||0|0|0|0||||||||||||
20170120_162426|31169|139|7,042254|0||0||0|0|0|0||||||||||||
20170120_162426|31268|140|10,638298|0||0||0|0|0|0||||||||||||
20170120_162426|31408|141|7,042254|0||0||0|0|0|0||||||||||||
20170120_162426|31560|142|7,042254|0||0||0|0|0|0||||||||||||
20170120_162426|31691|143|7,194245|0||0||0|0|0|0||||||||||||
20170120_162427|31858|144|6,944444|0||0||0|0|0|0||||||||||||
20170120_162427|31975|145|7,352941|0||0||0|0|0|0||||||||||||
20170120_162427|32105|146|7,142857|0||0||0|0|0|0||||||||||||
20170120_162427|32201|147|10,526316|0||0||0|0|0|0||||||||||||
20170120_162427|32361|148|7,246377|0||0||0|0|0|0||||||||||||
20170120_162427|32494|149|7,092199|0||0||0|0|0|0||||||||||||
20170120_162427|32575|150|10,638298|0||0||0|0|0|0||||||||||||
20170120_162427|32693|151|10,204082|0||0||0|0|0|0||||||||||||
20170120_162428|32812|152|7,299270|0||0||0|0|0|0||||||||||||
20170120_162428|32957|153|7,092199|0||0||0|0|0|0||||||||||||
20170120_162428|33092|154|7,142857|0||0||0|0|0|0||||||||||||
20170120_162428|33227|155|7,042254|0||0||0|0|0|0||||||||||||
20170120_162428|33376|156|7,142857|0||0||0|0|0|0||||||||||||
20170120_162428|33507|157|7,194245|0||0||0|0|0|0||||||||||||
20170120_162428|33604|158|10,638298|0||0||0|0|0|0||||||||||||
20170120_162428|33724|159|10,204082|0||0||0|0|0|0||||||||||||
20170120_162429|33839|160|7,407407|0||0||0|0|0|0||||||||||||
20170120_162429|33936|161|10,101010|0||0||0|0|0|0||||||||||||
20170120_162429|34076|162|7,407407|0||0||0|0|0|0||||||||||||
20170120_162429|34217|163|7,092199|0||0||0|0|0|0||||||||||||
20170120_162429|34327|164|10,309278|0||0||0|0|0|0||||||||||||
20170120_162429|34454|165|7,092199|0||0||0|0|0|0||||||||||||
20170120_162429|34599|166|7,246377|0||0||0|0|0|0||||||||||||
20170120_162429|34734|167|7,042254|0||0||0|0|0|0||||||||||||
20170120_162430|34867|168|7,194245|0||0||0|0|0|0||||||||||||
20170120_162430|34961|169|10,526316|0||0||0|0|0|0||||||||||||
20170120_162430|35069|170|10,526316|0||0||0|0|0|0||||||||||||
20170120_162430|35207|171|7,092199|0||0||0|0|0|0||||||||||||
20170120_162430|35349|172|7,246377|0||0||0|0|0|0||||||||||||
20170120_162430|35484|173|7,142857|0||0||0|0|0|0||||||||||||
20170120_162430|35591|174|10,309278|0||0||0|0|0|0||||||||||||
20170120_162430|35719|175|6,993007|0||0||0|0|0|0||||||||||||
20170120_162431|35814|176|10,869565|0||0||0|0|0|0||||||||||||
20170120_162431|35946|177|7,194245|0||0||0|0|0|0||||||||||||
20170120_162431|36060|178|10,416667|0||0||0|0|0|0||||||||||||
20170120_162431|36182|179|7,299270|0||0||0|0|0|0||||||||||||
20170120_162431|36282|180|10,309278|0||0||0|0|0|0||||||||||||
20170120_162431|36373|181|10,752688|0||0||0|0|0|0||||||||||||
20170120_162431|36490|182|10,752688|0||0||0|0|0|0||||||||||||
20170120_162431|36600|183|7,142857|0||0||0|0|0|0||||||||||||
20170120_162431|36712|184|10,416667|0||0||0|0|0|0||||||||||||
20170120_162432|36797|185|10,989011|0||0||0|0|0|0||||||||||||
20170120_162432|36935|186|7,142857|0||0||0|0|0|0||||||||||||
20170120_162432|37027|187|10,526316|0||0||0|0|0|0||||||||||||
20170120_162432|37124|188|10,638298|0||0||0|0|0|0||||||||||||
20170120_162432|37218|189|10,638298|0||0||0|0|0|0||||||||||||
20170120_162432|37369|190|7,142857|0||0||0|0|0|0||||||||||||
20170120_162432|37453|191|10,869565|0||0||0|0|0|0||||||||||||
20170120_162432|37588|192|6,993007|0||0||0|0|0|0||||||||||||
20170120_162432|37681|193|10,752688|0||0||0|0|0|0||||||||||||
20170120_162433|37789|194|10,638298|0||0||0|0|0|0||||||||||||
20170120_162433|37938|195|7,142857|0||0||0|0|0|0||||||||||||
20170120_162433|38063|196|7,092199|0||0||0|0|0|0||||||||||||
20170120_162433|38195|197|7,092199|0||0||0|0|0|0||||||||||||
20170120_162433|38294|198|10,752688|0||0||0|0|0|0||||||||||||
20170120_162433|38399|199|10,638298|0||0||0|0|0|0||||||||||||
20170120_162433|38524|200|7,194245|0||0||0|0|0|0||||||||||||
20170120_162433|38645|201|10,000000|0||0||0|0|0|0||||||||||||
20170120_162434|38779|202|7,299270|0||0||0|0|0|0||||||||||||
20170120_162434|38853|203|10,526316|0||0||0|0|0|0||||||||||||
20170120_162434|38949|204|10,989011|0||0||0|0|0|0||||||||||||
20170120_162434|39048|205|10,638298|0||0||0|0|0|0||||||||||||
20170120_162434|39190|206|7,194245|0||0||0|0|0|0||||||||||||
20170120_162434|39322|207|10,000000|0||0||0|0|0|0||||||||||||
20170120_162434|39430|208|6,666667|0||0||0|0|0|0||||||||||||
20170120_162434|39518|209|12,500000|0||0||0|0|0|0||||||||||||
20170120_162434|39609|210|10,309278|0||0||0|0|0|0||||||||||||
20170120_162434|39697|211|10,989011|0||0||0|0|0|0||||||||||||
20170120_162435|39787|212|10,752688|0||0||0|0|0|0||||||||||||
20170120_162435|39883|213|10,752688|0||0||0|0|0|0||||||||||||
20170120_162435|39981|214|10,638298|0||0||0|0|0|0||||||||||||
20170120_162435|40118|215|6,993007|0||0||0|0|0|0||||||||||||
20170120_162435|40216|216|10,638298|0||0||0|0|0|0||||||||||||
20170120_162435|40321|217|10,638298|0||0||0|0|0|0||||||||||||
20170120_162435|40443|218|7,299270|0||0||0|0|0|0||||||||||||
20170120_162435|40540|219|10,416667|0||0||0|0|0|0||||||||||||
20170120_162435|40633|220|10,989011|0||0||0|0|0|0||||||||||||
20170120_162435|40743|221|10,526316|0||0||0|0|0|0||||||||||||
20170120_162436|40823|222|10,526316|0||0||0|0|0|0||||||||||||
20170120_162436|40919|223|10,752688|0||0||0|0|0|0||||||||||||
20170120_162436|41058|224|7,142857|0||0||0|0|0|0||||||||||||
20170120_162436|41159|225|10,526316|0||0||0|0|0|0||||||||||||
20170120_162436|41300|226|7,246377|0||0||0|0|0|0||||||||||||
20170120_162436|41387|227|10,638298|0||0||0|0|0|0||||||||||||
20170120_162436|41497|228|10,526316|0||0||0|0|0|0||||||||||||
20170120_162436|41621|229|7,042254|0||0||0|0|0|0||||||||||||
20170120_162436|41732|230|10,869565|0||0||0|0|0|0||||||||||||
20170120_162437|41852|231|7,092199|0||0||0|0|0|0||||||||||||
20170120_162437|41948|232|10,638298|0||0||0|0|0|0||||||||||||
20170120_162437|42049|233|10,638298|0||0||0|0|0|0||||||||||||
20170120_162437|42180|234|7,142857|0||0||0|0|0|0||||||||||||
20170120_162437|42271|235|10,752688|0||0||0|0|0|0||||||||||||
20170120_162437|42370|236|10,416667|0||0||0|0|0|0||||||||||||
20170120_162437|42458|237|10,989011|0||0||0|0|0|0||||||||||||
20170120_162437|42583|238|10,309278|0||0||0|0|0|0||||||||||||
20170120_162437|42716|239|7,246377|0||0||0|0|0|0||||||||||||
20170120_162438|42805|240|10,526316|0||0||0|0|0|0||||||||||||
20170120_162438|42939|241|7,194245|0||0||0|0|0|0||||||||||||
20170120_162438|43089|242|7,042254|0||0||0|0|0|0||||||||||||
20170120_162438|43212|243|7,142857|0||0||0|0|0|0||||||||||||
20170120_162438|43324|244|10,526316|0||0||0|0|0|0||||||||||||
20170120_162438|43449|245|7,194245|0||0||0|0|0|0||||||||||||
20170120_162438|43544|246|10,416667|0||0||0|0|0|0||||||||||||
20170120_162438|43684|247|7,246377|0||0||0|0|0|0||||||||||||
20170120_162438|43774|248|10,416667|0||0||0|0|0|0||||||||||||
20170120_162439|43867|249|10,869565|0||0||0|0|0|0||||||||||||
20170120_162439|43959|250|10,752688|0||0||0|0|0|0||||||||||||
20170120_162439|44055|251|10,526316|0||0||0|0|0|0||||||||||||
20170120_162439|44156|252|10,638298|0||0||0|0|0|0||||||||||||
20170120_162439|44246|253|10,638298|0||0||0|0|0|0||||||||||||
20170120_162439|44389|254|7,092199|0||0||0|0|0|0||||||||||||
20170120_162439|44487|255|10,869565|0||0||0|0|0|0||||||||||||
20170120_162439|44578|256|10,638298|0||0||0|0|0|0||||||||||||
20170120_162439|44726|257|7,042254|0||0||0|0|0|0||||||||||||
20170120_162440|44848|258|7,142857|0||0||0|0|0|0||||||||||||
20170120_162440|44968|259|10,526316|0||0||0|0|0|0||||||||||||
20170120_162440|45092|260|7,246377|0||0||0|0|0|0||||||||||||
20170120_162440|45177|261|10,638298|0||0||0|0|0|0||||||||||||
20170120_162440|45273|262|10,416667|0||0||0|0|0|0||||||||||||
20170120_162440|45376|263|10,638298|0||0||0|0|0|0||||||||||||
20170120_162440|45464|264|10,869565|0||0||0|0|0|0||||||||||||
20170120_162440|45557|265|10,638298|0||0||0|0|0|0||||||||||||
20170120_162440|45653|266|10,752688|0||0||0|0|0|0||||||||||||
20170120_162440|45748|267|10,526316|0||0||0|0|0|0||||||||||||
20170120_162441|45838|268|10,752688|0||0||0|0|0|0||||||||||||
20170120_162441|45936|269|10,638298|0||0||0|0|0|0||||||||||||
20170120_162441|46073|270|7,092199|0||0||0|0|0|0||||||||||||
20170120_162441|46230|271|7,246377|0||0||0|0|0|0||||||||||||
20170120_162441|46331|272|10,204082|0||0||0|0|0|0||||||||||||
20170120_162441|46448|273|7,194245|0||0||0|0|0|0||||||||||||
20170120_162441|46551|274|10,526316|0||0||0|0|0|0||||||||||||
20170120_162441|46687|275|7,299270|0||0||0|0|0|0||||||||||||
20170120_162442|46828|276|7,042254|0||0||0|0|0|0||||||||||||
20170120_162442|46915|277|10,526316|0||0||0|0|0|0||||||||||||
20170120_162442|47006|278|10,869565|0||0||0|0|0|0||||||||||||
20170120_162442|47106|279|10,416667|0||0||0|0|0|0||||||||||||
20170120_162442|47205|280|10,752688|0||0||0|0|0|0||||||||||||
20170120_162442|47343|281|7,092199|0||0||0|0|0|0||||||||||||
20170120_162442|47489|282|7,142857|0||0||0|0|0|0||||||||||||
20170120_162442|47627|283|7,092199|0||0||0|0|0|0||||||||||||
20170120_162442|47769|284|7,092199|0||0||0|0|0|0||||||||||||
20170120_162443|47898|285|7,142857|0||0||0|0|0|0||||||||||||
20170120_162443|48000|286|10,752688|0||0||0|0|0|0||||||||||||
20170120_162443|48090|287|10,638298|0||0||0|0|0|0||||||||||||
20170120_162443|48186|288|10,638298|0||0||0|0|0|0||||||||||||
20170120_162443|48294|289|10,752688|0||0||0|0|0|0||||||||||||
20170120_162443|48434|290|7,042254|0||0||0|0|0|0||||||||||||
20170120_162443|48556|291|7,246377|0||0||0|0|0|0||||||||||||
20170120_162443|48650|292|10,526316|0||0||0|0|0|0||||||||||||
20170120_162443|48744|293|10,638298|0||0||0|0|0|0||||||||||||
20170120_162444|48845|294|10,526316|0||0||0|0|0|0||||||||||||
20170120_162444|48946|295|10,869565|0||0||0|0|0|0||||||||||||
20170120_162444|49031|296|10,416667|0||0||0|0|0|0||||||||||||
20170120_162444|49167|297|7,142857|0||0||0|0|0|0||||||||||||
20170120_162444|49295|298|10,526316|0||0||0|0|0|0||||||||||||
20170120_162444|49423|299|7,142857|0||0||0|0|0|0||||||||||||
20170120_162444|49542|300|7,142857|0||0||0|0|0|0||||||||||||
20170120_162444|49654|301|10,638298|0||0||0|0|0|0||||||||||||
20170120_162445|49792|302|7,246377|0||0||0|0|0|0||||||||||||
20170120_162445|49879|303|10,309278|0||0||0|0|0|0||||||||||||
20170120_162445|49976|304|10,752688|0||0||0|0|0|0||||||||||||
20170120_162445|50055|305|10,752688|0||0||0|0|0|0||||||||||||
20170120_162445|50155|306|10,638298|0||0||0|0|0|0||||||||||||
20170120_162445|50251|307|10,638298|0||0||0|0|0|0||||||||||||
20170120_162445|50395|308|7,092199|0||0||0|0|0|0||||||||||||
20170120_162445|50497|309|10,869565|0||0||0|0|0|0||||||||||||
20170120_162445|50568|310|10,416667|0||0||0|0|0|0||||||||||||
20170120_162445|50688|311|10,638298|0||0||0|0|0|0||||||||||||
20170120_162446|50807|312|7,194245|0||0||0|0|0|0||||||||||||
20170120_162446|50909|313|10,752688|0||0||0|0|0|0||||||||||||
20170120_162446|51043|314|7,042254|0||0||0|0|0|0||||||||||||
20170120_162446|51134|315|10,752688|0||0||0|0|0|0||||||||||||
20170120_162446|51229|316|10,638298|0||0||0|0|0|0||||||||||||
20170120_162446|51349|317|10,752688|0||0||0|0|0|0||||||||||||
20170120_162446|51509|318|6,896552|0||0||0|0|0|0||||||||||||
20170120_162446|51653|319|5,405405|0||0||0|0|0|0||||||||||||
20170120_162446|51764|320|10,752688|0||0||0|0|0|0||||||||||||
20170120_162447|51882|321|7,042254|0||0||0|0|0|0||||||||||||
20170120_162447|51982|322|10,638298|0||0||0|0|0|0||||||||||||
20170120_162447|52074|323|10,752688|0||0||0|0|0|0||||||||||||
20170120_162447|52173|324|10,752688|0||0||0|0|0|0||||||||||||
20170120_162447|52272|325|10,752688|0||0||0|0|0|0||||||||||||
20170120_162447|52350|326|10,638298|0||0||0|0|0|0||||||||||||
20170120_162447|52448|327|10,752688|0||0||0|0|0|0||||||||||||
20170120_162447|52539|328|10,526316|0||0||0|0|0|0||||||||||||
20170120_162447|52641|329|10,638298|0||0||0|0|0|0||||||||||||
20170120_162447|52773|330|7,194245|0||0||0|0|0|0||||||||||||
20170120_162448|52870|331|10,416667|0||0||0|0|0|0||||||||||||
20170120_162448|52967|332|10,869565|0||0||0|0|0|0||||||||||||
20170120_162448|53057|333|10,526316|0||0||0|0|0|0||||||||||||
20170120_162448|53151|334|10,752688|0||0||0|0|0|0||||||||||||
20170120_162448|53245|335|10,638298|0||0||0|0|0|0||||||||||||
20170120_162448|53341|336|10,526316|0||0||0|0|0|0||||||||||||
20170120_162448|53431|337|10,752688|0||0||0|0|0|0||||||||||||
20170120_162448|53526|338|10,869565|0||0||0|0|0|0||||||||||||
20170120_162448|53623|339|10,416667|0||0||0|0|0|0||||||||||||
20170120_162448|53715|340|10,869565|0||0||0|0|0|0||||||||||||
20170120_162449|53807|341|10,638298|0||0||0|0|0|0||||||||||||
20170120_162449|53899|342|10,526316|0||0||0|0|0|0||||||||||||
20170120_162449|54006|343|10,869565|0||0||0|0|0|0||||||||||||
20170120_162449|54089|344|10,526316|0||0||0|0|0|0||||||||||||
20170120_162449|54193|345|10,752688|0||0||0|0|0|0||||||||||||
20170120_162449|54275|346|10,752688|0||0||0|0|0|0||||||||||||
20170120_162449|54381|347|10,000000|0||0||0|0|0|0||||||||||||
20170120_162449|54460|348|11,111111|0||0||0|0|0|0||||||||||||
20170120_162449|54560|349|10,638298|0||0||0|0|0|0||||||||||||
20170120_162449|54652|350|10,752688|0||0||0|0|0|0||||||||||||
20170120_162449|54750|351|10,989011|0||0||0|0|0|0||||||||||||
20170120_162450|54836|352|10,638298|0||0||0|0|0|0||||||||||||
20170120_162450|54928|353|10,309278|0||0||0|0|0|0||||||||||||
20170120_162450|55025|354|10,869565|0||0||0|0|0|0||||||||||||
20170120_162450|55121|355|10,526316|0||0||0|0|0|0||||||||||||
20170120_162450|55222|356|10,526316|0||0||0|0|0|0||||||||||||
20170120_162450|55349|357|7,299270|0||0||0|0|0|0||||||||||||
20170120_162450|55444|358|10,526316|0||0||0|0|0|0||||||||||||
20170120_162450|55558|359|10,752688|0||0||0|0|0|0||||||||||||
20170120_162450|55682|360|7,142857|0||0||0|0|0|0||||||||||||
20170120_162451|55780|361|10,309278|0||0||0|0|0|0||||||||||||
20170120_162451|55876|362|10,638298|0||0||0|0|0|0||||||||||||
20170120_162451|56014|363|7,194245|0||0||0|0|0|0||||||||||||
20170120_162451|56148|364|7,142857|0||0||0|0|0|0||||||||||||
20170120_162451|56244|365|10,752688|0||0||0|0|0|0||||||||||||
20170120_162451|56344|366|10,638298|0||0||0|0|0|0||||||||||||
20170120_162451|56489|367|6,993007|0||0||0|0|0|0||||||||||||
20170120_162451|56581|368|10,752688|0||0||0|0|0|0||||||||||||
20170120_162451|56670|369|10,638298|0||0||0|0|0|0||||||||||||
20170120_162451|56771|370|10,869565|0||0||0|0|0|0||||||||||||
20170120_162452|56896|371|7,142857|0||0||0|0|0|0||||||||||||
20170120_162452|56990|372|10,526316|0||0||0|0|0|0||||||||||||
20170120_162452|57085|373|10,869565|0||0||0|0|0|0||||||||||||
20170120_162452|57183|374|10,309278|0||0||0|0|0|0||||||||||||
20170120_162452|57282|375|10,869565|0||0||0|0|0|0||||||||||||
20170120_162452|57378|376|10,638298|0||0||0|0|0|0||||||||||||
20170120_162452|57470|377|10,638298|0||0||0|0|0|0||||||||||||
20170120_162452|57604|378|7,246377|0||0||0|0|0|0||||||||||||
20170120_162452|57704|379|10,000000|0||0||0|0|0|0||||||||||||
20170120_162453|57836|380|7,352941|0||0||0|0|0|0||||||||||||
20170120_162453|57932|381|10,752688|0||0||0|0|0|0||||||||||||
20170120_162453|58023|382|10,638298|0||0||0|0|0|0||||||||||||
20170120_162453|58120|383|10,526316|0||0||0|0|0|0||||||||||||
20170120_162453|58215|384|10,638298|0||0||0|0|0|0||||||||||||
20170120_162453|58311|385|10,869565|0||0||0|0|0|0||||||||||||
20170120_162453|58443|386|6,993007|0||0||0|0|0|0||||||||||||
20170120_162453|58546|387|10,752688|0||0||0|0|0|0||||||||||||
20170120_162453|58633|388|10,752688|0||0||0|0|0|0||||||||||||
20170120_162453|58738|389|10,416667|0||0||0|0|0|0||||||||||||
20170120_162454|58824|390|10,989011|0||0||0|0|0|0||||||||||||
20170120_162454|58914|391|10,638298|0||0||0|0|0|0||||||||||||
20170120_162454|59010|392|10,526316|0||0||0|0|0|0||||||||||||
20170120_162454|59101|393|10,869565|0||0||0|0|0|0||||||||||||
20170120_162454|59200|394|10,638298|0||0||0|0|0|0||||||||||||
20170120_162454|59299|395|10,638298|0||0||0|0|0|0||||||||||||
20170120_162454|59431|396|7,092199|0||0||0|0|0|0||||||||||||
20170120_162454|59543|397|10,204082|0||0||0|0|0|0||||||||||||
20170120_162454|59664|398|7,299270|0||0||0|0|0|0||||||||||||
20170120_162454|59765|399|10,638298|0||0||0|0|0|0||||||||||||
20170120_162455|59854|400|10,869565|0||0||0|0|0|0||||||||||||
20170120_162455|59944|401|10,526316|0||0||0|0|0|0||||||||||||
20170120_162455|60040|402|10,752688|0||0||0|0|0|0||||||||||||
20170120_162455|60133|403|10,526316|0||0||0|0|0|0||||||||||||
20170120_162455|60234|404|10,526316|0||0||0|0|0|0||||||||||||
20170120_162455|60330|405|10,752688|0||0||0|0|0|0||||||||||||
20170120_162455|60413|406|10,752688|0||0||0|0|0|0||||||||||||
20170120_162455|60508|407|10,752688|0||0||0|0|0|0||||||||||||
20170120_162455|60598|408|10,752688|0||0||0|0|0|0||||||||||||
20170120_162455|60694|409|10,416667|0||0||0|0|0|0||||||||||||
20170120_162456|60789|410|10,752688|0||0||0|0|0|0||||||||||||
20170120_162456|60882|411|10,752688|0||0||0|0|0|0||||||||||||
20170120_162456|60978|412|10,526316|0||0||0|0|0|0||||||||||||
20170120_162456|61068|413|10,869565|0||0||0|0|0|0||||||||||||
20170120_162456|61161|414|10,526316|0||0||0|0|0|0||||||||||||
20170120_162456|61254|415|10,752688|0||0||0|0|0|0||||||||||||
20170120_162456|61352|416|10,752688|0||0||0|0|0|0||||||||||||
20170120_162456|61447|417|10,526316|0||0||0|0|0|0||||||||||||
20170120_162456|61543|418|10,309278|0||0||0|0|0|0||||||||||||
20170120_162456|61680|419|7,352941|0||0||0|0|0|0||||||||||||
20170120_162456|61773|420|10,526316|0||0||0|0|0|0||||||||||||
20170120_162457|61869|421|10,526316|0||0||0|0|0|0||||||||||||
20170120_162457|62010|422|7,092199|0||0||0|0|0|0||||||||||||
20170120_162457|62106|423|10,416667|0||0||0|0|0|0||||||||||||
20170120_162457|62245|424|7,407407|0||0||0|0|0|0||||||||||||
20170120_162457|62337|425|10,309278|0||0||0|0|0|0||||||||||||
20170120_162457|62433|426|10,638298|0||0||0|0|0|0||||||||||||
20170120_162457|62522|427|10,869565|0||0||0|0|0|0||||||||||||
20170120_162457|62626|428|10,416667|0||0||0|0|0|0||||||||||||
20170120_162457|62758|429|7,142857|0||0||0|0|0|0||||||||||||
20170120_162458|62857|430|10,989011|0||0||0|0|0|0||||||||||||
20170120_162458|62991|431|7,092199|0||0||0|0|0|0||||||||||||
20170120_162458|63089|432|10,526316|0||0||0|0|0|0||||||||||||
20170120_162458|63230|433|7,042254|0||0||0|0|0|0||||||||||||
20170120_162458|63335|434|10,638298|0||0||0|0|0|0||||||||||||
20170120_162458|63464|435|7,092199|0||0||0|0|0|0||||||||||||
20170120_162458|63586|436|9,259259|0||0||0|0|0|0||||||||||||
20170120_162458|63707|437|7,194245|0||0||0|0|0|0||||||||||||
20170120_162459|63856|438|6,993007|0||0||0|0|0|0||||||||||||
20170120_162459|63996|439|7,092199|0||0||0|0|0|0||||||||||||
20170120_162459|64137|440|7,246377|0||0||0|0|0|0||||||||||||
20170120_162459|64279|441|6,993007|0||0||0|0|0|0||||||||||||
20170120_162459|64430|442|6,944444|0||0||0|0|0|0||||||||||||
20170120_162459|64562|443|7,246377|0||0||0|0|0|0||||||||||||
20170120_162459|64750|444|5,347594|0||0||0|0|0|0||||||||||||
20170120_162500|64904|445|6,711409|0||0||0|0|0|0||||||||||||
20170120_162500|65033|446|7,575758|0||0||0|0|0|0||||||||||||
20170120_162500|65165|447|7,194245|0||0||0|0|0|0||||||||||||
20170120_162500|65264|448|10,416667|0||0||0|0|0|0||||||||||||
20170120_162500|65397|449|7,299270|0||0||0|0|0|0||||||||||||
20170120_162500|65491|450|10,416667|0||0||0|0|0|0||||||||||||
20170120_162500|65632|451|7,246377|0||0||0|0|0|0||||||||||||
20170120_162500|65734|452|10,309278|0||0||0|0|0|0||||||||||||
20170120_162501|65870|453|7,142857|0||0||0|0|0|0||||||||||||
20170120_162501|65962|454|10,869565|0||0||0|0|0|0||||||||||||
20170120_162501|66058|455|10,309278|0||0||0|0|0|0||||||||||||
20170120_162501|66151|456|11,111111|0||0||0|0|0|0||||||||||||
20170120_162501|66249|457|10,309278|0||0||0|0|0|0||||||||||||
20170120_162501|66385|458|7,246377|0||0||0|0|0|0||||||||||||
20170120_162501|66521|459|7,042254|0||0||0|0|0|0||||||||||||
20170120_162501|66622|460|10,416667|0||0||0|0|0|0||||||||||||
20170120_162501|66762|461|7,194245|0||0||0|0|0|0||||||||||||
20170120_162502|66996|462|6,993007|0||0||0|0|0|0||||||||||||
20170120_162502|67214|463|3,322259|0||0||0|0|0|0||||||||||||
20170120_162502|67365|464|7,407407|0||0||0|0|0|0||||||||||||
20170120_162502|67522|465|6,250000|0||0||0|0|0|0||||||||||||
20170120_162502|67637|466|8,000000|0||0||0|0|0|0||||||||||||
20170120_162502|67768|467|8,130081|0||0||0|0|0|0||||||||||||
20170120_162503|67885|468|7,194245|0||0||0|0|0|0||||||||||||
20170120_162503|67980|469|10,869565|0||0||0|0|0|0||||||||||||
20170120_162503|68069|470|10,638298|0||0||0|0|0|0||||||||||||
20170120_162503|68163|471|10,869565|0||0||0|0|0|0||||||||||||
20170120_162503|68259|472|10,526316|0||0||0|0|0|0||||||||||||
20170120_162503|68358|473|10,752688|0||0||0|0|0|0||||||||||||
20170120_162503|68443|474|10,638298|0||0||0|0|0|0||||||||||||
20170120_162503|68538|475|10,638298|0||0||0|0|0|0||||||||||||
20170120_162503|68632|476|10,416667|0||0||0|0|0|0||||||||||||
20170120_162503|68728|477|10,752688|0||0||0|0|0|0||||||||||||
20170120_162504|68820|478|10,989011|0||0||0|0|0|0||||||||||||
20170120_162504|68921|479|10,000000|0||0||0|0|0|0||||||||||||
20170120_162504|69051|480|7,299270|0||0||0|0|0|0||||||||||||
20170120_162504|69146|481|10,989011|0||0||0|0|0|0||||||||||||
20170120_162504|69250|482|10,526316|0||0||0|0|0|0||||||||||||
20170120_162504|69381|483|7,092199|0||0||0|0|0|0||||||||||||
20170120_162504|69477|484|10,752688|0||0||0|0|0|0||||||||||||
20170120_162504|69573|485|10,638298|0||0||0|0|0|0||||||||||||
20170120_162504|69662|486|10,526316|0||0||0|0|0|0||||||||||||
20170120_162504|69758|487|10,752688|0||0||0|0|0|0||||||||||||
20170120_162505|69849|488|10,869565|0||0||0|0|0|0||||||||||||
20170120_162505|69948|489|10,309278|0||0||0|0|0|0||||||||||||
20170120_162505|70037|490|10,752688|0||0||0|0|0|0||||||||||||
20170120_162505|70135|491|10,752688|0||0||0|0|0|0||||||||||||
20170120_162505|70225|492|10,869565|0||0||0|0|0|0||||||||||||
20170120_162505|70321|493|10,309278|0||0||0|0|0|0||||||||||||
20170120_162505|70412|494|10,869565|0||0||0|0|0|0||||||||||||
20170120_162505|70509|495|10,638298|0||0||0|0|0|0||||||||||||
20170120_162505|70599|496|10,752688|0||0||0|0|0|0||||||||||||
20170120_162505|70697|497|10,416667|0||0||0|0|0|0||||||||||||
20170120_162506|70791|498|10,752688|0||0||0|0|0|0||||||||||||
20170120_162506|70883|499|10,989011|0||0||0|0|0|0||||||||||||
20170120_162506|70975|500|10,526316|0||0||0|0|0|0||||||||||||
20170120_162506|71071|501|10,752688|0||0||0|0|0|0||||||||||||
20170120_162506|71167|502|10,526316|0||0||0|0|0|0||||||||||||
20170120_162506|71257|503|10,752688|0||0||0|0|0|0||||||||||||
20170120_162506|71352|504|10,526316|0||0||0|0|0|0||||||||||||
20170120_162506|71442|505|10,869565|0||0||0|0|0|0||||||||||||
20170120_162506|71540|506|10,526316|0||0||0|0|0|0||||||||||||
20170120_162506|71632|507|10,526316|0||0||0|0|0|0||||||||||||
20170120_162506|71730|508|10,869565|0||0||0|0|0|0||||||||||||
20170120_162507|71831|509|10,526316|0||0||0|0|0|0||||||||||||
20170120_162507|71961|510|7,194245|0||0||0|0|0|0||||||||||||
20170120_162507|72069|511|9,615385|0||0||0|0|0|0||||||||||||
20170120_162507|72200|512|7,692308|0||0||0|0|0|0||||||||||||
20170120_162507|72336|513|7,042254|0||0||0|0|0|0||||||||||||
20170120_162507|72431|514|10,752688|0||0||0|0|0|0||||||||||||
20170120_162507|72533|515|10,309278|0||0||0|0|0|0||||||||||||
20170120_162507|72665|516|7,194245|0||0||0|0|0|0||||||||||||
20170120_162507|72759|517|10,638298|0||0||0|0|0|0||||||||||||
20170120_162508|72855|518|10,752688|0||0||0|0|0|0||||||||||||
20170120_162508|72997|519|7,142857|0||0||0|0|0|0||||||||||||
20170120_162508|73090|520|10,526316|0||0||0|0|0|0||||||||||||
20170120_162508|73183|521|10,638298|0||0||0|0|0|0||||||||||||
20170120_162508|73278|522|10,752688|0||0||0|0|0|0||||||||||||
20170120_162508|73375|523|10,752688|0||0||0|0|0|0||||||||||||
20170120_162508|73473|524|9,803922|0||0||0|0|0|0||||||||||||
20170120_162508|73553|525|11,627907|0||0||0|0|0|0||||||||||||
20170120_162508|73647|526|10,752688|0||0||0|0|0|0||||||||||||
20170120_162508|73741|527|10,752688|0||0||0|0|0|0||||||||||||
20170120_162509|73840|528|10,309278|0||0||0|0|0|0||||||||||||
20170120_162509|73935|529|10,869565|0||0||0|0|0|0||||||||||||
20170120_162509|74072|530|7,092199|0||0||0|0|0|0||||||||||||
20170120_162509|74169|531|10,416667|0||0||0|0|0|0||||||||||||
20170120_162509|74306|532|7,194245|0||0||0|0|0|0||||||||||||
20170120_162509|74398|533|10,869565|0||0||0|0|0|0||||||||||||
20170120_162509|74498|534|10,416667|0||0||0|0|0|0||||||||||||
20170120_162509|74639|535|6,993007|0||0||0|0|0|0||||||||||||
20170120_162510|74780|536|7,246377|0||0||0|0|0|0||||||||||||
20170120_162510|74915|537|7,194245|0||0||0|0|0|0||||||||||||
20170120_162510|75010|538|10,638298|0||0||0|0|0|0||||||||||||
20170120_162510|75107|539|10,309278|0||0||0|0|0|0||||||||||||
20170120_162510|75245|540|7,194245|0||0||0|0|0|0||||||||||||
20170120_162510|75378|541|7,194245|0||0||0|0|0|0||||||||||||
20170120_162510|75486|542|9,433962|0||0||0|0|0|0||||||||||||
20170120_162510|75571|543|12,195122|0||0||0|0|0|0||||||||||||
20170120_162510|75666|544|10,638298|0||0||0|0|0|0||||||||||||
20170120_162510|75762|545|10,638298|0||0||0|0|0|0||||||||||||
20170120_162511|75859|546|10,638298|0||0||0|0|0|0||||||||||||
20170120_162511|75993|547|7,092199|0||0||0|0|0|0||||||||||||
20170120_162511|76089|548|10,638298|0||0||0|0|0|0||||||||||||
20170120_162511|76177|549|10,869565|0||0||0|0|0|0||||||||||||
20170120_162511|76272|550|10,869565|0||0||0|0|0|0||||||||||||
20170120_162511|76379|551|10,204082|0||0||0|0|0|0||||||||||||
20170120_162511|76534|552|6,993007|0||0||0|0|0|0||||||||||||
20170120_162511|76708|553|5,464481|0||0||0|0|0|0||||||||||||
20170120_162512|76834|554|7,092199|0||0||0|0|0|0||||||||||||
20170120_162512|76938|555|10,869565|0||0||0|0|0|0||||||||||||
20170120_162512|77071|556|7,042254|0||0||0|0|0|0||||||||||||
20170120_162512|77170|557|10,416667|0||0||0|0|0|0||||||||||||
20170120_162512|77304|558|7,299270|0||0||0|0|0|0||||||||||||
20170120_162512|77535|559|4,291845|0||0||0|0|0|0||||||||||||
20170120_162512|77634|560|10,526316|0||0||0|0|0|0||||||||||||
20170120_162512|77732|561|10,101010|0||0||0|0|0|0||||||||||||
20170120_162513|77869|562|7,299270|0||0||0|0|0|0||||||||||||
20170120_162513|77960|563|10,752688|0||0||0|0|0|0||||||||||||
20170120_162513|78051|564|10,869565|0||0||0|0|0|0||||||||||||
20170120_162513|78196|565|6,944444|0||0||0|0|0|0||||||||||||
20170120_162513|78301|566|10,416667|0||0||0|0|0|0||||||||||||
20170120_162513|78400|567|10,309278|0||0||0|0|0|0||||||||||||
20170120_162513|78481|568|11,235955|0||0||0|0|0|0||||||||||||
20170120_162513|78583|569|10,752688|0||0||0|0|0|0||||||||||||
20170120_162513|78665|570|10,638298|0||0||0|0|0|0||||||||||||
20170120_162513|78763|571|10,869565|0||0||0|0|0|0||||||||||||
20170120_162514|78849|572|10,869565|0||0||0|0|0|0||||||||||||
20170120_162514|78950|573|10,101010|0||0||0|0|0|0||||||||||||
20170120_162514|79043|574|11,235955|0||0||0|0|0|0||||||||||||
20170120_162514|79142|575|10,309278|0||0||0|0|0|0||||||||||||
20170120_162514|79232|576|10,638298|0||0||0|0|0|0||||||||||||
20170120_162514|79335|577|10,526316|0||0||0|0|0|0||||||||||||
20170120_162514|79421|578|10,638298|0||0||0|0|0|0||||||||||||
20170120_162514|79507|579|11,235955|0||0||0|0|0|0||||||||||||
20170120_162514|79603|580|10,638298|0||0||0|0|0|0||||||||||||
20170120_162514|79701|581|10,416667|0||0||0|0|0|0||||||||||||
20170120_162515|79840|582|7,194245|0||0||0|0|0|0||||||||||||
20170120_162515|79936|583|10,752688|0||0||0|0|0|0||||||||||||
20170120_162515|80022|584|10,526316|0||0||0|0|0|0||||||||||||
20170120_162515|80164|585|7,142857|0||0||0|0|0|0||||||||||||
20170120_162515|80263|586|10,638298|0||0||0|0|0|0||||||||||||
20170120_162515|80405|587|7,042254|0||0||0|0|0|0||||||||||||
20170120_162515|80519|588|8,474576|0||0||0|0|0|0||||||||||||
20170120_162515|80605|589|11,627907|0||0||0|0|0|0||||||||||||
20170120_162515|80691|590|12,195122|0||0||0|0|0|0||||||||||||
20170120_162516|80824|591|7,575758|0||0||0|0|0|0||||||||||||
20170120_162516|80878|592|18,867925|0||0||0|0|0|0||||||||||||
20170120_162516|81014|593|7,518797|0||0||0|0|0|0||||||||||||
20170120_162516|81129|594|8,771930|0||0||0|0|0|0||||||||||||
20170120_162516|81217|595|10,000000|0||0||0|0|0|0||||||||||||
20170120_162516|81336|596|8,547009|0||0||0|0|0|0||||||||||||
20170120_162516|81426|597|10,526316|0||0||0|0|0|0||||||||||||
20170120_162516|81529|598|10,869565|0||0||0|0|0|0||||||||||||
20170120_162516|81667|599|6,993007|0||0||0|0|0|0||||||||||||
20170120_162516|81759|600|10,752688|0||0||0|0|0|0||||||||||||
20170120_162517|81853|601|10,752688|0||0||0|0|0|0||||||||||||
20170120_162517|81959|602|10,416667|0||0||0|0|0|0||||||||||||
20170120_162517|82077|603|8,333333|0||0||0|0|0|0||||||||||||
20170120_162517|82189|604|8,771930|0||0||0|0|0|0||||||||||||
20170120_162517|82327|605|7,246377|0||0||0|0|0|0||||||||||||
20170120_162517|82414|606|10,416667|0||0||0|0|0|0||||||||||||
20170120_162517|82507|607|10,752688|0||0||0|0|0|0||||||||||||
20170120_162517|82599|608|10,869565|0||0||0|0|0|0||||||||||||
20170120_162517|82696|609|10,416667|0||0||0|0|0|0||||||||||||
20170120_162518|82792|610|10,752688|0||0||0|0|0|0||||||||||||
20170120_162518|82886|611|10,526316|0||0||0|0|0|0||||||||||||
20170120_162518|82977|612|10,752688|0||0||0|0|0|0||||||||||||
20170120_162518|83070|613|10,752688|0||0||0|0|0|0||||||||||||
20170120_162518|83176|614|10,101010|0||0||0|0|0|0||||||||||||
20170120_162518|83304|615|7,352941|0||0||0|0|0|0||||||||||||
20170120_162518|83399|616|10,638298|0||0||0|0|0|0||||||||||||
20170120_162518|83494|617|10,752688|0||0||0|0|0|0||||||||||||
20170120_162518|83600|618|10,526316|0||0||0|0|0|0||||||||||||
20170120_162518|83726|619|7,142857|0||0||0|0|0|0||||||||||||
20170120_162519|83821|620|10,869565|0||0||0|0|0|0||||||||||||
20170120_162519|83960|621|7,042254|0||0||0|0|0|0||||||||||||
20170120_162519|84076|622|10,309278|0||0||0|0|0|0||||||||||||
20170120_162519|84197|623|7,246377|0||0||0|0|0|0||||||||||||
20170120_162519|84291|624|10,752688|0||0||0|0|0|0||||||||||||
20170120_162519|84383|625|10,638298|0||0||0|0|0|0||||||||||||
20170120_162519|84475|626|10,638298|0||0||0|0|0|0||||||||||||
20170120_162519|84617|627|7,352941|0||0||0|0|0|0||||||||||||
20170120_162519|84752|628|9,523810|0||0||0|0|0|0||||||||||||
20170120_162520|84869|629|6,711409|0||0||0|0|0|0||||||||||||
20170120_162520|84971|630|9,523810|0||0||0|0|0|0||||||||||||
20170120_162520|85071|631|11,111111|0||0||0|0|0|0||||||||||||
20170120_162520|85163|632|10,526316|0||0||0|0|0|0||||||||||||
20170120_162520|85251|633|11,494253|0||0||0|0|0|0||||||||||||
20170120_162520|85355|634|9,615385|0||0||0|0|0|0||||||||||||
20170120_162520|85460|635|8,771930|0||0||0|0|0|0||||||||||||
20170120_162520|85558|636|10,752688|0||0||0|0|0|0||||||||||||
20170120_162520|85649|637|10,526316|0||0||0|0|0|0||||||||||||
20170120_162520|85742|638|10,869565|0||0||0|0|0|0||||||||||||
20170120_162521|85834|639|10,638298|0||0||0|0|0|0||||||||||||
20170120_162521|85928|640|10,526316|0||0||0|0|0|0||||||||||||
20170120_162521|86026|641|10,869565|0||0||0|0|0|0||||||||||||
20170120_162521|86162|642|7,142857|0||0||0|0|0|0||||||||||||
20170120_162521|86259|643|10,526316|0||0||0|0|0|0||||||||||||
20170120_162522|87386|644|0,888889|0||0||0|0|0|0||||||||||||
20170120_162522|87526|645|7,142857|0||0||0|0|0|0||||||||||||
20170120_162522|87674|646|7,092199|0||0||0|0|0|0||||||||||||
20170120_162523|87811|647|7,092199|0||0||0|0|0|0||||||||||||
20170120_162523|87950|648|7,042254|0||0||0|0|0|0||||||||||||
20170120_162523|88065|649|9,900990|0||0||0|0|0|0||||||||||||
20170120_162523|88170|650|8,547009|0||0||0|0|0|0||||||||||||
20170120_162523|88291|651|9,174312|0||0||0|0|0|0||||||||||||
20170120_162523|88416|652|7,092199|0||0||0|0|0|0||||||||||||
20170120_162523|88519|653|10,416667|0||0||0|0|0|0||||||||||||
20170120_162523|88653|654|7,246377|0||0||0|0|0|0||||||||||||
20170120_162524|88838|655|6,578947|0||0||0|0|0|0||||||||||||
20170120_162524|88992|656|5,235602|0||0||0|0|0|0||||||||||||
20170120_162524|89083|657|11,363636|0||0||0|0|0|0||||||||||||
20170120_162524|89176|658|11,627907|0||0||0|0|0|0||||||||||||
20170120_162524|89263|659|10,752688|0||0||0|0|0|0||||||||||||
20170120_162524|89357|660|10,989011|0||0||0|0|0|0||||||||||||
20170120_162524|89444|661|10,416667|0||0||0|0|0|0||||||||||||
20170120_162524|89538|662|10,752688|0||0||0|0|0|0||||||||||||
20170120_162524|89632|663|10,869565|0||0||0|0|0|0||||||||||||
20170120_162524|89731|664|10,309278|0||0||0|0|0|0||||||||||||
20170120_162525|89822|665|10,989011|0||0||0|0|0|0||||||||||||
20170120_162525|89920|666|10,416667|0||0||0|0|0|0||||||||||||
20170120_162525|90008|667|10,638298|0||0||0|0|0|0||||||||||||
20170120_162525|90100|668|10,989011|0||0||0|0|0|0||||||||||||
20170120_162525|90190|669|10,638298|0||0||0|0|0|0||||||||||||
20170120_162525|90285|670|10,638298|0||0||0|0|0|0||||||||||||
20170120_162525|90378|671|10,752688|0||0||0|0|0|0||||||||||||
20170120_162525|90484|672|10,309278|0||0||0|0|0|0||||||||||||
20170120_162525|90621|673|7,142857|0||0||0|0|0|0||||||||||||
20170120_162525|90725|674|10,869565|0||0||0|0|0|0||||||||||||
20170120_162526|90806|675|10,526316|0||0||0|0|0|0||||||||||||
20170120_162526|90900|676|10,869565|0||0||0|0|0|0||||||||||||
20170120_162526|90990|677|10,638298|0||0||0|0|0|0||||||||||||
20170120_162526|91090|678|10,526316|0||0||0|0|0|0||||||||||||
20170120_162526|91182|679|10,638298|0||0||0|0|0|0||||||||||||
20170120_162526|91270|680|10,752688|0||0||0|0|0|0||||||||||||
20170120_162526|91367|681|10,638298|0||0||0|0|0|0||||||||||||
20170120_162526|91461|682|10,638298|0||0||0|0|0|0||||||||||||
20170120_162526|91563|683|10,526316|0||0||0|0|0|0||||||||||||
20170120_162526|91657|684|9,803922|0||0||0|0|0|0||||||||||||
20170120_162526|91751|685|11,363636|0||0||0|0|0|0||||||||||||
20170120_162527|91868|686|9,345794|0||0||0|0|0|0||||||||||||
20170120_162527|91946|687|10,869565|0||0||0|0|0|0||||||||||||
20170120_162527|92018|688|12,820513|0||0||0|0|0|0||||||||||||
20170120_162527|92117|689|10,416667|0||0||0|0|0|0||||||||||||
20170120_162527|92222|690|11,111111|0||0||0|0|0|0||||||||||||
20170120_162527|92309|691|10,000000|0||0||0|0|0|0||||||||||||
20170120_162527|92405|692|10,638298|0||0||0|0|0|0||||||||||||
20170120_162527|92498|693|10,752688|0||0||0|0|0|0||||||||||||
20170120_162527|92583|694|11,111111|0||0||0|0|0|0||||||||||||
20170120_162527|92676|695|10,752688|0||0||0|0|0|0||||||||||||
20170120_162527|92773|696|10,638298|0||0||0|0|0|0||||||||||||
20170120_162528|92874|697|10,752688|0||0||0|0|0|0||||||||||||
20170120_162528|93008|698|7,092199|0||0||0|0|0|0||||||||||||
20170120_162528|93103|699|10,638298|0||0||0|0|0|0||||||||||||
20170120_162528|93200|700|10,752688|0||0||0|0|0|0||||||||||||
20170120_162528|93286|701|10,416667|0||0||0|0|0|0||||||||||||
20170120_162528|93381|702|10,869565|0||0||0|0|0|0||||||||||||
20170120_162528|93474|703|10,638298|0||0||0|0|0|0||||||||||||
20170120_162528|93569|704|10,752688|0||0||0|0|0|0||||||||||||
20170120_162528|93664|705|10,416667|0||0||0|0|0|0||||||||||||
20170120_162528|93761|706|10,638298|0||0||0|0|0|0||||||||||||
20170120_162529|93849|707|10,869565|0||0||0|0|0|0||||||||||||
20170120_162529|93942|708|10,752688|0||0||0|0|0|0||||||||||||
20170120_162529|94038|709|10,526316|0||0||0|0|0|0||||||||||||
20170120_162529|94132|710|10,638298|0||0||0|0|0|0||||||||||||
20170120_162529|94223|711|10,752688|0||0||0|0|0|0||||||||||||
20170120_162529|94319|712|10,638298|0||0||0|0|0|0||||||||||||
20170120_162529|94410|713|10,752688|0||0||0|0|0|0||||||||||||
20170120_162529|94505|714|10,526316|0||0||0|0|0|0||||||||||||
20170120_162529|94598|715|10,752688|0||0||0|0|0|0||||||||||||
20170120_162529|94704|716|10,526316|0||0||0|0|0|0||||||||||||
20170120_162530|94790|717|10,309278|0||0||0|0|0|0||||||||||||
20170120_162530|94902|718|9,259259|0||0||0|0|0|0||||||||||||
20170120_162530|95004|719|9,708738|0||0||0|0|0|0||||||||||||
20170120_162530|95083|720|12,345679|0||0||0|0|0|0||||||||||||
20170120_162530|95163|721|12,195122|0||0||0|0|0|0||||||||||||
20170120_162530|95259|722|10,989011|0||0||0|0|0|0||||||||||||
20170120_162530|95347|723|10,752688|0||0||0|0|0|0||||||||||||
20170120_162530|95443|724|10,638298|0||0||0|0|0|0||||||||||||
20170120_162530|95539|725|10,526316|0||0||0|0|0|0||||||||||||
20170120_162530|95630|726|10,752688|0||0||0|0|0|0||||||||||||
20170120_162530|95725|727|10,752688|0||0||0|0|0|0||||||||||||
20170120_162531|95820|728|10,638298|0||0||0|0|0|0||||||||||||
20170120_162531|95915|729|10,752688|0||0||0|0|0|0||||||||||||
20170120_162531|96007|730|10,526316|0||0||0|0|0|0||||||||||||
20170120_162531|96101|731|10,526316|0||0||0|0|0|0||||||||||||
20170120_162531|96201|732|10,989011|0||0||0|0|0|0||||||||||||
20170120_162531|96334|733|6,993007|0||0||0|0|0|0||||||||||||
20170120_162531|96427|734|10,869565|0||0||0|0|0|0||||||||||||
20170120_162531|96519|735|10,752688|0||0||0|0|0|0||||||||||||
20170120_162531|96616|736|10,638298|0||0||0|0|0|0||||||||||||
20170120_162531|96706|737|10,752688|0||0||0|0|0|0||||||||||||
20170120_162532|96800|738|10,416667|0||0||0|0|0|0||||||||||||
20170120_162532|96902|739|10,638298|0||0||0|0|0|0||||||||||||
20170120_162532|96989|740|10,869565|0||0||0|0|0|0||||||||||||
20170120_162532|97084|741|10,416667|0||0||0|0|0|0||||||||||||
20170120_162532|97178|742|10,752688|0||0||0|0|0|0||||||||||||
20170120_162532|97271|743|10,869565|0||0||0|0|0|0||||||||||||
20170120_162532|97372|744|10,309278|0||0||0|0|0|0||||||||||||
20170120_162532|97458|745|11,111111|0||0||0|0|0|0||||||||||||
20170120_162532|97561|746|10,416667|0||0||0|0|0|0||||||||||||
20170120_162532|97691|747|7,194245|0||0||0|0|0|0||||||||||||
20170120_162533|97788|748|10,526316|0||0||0|0|0|0||||||||||||
20170120_162533|97884|749|10,752688|0||0||0|0|0|0||||||||||||
20170120_162533|97982|750|10,526316|0||0||0|0|0|0||||||||||||
20170120_162533|98121|751|7,092199|0||0||0|0|0|0||||||||||||
20170120_162533|98258|752|7,194245|0||0||0|0|0|0||||||||||||
20170120_162533|98347|753|10,638298|0||0||0|0|0|0||||||||||||
20170120_162533|98445|754|10,752688|0||0||0|0|0|0||||||||||||
20170120_162533|98538|755|10,526316|0||0||0|0|0|0||||||||||||
20170120_162533|98678|756|6,993007|0||0||0|0|0|0||||||||||||
20170120_162533|98771|757|10,989011|0||0||0|0|0|0||||||||||||
20170120_162534|98867|758|10,526316|0||0||0|0|0|0||||||||||||
20170120_162534|98960|759|10,869565|0||0||0|0|0|0||||||||||||
20170120_162534|99050|760|10,638298|0||0||0|0|0|0||||||||||||
20170120_162534|99188|761|7,194245|0||0||0|0|0|0||||||||||||
20170120_162534|99289|762|10,416667|0||0||0|0|0|0||||||||||||
20170120_162534|99383|763|10,638298|0||0||0|0|0|0||||||||||||
20170120_162534|99474|764|10,752688|0||0||0|0|0|0||||||||||||
20170120_162534|99569|765|10,638298|0||0||0|0|0|0||||||||||||
20170120_162534|99661|766|10,638298|0||0||0|0|0|0||||||||||||
20170120_162534|99754|767|10,752688|0||0||0|0|0|0||||||||||||
20170120_162535|99848|768|10,526316|0||0||0|0|0|0||||||||||||
20170120_162535|99943|769|10,989011|0||0||0|0|0|0||||||||||||
20170120_162535|100034|770|10,416667|0||0||0|0|0|0||||||||||||
20170120_162535|100131|771|10,752688|0||0||0|0|0|0||||||||||||
20170120_162535|100223|772|10,526316|0||0||0|0|0|0||||||||||||
20170120_162535|100321|773|10,869565|0||0||0|0|0|0||||||||||||
20170120_162535|100408|774|10,752688|0||0||0|0|0|0||||||||||||
20170120_162535|100504|775|10,416667|0||0||0|0|0|0||||||||||||
20170120_162535|100598|776|10,752688|0||0||0|0|0|0||||||||||||
20170120_162535|100693|777|10,638298|0||0||0|0|0|0||||||||||||
20170120_162536|100785|778|10,752688|0||0||0|0|0|0||||||||||||
20170120_162536|100878|779|10,638298|0||0||0|0|0|0||||||||||||
20170120_162536|100973|780|10,416667|0||0||0|0|0|0||||||||||||
20170120_162536|101066|781|10,869565|0||0||0|0|0|0||||||||||||
20170120_162536|101162|782|10,638298|0||0||0|0|0|0||||||||||||
20170120_162536|101257|783|10,638298|0||0||0|0|0|0||||||||||||
20170120_162536|101348|784|10,752688|0||0||0|0|0|0||||||||||||
20170120_162536|101441|785|10,638298|0||0||0|0|0|0||||||||||||
20170120_162536|101535|786|10,869565|0||0||0|0|0|0||||||||||||
20170120_162536|101633|787|10,416667|0||0||0|0|0|0||||||||||||
20170120_162536|101726|788|10,752688|0||0||0|0|0|0||||||||||||
20170120_162537|101816|789|10,752688|0||0||0|0|0|0||||||||||||
20170120_162537|101912|790|10,416667|0||0||0|0|0|0||||||||||||
20170120_162537|102007|791|10,869565|0||0||0|0|0|0||||||||||||
20170120_162537|102096|792|10,752688|0||0||0|0|0|0||||||||||||
20170120_162537|102193|793|10,416667|0||0||0|0|0|0||||||||||||
20170120_162537|102333|794|7,092199|0||0||0|0|0|0||||||||||||
20170120_162537|102427|795|10,869565|0||0||0|0|0|0||||||||||||
20170120_162537|102520|796|10,752688|0||0||0|0|0|0||||||||||||
20170120_162537|102614|797|10,526316|0||0||0|0|0|0||||||||||||
20170120_162537|102705|798|10,638298|0||0||0|0|0|0||||||||||||
20170120_162538|102799|799|10,869565|0||0||0|0|0|0||||||||||||
20170120_162538|102894|800|10,526316|0||0||0|0|0|0||||||||||||
20170120_162538|102990|801|10,752688|0||0||0|0|0|0||||||||||||
20170120_162538|103084|802|10,526316|0||0||0|0|0|0||||||||||||
20170120_162538|103176|803|10,638298|0||0||0|0|0|0||||||||||||
20170120_162538|103270|804|10,869565|0||0||0|0|0|0||||||||||||
20170120_162538|103366|805|10,416667|0||0||0|0|0|0||||||||||||
20170120_162538|103460|806|10,526316|0||0||0|0|0|0||||||||||||
20170120_162538|103560|807|10,989011|0||0||0|0|0|0||||||||||||
20170120_162538|103648|808|10,638298|0||0||0|0|0|0||||||||||||
20170120_162538|103739|809|10,752688|0||0||0|0|0|0||||||||||||
20170120_162539|103841|810|10,204082|0||0||0|0|0|0||||||||||||
20170120_162539|103931|811|10,869565|0||0||0|0|0|0||||||||||||
20170120_162539|104020|812|10,989011|0||0||0|0|0|0||||||||||||
20170120_162539|104120|813|10,416667|0||0||0|0|0|0||||||||||||
20170120_162539|104210|814|10,638298|0||0||0|0|0|0||||||||||||
20170120_162539|104306|815|10,752688|0||0||0|0|0|0||||||||||||
20170120_162539|104398|816|10,638298|0||0||0|0|0|0||||||||||||
20170120_162539|104488|817|10,869565|0||0||0|0|0|0||||||||||||
20170120_162539|104584|818|10,526316|0||0||0|0|0|0||||||||||||
20170120_162539|104678|819|10,416667|0||0||0|0|0|0||||||||||||
20170120_162539|104769|820|11,111111|0||0||0|0|0|0||||||||||||
20170120_162540|104873|821|10,416667|0||0||0|0|0|0||||||||||||
20170120_162540|105003|822|7,194245|0||0||0|0|0|0||||||||||||
20170120_162540|105098|823|10,638298|0||0||0|0|0|0||||||||||||
20170120_162540|105192|824|10,526316|0||0||0|0|0|0||||||||||||
20170120_162540|105285|825|10,869565|0||0||0|0|0|0||||||||||||
20170120_162540|105381|826|10,416667|0||0||0|0|0|0||||||||||||
20170120_162540|105476|827|10,869565|0||0||0|0|0|0||||||||||||
20170120_162540|105568|828|10,752688|0||0||0|0|0|0||||||||||||
20170120_162540|105668|829|10,416667|0||0||0|0|0|0||||||||||||
20170120_162540|105753|830|10,752688|0||0||0|0|0|0||||||||||||
20170120_162541|105847|831|10,869565|0||0||0|0|0|0||||||||||||
20170120_162541|105941|832|10,416667|0||0||0|0|0|0||||||||||||
20170120_162541|106037|833|10,869565|0||0||0|0|0|0||||||||||||
20170120_162541|106130|834|10,526316|0||0||0|0|0|0||||||||||||
20170120_162541|106224|835|10,752688|0||0||0|0|0|0||||||||||||
20170120_162541|106316|836|10,526316|0||0||0|0|0|0||||||||||||
20170120_162541|106417|837|10,638298|0||0||0|0|0|0||||||||||||
20170120_162541|106507|838|10,869565|0||0||0|0|0|0||||||||||||
20170120_162541|106599|839|10,638298|0||0||0|0|0|0||||||||||||
20170120_162541|106701|840|10,526316|0||0||0|0|0|0||||||||||||
20170120_162542|106831|841|7,246377|0||0||0|0|0|0||||||||||||
20170120_162542|106928|842|10,526316|0||0||0|0|0|0||||||||||||
20170120_162542|107024|843|10,752688|0||0||0|0|0|0||||||||||||
20170120_162542|107121|844|10,309278|0||0||0|0|0|0||||||||||||
20170120_162542|107210|845|10,989011|0||0||0|0|0|0||||||||||||
20170120_162542|107306|846|10,638298|0||0||0|0|0|0||||||||||||
20170120_162542|107403|847|10,526316|0||0||0|0|0|0||||||||||||
20170120_162542|107533|848|7,246377|0||0||0|0|0|0||||||||||||
20170120_162542|107630|849|10,416667|0||0||0|0|0|0||||||||||||
20170120_162542|107724|850|10,526316|0||0||0|0|0|0||||||||||||
20170120_162543|107816|851|10,989011|0||0||0|0|0|0||||||||||||
20170120_162543|107917|852|10,309278|0||0||0|0|0|0||||||||||||
20170120_162543|108007|853|10,869565|0||0||0|0|0|0||||||||||||
20170120_162543|108100|854|10,752688|0||0||0|0|0|0||||||||||||
20170120_162543|108201|855|10,526316|0||0||0|0|0|0||||||||||||
20170120_162543|108335|856|7,142857|0||0||0|0|0|0||||||||||||
20170120_162543|108428|857|10,638298|0||0||0|0|0|0||||||||||||
20170120_162543|108520|858|10,752688|0||0||0|0|0|0||||||||||||
20170120_162543|108621|859|10,526316|0||0||0|0|0|0||||||||||||
20170120_162543|108709|860|10,752688|0||0||0|0|0|0||||||||||||
20170120_162544|108802|861|10,638298|0||0||0|0|0|0||||||||||||
20170120_162544|108899|862|10,526316|0||0||0|0|0|0||||||||||||
20170120_162544|108989|863|10,989011|0||0||0|0|0|0||||||||||||
20170120_162544|109089|864|10,416667|0||0||0|0|0|0||||||||||||
20170120_162544|109179|865|10,869565|0||0||0|0|0|0||||||||||||
20170120_162544|109269|866|10,752688|0||0||0|0|0|0||||||||||||
20170120_162544|109368|867|10,638298|0||0||0|0|0|0||||||||||||
20170120_162544|109461|868|10,526316|0||0||0|0|0|0||||||||||||
20170120_162544|109551|869|10,869565|0||0||0|0|0|0||||||||||||
20170120_162544|109648|870|10,416667|0||0||0|0|0|0||||||||||||
20170120_162544|109738|871|10,752688|0||0||0|0|0|0||||||||||||
20170120_162545|109835|872|10,638298|0||0||0|0|0|0||||||||||||
20170120_162545|109928|873|10,638298|0||0||0|0|0|0||||||||||||
20170120_162545|110021|874|10,869565|0||0||0|0|0|0||||||||||||
20170120_162545|110113|875|10,526316|0||0||0|0|0|0||||||||||||
20170120_162545|110209|876|10,638298|0||0||0|0|0|0||||||||||||
20170120_162545|110301|877|10,638298|0||0||0|0|0|0||||||||||||
20170120_162545|110396|878|10,638298|0||0||0|0|0|0||||||||||||
20170120_162545|110493|879|10,752688|0||0||0|0|0|0||||||||||||
20170120_162545|110585|880|10,638298|0||0||0|0|0|0||||||||||||
20170120_162545|110676|881|10,638298|0||0||0|0|0|0||||||||||||
20170120_162545|110770|882|10,752688|0||0||0|0|0|0||||||||||||
20170120_162546|110862|883|10,752688|0||0||0|0|0|0||||||||||||
20170120_162546|110961|884|10,526316|0||0||0|0|0|0||||||||||||
20170120_162546|111051|885|10,752688|0||0||0|0|0|0||||||||||||
20170120_162546|111149|886|10,638298|0||0||0|0|0|0||||||||||||
20170120_162546|111244|887|10,416667|0||0||0|0|0|0||||||||||||
20170120_162546|111334|888|10,989011|0||0||0|0|0|0||||||||||||
20170120_162546|111428|889|10,309278|0||0||0|0|0|0||||||||||||
20170120_162546|111518|890|10,989011|0||0||0|0|0|0||||||||||||
20170120_162546|111618|891|10,526316|0||0||0|0|0|0||||||||||||
20170120_162546|111709|892|10,869565|0||0||0|0|0|0||||||||||||
20170120_162547|111803|893|10,752688|0||0||0|0|0|0||||||||||||
20170120_162547|111897|894|10,526316|0||0||0|0|0|0||||||||||||
20170120_162547|111987|895|10,752688|0||0||0|0|0|0||||||||||||
20170120_162547|112082|896|10,526316|0||0||0|0|0|0||||||||||||
20170120_162547|112181|897|10,869565|0||0||0|0|0|0||||||||||||
20170120_162547|112272|898|10,638298|0||0||0|0|0|0||||||||||||
20170120_162547|112366|899|10,638298|0||0||0|0|0|0||||||||||||
20170120_162547|112461|900|10,638298|0||0||0|0|0|0||||||||||||
20170120_162547|112556|901|10,526316|0||0||0|0|0|0||||||||||||
20170120_162547|112650|902|10,869565|0||0||0|0|0|0||||||||||||
20170120_162547|112739|903|10,526316|0||0||0|0|0|0||||||||||||
20170120_162548|112831|904|10,638298|0||0||0|0|0|0||||||||||||
20170120_162548|112928|905|10,752688|0||0||0|0|0|0||||||||||||
20170120_162548|113020|906|10,638298|0||0||0|0|0|0||||||||||||
20170120_162548|113123|907|10,638298|0||0||0|0|0|0||||||||||||
20170120_162548|113257|908|7,092199|0||0||0|0|0|0||||||||||||
20170120_162548|113351|909|10,869565|0||0||0|0|0|0||||||||||||
20170120_162548|113441|910|10,638298|0||0||0|0|0|0||||||||||||
20170120_162548|113540|911|10,638298|0||0||0|0|0|0||||||||||||
20170120_162548|113629|912|10,638298|0||0||0|0|0|0||||||||||||
20170120_162548|113725|913|10,526316|0||0||0|0|0|0||||||||||||
20170120_162549|113816|914|10,752688|0||0||0|0|0|0||||||||||||
20170120_162549|113911|915|10,526316|0||0||0|0|0|0||||||||||||
20170120_162549|114007|916|10,752688|0||0||0|0|0|0||||||||||||
20170120_162549|114100|917|10,638298|0||0||0|0|0|0||||||||||||
20170120_162549|114196|918|10,752688|0||0||0|0|0|0||||||||||||
20170120_162549|114286|919|10,752688|0||0||0|0|0|0||||||||||||
20170120_162549|114380|920|10,526316|0||0||0|0|0|0||||||||||||
20170120_162549|114476|921|10,526316|0||0||0|0|0|0||||||||||||
20170120_162549|114568|922|10,989011|0||0||0|0|0|0||||||||||||
20170120_162549|114661|923|10,526316|0||0||0|0|0|0||||||||||||
20170120_162549|114755|924|10,526316|0||0||0|0|0|0||||||||||||
20170120_162550|114852|925|10,869565|0||0||0|0|0|0||||||||||||
20170120_162550|114951|926|10,526316|0||0||0|0|0|0||||||||||||
20170120_162550|115037|927|10,752688|0||0||0|0|0|0||||||||||||
20170120_162550|115128|928|10,869565|0||0||0|0|0|0||||||||||||
20170120_162550|115229|929|10,309278|0||0||0|0|0|0||||||||||||
20170120_162550|115317|930|10,752688|0||0||0|0|0|0||||||||||||
20170120_162550|115411|931|10,869565|0||0||0|0|0|0||||||||||||
20170120_162550|115505|932|10,416667|0||0||0|0|0|0||||||||||||
20170120_162550|115603|933|10,752688|0||0||0|0|0|0||||||||||||
20170120_162550|115692|934|10,752688|0||0||0|0|0|0||||||||||||
20170120_162551|115792|935|10,638298|0||0||0|0|0|0||||||||||||
20170120_162551|115878|936|10,752688|0||0||0|0|0|0||||||||||||
20170120_162551|115976|937|10,416667|0||0||0|0|0|0||||||||||||
20170120_162551|116070|938|10,869565|0||0||0|0|0|0||||||||||||
20170120_162551|116162|939|10,869565|0||0||0|0|0|0||||||||||||
20170120_162551|116260|940|10,526316|0||0||0|0|0|0||||||||||||
20170120_162551|116350|941|10,526316|0||0||0|0|0|0||||||||||||
20170120_162551|116443|942|10,752688|0||0||0|0|0|0||||||||||||
20170120_162551|116535|943|10,638298|0||0||0|0|0|0||||||||||||
20170120_162551|116638|944|10,638298|0||0||0|0|0|0||||||||||||
20170120_162551|116728|945|10,638298|0||0||0|0|0|0||||||||||||
20170120_162552|116821|946|10,869565|0||0||0|0|0|0||||||||||||
20170120_162552|116910|947|10,638298|0||0||0|0|0|0||||||||||||
20170120_162552|117006|948|10,638298|0||0||0|0|0|0||||||||||||
20170120_162552|117103|949|10,752688|0||0||0|0|0|0||||||||||||
20170120_162552|117193|950|10,638298|0||0||0|0|0|0||||||||||||
20170120_162552|117290|951|10,752688|0||0||0|0|0|0||||||||||||
20170120_162552|117388|952|10,638298|0||0||0|0|0|0||||||||||||
20170120_162552|117477|953|10,309278|0||0||0|0|0|0||||||||||||
20170120_162552|117567|954|10,869565|0||0||0|0|0|0||||||||||||
20170120_162552|117659|955|10,869565|0||0||0|0|0|0||||||||||||
20170120_162552|117754|956|10,526316|0||0||0|0|0|0||||||||||||
20170120_162553|117848|957|10,752688|0||0||0|0|0|0||||||||||||
20170120_162553|117945|958|10,526316|0||0||0|0|0|0||||||||||||
20170120_162553|118037|959|10,526316|0||0||0|0|0|0||||||||||||
20170120_162553|118135|960|10,869565|0||0||0|0|0|0||||||||||||
20170120_162553|118227|961|10,416667|0||0||0|0|0|0||||||||||||
20170120_162553|118319|962|10,752688|0||0||0|0|0|0||||||||||||
20170120_162553|118409|963|10,869565|0||0||0|0|0|0||||||||||||
20170120_162553|118505|964|10,526316|0||0||0|0|0|0||||||||||||
20170120_162553|118605|965|10,752688|0||0||0|0|0|0||||||||||||
20170120_162553|118740|966|7,142857|0||0||0|0|0|0||||||||||||
20170120_162554|118835|967|10,416667|0||0||0|0|0|0||||||||||||
20170120_162554|118929|968|10,989011|0||0||0|0|0|0||||||||||||
20170120_162554|119024|969|10,526316|0||0||0|0|0|0||||||||||||
20170120_162554|119126|970|10,416667|0||0||0|0|0|0||||||||||||
20170120_162554|119259|971|7,194245|0||0||0|0|0|0||||||||||||
20170120_162554|119358|972|10,638298|0||0||0|0|0|0||||||||||||
20170120_162554|119497|973|7,194245|0||0||0|0|0|0||||||||||||
20170120_162554|119585|974|10,416667|0||0||0|0|0|0||||||||||||
20170120_162554|119683|975|10,869565|0||0||0|0|0|0||||||||||||
20170120_162554|119773|976|10,638298|0||0||0|0|0|0||||||||||||
20170120_162555|119869|977|10,526316|0||0||0|0|0|0||||||||||||
20170120_162555|119965|978|10,869565|0||0||0|0|0|0||||||||||||
20170120_162555|120061|979|10,309278|0||0||0|0|0|0||||||||||||
20170120_162555|120147|980|10,989011|0||0||0|0|0|0||||||||||||
20170120_162555|120242|981|10,638298|0||0||0|0|0|0||||||||||||
20170120_162555|120338|982|10,638298|0||0||0|0|0|0||||||||||||
20170120_162555|120426|983|10,752688|0||0||0|0|0|0||||||||||||
20170120_162555|120521|984|10,526316|0||0||0|0|0|0||||||||||||
20170120_162555|120613|985|10,638298|0||0||0|0|0|0||||||||||||
20170120_162555|120706|986|10,989011|0||0||0|0|0|0||||||||||||
20170120_162556|120803|987|10,416667|0||0||0|0|0|0||||||||||||
20170120_162556|120896|988|10,752688|0||0||0|0|0|0||||||||||||
20170120_162556|120986|989|10,869565|0||0||0|0|0|0||||||||||||
20170120_162556|121085|990|10,309278|0||0||0|0|0|0||||||||||||
20170120_162556|121178|991|10,869565|0||0||0|0|0|0||||||||||||
20170120_162556|121271|992|10,752688|0||0||0|0|0|0||||||||||||
20170120_162556|121364|993|10,526316|0||0||0|0|0|0||||||||||||
20170120_162556|121459|994|10,869565|0||0||0|0|0|0||||||||||||
20170120_162556|121559|995|10,526316|0||0||0|0|0|0||||||||||||
20170120_162556|121697|996|7,142857|0||0||0|0|0|0||||||||||||
20170120_162557|121790|997|10,416667|0||0||0|0|0|0||||||||||||
20170120_162557|121883|998|10,752688|0||0||0|0|0|0||||||||||||
20170120_162557|121977|999|10,638298|0||0||0|0|0|0||||||||||||
20170120_162557|122066|1000|10,638298|0||0||0|0|0|0||||||||||||
20170120_162557|122254|1001|5,555556|0||0||0|0|0|0||||||||||||
20170120_162557|122351|1002|9,900990|0||0||0|0|0|0||||||||||||
20170120_162557|122444|1003|10,869565|0||0||0|0|0|0||||||||||||
20170120_162557|122546|1004|10,204082|0||0||0|0|0|0||||||||||||
20170120_162557|122638|1005|10,416667|0||0||0|0|0|0||||||||||||
20170120_162557|122726|1006|11,111111|0||0||0|0|0|0||||||||||||
20170120_162558|122819|1007|10,869565|0||0||0|0|0|0||||||||||||
20170120_162558|122912|1008|10,752688|0||0||0|0|0|0||||||||||||
20170120_162558|123013|1009|10,416667|0||0||0|0|0|0||||||||||||
