TimeStamp|Ticks|FrameNum|FPS|LogaDados|Robo|achou|trajetoria|Xd|Yd|Xa|Ya|DistMelhorPonto|velAtual|velAtualDerivSuja|velDesejada|erroVel|SaidaControleLinear|angAtual|angDesejado|erroAng|SaidaControleAngular|SinalDeControle1|SinalDeControle2|
20170317_163354|17353|65|22.000000|1|CarroTeste|0|circulo_r60_xc160_yc120|0|0|0|0|0.000000|0.000000|0.000000|0.000000|0.000000|0.000000|0.000000|0.000000|0.000000|0.000000|0.000000|0.000000|
20170317_163354|17357|65|22.000000|1|CarroTeste2|1|circulo_r60_xc160_yc120|0|0|167|169|0.000000|0.000000|0.000000|0.000000|0.000000|-1191.903286|0.076772|0.201528|0.124756|0.000000|-59.595164|-59.595164|
20170317_163354|17452|67|12.987013|1|CarroTeste|0|circulo_r60_xc160_yc120|0|0|0|0|0.000000|0.000000|0.000000|0.000000|0.000000|0.000000|0.000000|0.000000|0.000000|0.000000|0.000000|0.000000|
20170317_163354|17455|67|12.987013|1|CarroTeste2|1|circulo_r60_xc160_yc120|0|0|167|169|0.000000|0.000000|0.000000|0.000000|0.000000|-1130.273031|0.076772|0.229429|0.152657|0.000000|-56.513652|-56.513652|
20170317_163354|17539|69|12.987013|1|CarroTeste|0|circulo_r60_xc160_yc120|0|0|0|0|0.000000|0.000000|0.000000|0.000000|0.000000|0.000000|0.000000|0.000000|0.000000|0.000000|0.000000|0.000000|
20170317_163354|17543|69|12.987013|1|CarroTeste2|1|circulo_r60_xc160_yc120|0|0|167|168|0.000000|0.000000|0.000000|0.000000|0.000000|-1143.108564|0.165149|0.254217|0.089069|0.000000|-57.155428|-57.155428|
20170317_163354|17587|71|11.764706|1|CarroTeste|0|circulo_r60_xc160_yc120|0|0|0|0|0.000000|0.000000|0.000000|0.000000|0.000000|0.000000|0.000000|0.000000|0.000000|0.000000|0.000000|0.000000|
20170317_163354|17589|71|11.764706|1|CarroTeste2|1|circulo_r60_xc160_yc120|0|0|167|169|0.000000|0.000000|0.000000|0.000000|0.000000|-1147.160722|0.076772|0.267344|0.190572|0.000000|-57.358036|-57.358036|
20170317_163354|17664|73|12.987013|1|CarroTeste|0|circulo_r60_xc160_yc120|0|0|0|0|0.000000|0.000000|0.000000|0.000000|0.000000|0.000000|0.000000|0.000000|0.000000|0.000000|0.000000|0.000000|
20170317_163354|17667|73|12.987013|1|CarroTeste2|1|circulo_r60_xc160_yc120|0|0|163|168|0.000000|0.000000|0.000000|0.000000|0.000000|-1143.232360|0.000000|0.288665|0.288665|0.000000|-57.161618|-57.161618|
20170317_163355|17755|75|12.987013|1|CarroTeste|0|circulo_r60_xc160_yc120|0|0|0|0|0.000000|0.000000|0.000000|0.000000|0.000000|0.000000|0.000000|0.000000|0.000000|0.000000|0.000000|0.000000|
20170317_163355|17759|75|12.987013|1|CarroTeste2|1|circulo_r60_xc160_yc120|0|0|159|168|0.000000|0.000000|0.000000|0.000000|0.000000|-1128.863673|0.090660|0.313820|0.223160|0.000000|-56.443184|-56.443184|
20170317_163355|17831|77|12.987013|1|CarroTeste|0|circulo_r60_xc160_yc120|0|0|0|0|0.000000|0.000000|0.000000|0.000000|0.000000|0.000000|0.000000|0.000000|0.000000|0.000000|0.000000|0.000000|
20170317_163355|17834|77|12.987013|1|CarroTeste2|1|circulo_r60_xc160_yc120|0|0|155|168|0.000000|0.000000|0.000000|0.000000|0.000000|-1114.190725|0.076772|0.334317|0.257545|0.000000|-55.709536|-55.709536|
20170317_163355|17912|79|12.987013|1|CarroTeste|0|circulo_r60_xc160_yc120|0|0|0|0|0.000000|0.000000|0.000000|0.000000|0.000000|0.000000|0.000000|0.000000|0.000000|0.000000|0.000000|0.000000|
20170317_163355|17916|79|12.987013|1|CarroTeste2|1|circulo_r60_xc160_yc120|0|0|306|181|0.000000|0.000000|0.000000|0.000000|0.000000|-2141.402426|0.540420|0.355860|-0.184560|0.000000|-107.070121|-107.070121|
20170317_163355|17975|81|12.987013|1|CarroTeste|0|circulo_r60_xc160_yc120|0|0|0|0|0.000000|0.000000|0.000000|0.000000|0.000000|0.000000|0.000000|0.000000|0.000000|0.000000|0.000000|0.000000|
20170317_163355|17978|81|12.987013|1|CarroTeste2|1|circulo_r60_xc160_yc120|0|0|150|167|0.000000|0.000000|0.000000|0.000000|0.000000|-1116.029438|0.165149|0.372126|0.206977|0.000000|-55.801472|-55.801472|
20170317_163355|18077|83|12.987013|1|CarroTeste|0|circulo_r60_xc160_yc120|0|0|0|0|0.000000|0.000000|0.000000|0.000000|0.000000|0.000000|0.000000|0.000000|0.000000|0.000000|0.000000|0.000000|
20170317_163355|18080|83|12.987013|1|CarroTeste2|1|circulo_r60_xc160_yc120|0|0|306|181|0.000000|0.000000|0.000000|0.000000|0.000000|-2176.470620|0.661043|0.398695|-0.262348|0.000000|-108.823531|-108.823531|
20170317_163355|18135|85|12.987013|1|CarroTeste|0|circulo_r60_xc160_yc120|0|0|0|0|0.000000|0.000000|0.000000|0.000000|0.000000|0.000000|0.000000|0.000000|0.000000|0.000000|0.000000|0.000000|
20170317_163355|18139|85|12.987013|1|CarroTeste2|1|circulo_r60_xc160_yc120|0|0|145|167|0.000000|0.000000|0.000000|0.000000|0.000000|-1117.479400|0.000000|0.413395|0.413395|0.000000|-55.873970|-55.873970|
20170317_163355|18209|87|12.987013|1|CarroTeste|0|circulo_r60_xc160_yc120|0|0|0|0|0.000000|0.000000|0.000000|0.000000|0.000000|0.000000|0.000000|0.000000|0.000000|0.000000|0.000000|0.000000|
20170317_163355|18210|87|12.987013|1|CarroTeste2|0|circulo_r60_xc160_yc120|0|0|145|167|0.000000|0.000000|0.000000|0.000000|0.000000|0.000000|0.000000|0.000000|0.000000|0.000000|0.000000|0.000000|
20170317_163355|18293|89|12.987013|1|CarroTeste|0|circulo_r60_xc160_yc120|0|0|0|0|0.000000|0.000000|0.000000|0.000000|0.000000|0.000000|0.000000|0.000000|0.000000|0.000000|0.000000|0.000000|
20170317_163355|18294|89|12.987013|1|CarroTeste2|0|circulo_r60_xc160_yc120|0|0|145|167|0.000000|0.000000|0.000000|0.000000|0.000000|0.000000|0.000000|0.000000|0.000000|0.000000|0.000000|0.000000|
20170317_163355|18366|91|12.987013|1|CarroTeste|0|circulo_r60_xc160_yc120|0|0|0|0|0.000000|0.000000|0.000000|0.000000|0.000000|0.000000|0.000000|0.000000|0.000000|0.000000|0.000000|0.000000|
20170317_163355|18368|91|12.987013|1|CarroTeste2|0|circulo_r60_xc160_yc120|0|0|145|167|0.000000|0.000000|0.000000|0.000000|0.000000|0.000000|0.000000|0.000000|0.000000|0.000000|0.000000|0.000000|
20170317_163355|18441|93|12.987013|1|CarroTeste|0|circulo_r60_xc160_yc120|0|0|0|0|0.000000|0.000000|0.000000|0.000000|0.000000|0.000000|0.000000|0.000000|0.000000|0.000000|0.000000|0.000000|
20170317_163355|18445|93|12.987013|1|CarroTeste2|1|circulo_r60_xc160_yc120|0|0|306|181|0.000000|0.000000|0.000000|0.000000|0.000000|-2211.113612|0.540420|0.487513|-0.052906|0.000000|-110.555681|-110.555681|
20170317_163355|18522|95|12.987013|1|CarroTeste|0|circulo_r60_xc160_yc120|0|0|0|0|0.000000|0.000000|0.000000|0.000000|0.000000|0.000000|0.000000|0.000000|0.000000|0.000000|0.000000|0.000000|
20170317_163355|18525|95|12.987013|1|CarroTeste2|1|circulo_r60_xc160_yc120|0|0|123|164|0.000000|0.000000|0.000000|0.000000|0.000000|-1004.194131|0.165149|0.505860|0.340711|0.000000|-50.209707|-50.209707|
20170317_163355|18618|97|12.987013|1|CarroTeste|0|circulo_r60_xc160_yc120|0|0|0|0|0.000000|0.000000|0.000000|0.000000|0.000000|0.000000|0.000000|0.000000|0.000000|0.000000|0.000000|0.000000|
20170317_163355|18621|97|12.987013|1|CarroTeste2|1|circulo_r60_xc160_yc120|0|0|120|164|0.000000|0.000000|0.000000|0.000000|0.000000|-993.470354|0.165149|0.527267|0.362119|0.000000|-49.673518|-49.673518|
20170317_163355|18705|99|12.987013|1|CarroTeste|0|circulo_r60_xc160_yc120|0|0|0|0|0.000000|0.000000|0.000000|0.000000|0.000000|0.000000|0.000000|0.000000|0.000000|0.000000|0.000000|0.000000|
20170317_163355|18708|99|12.987013|1|CarroTeste2|1|circulo_r60_xc160_yc120|0|0|117|164|0.000000|0.000000|0.000000|0.000000|0.000000|-982.517415|0.165149|0.546285|0.381136|0.000000|-49.125871|-49.125871|
20170317_163356|18760|101|12.195122|1|CarroTeste|0|circulo_r60_xc160_yc120|0|0|0|0|0.000000|0.000000|0.000000|0.000000|0.000000|0.000000|0.000000|0.000000|0.000000|0.000000|0.000000|0.000000|
20170317_163356|18763|101|12.195122|1|CarroTeste2|1|circulo_r60_xc160_yc120|0|0|109|163|0.000000|0.000000|0.000000|0.000000|0.000000|-933.984728|0.165149|0.557659|0.392510|0.000000|-46.699236|-46.699236|
20170317_163356|18864|103|12.987013|1|CarroTeste|0|circulo_r60_xc160_yc120|0|0|0|0|0.000000|0.000000|0.000000|0.000000|0.000000|0.000000|0.000000|0.000000|0.000000|0.000000|0.000000|0.000000|
20170317_163356|18867|103|12.987013|1|CarroTeste2|1|circulo_r60_xc160_yc120|0|0|305|181|0.000000|0.000000|0.000000|0.000000|0.000000|-2264.505451|0.674741|0.578908|-0.095833|0.000000|-113.225273|-113.225273|
20170317_163356|18914|105|12.987013|1|CarroTeste|0|circulo_r60_xc160_yc120|0|0|0|0|0.000000|0.000000|0.000000|0.000000|0.000000|0.000000|0.000000|0.000000|0.000000|0.000000|0.000000|0.000000|
20170317_163356|18918|105|12.987013|1|CarroTeste2|1|circulo_r60_xc160_yc120|0|0|305|181|0.000000|0.000000|0.000000|0.000000|0.000000|-2287.976123|0.785398|0.589005|-0.196393|0.000000|-114.398806|-114.398806|
20170317_163356|18988|107|12.987013|1|CarroTeste|0|circulo_r60_xc160_yc120|0|0|0|0|0.000000|0.000000|0.000000|0.000000|0.000000|0.000000|0.000000|0.000000|0.000000|0.000000|0.000000|0.000000|
20170317_163356|18992|107|12.987013|1|CarroTeste2|1|circulo_r60_xc160_yc120|0|0|100|163|0.000000|0.000000|0.000000|0.000000|0.000000|-933.057888|0.076772|0.603268|0.526496|0.000000|-46.652894|-46.652894|
20170317_163356|19067|109|12.987013|1|CarroTeste|0|circulo_r60_xc160_yc120|0|0|0|0|0.000000|0.000000|0.000000|0.000000|0.000000|0.000000|0.000000|0.000000|0.000000|0.000000|0.000000|0.000000|
20170317_163356|19070|109|12.987013|1|CarroTeste2|1|circulo_r60_xc160_yc120|0|0|98|162|0.000000|0.000000|0.000000|0.000000|0.000000|-927.291870|0.165149|0.617793|0.452645|0.000000|-46.364594|-46.364594|
20170317_163356|19147|111|12.987013|1|CarroTeste|0|circulo_r60_xc160_yc120|0|0|0|0|0.000000|0.000000|0.000000|0.000000|0.000000|0.000000|0.000000|0.000000|0.000000|0.000000|0.000000|0.000000|
20170317_163356|19148|111|12.987013|1|CarroTeste2|0|circulo_r60_xc160_yc120|0|0|98|162|0.000000|0.000000|0.000000|0.000000|0.000000|0.000000|0.000000|0.000000|0.000000|0.000000|0.000000|0.000000|
20170317_163356|19224|113|12.987013|1|CarroTeste|0|circulo_r60_xc160_yc120|0|0|0|0|0.000000|0.000000|0.000000|0.000000|0.000000|0.000000|0.000000|0.000000|0.000000|0.000000|0.000000|0.000000|
20170317_163356|19228|113|12.987013|1|CarroTeste2|1|circulo_r60_xc160_yc120|0|0|85|161|0.000000|0.000000|0.000000|0.000000|0.000000|-847.398240|0.165149|0.645567|0.480418|0.000000|-42.369912|-42.369912|
20170317_163356|19299|115|12.987013|1|CarroTeste|0|circulo_r60_xc160_yc120|0|0|0|0|0.000000|0.000000|0.000000|0.000000|0.000000|0.000000|0.000000|0.000000|0.000000|0.000000|0.000000|0.000000|
20170317_163356|19303|115|12.987013|1|CarroTeste2|1|circulo_r60_xc160_yc120|0|0|305|181|0.000000|0.000000|0.000000|0.000000|0.000000|-2333.169023|0.674741|0.657955|-0.016786|0.000000|-116.658451|-116.658451|
20170317_163356|19381|117|12.987013|1|CarroTeste|0|circulo_r60_xc160_yc120|0|0|0|0|0.000000|0.000000|0.000000|0.000000|0.000000|0.000000|0.000000|0.000000|0.000000|0.000000|0.000000|0.000000|
20170317_163356|19384|117|12.987013|1|CarroTeste2|1|circulo_r60_xc160_yc120|0|0|79|161|0.000000|0.000000|0.000000|0.000000|0.000000|-837.050794|0.165149|0.670897|0.505748|0.000000|-41.852540|-41.852540|
20170317_163356|19452|119|12.987013|1|CarroTeste|0|circulo_r60_xc160_yc120|0|0|0|0|0.000000|0.000000|0.000000|0.000000|0.000000|0.000000|0.000000|0.000000|0.000000|0.000000|0.000000|0.000000|
20170317_163356|19456|119|12.987013|1|CarroTeste2|1|circulo_r60_xc160_yc120|0|0|305|182|0.000000|0.000000|0.000000|0.000000|0.000000|-2362.703773|0.785398|0.681585|-0.103813|0.000000|-118.135189|-118.135189|
20170317_163356|19550|121|12.987013|1|CarroTeste|0|circulo_r60_xc160_yc120|0|0|0|0|0.000000|0.000000|0.000000|0.000000|0.000000|0.000000|0.000000|0.000000|0.000000|0.000000|0.000000|0.000000|
20170317_163356|19554|121|12.987013|1|CarroTeste2|1|circulo_r60_xc160_yc120|0|0|75|161|0.000000|0.000000|0.000000|0.000000|0.000000|-839.689237|0.076772|0.695397|0.618625|0.000000|-41.984462|-41.984462|
20170317_163356|19611|123|12.987013|1|CarroTeste|0|circulo_r60_xc160_yc120|0|0|0|0|0.000000|0.000000|0.000000|0.000000|0.000000|0.000000|0.000000|0.000000|0.000000|0.000000|0.000000|0.000000|
20170317_163356|19614|123|12.987013|1|CarroTeste2|1|circulo_r60_xc160_yc120|0|0|67|160|0.000000|0.000000|0.000000|0.000000|0.000000|-791.659747|0.226799|0.703607|0.476809|0.000000|-39.582987|-39.582987|
20170317_163356|19695|125|12.987013|1|CarroTeste|0|circulo_r60_xc160_yc120|0|0|0|0|0.000000|0.000000|0.000000|0.000000|0.000000|0.000000|0.000000|0.000000|0.000000|0.000000|0.000000|0.000000|
20170317_163356|19697|125|12.987013|1|CarroTeste2|0|circulo_r60_xc160_yc120|0|0|67|160|0.000000|0.000000|0.000000|0.000000|0.000000|0.000000|0.000000|0.000000|0.000000|0.000000|0.000000|0.000000|
20170317_163357|19767|127|12.987013|1|CarroTeste|0|circulo_r60_xc160_yc120|0|0|0|0|0.000000|0.000000|0.000000|0.000000|0.000000|0.000000|0.000000|0.000000|0.000000|0.000000|0.000000|0.000000|
20170317_163357|19768|127|12.987013|1|CarroTeste2|0|circulo_r60_xc160_yc120|0|0|67|160|0.000000|0.000000|0.000000|0.000000|0.000000|0.000000|0.000000|0.000000|0.000000|0.000000|0.000000|0.000000|
20170317_163357|19845|129|12.987013|1|CarroTeste|0|circulo_r60_xc160_yc120|0|0|0|0|0.000000|0.000000|0.000000|0.000000|0.000000|0.000000|0.000000|0.000000|0.000000|0.000000|0.000000|0.000000|
20170317_163357|19848|129|12.987013|1|CarroTeste2|1|circulo_r60_xc160_yc120|0|0|305|181|0.000000|0.000000|0.000000|0.000000|0.000000|-2397.059543|0.566729|0.731617|0.164888|0.000000|-119.852977|-119.852977|
20170317_163357|19933|131|12.987013|1|CarroTeste|0|circulo_r60_xc160_yc120|0|0|0|0|0.000000|0.000000|0.000000|0.000000|0.000000|0.000000|0.000000|0.000000|0.000000|0.000000|0.000000|0.000000|
20170317_163357|19936|131|12.987013|1|CarroTeste2|1|circulo_r60_xc160_yc120|0|0|51|159|0.000000|0.000000|0.000000|0.000000|0.000000|-712.676640|0.165149|0.740689|0.575540|0.000000|-35.633832|-35.633832|
20170317_163357|20000|133|12.987013|1|CarroTeste|0|circulo_r60_xc160_yc120|0|0|0|0|0.000000|0.000000|0.000000|0.000000|0.000000|0.000000|0.000000|0.000000|0.000000|0.000000|0.000000|0.000000|
20170317_163357|20004|133|12.987013|1|CarroTeste2|1|circulo_r60_xc160_yc120|0|0|49|159|0.000000|0.000000|0.000000|0.000000|0.000000|-703.143192|0.076772|0.747141|0.670369|0.000000|-35.157160|-35.157160|
20170317_163357|20080|135|12.987013|1|CarroTeste|0|circulo_r60_xc160_yc120|0|0|0|0|0.000000|0.000000|0.000000|0.000000|0.000000|0.000000|0.000000|0.000000|0.000000|0.000000|0.000000|0.000000|
20170317_163357|20083|135|12.987013|1|CarroTeste2|1|circulo_r60_xc160_yc120|0|0|306|181|0.000000|0.000000|0.000000|0.000000|0.000000|-2434.927423|0.661043|0.754020|0.092977|0.000000|-121.746371|-121.746371|
20170317_163357|20157|137|12.987013|1|CarroTeste|0|circulo_r60_xc160_yc120|0|0|0|0|0.000000|0.000000|0.000000|0.000000|0.000000|0.000000|0.000000|0.000000|0.000000|0.000000|0.000000|0.000000|
20170317_163357|20161|137|12.987013|1|CarroTeste2|1|circulo_r60_xc160_yc120|0|0|306|181|0.000000|0.000000|0.000000|0.000000|0.000000|-2458.476780|0.661043|0.760156|0.099113|0.000000|-122.923839|-122.923839|
20170317_163357|20240|139|12.987013|1|CarroTeste|0|circulo_r60_xc160_yc120|0|0|0|0|0.000000|0.000000|0.000000|0.000000|0.000000|0.000000|0.000000|0.000000|0.000000|0.000000|0.000000|0.000000|
20170317_163357|20245|139|12.987013|1|CarroTeste2|1|circulo_r60_xc160_yc120|0|0|36|158|0.000000|0.000000|0.000000|0.000000|0.000000|-666.592112|-0.090660|0.765963|0.856623|0.000000|-33.329606|-33.329606|
20170317_163357|20316|141|12.500000|1|CarroTeste|0|circulo_r60_xc160_yc120|0|0|0|0|0.000000|0.000000|0.000000|0.000000|0.000000|0.000000|0.000000|0.000000|0.000000|0.000000|0.000000|0.000000|
20170317_163357|20318|141|12.500000|1|CarroTeste2|0|circulo_r60_xc160_yc120|0|0|36|158|0.000000|0.000000|0.000000|0.000000|0.000000|0.000000|0.000000|0.000000|0.000000|0.000000|0.000000|0.000000|
20170317_163357|20397|143|12.987013|1|CarroTeste|0|circulo_r60_xc160_yc120|0|0|0|0|0.000000|0.000000|0.000000|0.000000|0.000000|0.000000|0.000000|0.000000|0.000000|0.000000|0.000000|0.000000|
20170317_163357|20399|143|12.987013|1|CarroTeste2|0|circulo_r60_xc160_yc120|0|0|36|158|0.000000|0.000000|0.000000|0.000000|0.000000|0.000000|0.000000|0.000000|0.000000|0.000000|0.000000|0.000000|
20170317_163357|20472|145|12.987013|1|CarroTeste|0|circulo_r60_xc160_yc120|0|0|0|0|0.000000|0.000000|0.000000|0.000000|0.000000|0.000000|0.000000|0.000000|0.000000|0.000000|0.000000|0.000000|
20170317_163357|20473|145|12.987013|1|CarroTeste2|0|circulo_r60_xc160_yc120|0|0|36|158|0.000000|0.000000|0.000000|0.000000|0.000000|0.000000|0.000000|0.000000|0.000000|0.000000|0.000000|0.000000|
20170317_163357|20545|147|12.987013|1|CarroTeste|0|circulo_r60_xc160_yc120|0|0|0|0|0.000000|0.000000|0.000000|0.000000|0.000000|0.000000|0.000000|0.000000|0.000000|0.000000|0.000000|0.000000|
20170317_163357|20546|147|12.987013|1|CarroTeste2|0|circulo_r60_xc160_yc120|0|0|36|158|0.000000|0.000000|0.000000|0.000000|0.000000|0.000000|0.000000|0.000000|0.000000|0.000000|0.000000|0.000000|
20170317_163357|20629|149|12.987013|1|CarroTeste|0|circulo_r60_xc160_yc120|0|0|0|0|0.000000|0.000000|0.000000|0.000000|0.000000|0.000000|0.000000|0.000000|0.000000|0.000000|0.000000|0.000000|
20170317_163357|20633|149|12.987013|1|CarroTeste2|1|circulo_r60_xc160_yc120|0|0|28|157|0.000000|0.000000|0.000000|0.000000|0.000000|-615.551276|0.000000|0.783114|0.783114|0.000000|-30.777564|-30.777564|
20170317_163357|20706|151|12.987013|1|CarroTeste|0|circulo_r60_xc160_yc120|0|0|0|0|0.000000|0.000000|0.000000|0.000000|0.000000|0.000000|0.000000|0.000000|0.000000|0.000000|0.000000|0.000000|
20170317_163357|20710|151|12.987013|1|CarroTeste2|1|circulo_r60_xc160_yc120|0|0|28|157|0.000000|0.000000|0.000000|0.000000|0.000000|-617.698393|0.000000|0.784522|0.784522|0.000000|-30.884920|-30.884920|
20170317_163358|20811|153|12.987013|1|CarroTeste|0|circulo_r60_xc160_yc120|0|0|0|0|0.000000|0.000000|0.000000|0.000000|0.000000|0.000000|0.000000|0.000000|0.000000|0.000000|0.000000|0.000000|
20170317_163358|20815|153|12.987013|1|CarroTeste2|1|circulo_r60_xc160_yc120|0|0|28|157|0.000000|0.000000|0.000000|0.000000|0.000000|-619.845973|0.076772|0.785375|0.708603|0.000000|-30.992299|-30.992299|
20170317_163358|20868|155|11.494253|1|CarroTeste|0|circulo_r60_xc160_yc120|0|0|0|0|0.000000|0.000000|0.000000|0.000000|0.000000|0.000000|0.000000|0.000000|0.000000|0.000000|0.000000|0.000000|
20170317_163358|20872|155|11.494253|1|CarroTeste2|1|circulo_r60_xc160_yc120|0|0|28|157|0.000000|0.000000|0.000000|0.000000|0.000000|-620.206125|0.000000|0.785323|0.785323|0.000000|-31.010306|-31.010306|
20170317_163358|20951|157|12.987013|1|CarroTeste|0|circulo_r60_xc160_yc120|0|0|0|0|0.000000|0.000000|0.000000|0.000000|0.000000|0.000000|0.000000|0.000000|0.000000|0.000000|0.000000|0.000000|
20170317_163358|20955|157|12.987013|1|CarroTeste2|1|circulo_r60_xc160_yc120|0|0|28|157|0.000000|0.000000|0.000000|0.000000|0.000000|-624.422237|0.165149|0.784599|0.619450|0.000000|-31.221112|-31.221112|
20170317_163358|21025|159|12.987013|1|CarroTeste|0|circulo_r60_xc160_yc120|0|0|0|0|0.000000|0.000000|0.000000|0.000000|0.000000|0.000000|0.000000|0.000000|0.000000|0.000000|0.000000|0.000000|
20170317_163358|21029|159|12.987013|1|CarroTeste2|1|circulo_r60_xc160_yc120|0|0|306|181|0.000000|0.000000|0.000000|0.000000|0.000000|-2495.796553|0.661043|0.783306|0.122263|0.000000|-124.789828|-124.789828|
20170317_163358|21129|161|12.987013|1|CarroTeste|0|circulo_r60_xc160_yc120|0|0|0|0|0.000000|0.000000|0.000000|0.000000|0.000000|0.000000|0.000000|0.000000|0.000000|0.000000|0.000000|0.000000|
20170317_163358|21132|161|12.987013|1|CarroTeste2|1|circulo_r60_xc160_yc120|0|0|28|157|0.000000|0.000000|0.000000|0.000000|0.000000|-650.128381|0.076772|0.780491|0.703719|0.000000|-32.506419|-32.506419|
20170317_163401|23971|1|0.000001|0||0||0|0|0|0|0.000000|0.000000|0.000000|0.000000|0.000000|0.000000|0.000000|0.000000|0.000000|0.000000|0.000000|0.000000|
20170317_163401|24187|2|5.000000|0||0||0|0|0|0|0.000000|0.000000|0.000000|0.000000|0.000000|0.000000|0.000000|0.000000|0.000000|0.000000|0.000000|0.000000|
20170317_163401|24244|3|13.157895|0||0||0|0|0|0|0.000000|0.000000|0.000000|0.000000|0.000000|0.000000|0.000000|0.000000|0.000000|0.000000|0.000000|0.000000|
20170317_163401|24310|4|16.666667|0||0||0|0|0|0|0.000000|0.000000|0.000000|0.000000|0.000000|0.000000|0.000000|0.000000|0.000000|0.000000|0.000000|0.000000|
20170317_163401|24392|5|12.500000|0||0||0|0|0|0|0.000000|0.000000|0.000000|0.000000|0.000000|0.000000|0.000000|0.000000|0.000000|0.000000|0.000000|0.000000|
20170317_163401|24482|6|10.204082|0||0||0|0|0|0|0.000000|0.000000|0.000000|0.000000|0.000000|0.000000|0.000000|0.000000|0.000000|0.000000|0.000000|0.000000|
20170317_163401|24573|7|11.235955|0||0||0|0|0|0|0.000000|0.000000|0.000000|0.000000|0.000000|0.000000|0.000000|0.000000|0.000000|0.000000|0.000000|0.000000|
20170317_163401|24662|8|10.752688|0||0||0|0|0|0|0.000000|0.000000|0.000000|0.000000|0.000000|0.000000|0.000000|0.000000|0.000000|0.000000|0.000000|0.000000|
20170317_163402|24723|9|18.518519|0||0||0|0|0|0|0.000000|0.000000|0.000000|0.000000|0.000000|0.000000|0.000000|0.000000|0.000000|0.000000|0.000000|0.000000|
20170317_163402|24767|10|20.000000|0||0||0|0|0|0|0.000000|0.000000|0.000000|0.000000|0.000000|0.000000|0.000000|0.000000|0.000000|0.000000|0.000000|0.000000|
20170317_163402|24839|11|14.285714|0||0||0|0|0|0|0.000000|0.000000|0.000000|0.000000|0.000000|0.000000|0.000000|0.000000|0.000000|0.000000|0.000000|0.000000|
20170317_163402|24941|12|13.513514|0||0||0|0|0|0|0.000000|0.000000|0.000000|0.000000|0.000000|0.000000|0.000000|0.000000|0.000000|0.000000|0.000000|0.000000|
20170317_163402|25022|13|9.259259|0||0||0|0|0|0|0.000000|0.000000|0.000000|0.000000|0.000000|0.000000|0.000000|0.000000|0.000000|0.000000|0.000000|0.000000|
20170317_163402|25127|14|14.285714|0||0||0|0|0|0|0.000000|0.000000|0.000000|0.000000|0.000000|0.000000|0.000000|0.000000|0.000000|0.000000|0.000000|0.000000|
20170317_163402|25180|15|10.989011|0||0||0|0|0|0|0.000000|0.000000|0.000000|0.000000|0.000000|0.000000|0.000000|0.000000|0.000000|0.000000|0.000000|0.000000|
20170317_163402|25282|16|10.101010|0||0||0|0|0|0|0.000000|0.000000|0.000000|0.000000|0.000000|0.000000|0.000000|0.000000|0.000000|0.000000|0.000000|0.000000|
20170317_163402|25347|17|20.408163|0||0||0|0|0|0|0.000000|0.000000|0.000000|0.000000|0.000000|0.000000|0.000000|0.000000|0.000000|0.000000|0.000000|0.000000|
20170317_163402|25426|18|11.627907|0||0||0|0|0|0|0.000000|0.000000|0.000000|0.000000|0.000000|0.000000|0.000000|0.000000|0.000000|0.000000|0.000000|0.000000|
20170317_163402|25520|19|10.000000|0||0||0|0|0|0|0.000000|0.000000|0.000000|0.000000|0.000000|0.000000|0.000000|0.000000|0.000000|0.000000|0.000000|0.000000|
20170317_163402|25604|20|11.627907|0||0||0|0|0|0|0.000000|0.000000|0.000000|0.000000|0.000000|0.000000|0.000000|0.000000|0.000000|0.000000|0.000000|0.000000|
20170317_163402|25704|21|9.900990|0||0||0|0|0|0|0.000000|0.000000|0.000000|0.000000|0.000000|0.000000|0.000000|0.000000|0.000000|0.000000|0.000000|0.000000|
20170317_163403|25804|22|10.989011|0||0||0|0|0|0|0.000000|0.000000|0.000000|0.000000|0.000000|0.000000|0.000000|0.000000|0.000000|0.000000|0.000000|0.000000|
20170317_163403|25890|23|10.526316|0||0||0|0|0|0|0.000000|0.000000|0.000000|0.000000|0.000000|0.000000|0.000000|0.000000|0.000000|0.000000|0.000000|0.000000|
20170317_163403|25984|24|10.752688|0||0||0|0|0|0|0.000000|0.000000|0.000000|0.000000|0.000000|0.000000|0.000000|0.000000|0.000000|0.000000|0.000000|0.000000|
20170317_163403|26075|25|10.989011|0||0||0|0|0|0|0.000000|0.000000|0.000000|0.000000|0.000000|0.000000|0.000000|0.000000|0.000000|0.000000|0.000000|0.000000|
20170317_163403|26171|26|10.869565|0||0||0|0|0|0|0.000000|0.000000|0.000000|0.000000|0.000000|0.000000|0.000000|0.000000|0.000000|0.000000|0.000000|0.000000|
20170317_163403|26238|27|14.084507|0||0||0|0|0|0|0.000000|0.000000|0.000000|0.000000|0.000000|0.000000|0.000000|0.000000|0.000000|0.000000|0.000000|0.000000|
20170317_163403|26313|28|14.084507|0||0||0|0|0|0|0.000000|0.000000|0.000000|0.000000|0.000000|0.000000|0.000000|0.000000|0.000000|0.000000|0.000000|0.000000|
20170317_163403|26402|29|10.638298|0||0||0|0|0|0|0.000000|0.000000|0.000000|0.000000|0.000000|0.000000|0.000000|0.000000|0.000000|0.000000|0.000000|0.000000|
20170317_163403|26493|30|10.752688|0||0||0|0|0|0|0.000000|0.000000|0.000000|0.000000|0.000000|0.000000|0.000000|0.000000|0.000000|0.000000|0.000000|0.000000|
20170317_163403|26589|31|10.752688|0||0||0|0|0|0|0.000000|0.000000|0.000000|0.000000|0.000000|0.000000|0.000000|0.000000|0.000000|0.000000|0.000000|0.000000|
20170317_163403|26686|32|10.526316|0||0||0|0|0|0|0.000000|0.000000|0.000000|0.000000|0.000000|0.000000|0.000000|0.000000|0.000000|0.000000|0.000000|0.000000|
20170317_163404|26776|33|10.752688|0||0||0|0|0|0|0.000000|0.000000|0.000000|0.000000|0.000000|0.000000|0.000000|0.000000|0.000000|0.000000|0.000000|0.000000|
20170317_163404|26876|34|10.752688|0||0||0|0|0|0|0.000000|0.000000|0.000000|0.000000|0.000000|0.000000|0.000000|0.000000|0.000000|0.000000|0.000000|0.000000|
20170317_163404|26964|35|10.638298|0||0||0|0|0|0|0.000000|0.000000|0.000000|0.000000|0.000000|0.000000|0.000000|0.000000|0.000000|0.000000|0.000000|0.000000|
20170317_163404|27054|36|10.526316|0||0||0|0|0|0|0.000000|0.000000|0.000000|0.000000|0.000000|0.000000|0.000000|0.000000|0.000000|0.000000|0.000000|0.000000|
20170317_163404|27159|37|10.101010|0||0||0|0|0|0|0.000000|0.000000|0.000000|0.000000|0.000000|0.000000|0.000000|0.000000|0.000000|0.000000|0.000000|0.000000|
20170317_163404|27250|38|11.494253|0||0||0|0|0|0|0.000000|0.000000|0.000000|0.000000|0.000000|0.000000|0.000000|0.000000|0.000000|0.000000|0.000000|0.000000|
20170317_163404|27341|39|10.526316|0||0||0|0|0|0|0.000000|0.000000|0.000000|0.000000|0.000000|0.000000|0.000000|0.000000|0.000000|0.000000|0.000000|0.000000|
20170317_163404|27436|40|10.752688|0||0||0|0|0|0|0.000000|0.000000|0.000000|0.000000|0.000000|0.000000|0.000000|0.000000|0.000000|0.000000|0.000000|0.000000|
20170317_163404|27523|41|10.638298|0||0||0|0|0|0|0.000000|0.000000|0.000000|0.000000|0.000000|0.000000|0.000000|0.000000|0.000000|0.000000|0.000000|0.000000|
20170317_163404|27623|42|10.638298|0||0||0|0|0|0|0.000000|0.000000|0.000000|0.000000|0.000000|0.000000|0.000000|0.000000|0.000000|0.000000|0.000000|0.000000|
20170317_163404|27711|43|10.752688|0||0||0|0|0|0|0.000000|0.000000|0.000000|0.000000|0.000000|0.000000|0.000000|0.000000|0.000000|0.000000|0.000000|0.000000|
20170317_163405|27803|44|10.752688|0||0||0|0|0|0|0.000000|0.000000|0.000000|0.000000|0.000000|0.000000|0.000000|0.000000|0.000000|0.000000|0.000000|0.000000|
20170317_163405|27854|45|21.276596|0||0||0|0|0|0|0.000000|0.000000|0.000000|0.000000|0.000000|0.000000|0.000000|0.000000|0.000000|0.000000|0.000000|0.000000|
20170317_163405|27950|46|10.000000|0||0||0|0|0|0|0.000000|0.000000|0.000000|0.000000|0.000000|0.000000|0.000000|0.000000|0.000000|0.000000|0.000000|0.000000|
20170317_163405|28050|47|11.363636|0||0||0|0|0|0|0.000000|0.000000|0.000000|0.000000|0.000000|0.000000|0.000000|0.000000|0.000000|0.000000|0.000000|0.000000|
20170317_163405|28141|48|10.416667|0||0||0|0|0|0|0.000000|0.000000|0.000000|0.000000|0.000000|0.000000|0.000000|0.000000|0.000000|0.000000|0.000000|0.000000|
20170317_163405|28227|49|10.989011|0||0||0|0|0|0|0.000000|0.000000|0.000000|0.000000|0.000000|0.000000|0.000000|0.000000|0.000000|0.000000|0.000000|0.000000|
20170317_163405|28332|50|10.416667|0||0||0|0|0|0|0.000000|0.000000|0.000000|0.000000|0.000000|0.000000|0.000000|0.000000|0.000000|0.000000|0.000000|0.000000|
20170317_163405|28413|51|10.869565|0||0||0|0|0|0|0.000000|0.000000|0.000000|0.000000|0.000000|0.000000|0.000000|0.000000|0.000000|0.000000|0.000000|0.000000|
20170317_163405|28525|52|10.416667|0||0||0|0|0|0|0.000000|0.000000|0.000000|0.000000|0.000000|0.000000|0.000000|0.000000|0.000000|0.000000|0.000000|0.000000|
20170317_163405|28641|53|10.204082|0||0||0|0|0|0|0.000000|0.000000|0.000000|0.000000|0.000000|0.000000|0.000000|0.000000|0.000000|0.000000|0.000000|0.000000|
20170317_163406|28744|54|7.462687|0||0||0|0|0|0|0.000000|0.000000|0.000000|0.000000|0.000000|0.000000|0.000000|0.000000|0.000000|0.000000|0.000000|0.000000|
20170317_163406|28837|55|10.526316|0||0||0|0|0|0|0.000000|0.000000|0.000000|0.000000|0.000000|0.000000|0.000000|0.000000|0.000000|0.000000|0.000000|0.000000|
20170317_163406|28937|56|10.309278|0||0||0|0|0|0|0.000000|0.000000|0.000000|0.000000|0.000000|0.000000|0.000000|0.000000|0.000000|0.000000|0.000000|0.000000|
20170317_163406|29024|57|11.111111|0||0||0|0|0|0|0.000000|0.000000|0.000000|0.000000|0.000000|0.000000|0.000000|0.000000|0.000000|0.000000|0.000000|0.000000|
20170317_163406|29129|58|10.638298|0||0||0|0|0|0|0.000000|0.000000|0.000000|0.000000|0.000000|0.000000|0.000000|0.000000|0.000000|0.000000|0.000000|0.000000|
20170317_163406|29218|59|10.752688|0||0||0|0|0|0|0.000000|0.000000|0.000000|0.000000|0.000000|0.000000|0.000000|0.000000|0.000000|0.000000|0.000000|0.000000|
20170317_163406|29312|60|10.752688|0||0||0|0|0|0|0.000000|0.000000|0.000000|0.000000|0.000000|0.000000|0.000000|0.000000|0.000000|0.000000|0.000000|0.000000|
20170317_163406|29402|61|10.416667|0||0||0|0|0|0|0.000000|0.000000|0.000000|0.000000|0.000000|0.000000|0.000000|0.000000|0.000000|0.000000|0.000000|0.000000|
20170317_163406|29471|62|14.705882|0||0||0|0|0|0|0.000000|0.000000|0.000000|0.000000|0.000000|0.000000|0.000000|0.000000|0.000000|0.000000|0.000000|0.000000|
20170317_163406|29542|63|14.084507|0||0||0|0|0|0|0.000000|0.000000|0.000000|0.000000|0.000000|0.000000|0.000000|0.000000|0.000000|0.000000|0.000000|0.000000|
20170317_163406|29637|64|10.416667|0||0||0|0|0|0|0.000000|0.000000|0.000000|0.000000|0.000000|0.000000|0.000000|0.000000|0.000000|0.000000|0.000000|0.000000|
20170317_163407|29741|65|10.989011|0||0||0|0|0|0|0.000000|0.000000|0.000000|0.000000|0.000000|0.000000|0.000000|0.000000|0.000000|0.000000|0.000000|0.000000|
20170317_163407|29829|66|9.803922|0||0||0|0|0|0|0.000000|0.000000|0.000000|0.000000|0.000000|0.000000|0.000000|0.000000|0.000000|0.000000|0.000000|0.000000|
20170317_163407|29913|67|11.627907|0||0||0|0|0|0|0.000000|0.000000|0.000000|0.000000|0.000000|0.000000|0.000000|0.000000|0.000000|0.000000|0.000000|0.000000|
20170317_163407|30016|68|9.900990|0||0||0|0|0|0|0.000000|0.000000|0.000000|0.000000|0.000000|0.000000|0.000000|0.000000|0.000000|0.000000|0.000000|0.000000|
20170317_163407|30105|69|11.494253|0||0||0|0|0|0|0.000000|0.000000|0.000000|0.000000|0.000000|0.000000|0.000000|0.000000|0.000000|0.000000|0.000000|0.000000|
20170317_163407|30209|70|9.900990|0||0||0|0|0|0|0.000000|0.000000|0.000000|0.000000|0.000000|0.000000|0.000000|0.000000|0.000000|0.000000|0.000000|0.000000|
20170317_163407|30287|71|11.627907|0||0||0|0|0|0|0.000000|0.000000|0.000000|0.000000|0.000000|0.000000|0.000000|0.000000|0.000000|0.000000|0.000000|0.000000|
20170317_163407|30349|72|20.833333|0||0||0|0|0|0|0.000000|0.000000|0.000000|0.000000|0.000000|0.000000|0.000000|0.000000|0.000000|0.000000|0.000000|0.000000|
20170317_163407|30429|73|10.869565|0||0||0|0|0|0|0.000000|0.000000|0.000000|0.000000|0.000000|0.000000|0.000000|0.000000|0.000000|0.000000|0.000000|0.000000|
20170317_163407|30521|74|10.638298|0||0||0|0|0|0|0.000000|0.000000|0.000000|0.000000|0.000000|0.000000|0.000000|0.000000|0.000000|0.000000|0.000000|0.000000|
20170317_163407|30617|75|10.752688|0||0||0|0|0|0|0.000000|0.000000|0.000000|0.000000|0.000000|0.000000|0.000000|0.000000|0.000000|0.000000|0.000000|0.000000|
20170317_163407|30714|76|10.526316|0||0||0|0|0|0|0.000000|0.000000|0.000000|0.000000|0.000000|0.000000|0.000000|0.000000|0.000000|0.000000|0.000000|0.000000|
20170317_163408|30804|77|10.638298|0||0||0|0|0|0|0.000000|0.000000|0.000000|0.000000|0.000000|0.000000|0.000000|0.000000|0.000000|0.000000|0.000000|0.000000|
20170317_163408|30900|78|10.526316|0||0||0|0|0|0|0.000000|0.000000|0.000000|0.000000|0.000000|0.000000|0.000000|0.000000|0.000000|0.000000|0.000000|0.000000|
20170317_163408|30958|79|19.607843|0||0||0|0|0|0|0.000000|0.000000|0.000000|0.000000|0.000000|0.000000|0.000000|0.000000|0.000000|0.000000|0.000000|0.000000|
20170317_163408|31039|80|11.363636|0||0||0|0|0|0|0.000000|0.000000|0.000000|0.000000|0.000000|0.000000|0.000000|0.000000|0.000000|0.000000|0.000000|0.000000|
20170317_163408|31145|81|10.000000|0||0||0|0|0|0|0.000000|0.000000|0.000000|0.000000|0.000000|0.000000|0.000000|0.000000|0.000000|0.000000|0.000000|0.000000|
20170317_163408|31241|82|10.638298|0||0||0|0|0|0|0.000000|0.000000|0.000000|0.000000|0.000000|0.000000|0.000000|0.000000|0.000000|0.000000|0.000000|0.000000|
20170317_163408|31320|83|11.363636|0||0||0|0|0|0|0.000000|0.000000|0.000000|0.000000|0.000000|0.000000|0.000000|0.000000|0.000000|0.000000|0.000000|0.000000|
20170317_163408|31416|84|10.752688|0||0||0|0|0|0|0.000000|0.000000|0.000000|0.000000|0.000000|0.000000|0.000000|0.000000|0.000000|0.000000|0.000000|0.000000|
20170317_163408|31545|85|10.000000|0||0||0|0|0|0|0.000000|0.000000|0.000000|0.000000|0.000000|0.000000|0.000000|0.000000|0.000000|0.000000|0.000000|0.000000|
20170317_163408|31654|86|7.092199|0||0||0|0|0|0|0.000000|0.000000|0.000000|0.000000|0.000000|0.000000|0.000000|0.000000|0.000000|0.000000|0.000000|0.000000|
20170317_163409|31753|87|11.363636|0||0||0|0|0|0|0.000000|0.000000|0.000000|0.000000|0.000000|0.000000|0.000000|0.000000|0.000000|0.000000|0.000000|0.000000|
20170317_163409|31839|88|10.416667|0||0||0|0|0|0|0.000000|0.000000|0.000000|0.000000|0.000000|0.000000|0.000000|0.000000|0.000000|0.000000|0.000000|0.000000|
20170317_163409|31931|89|10.989011|0||0||0|0|0|0|0.000000|0.000000|0.000000|0.000000|0.000000|0.000000|0.000000|0.000000|0.000000|0.000000|0.000000|0.000000|
20170317_163409|32027|90|10.101010|0||0||0|0|0|0|0.000000|0.000000|0.000000|0.000000|0.000000|0.000000|0.000000|0.000000|0.000000|0.000000|0.000000|0.000000|
20170317_163409|32120|91|11.111111|0||0||0|0|0|0|0.000000|0.000000|0.000000|0.000000|0.000000|0.000000|0.000000|0.000000|0.000000|0.000000|0.000000|0.000000|
20170317_163409|32177|92|17.241379|0||0||0|0|0|0|0.000000|0.000000|0.000000|0.000000|0.000000|0.000000|0.000000|0.000000|0.000000|0.000000|0.000000|0.000000|
20170317_163409|32263|93|14.285714|0||0||0|0|0|0|0.000000|0.000000|0.000000|0.000000|0.000000|0.000000|0.000000|0.000000|0.000000|0.000000|0.000000|0.000000|
20170317_163409|32319|94|14.084507|0||0||0|0|0|0|0.000000|0.000000|0.000000|0.000000|0.000000|0.000000|0.000000|0.000000|0.000000|0.000000|0.000000|0.000000|
20170317_163409|32371|95|18.518519|0||0||0|0|0|0|0.000000|0.000000|0.000000|0.000000|0.000000|0.000000|0.000000|0.000000|0.000000|0.000000|0.000000|0.000000|
20170317_163409|32451|96|13.513514|0||0||0|0|0|0|0.000000|0.000000|0.000000|0.000000|0.000000|0.000000|0.000000|0.000000|0.000000|0.000000|0.000000|0.000000|
20170317_163409|32545|97|10.204082|0||0||0|0|0|0|0.000000|0.000000|0.000000|0.000000|0.000000|0.000000|0.000000|0.000000|0.000000|0.000000|0.000000|0.000000|
20170317_163409|32632|98|11.111111|0||0||0|0|0|0|0.000000|0.000000|0.000000|0.000000|0.000000|0.000000|0.000000|0.000000|0.000000|0.000000|0.000000|0.000000|
20170317_163409|32707|99|13.888889|0||0||0|0|0|0|0.000000|0.000000|0.000000|0.000000|0.000000|0.000000|0.000000|0.000000|0.000000|0.000000|0.000000|0.000000|
20170317_163410|32773|100|14.925373|0||0||0|0|0|0|0.000000|0.000000|0.000000|0.000000|0.000000|0.000000|0.000000|0.000000|0.000000|0.000000|0.000000|0.000000|
20170317_163410|32868|101|10.638298|0||0||0|0|0|0|0.000000|0.000000|0.000000|0.000000|0.000000|0.000000|0.000000|0.000000|0.000000|0.000000|0.000000|0.000000|
20170317_163410|32971|102|9.803922|0||0||0|0|0|0|0.000000|0.000000|0.000000|0.000000|0.000000|0.000000|0.000000|0.000000|0.000000|0.000000|0.000000|0.000000|
20170317_163410|33069|103|10.869565|0||0||0|0|0|0|0.000000|0.000000|0.000000|0.000000|0.000000|0.000000|0.000000|0.000000|0.000000|0.000000|0.000000|0.000000|
20170317_163410|33194|104|7.518797|0||0||0|0|0|0|0.000000|0.000000|0.000000|0.000000|0.000000|0.000000|0.000000|0.000000|0.000000|0.000000|0.000000|0.000000|
20170317_163410|33243|105|20.408163|0||0||0|0|0|0|0.000000|0.000000|0.000000|0.000000|0.000000|0.000000|0.000000|0.000000|0.000000|0.000000|0.000000|0.000000|
20170317_163410|33325|106|12.195122|0||0||0|0|0|0|0.000000|0.000000|0.000000|0.000000|0.000000|0.000000|0.000000|0.000000|0.000000|0.000000|0.000000|0.000000|
20170317_163410|33384|107|16.393443|0||0||0|0|0|0|0.000000|0.000000|0.000000|0.000000|0.000000|0.000000|0.000000|0.000000|0.000000|0.000000|0.000000|0.000000|
20170317_163410|33497|108|14.925373|0||0||0|0|0|0|0.000000|0.000000|0.000000|0.000000|0.000000|0.000000|0.000000|0.000000|0.000000|0.000000|0.000000|0.000000|
20170317_163410|33549|109|10.416667|0||0||0|0|0|0|0.000000|0.000000|0.000000|0.000000|0.000000|0.000000|0.000000|0.000000|0.000000|0.000000|0.000000|0.000000|
20170317_163410|33624|110|13.513514|0||0||0|0|0|0|0.000000|0.000000|0.000000|0.000000|0.000000|0.000000|0.000000|0.000000|0.000000|0.000000|0.000000|0.000000|
20170317_163411|33734|111|10.638298|0||0||0|0|0|0|0.000000|0.000000|0.000000|0.000000|0.000000|0.000000|0.000000|0.000000|0.000000|0.000000|0.000000|0.000000|
20170317_163411|33810|112|11.363636|0||0||0|0|0|0|0.000000|0.000000|0.000000|0.000000|0.000000|0.000000|0.000000|0.000000|0.000000|0.000000|0.000000|0.000000|
20170317_163411|33907|113|10.638298|0||0||0|0|0|0|0.000000|0.000000|0.000000|0.000000|0.000000|0.000000|0.000000|0.000000|0.000000|0.000000|0.000000|0.000000|
20170317_163411|33993|114|10.752688|0||0||0|0|0|0|0.000000|0.000000|0.000000|0.000000|0.000000|0.000000|0.000000|0.000000|0.000000|0.000000|0.000000|0.000000|
20170317_163411|34094|115|10.526316|0||0||0|0|0|0|0.000000|0.000000|0.000000|0.000000|0.000000|0.000000|0.000000|0.000000|0.000000|0.000000|0.000000|0.000000|
20170317_163411|34178|116|10.869565|0||0||0|0|0|0|0.000000|0.000000|0.000000|0.000000|0.000000|0.000000|0.000000|0.000000|0.000000|0.000000|0.000000|0.000000|
20170317_163411|34240|117|16.393443|0||0||0|0|0|0|0.000000|0.000000|0.000000|0.000000|0.000000|0.000000|0.000000|0.000000|0.000000|0.000000|0.000000|0.000000|
20170317_163411|34329|118|12.195122|0||0||0|0|0|0|0.000000|0.000000|0.000000|0.000000|0.000000|0.000000|0.000000|0.000000|0.000000|0.000000|0.000000|0.000000|
20170317_163411|34420|119|10.309278|0||0||0|0|0|0|0.000000|0.000000|0.000000|0.000000|0.000000|0.000000|0.000000|0.000000|0.000000|0.000000|0.000000|0.000000|
20170317_163411|34526|120|10.526316|0||0||0|0|0|0|0.000000|0.000000|0.000000|0.000000|0.000000|0.000000|0.000000|0.000000|0.000000|0.000000|0.000000|0.000000|
20170317_163411|34602|121|11.363636|0||0||0|0|0|0|0.000000|0.000000|0.000000|0.000000|0.000000|0.000000|0.000000|0.000000|0.000000|0.000000|0.000000|0.000000|
20170317_163411|34697|122|10.752688|0||0||0|0|0|0|0.000000|0.000000|0.000000|0.000000|0.000000|0.000000|0.000000|0.000000|0.000000|0.000000|0.000000|0.000000|
20170317_163412|34795|123|10.101010|0||0||0|0|0|0|0.000000|0.000000|0.000000|0.000000|0.000000|0.000000|0.000000|0.000000|0.000000|0.000000|0.000000|0.000000|
20170317_163412|34885|124|11.111111|0||0||0|0|0|0|0.000000|0.000000|0.000000|0.000000|0.000000|0.000000|0.000000|0.000000|0.000000|0.000000|0.000000|0.000000|
20170317_163412|34975|125|10.869565|0||0||0|0|0|0|0.000000|0.000000|0.000000|0.000000|0.000000|0.000000|0.000000|0.000000|0.000000|0.000000|0.000000|0.000000|
20170317_163412|35057|126|12.345679|0||0||0|0|0|0|0.000000|0.000000|0.000000|0.000000|0.000000|0.000000|0.000000|0.000000|0.000000|0.000000|0.000000|0.000000|
20170317_163412|35119|127|16.129032|0||0||0|0|0|0|0.000000|0.000000|0.000000|0.000000|0.000000|0.000000|0.000000|0.000000|0.000000|0.000000|0.000000|0.000000|
20170317_163412|35178|128|16.949153|0||0||0|0|0|0|0.000000|0.000000|0.000000|0.000000|0.000000|0.000000|0.000000|0.000000|0.000000|0.000000|0.000000|0.000000|
20170317_163412|35241|129|16.129032|0||0||0|0|0|0|0.000000|0.000000|0.000000|0.000000|0.000000|0.000000|0.000000|0.000000|0.000000|0.000000|0.000000|0.000000|
20170317_163412|35307|130|15.625000|0||0||0|0|0|0|0.000000|0.000000|0.000000|0.000000|0.000000|0.000000|0.000000|0.000000|0.000000|0.000000|0.000000|0.000000|
20170317_163412|35403|131|10.204082|0||0||0|0|0|0|0.000000|0.000000|0.000000|0.000000|0.000000|0.000000|0.000000|0.000000|0.000000|0.000000|0.000000|0.000000|
20170317_163412|35500|132|10.309278|0||0||0|0|0|0|0.000000|0.000000|0.000000|0.000000|0.000000|0.000000|0.000000|0.000000|0.000000|0.000000|0.000000|0.000000|
20170317_163412|35594|133|10.638298|0||0||0|0|0|0|0.000000|0.000000|0.000000|0.000000|0.000000|0.000000|0.000000|0.000000|0.000000|0.000000|0.000000|0.000000|
20170317_163412|35679|134|11.627907|0||0||0|0|0|0|0.000000|0.000000|0.000000|0.000000|0.000000|0.000000|0.000000|0.000000|0.000000|0.000000|0.000000|0.000000|
20170317_163413|35786|135|10.416667|0||0||0|0|0|0|0.000000|0.000000|0.000000|0.000000|0.000000|0.000000|0.000000|0.000000|0.000000|0.000000|0.000000|0.000000|
20170317_163413|35867|136|10.752688|0||0||0|0|0|0|0.000000|0.000000|0.000000|0.000000|0.000000|0.000000|0.000000|0.000000|0.000000|0.000000|0.000000|0.000000|
20170317_163413|35963|137|10.638298|0||0||0|0|0|0|0.000000|0.000000|0.000000|0.000000|0.000000|0.000000|0.000000|0.000000|0.000000|0.000000|0.000000|0.000000|
20170317_163413|36059|138|10.869565|0||0||0|0|0|0|0.000000|0.000000|0.000000|0.000000|0.000000|0.000000|0.000000|0.000000|0.000000|0.000000|0.000000|0.000000|
20170317_163413|36150|139|10.416667|0||0||0|0|0|0|0.000000|0.000000|0.000000|0.000000|0.000000|0.000000|0.000000|0.000000|0.000000|0.000000|0.000000|0.000000|
20170317_163413|36252|140|10.101010|0||0||0|0|0|0|0.000000|0.000000|0.000000|0.000000|0.000000|0.000000|0.000000|0.000000|0.000000|0.000000|0.000000|0.000000|
20170317_163413|36338|141|11.494253|0||0||0|0|0|0|0.000000|0.000000|0.000000|0.000000|0.000000|0.000000|0.000000|0.000000|0.000000|0.000000|0.000000|0.000000|
20170317_163413|36399|142|16.666667|0||0||0|0|0|0|0.000000|0.000000|0.000000|0.000000|0.000000|0.000000|0.000000|0.000000|0.000000|0.000000|0.000000|0.000000|
20170317_163413|36482|143|11.494253|0||0||0|0|0|0|0.000000|0.000000|0.000000|0.000000|0.000000|0.000000|0.000000|0.000000|0.000000|0.000000|0.000000|0.000000|
20170317_163413|36570|144|11.363636|0||0||0|0|0|0|0.000000|0.000000|0.000000|0.000000|0.000000|0.000000|0.000000|0.000000|0.000000|0.000000|0.000000|0.000000|
20170317_163413|36677|145|10.638298|0||0||0|0|0|0|0.000000|0.000000|0.000000|0.000000|0.000000|0.000000|0.000000|0.000000|0.000000|0.000000|0.000000|0.000000|
20170317_163414|36738|146|14.084507|0||0||0|0|0|0|0.000000|0.000000|0.000000|0.000000|0.000000|0.000000|0.000000|0.000000|0.000000|0.000000|0.000000|0.000000|
20170317_163414|36814|147|12.987013|0||0||0|0|0|0|0.000000|0.000000|0.000000|0.000000|0.000000|0.000000|0.000000|0.000000|0.000000|0.000000|0.000000|0.000000|
20170317_163414|36880|148|15.384615|0||0||0|0|0|0|0.000000|0.000000|0.000000|0.000000|0.000000|0.000000|0.000000|0.000000|0.000000|0.000000|0.000000|0.000000|
20170317_163414|36962|149|13.888889|0||0||0|0|0|0|0.000000|0.000000|0.000000|0.000000|0.000000|0.000000|0.000000|0.000000|0.000000|0.000000|0.000000|0.000000|
20170317_163414|37049|150|10.204082|0||0||0|0|0|0|0.000000|0.000000|0.000000|0.000000|0.000000|0.000000|0.000000|0.000000|0.000000|0.000000|0.000000|0.000000|
20170317_163414|37133|151|11.764706|0||0||0|0|0|0|0.000000|0.000000|0.000000|0.000000|0.000000|0.000000|0.000000|0.000000|0.000000|0.000000|0.000000|0.000000|
20170317_163414|37227|152|10.752688|0||0||0|0|0|0|0.000000|0.000000|0.000000|0.000000|0.000000|0.000000|0.000000|0.000000|0.000000|0.000000|0.000000|0.000000|
20170317_163414|37327|153|10.101010|0||0||0|0|0|0|0.000000|0.000000|0.000000|0.000000|0.000000|0.000000|0.000000|0.000000|0.000000|0.000000|0.000000|0.000000|
20170317_163414|37413|154|11.111111|0||0||0|0|0|0|0.000000|0.000000|0.000000|0.000000|0.000000|0.000000|0.000000|0.000000|0.000000|0.000000|0.000000|0.000000|
20170317_163414|37515|155|10.101010|0||0||0|0|0|0|0.000000|0.000000|0.000000|0.000000|0.000000|0.000000|0.000000|0.000000|0.000000|0.000000|0.000000|0.000000|
20170317_163414|37591|156|17.543860|0||0||0|0|0|0|0.000000|0.000000|0.000000|0.000000|0.000000|0.000000|0.000000|0.000000|0.000000|0.000000|0.000000|0.000000|
20170317_163414|37665|157|12.658228|0||0||0|0|0|0|0.000000|0.000000|0.000000|0.000000|0.000000|0.000000|0.000000|0.000000|0.000000|0.000000|0.000000|0.000000|
20170317_163415|37748|158|10.752688|0||0||0|0|0|0|0.000000|0.000000|0.000000|0.000000|0.000000|0.000000|0.000000|0.000000|0.000000|0.000000|0.000000|0.000000|
20170317_163415|37799|159|18.518519|0||0||0|0|0|0|0.000000|0.000000|0.000000|0.000000|0.000000|0.000000|0.000000|0.000000|0.000000|0.000000|0.000000|0.000000|
20170317_163415|37844|160|21.276596|0||0||0|0|0|0|0.000000|0.000000|0.000000|0.000000|0.000000|0.000000|0.000000|0.000000|0.000000|0.000000|0.000000|0.000000|
20170317_163415|37911|161|15.151515|0||0||0|0|0|0|0.000000|0.000000|0.000000|0.000000|0.000000|0.000000|0.000000|0.000000|0.000000|0.000000|0.000000|0.000000|
20170317_163415|37980|162|14.925373|0||0||0|0|0|0|0.000000|0.000000|0.000000|0.000000|0.000000|0.000000|0.000000|0.000000|0.000000|0.000000|0.000000|0.000000|
20170317_163415|38084|163|10.204082|0||0||0|0|0|0|0.000000|0.000000|0.000000|0.000000|0.000000|0.000000|0.000000|0.000000|0.000000|0.000000|0.000000|0.000000|
20170317_163415|38152|164|12.820513|0||0||0|0|0|0|0.000000|0.000000|0.000000|0.000000|0.000000|0.000000|0.000000|0.000000|0.000000|0.000000|0.000000|0.000000|
20170317_163415|38233|165|12.658228|0||0||0|0|0|0|0.000000|0.000000|0.000000|0.000000|0.000000|0.000000|0.000000|0.000000|0.000000|0.000000|0.000000|0.000000|
20170317_163415|38290|166|19.607843|0||0||0|0|0|0|0.000000|0.000000|0.000000|0.000000|0.000000|0.000000|0.000000|0.000000|0.000000|0.000000|0.000000|0.000000|
20170317_163415|38353|167|14.492754|0||0||0|0|0|0|0.000000|0.000000|0.000000|0.000000|0.000000|0.000000|0.000000|0.000000|0.000000|0.000000|0.000000|0.000000|
20170317_163415|38452|168|10.000000|0||0||0|0|0|0|0.000000|0.000000|0.000000|0.000000|0.000000|0.000000|0.000000|0.000000|0.000000|0.000000|0.000000|0.000000|
20170317_163415|38556|169|11.494253|0||0||0|0|0|0|0.000000|0.000000|0.000000|0.000000|0.000000|0.000000|0.000000|0.000000|0.000000|0.000000|0.000000|0.000000|
20170317_163415|38632|170|10.526316|0||0||0|0|0|0|0.000000|0.000000|0.000000|0.000000|0.000000|0.000000|0.000000|0.000000|0.000000|0.000000|0.000000|0.000000|
20170317_163416|38727|171|10.752688|0||0||0|0|0|0|0.000000|0.000000|0.000000|0.000000|0.000000|0.000000|0.000000|0.000000|0.000000|0.000000|0.000000|0.000000|
20170317_163416|38787|172|16.393443|0||0||0|0|0|0|0.000000|0.000000|0.000000|0.000000|0.000000|0.000000|0.000000|0.000000|0.000000|0.000000|0.000000|0.000000|
20170317_163416|38873|173|12.345679|0||0||0|0|0|0|0.000000|0.000000|0.000000|0.000000|0.000000|0.000000|0.000000|0.000000|0.000000|0.000000|0.000000|0.000000|
20170317_163416|38965|174|10.752688|0||0||0|0|0|0|0.000000|0.000000|0.000000|0.000000|0.000000|0.000000|0.000000|0.000000|0.000000|0.000000|0.000000|0.000000|
20170317_163416|39061|175|10.309278|0||0||0|0|0|0|0.000000|0.000000|0.000000|0.000000|0.000000|0.000000|0.000000|0.000000|0.000000|0.000000|0.000000|0.000000|
20170317_163416|39158|176|10.416667|0||0||0|0|0|0|0.000000|0.000000|0.000000|0.000000|0.000000|0.000000|0.000000|0.000000|0.000000|0.000000|0.000000|0.000000|
20170317_163416|39248|177|10.869565|0||0||0|0|0|0|0.000000|0.000000|0.000000|0.000000|0.000000|0.000000|0.000000|0.000000|0.000000|0.000000|0.000000|0.000000|
20170317_163416|39356|178|10.869565|0||0||0|0|0|0|0.000000|0.000000|0.000000|0.000000|0.000000|0.000000|0.000000|0.000000|0.000000|0.000000|0.000000|0.000000|
20170317_163416|39410|179|15.384615|0||0||0|0|0|0|0.000000|0.000000|0.000000|0.000000|0.000000|0.000000|0.000000|0.000000|0.000000|0.000000|0.000000|0.000000|
20170317_163416|39489|180|13.698630|0||0||0|0|0|0|0.000000|0.000000|0.000000|0.000000|0.000000|0.000000|0.000000|0.000000|0.000000|0.000000|0.000000|0.000000|
20170317_163416|39577|181|10.000000|0||0||0|0|0|0|0.000000|0.000000|0.000000|0.000000|0.000000|0.000000|0.000000|0.000000|0.000000|0.000000|0.000000|0.000000|
20170317_163416|39671|182|11.627907|0||0||0|0|0|0|0.000000|0.000000|0.000000|0.000000|0.000000|0.000000|0.000000|0.000000|0.000000|0.000000|0.000000|0.000000|
20170317_163417|39772|183|9.900990|0||0||0|0|0|0|0.000000|0.000000|0.000000|0.000000|0.000000|0.000000|0.000000|0.000000|0.000000|0.000000|0.000000|0.000000|
20170317_163417|39856|184|10.869565|0||0||0|0|0|0|0.000000|0.000000|0.000000|0.000000|0.000000|0.000000|0.000000|0.000000|0.000000|0.000000|0.000000|0.000000|
20170317_163417|39953|185|10.752688|0||0||0|0|0|0|0.000000|0.000000|0.000000|0.000000|0.000000|0.000000|0.000000|0.000000|0.000000|0.000000|0.000000|0.000000|
20170317_163417|40026|186|13.333333|0||0||0|0|0|0|0.000000|0.000000|0.000000|0.000000|0.000000|0.000000|0.000000|0.000000|0.000000|0.000000|0.000000|0.000000|
20170317_163417|40090|187|16.129032|0||0||0|0|0|0|0.000000|0.000000|0.000000|0.000000|0.000000|0.000000|0.000000|0.000000|0.000000|0.000000|0.000000|0.000000|
20170317_163417|40181|188|10.752688|0||0||0|0|0|0|0.000000|0.000000|0.000000|0.000000|0.000000|0.000000|0.000000|0.000000|0.000000|0.000000|0.000000|0.000000|
20170317_163417|40275|189|10.638298|0||0||0|0|0|0|0.000000|0.000000|0.000000|0.000000|0.000000|0.000000|0.000000|0.000000|0.000000|0.000000|0.000000|0.000000|
20170317_163417|40370|190|10.526316|0||0||0|0|0|0|0.000000|0.000000|0.000000|0.000000|0.000000|0.000000|0.000000|0.000000|0.000000|0.000000|0.000000|0.000000|
20170317_163417|40475|191|10.638298|0||0||0|0|0|0|0.000000|0.000000|0.000000|0.000000|0.000000|0.000000|0.000000|0.000000|0.000000|0.000000|0.000000|0.000000|
20170317_163417|40563|192|10.204082|0||0||0|0|0|0|0.000000|0.000000|0.000000|0.000000|0.000000|0.000000|0.000000|0.000000|0.000000|0.000000|0.000000|0.000000|
20170317_163417|40634|193|14.492754|0||0||0|0|0|0|0.000000|0.000000|0.000000|0.000000|0.000000|0.000000|0.000000|0.000000|0.000000|0.000000|0.000000|0.000000|
20170317_163417|40713|194|13.333333|0||0||0|0|0|0|0.000000|0.000000|0.000000|0.000000|0.000000|0.000000|0.000000|0.000000|0.000000|0.000000|0.000000|0.000000|
20170317_163418|40817|195|10.752688|0||0||0|0|0|0|0.000000|0.000000|0.000000|0.000000|0.000000|0.000000|0.000000|0.000000|0.000000|0.000000|0.000000|0.000000|
20170317_163418|40884|196|11.363636|0||0||0|0|0|0|0.000000|0.000000|0.000000|0.000000|0.000000|0.000000|0.000000|0.000000|0.000000|0.000000|0.000000|0.000000|
20170317_163418|40971|197|12.195122|0||0||0|0|0|0|0.000000|0.000000|0.000000|0.000000|0.000000|0.000000|0.000000|0.000000|0.000000|0.000000|0.000000|0.000000|
20170317_163418|41040|198|14.084507|0||0||0|0|0|0|0.000000|0.000000|0.000000|0.000000|0.000000|0.000000|0.000000|0.000000|0.000000|0.000000|0.000000|0.000000|
20170317_163418|41121|199|12.658228|0||0||0|0|0|0|0.000000|0.000000|0.000000|0.000000|0.000000|0.000000|0.000000|0.000000|0.000000|0.000000|0.000000|0.000000|
20170317_163418|41219|200|9.900990|0||0||0|0|0|0|0.000000|0.000000|0.000000|0.000000|0.000000|0.000000|0.000000|0.000000|0.000000|0.000000|0.000000|0.000000|
20170317_163418|41334|201|10.638298|0||0||0|0|0|0|0.000000|0.000000|0.000000|0.000000|0.000000|0.000000|0.000000|0.000000|0.000000|0.000000|0.000000|0.000000|
20170317_163418|41405|202|11.363636|0||0||0|0|0|0|0.000000|0.000000|0.000000|0.000000|0.000000|0.000000|0.000000|0.000000|0.000000|0.000000|0.000000|0.000000|
20170317_163418|41474|203|13.513514|0||0||0|0|0|0|0.000000|0.000000|0.000000|0.000000|0.000000|0.000000|0.000000|0.000000|0.000000|0.000000|0.000000|0.000000|
20170317_163418|41557|204|12.987013|0||0||0|0|0|0|0.000000|0.000000|0.000000|0.000000|0.000000|0.000000|0.000000|0.000000|0.000000|0.000000|0.000000|0.000000|
20170317_163418|41636|205|11.764706|0||0||0|0|0|0|0.000000|0.000000|0.000000|0.000000|0.000000|0.000000|0.000000|0.000000|0.000000|0.000000|0.000000|0.000000|
20170317_163419|41738|206|12.195122|0||0||0|0|0|0|0.000000|0.000000|0.000000|0.000000|0.000000|0.000000|0.000000|0.000000|0.000000|0.000000|0.000000|0.000000|
20170317_163419|41785|207|14.705882|0||0||0|0|0|0|0.000000|0.000000|0.000000|0.000000|0.000000|0.000000|0.000000|0.000000|0.000000|0.000000|0.000000|0.000000|
20170317_163419|41850|208|16.393443|0||0||0|0|0|0|0.000000|0.000000|0.000000|0.000000|0.000000|0.000000|0.000000|0.000000|0.000000|0.000000|0.000000|0.000000|
20170317_163419|41929|209|15.151515|0||0||0|0|0|0|0.000000|0.000000|0.000000|0.000000|0.000000|0.000000|0.000000|0.000000|0.000000|0.000000|0.000000|0.000000|
20170317_163419|42017|210|10.000000|0||0||0|0|0|0|0.000000|0.000000|0.000000|0.000000|0.000000|0.000000|0.000000|0.000000|0.000000|0.000000|0.000000|0.000000|
20170317_163419|42102|211|11.363636|0||0||0|0|0|0|0.000000|0.000000|0.000000|0.000000|0.000000|0.000000|0.000000|0.000000|0.000000|0.000000|0.000000|0.000000|
20170317_163419|42202|212|10.526316|0||0||0|0|0|0|0.000000|0.000000|0.000000|0.000000|0.000000|0.000000|0.000000|0.000000|0.000000|0.000000|0.000000|0.000000|
20170317_163419|42288|213|10.752688|0||0||0|0|0|0|0.000000|0.000000|0.000000|0.000000|0.000000|0.000000|0.000000|0.000000|0.000000|0.000000|0.000000|0.000000|
20170317_163419|42391|214|9.900990|0||0||0|0|0|0|0.000000|0.000000|0.000000|0.000000|0.000000|0.000000|0.000000|0.000000|0.000000|0.000000|0.000000|0.000000|
20170317_163419|42477|215|11.627907|0||0||0|0|0|0|0.000000|0.000000|0.000000|0.000000|0.000000|0.000000|0.000000|0.000000|0.000000|0.000000|0.000000|0.000000|
20170317_163419|42573|216|10.526316|0||0||0|0|0|0|0.000000|0.000000|0.000000|0.000000|0.000000|0.000000|0.000000|0.000000|0.000000|0.000000|0.000000|0.000000|
20170317_163419|42683|217|10.309278|0||0||0|0|0|0|0.000000|0.000000|0.000000|0.000000|0.000000|0.000000|0.000000|0.000000|0.000000|0.000000|0.000000|0.000000|
20170317_163420|42770|218|10.204082|0||0||0|0|0|0|0.000000|0.000000|0.000000|0.000000|0.000000|0.000000|0.000000|0.000000|0.000000|0.000000|0.000000|0.000000|
20170317_163420|42832|219|22.222222|0||0||0|0|0|0|0.000000|0.000000|0.000000|0.000000|0.000000|0.000000|0.000000|0.000000|0.000000|0.000000|0.000000|0.000000|
20170317_163420|42918|220|10.526316|0||0||0|0|0|0|0.000000|0.000000|0.000000|0.000000|0.000000|0.000000|0.000000|0.000000|0.000000|0.000000|0.000000|0.000000|
20170317_163420|42998|221|11.494253|0||0||0|0|0|0|0.000000|0.000000|0.000000|0.000000|0.000000|0.000000|0.000000|0.000000|0.000000|0.000000|0.000000|0.000000|
20170317_163420|43091|222|10.526316|0||0||0|0|0|0|0.000000|0.000000|0.000000|0.000000|0.000000|0.000000|0.000000|0.000000|0.000000|0.000000|0.000000|0.000000|
20170317_163420|43178|223|10.989011|0||0||0|0|0|0|0.000000|0.000000|0.000000|0.000000|0.000000|0.000000|0.000000|0.000000|0.000000|0.000000|0.000000|0.000000|
20170317_163420|43275|224|10.526316|0||0||0|0|0|0|0.000000|0.000000|0.000000|0.000000|0.000000|0.000000|0.000000|0.000000|0.000000|0.000000|0.000000|0.000000|
20170317_163420|43377|225|10.638298|0||0||0|0|0|0|0.000000|0.000000|0.000000|0.000000|0.000000|0.000000|0.000000|0.000000|0.000000|0.000000|0.000000|0.000000|
20170317_163423|46438|226|0.325945|0||0||0|0|0|0|0.000000|0.000000|0.000000|0.000000|0.000000|0.000000|0.000000|0.000000|0.000000|0.000000|0.000000|0.000000|
20170317_163423|46517|227|13.698630|0||0||0|0|0|0|0.000000|0.000000|0.000000|0.000000|0.000000|0.000000|0.000000|0.000000|0.000000|0.000000|0.000000|0.000000|
20170317_163423|46576|228|14.925373|0||0||0|0|0|0|0.000000|0.000000|0.000000|0.000000|0.000000|0.000000|0.000000|0.000000|0.000000|0.000000|0.000000|0.000000|
20170317_163423|46657|229|13.513514|0||0||0|0|0|0|0.000000|0.000000|0.000000|0.000000|0.000000|0.000000|0.000000|0.000000|0.000000|0.000000|0.000000|0.000000|
20170317_163424|46723|230|17.241379|0||0||0|0|0|0|0.000000|0.000000|0.000000|0.000000|0.000000|0.000000|0.000000|0.000000|0.000000|0.000000|0.000000|0.000000|
20170317_163424|46769|231|16.666667|0||0||0|0|0|0|0.000000|0.000000|0.000000|0.000000|0.000000|0.000000|0.000000|0.000000|0.000000|0.000000|0.000000|0.000000|
20170317_163424|46838|232|14.705882|0||0||0|0|0|0|0.000000|0.000000|0.000000|0.000000|0.000000|0.000000|0.000000|0.000000|0.000000|0.000000|0.000000|0.000000|
20170317_163424|46896|233|16.393443|0||0||0|0|0|0|0.000000|0.000000|0.000000|0.000000|0.000000|0.000000|0.000000|0.000000|0.000000|0.000000|0.000000|0.000000|
20170317_163424|47000|234|12.500000|0||0||0|0|0|0|0.000000|0.000000|0.000000|0.000000|0.000000|0.000000|0.000000|0.000000|0.000000|0.000000|0.000000|0.000000|
20170317_163424|47046|235|14.925373|0||0||0|0|0|0|0.000000|0.000000|0.000000|0.000000|0.000000|0.000000|0.000000|0.000000|0.000000|0.000000|0.000000|0.000000|
20170317_163424|47146|236|13.333333|0||0||0|0|0|0|0.000000|0.000000|0.000000|0.000000|0.000000|0.000000|0.000000|0.000000|0.000000|0.000000|0.000000|0.000000|
20170317_163424|47172|237|20.408163|0||0||0|0|0|0|0.000000|0.000000|0.000000|0.000000|0.000000|0.000000|0.000000|0.000000|0.000000|0.000000|0.000000|0.000000|
20170317_163424|47237|238|14.705882|0||0||0|0|0|0|0.000000|0.000000|0.000000|0.000000|0.000000|0.000000|0.000000|0.000000|0.000000|0.000000|0.000000|0.000000|
20170317_163424|47309|239|13.513514|0||0||0|0|0|0|0.000000|0.000000|0.000000|0.000000|0.000000|0.000000|0.000000|0.000000|0.000000|0.000000|0.000000|0.000000|
20170317_163424|47393|240|14.285714|0||0||0|0|0|0|0.000000|0.000000|0.000000|0.000000|0.000000|0.000000|0.000000|0.000000|0.000000|0.000000|0.000000|0.000000|
20170317_163424|47467|241|13.698630|0||0||0|0|0|0|0.000000|0.000000|0.000000|0.000000|0.000000|0.000000|0.000000|0.000000|0.000000|0.000000|0.000000|0.000000|
20170317_163424|47559|242|10.989011|0||0||0|0|0|0|0.000000|0.000000|0.000000|0.000000|0.000000|0.000000|0.000000|0.000000|0.000000|0.000000|0.000000|0.000000|
20170317_163424|47649|243|10.638298|0||0||0|0|0|0|0.000000|0.000000|0.000000|0.000000|0.000000|0.000000|0.000000|0.000000|0.000000|0.000000|0.000000|0.000000|
20170317_163425|47725|244|11.363636|0||0||0|0|0|0|0.000000|0.000000|0.000000|0.000000|0.000000|0.000000|0.000000|0.000000|0.000000|0.000000|0.000000|0.000000|
20170317_163425|47780|245|20.000000|0||0||0|0|0|0|0.000000|0.000000|0.000000|0.000000|0.000000|0.000000|0.000000|0.000000|0.000000|0.000000|0.000000|0.000000|
20170317_163425|47839|246|15.625000|0||0||0|0|0|0|0.000000|0.000000|0.000000|0.000000|0.000000|0.000000|0.000000|0.000000|0.000000|0.000000|0.000000|0.000000|
20170317_163425|47939|247|13.698630|0||0||0|0|0|0|0.000000|0.000000|0.000000|0.000000|0.000000|0.000000|0.000000|0.000000|0.000000|0.000000|0.000000|0.000000|
20170317_163425|47985|248|18.181818|0||0||0|0|0|0|0.000000|0.000000|0.000000|0.000000|0.000000|0.000000|0.000000|0.000000|0.000000|0.000000|0.000000|0.000000|
20170317_163425|48032|249|15.625000|0||0||0|0|0|0|0.000000|0.000000|0.000000|0.000000|0.000000|0.000000|0.000000|0.000000|0.000000|0.000000|0.000000|0.000000|
20170317_163425|48099|250|14.492754|0||0||0|0|0|0|0.000000|0.000000|0.000000|0.000000|0.000000|0.000000|0.000000|0.000000|0.000000|0.000000|0.000000|0.000000|
20170317_163425|48196|251|13.333333|0||0||0|0|0|0|0.000000|0.000000|0.000000|0.000000|0.000000|0.000000|0.000000|0.000000|0.000000|0.000000|0.000000|0.000000|
20170317_163425|48248|252|14.084507|0||0||0|0|0|0|0.000000|0.000000|0.000000|0.000000|0.000000|0.000000|0.000000|0.000000|0.000000|0.000000|0.000000|0.000000|
20170317_163425|48323|253|16.129032|0||0||0|0|0|0|0.000000|0.000000|0.000000|0.000000|0.000000|0.000000|0.000000|0.000000|0.000000|0.000000|0.000000|0.000000|
20170317_163425|48383|254|13.513514|0||0||0|0|0|0|0.000000|0.000000|0.000000|0.000000|0.000000|0.000000|0.000000|0.000000|0.000000|0.000000|0.000000|0.000000|
20170317_163425|48431|255|20.833333|0||0||0|0|0|0|0.000000|0.000000|0.000000|0.000000|0.000000|0.000000|0.000000|0.000000|0.000000|0.000000|0.000000|0.000000|
20170317_163425|48501|256|14.084507|0||0||0|0|0|0|0.000000|0.000000|0.000000|0.000000|0.000000|0.000000|0.000000|0.000000|0.000000|0.000000|0.000000|0.000000|
20170317_163425|48589|257|12.345679|0||0||0|0|0|0|0.000000|0.000000|0.000000|0.000000|0.000000|0.000000|0.000000|0.000000|0.000000|0.000000|0.000000|0.000000|
20170317_163425|48678|258|12.345679|0||0||0|0|0|0|0.000000|0.000000|0.000000|0.000000|0.000000|0.000000|0.000000|0.000000|0.000000|0.000000|0.000000|0.000000|
20170317_163426|48765|259|10.526316|0||0||0|0|0|0|0.000000|0.000000|0.000000|0.000000|0.000000|0.000000|0.000000|0.000000|0.000000|0.000000|0.000000|0.000000|
20170317_163426|48818|260|21.276596|0||0||0|0|0|0|0.000000|0.000000|0.000000|0.000000|0.000000|0.000000|0.000000|0.000000|0.000000|0.000000|0.000000|0.000000|
20170317_163426|48859|261|21.739130|0||0||0|0|0|0|0.000000|0.000000|0.000000|0.000000|0.000000|0.000000|0.000000|0.000000|0.000000|0.000000|0.000000|0.000000|
20170317_163426|48911|262|20.833333|0||0||0|0|0|0|0.000000|0.000000|0.000000|0.000000|0.000000|0.000000|0.000000|0.000000|0.000000|0.000000|0.000000|0.000000|
20170317_163426|49005|263|9.900990|0||0||0|0|0|0|0.000000|0.000000|0.000000|0.000000|0.000000|0.000000|0.000000|0.000000|0.000000|0.000000|0.000000|0.000000|
20170317_163426|49109|264|10.638298|0||0||0|0|0|0|0.000000|0.000000|0.000000|0.000000|0.000000|0.000000|0.000000|0.000000|0.000000|0.000000|0.000000|0.000000|
20170317_163426|49198|265|11.764706|0||0||0|0|0|0|0.000000|0.000000|0.000000|0.000000|0.000000|0.000000|0.000000|0.000000|0.000000|0.000000|0.000000|0.000000|
20170317_163426|49286|266|10.752688|0||0||0|0|0|0|0.000000|0.000000|0.000000|0.000000|0.000000|0.000000|0.000000|0.000000|0.000000|0.000000|0.000000|0.000000|
20170317_163426|49327|267|20.408163|0||0||0|0|0|0|0.000000|0.000000|0.000000|0.000000|0.000000|0.000000|0.000000|0.000000|0.000000|0.000000|0.000000|0.000000|
20170317_163426|49458|268|7.575758|0||0||0|0|0|0|0.000000|0.000000|0.000000|0.000000|0.000000|0.000000|0.000000|0.000000|0.000000|0.000000|0.000000|0.000000|
