TimeStamp|Ticks|FrameNum|FPS|LogaDados|Robo|achou|trajetoria|Xd|Yd|Xa|Ya|DistMelhorPonto|velAtual|velAtualDerivSuja|velDesejada|erroVel|SaidaControleLinear|angAtual|angDesejado|erroAng|SaidaControleAngular|SinalDeControle1|SinalDeControle2|
20170708_103806|16381|1|0.000001|0||0||0|0|0|0|0.000000|0.000000|0.000000|0.000000|0.000000|0.000000|0.000000|0.000000|0.000000|0.000000|0.000000|0.000000|
20170708_103806|16511|2|2.762431|0||0||0|0|0|0|0.000000|0.000000|0.000000|0.000000|0.000000|0.000000|0.000000|0.000000|0.000000|0.000000|0.000000|0.000000|
20170708_103806|16558|3|21.739130|0||0||0|0|0|0|0.000000|0.000000|0.000000|0.000000|0.000000|0.000000|0.000000|0.000000|0.000000|0.000000|0.000000|0.000000|
20170708_103806|16605|4|20.833333|0||0||0|0|0|0|0.000000|0.000000|0.000000|0.000000|0.000000|0.000000|0.000000|0.000000|0.000000|0.000000|0.000000|0.000000|
20170708_103806|16699|5|10.752688|0||0||0|0|0|0|0.000000|0.000000|0.000000|0.000000|0.000000|0.000000|0.000000|0.000000|0.000000|0.000000|0.000000|0.000000|
20170708_103806|16744|6|21.739130|0||0||0|0|0|0|0.000000|0.000000|0.000000|0.000000|0.000000|0.000000|0.000000|0.000000|0.000000|0.000000|0.000000|0.000000|
20170708_103806|16839|7|10.526316|0||0||0|0|0|0|0.000000|0.000000|0.000000|0.000000|0.000000|0.000000|0.000000|0.000000|0.000000|0.000000|0.000000|0.000000|
20170708_103806|16936|8|10.416667|0||0||0|0|0|0|0.000000|0.000000|0.000000|0.000000|0.000000|0.000000|0.000000|0.000000|0.000000|0.000000|0.000000|0.000000|
20170708_103806|17030|9|10.526316|0||0||0|0|0|0|0.000000|0.000000|0.000000|0.000000|0.000000|0.000000|0.000000|0.000000|0.000000|0.000000|0.000000|0.000000|
20170708_103806|17121|10|10.989011|0||0||0|0|0|0|0.000000|0.000000|0.000000|0.000000|0.000000|0.000000|0.000000|0.000000|0.000000|0.000000|0.000000|0.000000|
20170708_103807|17214|11|10.752688|0||0||0|0|0|0|0.000000|0.000000|0.000000|0.000000|0.000000|0.000000|0.000000|0.000000|0.000000|0.000000|0.000000|0.000000|
20170708_103807|17263|12|20.833333|0||0||0|0|0|0|0.000000|0.000000|0.000000|0.000000|0.000000|0.000000|0.000000|0.000000|0.000000|0.000000|0.000000|0.000000|
20170708_103807|17313|13|19.607843|0||0||0|0|0|0|0.000000|0.000000|0.000000|0.000000|0.000000|0.000000|0.000000|0.000000|0.000000|0.000000|0.000000|0.000000|
20170708_103807|17405|14|10.989011|0||0||0|0|0|0|0.000000|0.000000|0.000000|0.000000|0.000000|0.000000|0.000000|0.000000|0.000000|0.000000|0.000000|0.000000|
20170708_103807|17497|15|10.869565|0||0||0|0|0|0|0.000000|0.000000|0.000000|0.000000|0.000000|0.000000|0.000000|0.000000|0.000000|0.000000|0.000000|0.000000|
20170708_103807|17589|16|10.752688|0||0||0|0|0|0|0.000000|0.000000|0.000000|0.000000|0.000000|0.000000|0.000000|0.000000|0.000000|0.000000|0.000000|0.000000|
20170708_103807|17649|17|16.666667|0||0||0|0|0|0|0.000000|0.000000|0.000000|0.000000|0.000000|0.000000|0.000000|0.000000|0.000000|0.000000|0.000000|0.000000|
20170708_103807|17730|18|12.500000|0||0||0|0|0|0|0.000000|0.000000|0.000000|0.000000|0.000000|0.000000|0.000000|0.000000|0.000000|0.000000|0.000000|0.000000|
20170708_103807|17778|19|20.833333|0||0||0|0|0|0|0.000000|0.000000|0.000000|0.000000|0.000000|0.000000|0.000000|0.000000|0.000000|0.000000|0.000000|0.000000|
20170708_103807|17858|20|12.345679|0||0||0|0|0|0|0.000000|0.000000|0.000000|0.000000|0.000000|0.000000|0.000000|0.000000|0.000000|0.000000|0.000000|0.000000|
20170708_103807|17920|21|15.873016|0||0||0|0|0|0|0.000000|0.000000|0.000000|0.000000|0.000000|0.000000|0.000000|0.000000|0.000000|0.000000|0.000000|0.000000|
20170708_103807|17987|22|15.151515|0||0||0|0|0|0|0.000000|0.000000|0.000000|0.000000|0.000000|0.000000|0.000000|0.000000|0.000000|0.000000|0.000000|0.000000|
20170708_103807|18058|23|14.285714|0||0||0|0|0|0|0.000000|0.000000|0.000000|0.000000|0.000000|0.000000|0.000000|0.000000|0.000000|0.000000|0.000000|0.000000|
20170708_103807|18114|24|17.543860|0||0||0|0|0|0|0.000000|0.000000|0.000000|0.000000|0.000000|0.000000|0.000000|0.000000|0.000000|0.000000|0.000000|0.000000|
20170708_103808|18199|25|11.904762|0||0||0|0|0|0|0.000000|0.000000|0.000000|0.000000|0.000000|0.000000|0.000000|0.000000|0.000000|0.000000|0.000000|0.000000|
20170708_103808|18258|26|16.949153|0||0||0|0|0|0|0.000000|0.000000|0.000000|0.000000|0.000000|0.000000|0.000000|0.000000|0.000000|0.000000|0.000000|0.000000|
20170708_103808|18341|27|12.048193|0||0||0|0|0|0|0.000000|0.000000|0.000000|0.000000|0.000000|0.000000|0.000000|0.000000|0.000000|0.000000|0.000000|0.000000|
20170708_103808|18387|28|21.739130|0||0||0|0|0|0|0.000000|0.000000|0.000000|0.000000|0.000000|0.000000|0.000000|0.000000|0.000000|0.000000|0.000000|0.000000|
20170708_103808|18449|29|15.873016|0||0||0|0|0|0|0.000000|0.000000|0.000000|0.000000|0.000000|0.000000|0.000000|0.000000|0.000000|0.000000|0.000000|0.000000|
20170708_103808|18527|30|12.820513|0||0||0|0|0|0|0.000000|0.000000|0.000000|0.000000|0.000000|0.000000|0.000000|0.000000|0.000000|0.000000|0.000000|0.000000|
20170708_103808|18577|31|19.607843|0||0||0|0|0|0|0.000000|0.000000|0.000000|0.000000|0.000000|0.000000|0.000000|0.000000|0.000000|0.000000|0.000000|0.000000|
20170708_103808|18667|32|11.235955|0||0||0|0|0|0|0.000000|0.000000|0.000000|0.000000|0.000000|0.000000|0.000000|0.000000|0.000000|0.000000|0.000000|0.000000|
20170708_103808|18721|33|18.518519|0||0||0|0|0|0|0.000000|0.000000|0.000000|0.000000|0.000000|0.000000|0.000000|0.000000|0.000000|0.000000|0.000000|0.000000|
20170708_103808|18807|34|11.627907|0||0||0|0|0|0|0.000000|0.000000|0.000000|0.000000|0.000000|0.000000|0.000000|0.000000|0.000000|0.000000|0.000000|0.000000|
20170708_103808|18855|35|21.276596|0||0||0|0|0|0|0.000000|0.000000|0.000000|0.000000|0.000000|0.000000|0.000000|0.000000|0.000000|0.000000|0.000000|0.000000|
20170708_103808|18914|36|16.949153|0||0||0|0|0|0|0.000000|0.000000|0.000000|0.000000|0.000000|0.000000|0.000000|0.000000|0.000000|0.000000|0.000000|0.000000|
20170708_103808|18995|37|12.195122|0||0||0|0|0|0|0.000000|0.000000|0.000000|0.000000|0.000000|0.000000|0.000000|0.000000|0.000000|0.000000|0.000000|0.000000|
20170708_103808|19057|38|16.129032|0||0||0|0|0|0|0.000000|0.000000|0.000000|0.000000|0.000000|0.000000|0.000000|0.000000|0.000000|0.000000|0.000000|0.000000|
20170708_103808|19137|39|12.658228|0||0||0|0|0|0|0.000000|0.000000|0.000000|0.000000|0.000000|0.000000|0.000000|0.000000|0.000000|0.000000|0.000000|0.000000|
20170708_103809|19187|40|19.607843|0||0||0|0|0|0|0.000000|0.000000|0.000000|0.000000|0.000000|0.000000|0.000000|0.000000|0.000000|0.000000|0.000000|0.000000|
20170708_103809|19276|41|11.235955|0||0||0|0|0|0|0.000000|0.000000|0.000000|0.000000|0.000000|0.000000|0.000000|0.000000|0.000000|0.000000|0.000000|0.000000|
20170708_103809|19323|42|21.276596|0||0||0|0|0|0|0.000000|0.000000|0.000000|0.000000|0.000000|0.000000|0.000000|0.000000|0.000000|0.000000|0.000000|0.000000|
20170708_103809|19393|43|14.285714|0||0||0|0|0|0|0.000000|0.000000|0.000000|0.000000|0.000000|0.000000|0.000000|0.000000|0.000000|0.000000|0.000000|0.000000|
20170708_103809|19465|44|13.888889|0||0||0|0|0|0|0.000000|0.000000|0.000000|0.000000|0.000000|0.000000|0.000000|0.000000|0.000000|0.000000|0.000000|0.000000|
20170708_103809|19522|45|17.857143|0||0||0|0|0|0|0.000000|0.000000|0.000000|0.000000|0.000000|0.000000|0.000000|0.000000|0.000000|0.000000|0.000000|0.000000|
20170708_103809|19605|46|11.904762|0||0||0|0|0|0|0.000000|0.000000|0.000000|0.000000|0.000000|0.000000|0.000000|0.000000|0.000000|0.000000|0.000000|0.000000|
20170708_103809|19652|47|21.276596|0||0||0|0|0|0|0.000000|0.000000|0.000000|0.000000|0.000000|0.000000|0.000000|0.000000|0.000000|0.000000|0.000000|0.000000|
20170708_103809|19730|48|12.820513|0||0||0|0|0|0|0.000000|0.000000|0.000000|0.000000|0.000000|0.000000|0.000000|0.000000|0.000000|0.000000|0.000000|0.000000|
20170708_103809|19793|49|15.873016|0||0||0|0|0|0|0.000000|0.000000|0.000000|0.000000|0.000000|0.000000|0.000000|0.000000|0.000000|0.000000|0.000000|0.000000|
20170708_103809|19858|50|15.384615|0||0||0|0|0|0|0.000000|0.000000|0.000000|0.000000|0.000000|0.000000|0.000000|0.000000|0.000000|0.000000|0.000000|0.000000|
20170708_103809|19932|51|13.513514|0||0||0|0|0|0|0.000000|0.000000|0.000000|0.000000|0.000000|0.000000|0.000000|0.000000|0.000000|0.000000|0.000000|0.000000|
20170708_103809|19986|52|18.518519|0||0||0|0|0|0|0.000000|0.000000|0.000000|0.000000|0.000000|0.000000|0.000000|0.000000|0.000000|0.000000|0.000000|0.000000|
20170708_103809|20073|53|11.627907|0||0||0|0|0|0|0.000000|0.000000|0.000000|0.000000|0.000000|0.000000|0.000000|0.000000|0.000000|0.000000|0.000000|0.000000|
20170708_103809|20133|54|16.666667|0||0||0|0|0|0|0.000000|0.000000|0.000000|0.000000|0.000000|0.000000|0.000000|0.000000|0.000000|0.000000|0.000000|0.000000|
20170708_103810|20216|55|11.904762|0||0||0|0|0|0|0.000000|0.000000|0.000000|0.000000|0.000000|0.000000|0.000000|0.000000|0.000000|0.000000|0.000000|0.000000|
20170708_103810|20312|56|10.526316|0||0||0|0|0|0|0.000000|0.000000|0.000000|0.000000|0.000000|0.000000|0.000000|0.000000|0.000000|0.000000|0.000000|0.000000|
20170708_103810|20403|57|11.111111|0||0||0|0|0|0|0.000000|0.000000|0.000000|0.000000|0.000000|0.000000|0.000000|0.000000|0.000000|0.000000|0.000000|0.000000|
20170708_103810|20496|58|10.526316|0||0||0|0|0|0|0.000000|0.000000|0.000000|0.000000|0.000000|0.000000|0.000000|0.000000|0.000000|0.000000|0.000000|0.000000|
20170708_103810|20593|59|10.416667|0||0||0|0|0|0|0.000000|0.000000|0.000000|0.000000|0.000000|0.000000|0.000000|0.000000|0.000000|0.000000|0.000000|0.000000|
20170708_103810|20640|60|21.276596|0||0||0|0|0|0|0.000000|0.000000|0.000000|0.000000|0.000000|0.000000|0.000000|0.000000|0.000000|0.000000|0.000000|0.000000|
20170708_103810|20706|61|15.151515|0||0||0|0|0|0|0.000000|0.000000|0.000000|0.000000|0.000000|0.000000|0.000000|0.000000|0.000000|0.000000|0.000000|0.000000|
20170708_103810|20776|62|14.084507|0||0||0|0|0|0|0.000000|0.000000|0.000000|0.000000|0.000000|0.000000|0.000000|0.000000|0.000000|0.000000|0.000000|0.000000|
20170708_103810|20827|63|20.408163|0||0||0|0|0|0|0.000000|0.000000|0.000000|0.000000|0.000000|0.000000|0.000000|0.000000|0.000000|0.000000|0.000000|0.000000|
20170708_103810|20918|64|10.869565|0||0||0|0|0|0|0.000000|0.000000|0.000000|0.000000|0.000000|0.000000|0.000000|0.000000|0.000000|0.000000|0.000000|0.000000|
20170708_103810|21010|65|10.752688|0||0||0|0|0|0|0.000000|0.000000|0.000000|0.000000|0.000000|0.000000|0.000000|0.000000|0.000000|0.000000|0.000000|0.000000|
20170708_103810|21059|66|21.276596|0||0||0|0|0|0|0.000000|0.000000|0.000000|0.000000|0.000000|0.000000|0.000000|0.000000|0.000000|0.000000|0.000000|0.000000|
20170708_103810|21153|67|10.526316|0||0||0|0|0|0|0.000000|0.000000|0.000000|0.000000|0.000000|0.000000|0.000000|0.000000|0.000000|0.000000|0.000000|0.000000|
20170708_103811|21248|68|10.416667|0||0||0|0|0|0|0.000000|0.000000|0.000000|0.000000|0.000000|0.000000|0.000000|0.000000|0.000000|0.000000|0.000000|0.000000|
20170708_103811|21310|69|16.393443|0||0||0|0|0|0|0.000000|0.000000|0.000000|0.000000|0.000000|0.000000|0.000000|0.000000|0.000000|0.000000|0.000000|0.000000|
20170708_103811|21387|70|13.157895|0||0||0|0|0|0|0.000000|0.000000|0.000000|0.000000|0.000000|0.000000|0.000000|0.000000|0.000000|0.000000|0.000000|0.000000|
20170708_103811|21433|71|20.833333|0||0||0|0|0|0|0.000000|0.000000|0.000000|0.000000|0.000000|0.000000|0.000000|0.000000|0.000000|0.000000|0.000000|0.000000|
20170708_103811|21480|72|21.739130|0||0||0|0|0|0|0.000000|0.000000|0.000000|0.000000|0.000000|0.000000|0.000000|0.000000|0.000000|0.000000|0.000000|0.000000|
20170708_103811|21526|73|21.276596|0||0||0|0|0|0|0.000000|0.000000|0.000000|0.000000|0.000000|0.000000|0.000000|0.000000|0.000000|0.000000|0.000000|0.000000|
20170708_103811|21603|74|13.333333|0||0||0|0|0|0|0.000000|0.000000|0.000000|0.000000|0.000000|0.000000|0.000000|0.000000|0.000000|0.000000|0.000000|0.000000|
20170708_103811|21670|75|14.925373|0||0||0|0|0|0|0.000000|0.000000|0.000000|0.000000|0.000000|0.000000|0.000000|0.000000|0.000000|0.000000|0.000000|0.000000|
20170708_103811|21865|76|5.102041|0||0||0|0|0|0|0.000000|0.000000|0.000000|0.000000|0.000000|0.000000|0.000000|0.000000|0.000000|0.000000|0.000000|0.000000|
20170708_103811|21932|77|14.705882|0||0||0|0|0|0|0.000000|0.000000|0.000000|0.000000|0.000000|0.000000|0.000000|0.000000|0.000000|0.000000|0.000000|0.000000|
20170708_103811|22001|78|14.705882|0||0||0|0|0|0|0.000000|0.000000|0.000000|0.000000|0.000000|0.000000|0.000000|0.000000|0.000000|0.000000|0.000000|0.000000|
20170708_103811|22099|79|10.204082|0||0||0|0|0|0|0.000000|0.000000|0.000000|0.000000|0.000000|0.000000|0.000000|0.000000|0.000000|0.000000|0.000000|0.000000|
20170708_103811|22141|80|23.809524|0||0||0|0|0|0|0.000000|0.000000|0.000000|0.000000|0.000000|0.000000|0.000000|0.000000|0.000000|0.000000|0.000000|0.000000|
20170708_103812|22193|81|18.867925|0||0||0|0|0|0|0.000000|0.000000|0.000000|0.000000|0.000000|0.000000|0.000000|0.000000|0.000000|0.000000|0.000000|0.000000|
20170708_103812|22258|82|15.873016|0||0||0|0|0|0|0.000000|0.000000|0.000000|0.000000|0.000000|0.000000|0.000000|0.000000|0.000000|0.000000|0.000000|0.000000|
20170708_103812|22326|83|14.705882|0||0||0|0|0|0|0.000000|0.000000|0.000000|0.000000|0.000000|0.000000|0.000000|0.000000|0.000000|0.000000|0.000000|0.000000|
20170708_103812|22421|84|10.526316|0||0||0|0|0|0|0.000000|0.000000|0.000000|0.000000|0.000000|0.000000|0.000000|0.000000|0.000000|0.000000|0.000000|0.000000|
20170708_103812|22515|85|10.526316|0||0||0|0|0|0|0.000000|0.000000|0.000000|0.000000|0.000000|0.000000|0.000000|0.000000|0.000000|0.000000|0.000000|0.000000|
20170708_103812|22606|86|11.111111|0||0||0|0|0|0|0.000000|0.000000|0.000000|0.000000|0.000000|0.000000|0.000000|0.000000|0.000000|0.000000|0.000000|0.000000|
20170708_103812|22661|87|17.857143|0||0||0|0|0|0|0.000000|0.000000|0.000000|0.000000|0.000000|0.000000|0.000000|0.000000|0.000000|0.000000|0.000000|0.000000|
20170708_103812|22749|88|11.494253|0||0||0|0|0|0|0.000000|0.000000|0.000000|0.000000|0.000000|0.000000|0.000000|0.000000|0.000000|0.000000|0.000000|0.000000|
20170708_103812|22842|89|10.752688|0||0||0|0|0|0|0.000000|0.000000|0.000000|0.000000|0.000000|0.000000|0.000000|0.000000|0.000000|0.000000|0.000000|0.000000|
20170708_103812|22937|90|10.416667|0||0||0|0|0|0|0.000000|0.000000|0.000000|0.000000|0.000000|0.000000|0.000000|0.000000|0.000000|0.000000|0.000000|0.000000|
20170708_103812|23029|91|10.869565|0||0||0|0|0|0|0.000000|0.000000|0.000000|0.000000|0.000000|0.000000|0.000000|0.000000|0.000000|0.000000|0.000000|0.000000|
20170708_103812|23125|92|10.416667|0||0||0|0|0|0|0.000000|0.000000|0.000000|0.000000|0.000000|0.000000|0.000000|0.000000|0.000000|0.000000|0.000000|0.000000|
20170708_103813|23216|93|10.869565|0||0||0|0|0|0|0.000000|0.000000|0.000000|0.000000|0.000000|0.000000|0.000000|0.000000|0.000000|0.000000|0.000000|0.000000|
20170708_103813|23312|94|10.638298|0||0||0|0|0|0|0.000000|0.000000|0.000000|0.000000|0.000000|0.000000|0.000000|0.000000|0.000000|0.000000|0.000000|0.000000|
20170708_103813|23407|95|10.526316|0||0||0|0|0|0|0.000000|0.000000|0.000000|0.000000|0.000000|0.000000|0.000000|0.000000|0.000000|0.000000|0.000000|0.000000|
20170708_103813|23497|96|10.989011|0||0||0|0|0|0|0.000000|0.000000|0.000000|0.000000|0.000000|0.000000|0.000000|0.000000|0.000000|0.000000|0.000000|0.000000|
20170708_103813|23592|97|10.638298|0||0||0|0|0|0|0.000000|0.000000|0.000000|0.000000|0.000000|0.000000|0.000000|0.000000|0.000000|0.000000|0.000000|0.000000|
20170708_103813|23684|98|10.752688|0||0||0|0|0|0|0.000000|0.000000|0.000000|0.000000|0.000000|0.000000|0.000000|0.000000|0.000000|0.000000|0.000000|0.000000|
20170708_103813|23777|99|10.752688|0||0||0|0|0|0|0.000000|0.000000|0.000000|0.000000|0.000000|0.000000|0.000000|0.000000|0.000000|0.000000|0.000000|0.000000|
20170708_103813|23872|100|10.638298|0||0||0|0|0|0|0.000000|0.000000|0.000000|0.000000|0.000000|0.000000|0.000000|0.000000|0.000000|0.000000|0.000000|0.000000|
20170708_103813|23966|101|10.526316|0||0||0|0|0|0|0.000000|0.000000|0.000000|0.000000|0.000000|0.000000|0.000000|0.000000|0.000000|0.000000|0.000000|0.000000|
20170708_103813|24061|102|10.526316|0||0||0|0|0|0|0.000000|0.000000|0.000000|0.000000|0.000000|0.000000|0.000000|0.000000|0.000000|0.000000|0.000000|0.000000|
20170708_103813|24157|103|10.526316|0||0||0|0|0|0|0.000000|0.000000|0.000000|0.000000|0.000000|0.000000|0.000000|0.000000|0.000000|0.000000|0.000000|0.000000|
20170708_103814|24248|104|10.869565|0||0||0|0|0|0|0.000000|0.000000|0.000000|0.000000|0.000000|0.000000|0.000000|0.000000|0.000000|0.000000|0.000000|0.000000|
20170708_103814|24344|105|10.309278|0||0||0|0|0|0|0.000000|0.000000|0.000000|0.000000|0.000000|0.000000|0.000000|0.000000|0.000000|0.000000|0.000000|0.000000|
20170708_103814|24436|106|10.869565|0||0||0|0|0|0|0.000000|0.000000|0.000000|0.000000|0.000000|0.000000|0.000000|0.000000|0.000000|0.000000|0.000000|0.000000|
20170708_103814|24533|107|10.526316|0||0||0|0|0|0|0.000000|0.000000|0.000000|0.000000|0.000000|0.000000|0.000000|0.000000|0.000000|0.000000|0.000000|0.000000|
20170708_103814|24625|108|10.752688|0||0||0|0|0|0|0.000000|0.000000|0.000000|0.000000|0.000000|0.000000|0.000000|0.000000|0.000000|0.000000|0.000000|0.000000|
20170708_103814|24716|109|11.111111|0||0||0|0|0|0|0.000000|0.000000|0.000000|0.000000|0.000000|0.000000|0.000000|0.000000|0.000000|0.000000|0.000000|0.000000|
20170708_103814|24811|110|10.416667|0||0||0|0|0|0|0.000000|0.000000|0.000000|0.000000|0.000000|0.000000|0.000000|0.000000|0.000000|0.000000|0.000000|0.000000|
20170708_103814|24903|111|10.869565|0||0||0|0|0|0|0.000000|0.000000|0.000000|0.000000|0.000000|0.000000|0.000000|0.000000|0.000000|0.000000|0.000000|0.000000|
20170708_103814|24999|112|10.416667|0||0||0|0|0|0|0.000000|0.000000|0.000000|0.000000|0.000000|0.000000|0.000000|0.000000|0.000000|0.000000|0.000000|0.000000|
20170708_103814|25091|113|10.989011|0||0||0|0|0|0|0.000000|0.000000|0.000000|0.000000|0.000000|0.000000|0.000000|0.000000|0.000000|0.000000|0.000000|0.000000|
20170708_103814|25137|114|21.276596|0||0||0|0|0|0|0.000000|0.000000|0.000000|0.000000|0.000000|0.000000|0.000000|0.000000|0.000000|0.000000|0.000000|0.000000|
20170708_103815|25205|115|14.925373|0||0||0|0|0|0|0.000000|0.000000|0.000000|0.000000|0.000000|0.000000|0.000000|0.000000|0.000000|0.000000|0.000000|0.000000|
20170708_103815|25277|116|13.888889|0||0||0|0|0|0|0.000000|0.000000|0.000000|0.000000|0.000000|0.000000|0.000000|0.000000|0.000000|0.000000|0.000000|0.000000|
20170708_103815|25346|117|14.492754|0||0||0|0|0|0|0.000000|0.000000|0.000000|0.000000|0.000000|0.000000|0.000000|0.000000|0.000000|0.000000|0.000000|0.000000|
20170708_103815|25418|118|13.888889|0||0||0|0|0|0|0.000000|0.000000|0.000000|0.000000|0.000000|0.000000|0.000000|0.000000|0.000000|0.000000|0.000000|0.000000|
20170708_103815|25477|119|17.241379|0||0||0|0|0|0|0.000000|0.000000|0.000000|0.000000|0.000000|0.000000|0.000000|0.000000|0.000000|0.000000|0.000000|0.000000|
20170708_103815|25563|120|11.494253|0||0||0|0|0|0|0.000000|0.000000|0.000000|0.000000|0.000000|0.000000|0.000000|0.000000|0.000000|0.000000|0.000000|0.000000|
20170708_103815|25651|121|11.235955|0||0||0|0|0|0|0.000000|0.000000|0.000000|0.000000|0.000000|0.000000|0.000000|0.000000|0.000000|0.000000|0.000000|0.000000|
20170708_103815|25700|122|21.276596|0||0||0|0|0|0|0.000000|0.000000|0.000000|0.000000|0.000000|0.000000|0.000000|0.000000|0.000000|0.000000|0.000000|0.000000|
20170708_103815|25750|123|19.607843|0||0||0|0|0|0|0.000000|0.000000|0.000000|0.000000|0.000000|0.000000|0.000000|0.000000|0.000000|0.000000|0.000000|0.000000|
20170708_103815|25841|124|10.989011|0||0||0|0|0|0|0.000000|0.000000|0.000000|0.000000|0.000000|0.000000|0.000000|0.000000|0.000000|0.000000|0.000000|0.000000|
20170708_103815|25934|125|10.752688|0||0||0|0|0|0|0.000000|0.000000|0.000000|0.000000|0.000000|0.000000|0.000000|0.000000|0.000000|0.000000|0.000000|0.000000|
20170708_103815|26028|126|10.752688|0||0||0|0|0|0|0.000000|0.000000|0.000000|0.000000|0.000000|0.000000|0.000000|0.000000|0.000000|0.000000|0.000000|0.000000|
20170708_103815|26086|127|17.241379|0||0||0|0|0|0|0.000000|0.000000|0.000000|0.000000|0.000000|0.000000|0.000000|0.000000|0.000000|0.000000|0.000000|0.000000|
20170708_103815|26167|128|12.048193|0||0||0|0|0|0|0.000000|0.000000|0.000000|0.000000|0.000000|0.000000|0.000000|0.000000|0.000000|0.000000|0.000000|0.000000|
20170708_103816|26215|129|21.276596|0||0||0|0|0|0|0.000000|0.000000|0.000000|0.000000|0.000000|0.000000|0.000000|0.000000|0.000000|0.000000|0.000000|0.000000|
20170708_103816|26274|130|16.666667|0||0||0|0|0|0|0.000000|0.000000|0.000000|0.000000|0.000000|0.000000|0.000000|0.000000|0.000000|0.000000|0.000000|0.000000|
20170708_103816|26355|131|12.500000|0||0||0|0|0|0|0.000000|0.000000|0.000000|0.000000|0.000000|0.000000|0.000000|0.000000|0.000000|0.000000|0.000000|0.000000|
20170708_103816|26404|132|20.408163|0||0||0|0|0|0|0.000000|0.000000|0.000000|0.000000|0.000000|0.000000|0.000000|0.000000|0.000000|0.000000|0.000000|0.000000|
20170708_103816|26496|133|10.752688|0||0||0|0|0|0|0.000000|0.000000|0.000000|0.000000|0.000000|0.000000|0.000000|0.000000|0.000000|0.000000|0.000000|0.000000|
20170708_103816|26545|134|20.408163|0||0||0|0|0|0|0.000000|0.000000|0.000000|0.000000|0.000000|0.000000|0.000000|0.000000|0.000000|0.000000|0.000000|0.000000|
20170708_103816|26610|135|15.384615|0||0||0|0|0|0|0.000000|0.000000|0.000000|0.000000|0.000000|0.000000|0.000000|0.000000|0.000000|0.000000|0.000000|0.000000|
20170708_103816|26684|136|13.698630|0||0||0|0|0|0|0.000000|0.000000|0.000000|0.000000|0.000000|0.000000|0.000000|0.000000|0.000000|0.000000|0.000000|0.000000|
20170708_103816|26739|137|18.181818|0||0||0|0|0|0|0.000000|0.000000|0.000000|0.000000|0.000000|0.000000|0.000000|0.000000|0.000000|0.000000|0.000000|0.000000|
20170708_103816|26824|138|11.764706|0||0||0|0|0|0|0.000000|0.000000|0.000000|0.000000|0.000000|0.000000|0.000000|0.000000|0.000000|0.000000|0.000000|0.000000|
20170708_103816|26883|139|16.666667|0||0||0|0|0|0|0.000000|0.000000|0.000000|0.000000|0.000000|0.000000|0.000000|0.000000|0.000000|0.000000|0.000000|0.000000|
20170708_103816|26964|140|12.345679|0||0||0|0|0|0|0.000000|0.000000|0.000000|0.000000|0.000000|0.000000|0.000000|0.000000|0.000000|0.000000|0.000000|0.000000|
20170708_103816|27012|141|21.276596|0||0||0|0|0|0|0.000000|0.000000|0.000000|0.000000|0.000000|0.000000|0.000000|0.000000|0.000000|0.000000|0.000000|0.000000|
20170708_103816|27075|142|15.625000|0||0||0|0|0|0|0.000000|0.000000|0.000000|0.000000|0.000000|0.000000|0.000000|0.000000|0.000000|0.000000|0.000000|0.000000|
20170708_103816|27152|143|13.157895|0||0||0|0|0|0|0.000000|0.000000|0.000000|0.000000|0.000000|0.000000|0.000000|0.000000|0.000000|0.000000|0.000000|0.000000|
20170708_103817|27219|144|14.925373|0||0||0|0|0|0|0.000000|0.000000|0.000000|0.000000|0.000000|0.000000|0.000000|0.000000|0.000000|0.000000|0.000000|0.000000|
20170708_103817|27292|145|13.698630|0||0||0|0|0|0|0.000000|0.000000|0.000000|0.000000|0.000000|0.000000|0.000000|0.000000|0.000000|0.000000|0.000000|0.000000|
20170708_103817|27345|146|18.518519|0||0||0|0|0|0|0.000000|0.000000|0.000000|0.000000|0.000000|0.000000|0.000000|0.000000|0.000000|0.000000|0.000000|0.000000|
20170708_103817|27433|147|11.494253|0||0||0|0|0|0|0.000000|0.000000|0.000000|0.000000|0.000000|0.000000|0.000000|0.000000|0.000000|0.000000|0.000000|0.000000|
20170708_103817|27480|148|20.833333|0||0||0|0|0|0|0.000000|0.000000|0.000000|0.000000|0.000000|0.000000|0.000000|0.000000|0.000000|0.000000|0.000000|0.000000|
20170708_103817|27537|149|17.543860|0||0||0|0|0|0|0.000000|0.000000|0.000000|0.000000|0.000000|0.000000|0.000000|0.000000|0.000000|0.000000|0.000000|0.000000|
20170708_103817|27622|150|11.764706|0||0||0|0|0|0|0.000000|0.000000|0.000000|0.000000|0.000000|0.000000|0.000000|0.000000|0.000000|0.000000|0.000000|0.000000|
20170708_103817|27714|151|10.989011|0||0||0|0|0|0|0.000000|0.000000|0.000000|0.000000|0.000000|0.000000|0.000000|0.000000|0.000000|0.000000|0.000000|0.000000|
20170708_103817|27761|152|20.833333|0||0||0|0|0|0|0.000000|0.000000|0.000000|0.000000|0.000000|0.000000|0.000000|0.000000|0.000000|0.000000|0.000000|0.000000|
20170708_103817|27855|153|10.752688|0||0||0|0|0|0|0.000000|0.000000|0.000000|0.000000|0.000000|0.000000|0.000000|0.000000|0.000000|0.000000|0.000000|0.000000|
20170708_103817|27903|154|20.833333|0||0||0|0|0|0|0.000000|0.000000|0.000000|0.000000|0.000000|0.000000|0.000000|0.000000|0.000000|0.000000|0.000000|0.000000|
20170708_103817|27997|155|10.638298|0||0||0|0|0|0|0.000000|0.000000|0.000000|0.000000|0.000000|0.000000|0.000000|0.000000|0.000000|0.000000|0.000000|0.000000|
20170708_103817|28088|156|10.869565|0||0||0|0|0|0|0.000000|0.000000|0.000000|0.000000|0.000000|0.000000|0.000000|0.000000|0.000000|0.000000|0.000000|0.000000|
20170708_103818|28184|157|10.526316|0||0||0|0|0|0|0.000000|0.000000|0.000000|0.000000|0.000000|0.000000|0.000000|0.000000|0.000000|0.000000|0.000000|0.000000|
20170708_103818|28278|158|10.526316|0||0||0|0|0|0|0.000000|0.000000|0.000000|0.000000|0.000000|0.000000|0.000000|0.000000|0.000000|0.000000|0.000000|0.000000|
20170708_103818|28353|159|13.333333|0||0||0|0|0|0|0.000000|0.000000|0.000000|0.000000|0.000000|0.000000|0.000000|0.000000|0.000000|0.000000|0.000000|0.000000|
20170708_103818|28418|160|15.625000|0||0||0|0|0|0|0.000000|0.000000|0.000000|0.000000|0.000000|0.000000|0.000000|0.000000|0.000000|0.000000|0.000000|0.000000|
20170708_103818|28512|161|10.638298|0||0||0|0|0|0|0.000000|0.000000|0.000000|0.000000|0.000000|0.000000|0.000000|0.000000|0.000000|0.000000|0.000000|0.000000|
20170708_103818|28605|162|10.638298|0||0||0|0|0|0|0.000000|0.000000|0.000000|0.000000|0.000000|0.000000|0.000000|0.000000|0.000000|0.000000|0.000000|0.000000|
20170708_103818|28653|163|20.833333|0||0||0|0|0|0|0.000000|0.000000|0.000000|0.000000|0.000000|0.000000|0.000000|0.000000|0.000000|0.000000|0.000000|0.000000|
20170708_103818|28751|164|10.309278|0||0||0|0|0|0|0.000000|0.000000|0.000000|0.000000|0.000000|0.000000|0.000000|0.000000|0.000000|0.000000|0.000000|0.000000|
20170708_103818|28843|165|11.111111|0||0||0|0|0|0|0.000000|0.000000|0.000000|0.000000|0.000000|0.000000|0.000000|0.000000|0.000000|0.000000|0.000000|0.000000|
20170708_103818|28891|166|19.607843|0||0||0|0|0|0|0.000000|0.000000|0.000000|0.000000|0.000000|0.000000|0.000000|0.000000|0.000000|0.000000|0.000000|0.000000|
20170708_103818|28946|167|18.181818|0||0||0|0|0|0|0.000000|0.000000|0.000000|0.000000|0.000000|0.000000|0.000000|0.000000|0.000000|0.000000|0.000000|0.000000|
20170708_103818|29015|168|15.151515|0||0||0|0|0|0|0.000000|0.000000|0.000000|0.000000|0.000000|0.000000|0.000000|0.000000|0.000000|0.000000|0.000000|0.000000|
20170708_103818|29094|169|12.500000|0||0||0|0|0|0|0.000000|0.000000|0.000000|0.000000|0.000000|0.000000|0.000000|0.000000|0.000000|0.000000|0.000000|0.000000|
20170708_103818|29171|170|12.820513|0||0||0|0|0|0|0.000000|0.000000|0.000000|0.000000|0.000000|0.000000|0.000000|0.000000|0.000000|0.000000|0.000000|0.000000|
20170708_103819|29267|171|10.526316|0||0||0|0|0|0|0.000000|0.000000|0.000000|0.000000|0.000000|0.000000|0.000000|0.000000|0.000000|0.000000|0.000000|0.000000|
20170708_103819|29356|172|11.235955|0||0||0|0|0|0|0.000000|0.000000|0.000000|0.000000|0.000000|0.000000|0.000000|0.000000|0.000000|0.000000|0.000000|0.000000|
20170708_103819|29450|173|10.416667|0||0||0|0|0|0|0.000000|0.000000|0.000000|0.000000|0.000000|0.000000|0.000000|0.000000|0.000000|0.000000|0.000000|0.000000|
20170708_103819|29550|174|10.101010|0||0||0|0|0|0|0.000000|0.000000|0.000000|0.000000|0.000000|0.000000|0.000000|0.000000|0.000000|0.000000|0.000000|0.000000|
20170708_103819|29637|175|11.494253|0||0||0|0|0|0|0.000000|0.000000|0.000000|0.000000|0.000000|0.000000|0.000000|0.000000|0.000000|0.000000|0.000000|0.000000|
20170708_103819|29690|176|18.867925|0||0||0|0|0|0|0.000000|0.000000|0.000000|0.000000|0.000000|0.000000|0.000000|0.000000|0.000000|0.000000|0.000000|0.000000|
20170708_103819|29760|177|14.492754|0||0||0|0|0|0|0.000000|0.000000|0.000000|0.000000|0.000000|0.000000|0.000000|0.000000|0.000000|0.000000|0.000000|0.000000|
20170708_103819|29825|178|14.925373|0||0||0|0|0|0|0.000000|0.000000|0.000000|0.000000|0.000000|0.000000|0.000000|0.000000|0.000000|0.000000|0.000000|0.000000|
20170708_103819|29892|179|14.925373|0||0||0|0|0|0|0.000000|0.000000|0.000000|0.000000|0.000000|0.000000|0.000000|0.000000|0.000000|0.000000|0.000000|0.000000|
20170708_103819|29966|180|13.698630|0||0||0|0|0|0|0.000000|0.000000|0.000000|0.000000|0.000000|0.000000|0.000000|0.000000|0.000000|0.000000|0.000000|0.000000|
20170708_103819|30057|181|10.869565|0||0||0|0|0|0|0.000000|0.000000|0.000000|0.000000|0.000000|0.000000|0.000000|0.000000|0.000000|0.000000|0.000000|0.000000|
20170708_103819|30153|182|10.416667|0||0||0|0|0|0|0.000000|0.000000|0.000000|0.000000|0.000000|0.000000|0.000000|0.000000|0.000000|0.000000|0.000000|0.000000|
20170708_103820|30247|183|10.869565|0||0||0|0|0|0|0.000000|0.000000|0.000000|0.000000|0.000000|0.000000|0.000000|0.000000|0.000000|0.000000|0.000000|0.000000|
20170708_103820|30340|184|10.638298|0||0||0|0|0|0|0.000000|0.000000|0.000000|0.000000|0.000000|0.000000|0.000000|0.000000|0.000000|0.000000|0.000000|0.000000|
20170708_103820|30432|185|10.752688|0||0||0|0|0|0|0.000000|0.000000|0.000000|0.000000|0.000000|0.000000|0.000000|0.000000|0.000000|0.000000|0.000000|0.000000|
20170708_103820|30674|186|4.149378|0||0||0|0|0|0|0.000000|0.000000|0.000000|0.000000|0.000000|0.000000|0.000000|0.000000|0.000000|0.000000|0.000000|0.000000|
20170708_103820|30727|187|19.607843|0||0||0|0|0|0|0.000000|0.000000|0.000000|0.000000|0.000000|0.000000|0.000000|0.000000|0.000000|0.000000|0.000000|0.000000|
20170708_103820|30765|188|25.641026|0||0||0|0|0|0|0.000000|0.000000|0.000000|0.000000|0.000000|0.000000|0.000000|0.000000|0.000000|0.000000|0.000000|0.000000|
20170708_103820|30825|189|16.666667|0||0||0|0|0|0|0.000000|0.000000|0.000000|0.000000|0.000000|0.000000|0.000000|0.000000|0.000000|0.000000|0.000000|0.000000|
20170708_103820|30881|190|17.241379|0||0||0|0|0|0|0.000000|0.000000|0.000000|0.000000|0.000000|0.000000|0.000000|0.000000|0.000000|0.000000|0.000000|0.000000|
20170708_103820|30962|191|12.500000|0||0||0|0|0|0|0.000000|0.000000|0.000000|0.000000|0.000000|0.000000|0.000000|0.000000|0.000000|0.000000|0.000000|0.000000|
20170708_103820|31025|192|15.873016|0||0||0|0|0|0|0.000000|0.000000|0.000000|0.000000|0.000000|0.000000|0.000000|0.000000|0.000000|0.000000|0.000000|0.000000|
20170708_103820|31091|193|15.151515|0||0||0|0|0|0|0.000000|0.000000|0.000000|0.000000|0.000000|0.000000|0.000000|0.000000|0.000000|0.000000|0.000000|0.000000|
20170708_103820|31163|194|13.888889|0||0||0|0|0|0|0.000000|0.000000|0.000000|0.000000|0.000000|0.000000|0.000000|0.000000|0.000000|0.000000|0.000000|0.000000|
20170708_103821|31217|195|18.181818|0||0||0|0|0|0|0.000000|0.000000|0.000000|0.000000|0.000000|0.000000|0.000000|0.000000|0.000000|0.000000|0.000000|0.000000|
20170708_103821|31281|196|15.625000|0||0||0|0|0|0|0.000000|0.000000|0.000000|0.000000|0.000000|0.000000|0.000000|0.000000|0.000000|0.000000|0.000000|0.000000|
20170708_103821|31361|197|12.500000|0||0||0|0|0|0|0.000000|0.000000|0.000000|0.000000|0.000000|0.000000|0.000000|0.000000|0.000000|0.000000|0.000000|0.000000|
20170708_103821|31427|198|15.625000|0||0||0|0|0|0|0.000000|0.000000|0.000000|0.000000|0.000000|0.000000|0.000000|0.000000|0.000000|0.000000|0.000000|0.000000|
20170708_103821|31492|199|15.151515|0||0||0|0|0|0|0.000000|0.000000|0.000000|0.000000|0.000000|0.000000|0.000000|0.000000|0.000000|0.000000|0.000000|0.000000|
20170708_103821|31554|200|16.129032|0||0||0|0|0|0|0.000000|0.000000|0.000000|0.000000|0.000000|0.000000|0.000000|0.000000|0.000000|0.000000|0.000000|0.000000|
20170708_103821|31619|201|15.151515|0||0||0|0|0|0|0.000000|0.000000|0.000000|0.000000|0.000000|0.000000|0.000000|0.000000|0.000000|0.000000|0.000000|0.000000|
20170708_103821|31699|202|12.820513|0||0||0|0|0|0|0.000000|0.000000|0.000000|0.000000|0.000000|0.000000|0.000000|0.000000|0.000000|0.000000|0.000000|0.000000|
20170708_103821|31769|203|14.084507|0||0||0|0|0|0|0.000000|0.000000|0.000000|0.000000|0.000000|0.000000|0.000000|0.000000|0.000000|0.000000|0.000000|0.000000|
20170708_103821|31840|204|14.084507|0||0||0|0|0|0|0.000000|0.000000|0.000000|0.000000|0.000000|0.000000|0.000000|0.000000|0.000000|0.000000|0.000000|0.000000|
20170708_103821|31898|205|17.241379|0||0||0|0|0|0|0.000000|0.000000|0.000000|0.000000|0.000000|0.000000|0.000000|0.000000|0.000000|0.000000|0.000000|0.000000|
20170708_103821|31966|206|14.492754|0||0||0|0|0|0|0.000000|0.000000|0.000000|0.000000|0.000000|0.000000|0.000000|0.000000|0.000000|0.000000|0.000000|0.000000|
20170708_103821|32027|207|16.393443|0||0||0|0|0|0|0.000000|0.000000|0.000000|0.000000|0.000000|0.000000|0.000000|0.000000|0.000000|0.000000|0.000000|0.000000|
20170708_103821|32100|208|13.888889|0||0||0|0|0|0|0.000000|0.000000|0.000000|0.000000|0.000000|0.000000|0.000000|0.000000|0.000000|0.000000|0.000000|0.000000|
20170708_103821|32161|209|16.129032|0||0||0|0|0|0|0.000000|0.000000|0.000000|0.000000|0.000000|0.000000|0.000000|0.000000|0.000000|0.000000|0.000000|0.000000|
20170708_103822|32226|210|15.625000|0||0||0|0|0|0|0.000000|0.000000|0.000000|0.000000|0.000000|0.000000|0.000000|0.000000|0.000000|0.000000|0.000000|0.000000|
20170708_103822|32291|211|15.625000|0||0||0|0|0|0|0.000000|0.000000|0.000000|0.000000|0.000000|0.000000|0.000000|0.000000|0.000000|0.000000|0.000000|0.000000|
20170708_103822|32357|212|14.925373|0||0||0|0|0|0|0.000000|0.000000|0.000000|0.000000|0.000000|0.000000|0.000000|0.000000|0.000000|0.000000|0.000000|0.000000|
20170708_103822|32433|213|12.987013|0||0||0|0|0|0|0.000000|0.000000|0.000000|0.000000|0.000000|0.000000|0.000000|0.000000|0.000000|0.000000|0.000000|0.000000|
20170708_103822|32498|214|15.384615|0||0||0|0|0|0|0.000000|0.000000|0.000000|0.000000|0.000000|0.000000|0.000000|0.000000|0.000000|0.000000|0.000000|0.000000|
20170708_103822|32564|215|15.625000|0||0||0|0|0|0|0.000000|0.000000|0.000000|0.000000|0.000000|0.000000|0.000000|0.000000|0.000000|0.000000|0.000000|0.000000|
20170708_103822|32628|216|15.151515|0||0||0|0|0|0|0.000000|0.000000|0.000000|0.000000|0.000000|0.000000|0.000000|0.000000|0.000000|0.000000|0.000000|0.000000|
20170708_103822|32689|217|16.393443|0||0||0|0|0|0|0.000000|0.000000|0.000000|0.000000|0.000000|0.000000|0.000000|0.000000|0.000000|0.000000|0.000000|0.000000|
20170708_103822|32754|218|15.384615|0||0||0|0|0|0|0.000000|0.000000|0.000000|0.000000|0.000000|0.000000|0.000000|0.000000|0.000000|0.000000|0.000000|0.000000|
20170708_103822|32836|219|12.195122|0||0||0|0|0|0|0.000000|0.000000|0.000000|0.000000|0.000000|0.000000|0.000000|0.000000|0.000000|0.000000|0.000000|0.000000|
20170708_103822|32901|220|16.129032|0||0||0|0|0|0|0.000000|0.000000|0.000000|0.000000|0.000000|0.000000|0.000000|0.000000|0.000000|0.000000|0.000000|0.000000|
20170708_103822|32967|221|14.925373|0||0||0|0|0|0|0.000000|0.000000|0.000000|0.000000|0.000000|0.000000|0.000000|0.000000|0.000000|0.000000|0.000000|0.000000|
20170708_103822|33025|222|16.666667|0||0||0|0|0|0|0.000000|0.000000|0.000000|0.000000|0.000000|0.000000|0.000000|0.000000|0.000000|0.000000|0.000000|0.000000|
20170708_103822|33090|223|15.625000|0||0||0|0|0|0|0.000000|0.000000|0.000000|0.000000|0.000000|0.000000|0.000000|0.000000|0.000000|0.000000|0.000000|0.000000|
20170708_103822|33157|224|15.384615|0||0||0|0|0|0|0.000000|0.000000|0.000000|0.000000|0.000000|0.000000|0.000000|0.000000|0.000000|0.000000|0.000000|0.000000|
20170708_103823|33235|225|12.658228|0||0||0|0|0|0|0.000000|0.000000|0.000000|0.000000|0.000000|0.000000|0.000000|0.000000|0.000000|0.000000|0.000000|0.000000|
20170708_103823|33316|226|12.345679|0||0||0|0|0|0|0.000000|0.000000|0.000000|0.000000|0.000000|0.000000|0.000000|0.000000|0.000000|0.000000|0.000000|0.000000|
20170708_103823|33366|227|19.607843|0||0||0|0|0|0|0.000000|0.000000|0.000000|0.000000|0.000000|0.000000|0.000000|0.000000|0.000000|0.000000|0.000000|0.000000|
20170708_103823|33425|228|16.666667|0||0||0|0|0|0|0.000000|0.000000|0.000000|0.000000|0.000000|0.000000|0.000000|0.000000|0.000000|0.000000|0.000000|0.000000|
20170708_103823|33498|229|14.285714|0||0||0|0|0|0|0.000000|0.000000|0.000000|0.000000|0.000000|0.000000|0.000000|0.000000|0.000000|0.000000|0.000000|0.000000|
20170708_103823|33577|230|12.658228|0||0||0|0|0|0|0.000000|0.000000|0.000000|0.000000|0.000000|0.000000|0.000000|0.000000|0.000000|0.000000|0.000000|0.000000|
20170708_103823|33637|231|16.393443|0||0||0|0|0|0|0.000000|0.000000|0.000000|0.000000|0.000000|0.000000|0.000000|0.000000|0.000000|0.000000|0.000000|0.000000|
20170708_103823|33705|232|14.705882|0||0||0|0|0|0|0.000000|0.000000|0.000000|0.000000|0.000000|0.000000|0.000000|0.000000|0.000000|0.000000|0.000000|0.000000|
20170708_103823|33764|233|16.666667|0||0||0|0|0|0|0.000000|0.000000|0.000000|0.000000|0.000000|0.000000|0.000000|0.000000|0.000000|0.000000|0.000000|0.000000|
20170708_103823|33827|234|16.129032|0||0||0|0|0|0|0.000000|0.000000|0.000000|0.000000|0.000000|0.000000|0.000000|0.000000|0.000000|0.000000|0.000000|0.000000|
20170708_103823|33894|235|14.925373|0||0||0|0|0|0|0.000000|0.000000|0.000000|0.000000|0.000000|0.000000|0.000000|0.000000|0.000000|0.000000|0.000000|0.000000|
20170708_103823|33970|236|12.987013|0||0||0|0|0|0|0.000000|0.000000|0.000000|0.000000|0.000000|0.000000|0.000000|0.000000|0.000000|0.000000|0.000000|0.000000|
20170708_103823|34036|237|15.625000|0||0||0|0|0|0|0.000000|0.000000|0.000000|0.000000|0.000000|0.000000|0.000000|0.000000|0.000000|0.000000|0.000000|0.000000|
20170708_103823|34118|238|11.764706|0||0||0|0|0|0|0.000000|0.000000|0.000000|0.000000|0.000000|0.000000|0.000000|0.000000|0.000000|0.000000|0.000000|0.000000|
20170708_103823|34164|239|21.739130|0||0||0|0|0|0|0.000000|0.000000|0.000000|0.000000|0.000000|0.000000|0.000000|0.000000|0.000000|0.000000|0.000000|0.000000|
20170708_103824|34232|240|15.384615|0||0||0|0|0|0|0.000000|0.000000|0.000000|0.000000|0.000000|0.000000|0.000000|0.000000|0.000000|0.000000|0.000000|0.000000|
20170708_103824|34308|241|13.157895|0||0||0|0|0|0|0.000000|0.000000|0.000000|0.000000|0.000000|0.000000|0.000000|0.000000|0.000000|0.000000|0.000000|0.000000|
20170708_103824|34372|242|15.384615|0||0||0|0|0|0|0.000000|0.000000|0.000000|0.000000|0.000000|0.000000|0.000000|0.000000|0.000000|0.000000|0.000000|0.000000|
20170708_103824|34434|243|15.625000|0||0||0|0|0|0|0.000000|0.000000|0.000000|0.000000|0.000000|0.000000|0.000000|0.000000|0.000000|0.000000|0.000000|0.000000|
20170708_103824|34498|244|15.625000|0||0||0|0|0|0|0.000000|0.000000|0.000000|0.000000|0.000000|0.000000|0.000000|0.000000|0.000000|0.000000|0.000000|0.000000|
20170708_103824|34563|245|15.873016|0||0||0|0|0|0|0.000000|0.000000|0.000000|0.000000|0.000000|0.000000|0.000000|0.000000|0.000000|0.000000|0.000000|0.000000|
20170708_103824|34628|246|14.925373|0||0||0|0|0|0|0.000000|0.000000|0.000000|0.000000|0.000000|0.000000|0.000000|0.000000|0.000000|0.000000|0.000000|0.000000|
20170708_103824|34705|247|12.987013|0||0||0|0|0|0|0.000000|0.000000|0.000000|0.000000|0.000000|0.000000|0.000000|0.000000|0.000000|0.000000|0.000000|0.000000|
20170708_103824|34774|248|14.492754|0||0||0|0|0|0|0.000000|0.000000|0.000000|0.000000|0.000000|0.000000|0.000000|0.000000|0.000000|0.000000|0.000000|0.000000|
20170708_103824|34847|249|14.285714|0||0||0|0|0|0|0.000000|0.000000|0.000000|0.000000|0.000000|0.000000|0.000000|0.000000|0.000000|0.000000|0.000000|0.000000|
20170708_103824|34941|250|10.638298|0||0||0|0|0|0|0.000000|0.000000|0.000000|0.000000|0.000000|0.000000|0.000000|0.000000|0.000000|0.000000|0.000000|0.000000|
20170708_103824|35038|251|10.416667|0||0||0|0|0|0|0.000000|0.000000|0.000000|0.000000|0.000000|0.000000|0.000000|0.000000|0.000000|0.000000|0.000000|0.000000|
20170708_103824|35121|252|11.627907|0||0||0|0|0|0|0.000000|0.000000|0.000000|0.000000|0.000000|0.000000|0.000000|0.000000|0.000000|0.000000|0.000000|0.000000|
20170708_103825|35221|253|10.204082|0||0||0|0|0|0|0.000000|0.000000|0.000000|0.000000|0.000000|0.000000|0.000000|0.000000|0.000000|0.000000|0.000000|0.000000|
20170708_103825|35308|254|11.235955|0||0||0|0|0|0|0.000000|0.000000|0.000000|0.000000|0.000000|0.000000|0.000000|0.000000|0.000000|0.000000|0.000000|0.000000|
20170708_103825|35402|255|10.638298|0||0||0|0|0|0|0.000000|0.000000|0.000000|0.000000|0.000000|0.000000|0.000000|0.000000|0.000000|0.000000|0.000000|0.000000|
20170708_103825|35451|256|20.833333|0||0||0|0|0|0|0.000000|0.000000|0.000000|0.000000|0.000000|0.000000|0.000000|0.000000|0.000000|0.000000|0.000000|0.000000|
20170708_103825|35544|257|10.752688|0||0||0|0|0|0|0.000000|0.000000|0.000000|0.000000|0.000000|0.000000|0.000000|0.000000|0.000000|0.000000|0.000000|0.000000|
20170708_103825|35635|258|10.752688|0||0||0|0|0|0|0.000000|0.000000|0.000000|0.000000|0.000000|0.000000|0.000000|0.000000|0.000000|0.000000|0.000000|0.000000|
20170708_103825|35737|259|9.900990|0||0||0|0|0|0|0.000000|0.000000|0.000000|0.000000|0.000000|0.000000|0.000000|0.000000|0.000000|0.000000|0.000000|0.000000|
20170708_103825|35826|260|11.235955|0||0||0|0|0|0|0.000000|0.000000|0.000000|0.000000|0.000000|0.000000|0.000000|0.000000|0.000000|0.000000|0.000000|0.000000|
20170708_103825|35918|261|10.869565|0||0||0|0|0|0|0.000000|0.000000|0.000000|0.000000|0.000000|0.000000|0.000000|0.000000|0.000000|0.000000|0.000000|0.000000|
20170708_103825|35973|262|17.857143|0||0||0|0|0|0|0.000000|0.000000|0.000000|0.000000|0.000000|0.000000|0.000000|0.000000|0.000000|0.000000|0.000000|0.000000|
20170708_103825|36066|263|10.752688|0||0||0|0|0|0|0.000000|0.000000|0.000000|0.000000|0.000000|0.000000|0.000000|0.000000|0.000000|0.000000|0.000000|0.000000|
20170708_103825|36161|264|10.869565|0||0||0|0|0|0|0.000000|0.000000|0.000000|0.000000|0.000000|0.000000|0.000000|0.000000|0.000000|0.000000|0.000000|0.000000|
20170708_103826|36247|265|11.627907|0||0||0|0|0|0|0.000000|0.000000|0.000000|0.000000|0.000000|0.000000|0.000000|0.000000|0.000000|0.000000|0.000000|0.000000|
20170708_103826|36340|266|10.638298|0||0||0|0|0|0|0.000000|0.000000|0.000000|0.000000|0.000000|0.000000|0.000000|0.000000|0.000000|0.000000|0.000000|0.000000|
20170708_103826|36388|267|21.276596|0||0||0|0|0|0|0.000000|0.000000|0.000000|0.000000|0.000000|0.000000|0.000000|0.000000|0.000000|0.000000|0.000000|0.000000|
20170708_103826|36486|268|10.000000|0||0||0|0|0|0|0.000000|0.000000|0.000000|0.000000|0.000000|0.000000|0.000000|0.000000|0.000000|0.000000|0.000000|0.000000|
20170708_103826|36585|269|10.416667|0||0||0|0|0|0|0.000000|0.000000|0.000000|0.000000|0.000000|0.000000|0.000000|0.000000|0.000000|0.000000|0.000000|0.000000|
20170708_103826|36676|270|10.869565|0||0||0|0|0|0|0.000000|0.000000|0.000000|0.000000|0.000000|0.000000|0.000000|0.000000|0.000000|0.000000|0.000000|0.000000|
20170708_103826|36768|271|10.638298|0||0||0|0|0|0|0.000000|0.000000|0.000000|0.000000|0.000000|0.000000|0.000000|0.000000|0.000000|0.000000|0.000000|0.000000|
20170708_103826|36855|272|11.363636|0||0||0|0|0|0|0.000000|0.000000|0.000000|0.000000|0.000000|0.000000|0.000000|0.000000|0.000000|0.000000|0.000000|0.000000|
20170708_103826|36915|273|17.543860|0||0||0|0|0|0|0.000000|0.000000|0.000000|0.000000|0.000000|0.000000|0.000000|0.000000|0.000000|0.000000|0.000000|0.000000|
20170708_103826|36978|274|15.384615|0||0||0|0|0|0|0.000000|0.000000|0.000000|0.000000|0.000000|0.000000|0.000000|0.000000|0.000000|0.000000|0.000000|0.000000|
20170708_103826|37043|275|15.384615|0||0||0|0|0|0|0.000000|0.000000|0.000000|0.000000|0.000000|0.000000|0.000000|0.000000|0.000000|0.000000|0.000000|0.000000|
20170708_103826|37143|276|10.204082|0||0||0|0|0|0|0.000000|0.000000|0.000000|0.000000|0.000000|0.000000|0.000000|0.000000|0.000000|0.000000|0.000000|0.000000|
20170708_103827|37231|277|11.111111|0||0||0|0|0|0|0.000000|0.000000|0.000000|0.000000|0.000000|0.000000|0.000000|0.000000|0.000000|0.000000|0.000000|0.000000|
20170708_103827|37344|278|8.771930|0||0||0|0|0|0|0.000000|0.000000|0.000000|0.000000|0.000000|0.000000|0.000000|0.000000|0.000000|0.000000|0.000000|0.000000|
20170708_103827|37394|279|20.408163|0||0||0|0|0|0|0.000000|0.000000|0.000000|0.000000|0.000000|0.000000|0.000000|0.000000|0.000000|0.000000|0.000000|0.000000|
20170708_103827|37445|280|19.230769|0||0||0|0|0|0|0.000000|0.000000|0.000000|0.000000|0.000000|0.000000|0.000000|0.000000|0.000000|0.000000|0.000000|0.000000|
20170708_103827|37517|281|13.888889|0||0||0|0|0|0|0.000000|0.000000|0.000000|0.000000|0.000000|0.000000|0.000000|0.000000|0.000000|0.000000|0.000000|0.000000|
20170708_103827|37605|282|11.494253|0||0||0|0|0|0|0.000000|0.000000|0.000000|0.000000|0.000000|0.000000|0.000000|0.000000|0.000000|0.000000|0.000000|0.000000|
20170708_103827|37654|283|21.276596|0||0||0|0|0|0|0.000000|0.000000|0.000000|0.000000|0.000000|0.000000|0.000000|0.000000|0.000000|0.000000|0.000000|0.000000|
20170708_103827|37746|284|10.638298|0||0||0|0|0|0|0.000000|0.000000|0.000000|0.000000|0.000000|0.000000|0.000000|0.000000|0.000000|0.000000|0.000000|0.000000|
20170708_103827|37841|285|10.638298|0||0||0|0|0|0|0.000000|0.000000|0.000000|0.000000|0.000000|0.000000|0.000000|0.000000|0.000000|0.000000|0.000000|0.000000|
20170708_103827|37943|286|9.900990|0||0||0|0|0|0|0.000000|0.000000|0.000000|0.000000|0.000000|0.000000|0.000000|0.000000|0.000000|0.000000|0.000000|0.000000|
20170708_103827|38028|287|11.494253|0||0||0|0|0|0|0.000000|0.000000|0.000000|0.000000|0.000000|0.000000|0.000000|0.000000|0.000000|0.000000|0.000000|0.000000|
20170708_103827|38121|288|10.752688|0||0||0|0|0|0|0.000000|0.000000|0.000000|0.000000|0.000000|0.000000|0.000000|0.000000|0.000000|0.000000|0.000000|0.000000|
20170708_103827|38177|289|17.543860|0||0||0|0|0|0|0.000000|0.000000|0.000000|0.000000|0.000000|0.000000|0.000000|0.000000|0.000000|0.000000|0.000000|0.000000|
20170708_103828|38266|290|11.235955|0||0||0|0|0|0|0.000000|0.000000|0.000000|0.000000|0.000000|0.000000|0.000000|0.000000|0.000000|0.000000|0.000000|0.000000|
20170708_103828|38357|291|11.235955|0||0||0|0|0|0|0.000000|0.000000|0.000000|0.000000|0.000000|0.000000|0.000000|0.000000|0.000000|0.000000|0.000000|0.000000|
20170708_103828|38451|292|10.869565|0||0||0|0|0|0|0.000000|0.000000|0.000000|0.000000|0.000000|0.000000|0.000000|0.000000|0.000000|0.000000|0.000000|0.000000|
20170708_103828|38544|293|10.526316|0||0||0|0|0|0|0.000000|0.000000|0.000000|0.000000|0.000000|0.000000|0.000000|0.000000|0.000000|0.000000|0.000000|0.000000|
20170708_103828|38641|294|10.204082|0||0||0|0|0|0|0.000000|0.000000|0.000000|0.000000|0.000000|0.000000|0.000000|0.000000|0.000000|0.000000|0.000000|0.000000|
20170708_103828|38731|295|11.235955|0||0||0|0|0|0|0.000000|0.000000|0.000000|0.000000|0.000000|0.000000|0.000000|0.000000|0.000000|0.000000|0.000000|0.000000|
20170708_103828|38824|296|10.638298|0||0||0|0|0|0|0.000000|0.000000|0.000000|0.000000|0.000000|0.000000|0.000000|0.000000|0.000000|0.000000|0.000000|0.000000|
20170708_103828|38875|297|19.607843|0||0||0|0|0|0|0.000000|0.000000|0.000000|0.000000|0.000000|0.000000|0.000000|0.000000|0.000000|0.000000|0.000000|0.000000|
20170708_103828|38966|298|10.989011|0||0||0|0|0|0|0.000000|0.000000|0.000000|0.000000|0.000000|0.000000|0.000000|0.000000|0.000000|0.000000|0.000000|0.000000|
20170708_103828|39058|299|10.869565|0||0||0|0|0|0|0.000000|0.000000|0.000000|0.000000|0.000000|0.000000|0.000000|0.000000|0.000000|0.000000|0.000000|0.000000|
20170708_103828|39152|300|10.638298|0||0||0|0|0|0|0.000000|0.000000|0.000000|0.000000|0.000000|0.000000|0.000000|0.000000|0.000000|0.000000|0.000000|0.000000|
20170708_103829|39245|301|10.638298|0||0||0|0|0|0|0.000000|0.000000|0.000000|0.000000|0.000000|0.000000|0.000000|0.000000|0.000000|0.000000|0.000000|0.000000|
20170708_103829|39340|302|10.526316|0||0||0|0|0|0|0.000000|0.000000|0.000000|0.000000|0.000000|0.000000|0.000000|0.000000|0.000000|0.000000|0.000000|0.000000|
20170708_103829|39436|303|10.752688|0||0||0|0|0|0|0.000000|0.000000|0.000000|0.000000|0.000000|0.000000|0.000000|0.000000|0.000000|0.000000|0.000000|0.000000|
20170708_103829|39531|304|10.526316|0||0||0|0|0|0|0.000000|0.000000|0.000000|0.000000|0.000000|0.000000|0.000000|0.000000|0.000000|0.000000|0.000000|0.000000|
20170708_103829|39595|305|14.925373|0||0||0|0|0|0|0.000000|0.000000|0.000000|0.000000|0.000000|0.000000|0.000000|0.000000|0.000000|0.000000|0.000000|0.000000|
20170708_103829|39661|306|15.384615|0||0||0|0|0|0|0.000000|0.000000|0.000000|0.000000|0.000000|0.000000|0.000000|0.000000|0.000000|0.000000|0.000000|0.000000|
20170708_103829|39715|307|18.518519|0||0||0|0|0|0|0.000000|0.000000|0.000000|0.000000|0.000000|0.000000|0.000000|0.000000|0.000000|0.000000|0.000000|0.000000|
20170708_103829|39810|308|10.752688|0||0||0|0|0|0|0.000000|0.000000|0.000000|0.000000|0.000000|0.000000|0.000000|0.000000|0.000000|0.000000|0.000000|0.000000|
20170708_103829|39902|309|10.638298|0||0||0|0|0|0|0.000000|0.000000|0.000000|0.000000|0.000000|0.000000|0.000000|0.000000|0.000000|0.000000|0.000000|0.000000|
20170708_103829|39958|310|18.518519|0||0||0|0|0|0|0.000000|0.000000|0.000000|0.000000|0.000000|0.000000|0.000000|0.000000|0.000000|0.000000|0.000000|0.000000|
20170708_103829|40042|311|11.627907|0||0||0|0|0|0|0.000000|0.000000|0.000000|0.000000|0.000000|0.000000|0.000000|0.000000|0.000000|0.000000|0.000000|0.000000|
20170708_103829|40136|312|10.638298|0||0||0|0|0|0|0.000000|0.000000|0.000000|0.000000|0.000000|0.000000|0.000000|0.000000|0.000000|0.000000|0.000000|0.000000|
20170708_103830|40231|313|10.526316|0||0||0|0|0|0|0.000000|0.000000|0.000000|0.000000|0.000000|0.000000|0.000000|0.000000|0.000000|0.000000|0.000000|0.000000|
20170708_103830|40329|314|10.204082|0||0||0|0|0|0|0.000000|0.000000|0.000000|0.000000|0.000000|0.000000|0.000000|0.000000|0.000000|0.000000|0.000000|0.000000|
20170708_103830|40424|315|10.416667|0||0||0|0|0|0|0.000000|0.000000|0.000000|0.000000|0.000000|0.000000|0.000000|0.000000|0.000000|0.000000|0.000000|0.000000|
20170708_103830|40513|316|11.627907|0||0||0|0|0|0|0.000000|0.000000|0.000000|0.000000|0.000000|0.000000|0.000000|0.000000|0.000000|0.000000|0.000000|0.000000|
20170708_103830|40605|317|10.638298|0||0||0|0|0|0|0.000000|0.000000|0.000000|0.000000|0.000000|0.000000|0.000000|0.000000|0.000000|0.000000|0.000000|0.000000|
20170708_103830|40699|318|10.638298|0||0||0|0|0|0|0.000000|0.000000|0.000000|0.000000|0.000000|0.000000|0.000000|0.000000|0.000000|0.000000|0.000000|0.000000|
20170708_103830|40796|319|10.416667|0||0||0|0|0|0|0.000000|0.000000|0.000000|0.000000|0.000000|0.000000|0.000000|0.000000|0.000000|0.000000|0.000000|0.000000|
20170708_103830|40887|320|10.869565|0||0||0|0|0|0|0.000000|0.000000|0.000000|0.000000|0.000000|0.000000|0.000000|0.000000|0.000000|0.000000|0.000000|0.000000|
20170708_103830|40983|321|10.638298|0||0||0|0|0|0|0.000000|0.000000|0.000000|0.000000|0.000000|0.000000|0.000000|0.000000|0.000000|0.000000|0.000000|0.000000|
20170708_103830|41074|322|10.638298|0||0||0|0|0|0|0.000000|0.000000|0.000000|0.000000|0.000000|0.000000|0.000000|0.000000|0.000000|0.000000|0.000000|0.000000|
20170708_103830|41170|323|10.638298|0||0||0|0|0|0|0.000000|0.000000|0.000000|0.000000|0.000000|0.000000|0.000000|0.000000|0.000000|0.000000|0.000000|0.000000|
20170708_103831|41263|324|10.638298|0||0||0|0|0|0|0.000000|0.000000|0.000000|0.000000|0.000000|0.000000|0.000000|0.000000|0.000000|0.000000|0.000000|0.000000|
20170708_103831|41358|325|10.869565|0||0||0|0|0|0|0.000000|0.000000|0.000000|0.000000|0.000000|0.000000|0.000000|0.000000|0.000000|0.000000|0.000000|0.000000|
20170708_103831|41454|326|10.101010|0||0||0|0|0|0|0.000000|0.000000|0.000000|0.000000|0.000000|0.000000|0.000000|0.000000|0.000000|0.000000|0.000000|0.000000|
20170708_103831|41544|327|11.111111|0||0||0|0|0|0|0.000000|0.000000|0.000000|0.000000|0.000000|0.000000|0.000000|0.000000|0.000000|0.000000|0.000000|0.000000|
20170708_103831|41638|328|10.869565|0||0||0|0|0|0|0.000000|0.000000|0.000000|0.000000|0.000000|0.000000|0.000000|0.000000|0.000000|0.000000|0.000000|0.000000|
20170708_103831|41736|329|10.000000|0||0||0|0|0|0|0.000000|0.000000|0.000000|0.000000|0.000000|0.000000|0.000000|0.000000|0.000000|0.000000|0.000000|0.000000|
20170708_103831|41830|330|11.111111|0||0||0|0|0|0|0.000000|0.000000|0.000000|0.000000|0.000000|0.000000|0.000000|0.000000|0.000000|0.000000|0.000000|0.000000|
20170708_103831|41925|331|10.101010|0||0||0|0|0|0|0.000000|0.000000|0.000000|0.000000|0.000000|0.000000|0.000000|0.000000|0.000000|0.000000|0.000000|0.000000|
20170708_103831|42011|332|11.494253|0||0||0|0|0|0|0.000000|0.000000|0.000000|0.000000|0.000000|0.000000|0.000000|0.000000|0.000000|0.000000|0.000000|0.000000|
20170708_103831|42070|333|18.181818|0||0||0|0|0|0|0.000000|0.000000|0.000000|0.000000|0.000000|0.000000|0.000000|0.000000|0.000000|0.000000|0.000000|0.000000|
20170708_103831|42151|334|11.764706|0||0||0|0|0|0|0.000000|0.000000|0.000000|0.000000|0.000000|0.000000|0.000000|0.000000|0.000000|0.000000|0.000000|0.000000|
20170708_103832|42200|335|20.833333|0||0||0|0|0|0|0.000000|0.000000|0.000000|0.000000|0.000000|0.000000|0.000000|0.000000|0.000000|0.000000|0.000000|0.000000|
20170708_103832|42293|336|10.752688|0||0||0|0|0|0|0.000000|0.000000|0.000000|0.000000|0.000000|0.000000|0.000000|0.000000|0.000000|0.000000|0.000000|0.000000|
20170708_103832|42389|337|10.638298|0||0||0|0|0|0|0.000000|0.000000|0.000000|0.000000|0.000000|0.000000|0.000000|0.000000|0.000000|0.000000|0.000000|0.000000|
20170708_103832|42482|338|10.638298|0||0||0|0|0|0|0.000000|0.000000|0.000000|0.000000|0.000000|0.000000|0.000000|0.000000|0.000000|0.000000|0.000000|0.000000|
20170708_103832|42577|339|10.526316|0||0||0|0|0|0|0.000000|0.000000|0.000000|0.000000|0.000000|0.000000|0.000000|0.000000|0.000000|0.000000|0.000000|0.000000|
20170708_103832|42667|340|10.869565|0||0||0|0|0|0|0.000000|0.000000|0.000000|0.000000|0.000000|0.000000|0.000000|0.000000|0.000000|0.000000|0.000000|0.000000|
20170708_103832|42766|341|10.416667|0||0||0|0|0|0|0.000000|0.000000|0.000000|0.000000|0.000000|0.000000|0.000000|0.000000|0.000000|0.000000|0.000000|0.000000|
20170708_103832|42856|342|10.869565|0||0||0|0|0|0|0.000000|0.000000|0.000000|0.000000|0.000000|0.000000|0.000000|0.000000|0.000000|0.000000|0.000000|0.000000|
20170708_103832|42951|343|10.638298|0||0||0|0|0|0|0.000000|0.000000|0.000000|0.000000|0.000000|0.000000|0.000000|0.000000|0.000000|0.000000|0.000000|0.000000|
20170708_103832|43043|344|10.638298|0||0||0|0|0|0|0.000000|0.000000|0.000000|0.000000|0.000000|0.000000|0.000000|0.000000|0.000000|0.000000|0.000000|0.000000|
20170708_103832|43138|345|10.869565|0||0||0|0|0|0|0.000000|0.000000|0.000000|0.000000|0.000000|0.000000|0.000000|0.000000|0.000000|0.000000|0.000000|0.000000|
20170708_103833|43235|346|10.101010|0||0||0|0|0|0|0.000000|0.000000|0.000000|0.000000|0.000000|0.000000|0.000000|0.000000|0.000000|0.000000|0.000000|0.000000|
20170708_103833|43327|347|11.111111|0||0||0|0|0|0|0.000000|0.000000|0.000000|0.000000|0.000000|0.000000|0.000000|0.000000|0.000000|0.000000|0.000000|0.000000|
20170708_103833|43425|348|10.000000|0||0||0|0|0|0|0.000000|0.000000|0.000000|0.000000|0.000000|0.000000|0.000000|0.000000|0.000000|0.000000|0.000000|0.000000|
20170708_103833|43514|349|11.494253|0||0||0|0|0|0|0.000000|0.000000|0.000000|0.000000|0.000000|0.000000|0.000000|0.000000|0.000000|0.000000|0.000000|0.000000|
20170708_103833|43605|350|10.752688|0||0||0|0|0|0|0.000000|0.000000|0.000000|0.000000|0.000000|0.000000|0.000000|0.000000|0.000000|0.000000|0.000000|0.000000|
20170708_103833|43666|351|16.393443|0||0||0|0|0|0|0.000000|0.000000|0.000000|0.000000|0.000000|0.000000|0.000000|0.000000|0.000000|0.000000|0.000000|0.000000|
20170708_103833|43746|352|12.500000|0||0||0|0|0|0|0.000000|0.000000|0.000000|0.000000|0.000000|0.000000|0.000000|0.000000|0.000000|0.000000|0.000000|0.000000|
20170708_103833|43797|353|20.833333|0||0||0|0|0|0|0.000000|0.000000|0.000000|0.000000|0.000000|0.000000|0.000000|0.000000|0.000000|0.000000|0.000000|0.000000|
20170708_103833|43891|354|10.526316|0||0||0|0|0|0|0.000000|0.000000|0.000000|0.000000|0.000000|0.000000|0.000000|0.000000|0.000000|0.000000|0.000000|0.000000|
20170708_103833|43945|355|17.857143|0||0||0|0|0|0|0.000000|0.000000|0.000000|0.000000|0.000000|0.000000|0.000000|0.000000|0.000000|0.000000|0.000000|0.000000|
20170708_103833|43988|356|23.809524|0||0||0|0|0|0|0.000000|0.000000|0.000000|0.000000|0.000000|0.000000|0.000000|0.000000|0.000000|0.000000|0.000000|0.000000|
20170708_103833|44068|357|12.658228|0||0||0|0|0|0|0.000000|0.000000|0.000000|0.000000|0.000000|0.000000|0.000000|0.000000|0.000000|0.000000|0.000000|0.000000|
20170708_103833|44141|358|13.698630|0||0||0|0|0|0|0.000000|0.000000|0.000000|0.000000|0.000000|0.000000|0.000000|0.000000|0.000000|0.000000|0.000000|0.000000|
20170708_103834|44217|359|13.157895|0||0||0|0|0|0|0.000000|0.000000|0.000000|0.000000|0.000000|0.000000|0.000000|0.000000|0.000000|0.000000|0.000000|0.000000|
20170708_103834|44310|360|10.752688|0||0||0|0|0|0|0.000000|0.000000|0.000000|0.000000|0.000000|0.000000|0.000000|0.000000|0.000000|0.000000|0.000000|0.000000|
20170708_103834|44404|361|10.638298|0||0||0|0|0|0|0.000000|0.000000|0.000000|0.000000|0.000000|0.000000|0.000000|0.000000|0.000000|0.000000|0.000000|0.000000|
20170708_103834|44496|362|10.638298|0||0||0|0|0|0|0.000000|0.000000|0.000000|0.000000|0.000000|0.000000|0.000000|0.000000|0.000000|0.000000|0.000000|0.000000|
20170708_103834|44555|363|16.666667|0||0||0|0|0|0|0.000000|0.000000|0.000000|0.000000|0.000000|0.000000|0.000000|0.000000|0.000000|0.000000|0.000000|0.000000|
20170708_103834|44606|364|19.607843|0||0||0|0|0|0|0.000000|0.000000|0.000000|0.000000|0.000000|0.000000|0.000000|0.000000|0.000000|0.000000|0.000000|0.000000|
20170708_103834|44684|365|12.987013|0||0||0|0|0|0|0.000000|0.000000|0.000000|0.000000|0.000000|0.000000|0.000000|0.000000|0.000000|0.000000|0.000000|0.000000|
20170708_103834|44737|366|19.607843|0||0||0|0|0|0|0.000000|0.000000|0.000000|0.000000|0.000000|0.000000|0.000000|0.000000|0.000000|0.000000|0.000000|0.000000|
20170708_103834|44809|367|13.698630|0||0||0|0|0|0|0.000000|0.000000|0.000000|0.000000|0.000000|0.000000|0.000000|0.000000|0.000000|0.000000|0.000000|0.000000|
20170708_103834|44879|368|14.285714|0||0||0|0|0|0|0.000000|0.000000|0.000000|0.000000|0.000000|0.000000|0.000000|0.000000|0.000000|0.000000|0.000000|0.000000|
20170708_103834|44933|369|18.518519|0||0||0|0|0|0|0.000000|0.000000|0.000000|0.000000|0.000000|0.000000|0.000000|0.000000|0.000000|0.000000|0.000000|0.000000|
20170708_103834|45012|370|12.345679|0||0||0|0|0|0|0.000000|0.000000|0.000000|0.000000|0.000000|0.000000|0.000000|0.000000|0.000000|0.000000|0.000000|0.000000|
20170708_103834|45109|371|10.526316|0||0||0|0|0|0|0.000000|0.000000|0.000000|0.000000|0.000000|0.000000|0.000000|0.000000|0.000000|0.000000|0.000000|0.000000|
20170708_103835|45204|372|10.309278|0||0||0|0|0|0|0.000000|0.000000|0.000000|0.000000|0.000000|0.000000|0.000000|0.000000|0.000000|0.000000|0.000000|0.000000|
20170708_103835|45296|373|11.235955|0||0||0|0|0|0|0.000000|0.000000|0.000000|0.000000|0.000000|0.000000|0.000000|0.000000|0.000000|0.000000|0.000000|0.000000|
20170708_103835|45433|374|7.194245|0||0||0|0|0|0|0.000000|0.000000|0.000000|0.000000|0.000000|0.000000|0.000000|0.000000|0.000000|0.000000|0.000000|0.000000|
20170708_103846|57104|375|0.085690|0|Caula|0||0|0|0|0|0.000000|0.000000|0.000000|0.000000|0.000000|0.000000|0.000000|0.000000|0.000000|0.000000|0.000000|0.000000|
20170708_103846|57169|376|14.925373|0|Caula|0||0|0|0|0|0.000000|0.000000|0.000000|0.000000|0.000000|0.000000|0.000000|0.000000|0.000000|0.000000|0.000000|0.000000|
20170708_103847|57248|377|12.820513|0|Caula|0||0|0|0|0|0.000000|0.000000|0.000000|0.000000|0.000000|0.000000|0.000000|0.000000|0.000000|0.000000|0.000000|0.000000|
20170708_103847|57340|378|10.869565|0|Caula|0||0|0|0|0|0.000000|0.000000|0.000000|0.000000|0.000000|0.000000|0.000000|0.000000|0.000000|0.000000|0.000000|0.000000|
20170708_103847|57433|379|10.752688|0|Caula|0||0|0|0|0|0.000000|0.000000|0.000000|0.000000|0.000000|0.000000|0.000000|0.000000|0.000000|0.000000|0.000000|0.000000|
20170708_103847|57527|380|10.638298|0|Caula|0||0|0|0|0|0.000000|0.000000|0.000000|0.000000|0.000000|0.000000|0.000000|0.000000|0.000000|0.000000|0.000000|0.000000|
20170708_103847|57622|381|10.526316|0|Caula|0||0|0|0|0|0.000000|0.000000|0.000000|0.000000|0.000000|0.000000|0.000000|0.000000|0.000000|0.000000|0.000000|0.000000|
20170708_103847|57717|382|10.526316|0|Caula|0||0|0|0|0|0.000000|0.000000|0.000000|0.000000|0.000000|0.000000|0.000000|0.000000|0.000000|0.000000|0.000000|0.000000|
20170708_103847|57808|383|10.989011|0|Caula|0||0|0|0|0|0.000000|0.000000|0.000000|0.000000|0.000000|0.000000|0.000000|0.000000|0.000000|0.000000|0.000000|0.000000|
20170708_103847|57902|384|10.638298|0|Caula|0||0|0|0|0|0.000000|0.000000|0.000000|0.000000|0.000000|0.000000|0.000000|0.000000|0.000000|0.000000|0.000000|0.000000|
20170708_103847|57998|385|10.309278|0|Caula|0||0|0|0|0|0.000000|0.000000|0.000000|0.000000|0.000000|0.000000|0.000000|0.000000|0.000000|0.000000|0.000000|0.000000|
20170708_103847|58092|386|10.869565|0|Caula|0||0|0|0|0|0.000000|0.000000|0.000000|0.000000|0.000000|0.000000|0.000000|0.000000|0.000000|0.000000|0.000000|0.000000|
20170708_103848|58186|387|10.526316|0|Caula|0||0|0|0|0|0.000000|0.000000|0.000000|0.000000|0.000000|0.000000|0.000000|0.000000|0.000000|0.000000|0.000000|0.000000|
20170708_103848|58279|388|10.752688|0|Caula|0||0|0|0|0|0.000000|0.000000|0.000000|0.000000|0.000000|0.000000|0.000000|0.000000|0.000000|0.000000|0.000000|0.000000|
20170708_103848|58371|389|10.989011|0|Caula|0||0|0|0|0|0.000000|0.000000|0.000000|0.000000|0.000000|0.000000|0.000000|0.000000|0.000000|0.000000|0.000000|0.000000|
20170708_103848|58466|390|10.309278|0|Caula|0||0|0|0|0|0.000000|0.000000|0.000000|0.000000|0.000000|0.000000|0.000000|0.000000|0.000000|0.000000|0.000000|0.000000|
20170708_103848|58559|391|10.989011|0|Caula|0||0|0|0|0|0.000000|0.000000|0.000000|0.000000|0.000000|0.000000|0.000000|0.000000|0.000000|0.000000|0.000000|0.000000|
20170708_103848|58652|392|10.638298|0|Caula|0||0|0|0|0|0.000000|0.000000|0.000000|0.000000|0.000000|0.000000|0.000000|0.000000|0.000000|0.000000|0.000000|0.000000|
20170708_103848|58746|393|10.752688|0|Caula|0||0|0|0|0|0.000000|0.000000|0.000000|0.000000|0.000000|0.000000|0.000000|0.000000|0.000000|0.000000|0.000000|0.000000|
20170708_103848|58842|394|10.309278|0|Caula|0||0|0|0|0|0.000000|0.000000|0.000000|0.000000|0.000000|0.000000|0.000000|0.000000|0.000000|0.000000|0.000000|0.000000|
20170708_103848|58932|395|10.989011|0|Caula|0||0|0|0|0|0.000000|0.000000|0.000000|0.000000|0.000000|0.000000|0.000000|0.000000|0.000000|0.000000|0.000000|0.000000|
20170708_103848|58982|396|20.408163|0|Caula|0||0|0|0|0|0.000000|0.000000|0.000000|0.000000|0.000000|0.000000|0.000000|0.000000|0.000000|0.000000|0.000000|0.000000|
20170708_103848|59076|397|10.638298|0|Caula|0||0|0|0|0|0.000000|0.000000|0.000000|0.000000|0.000000|0.000000|0.000000|0.000000|0.000000|0.000000|0.000000|0.000000|
20170708_103848|59169|398|10.752688|0|Caula|0||0|0|0|0|0.000000|0.000000|0.000000|0.000000|0.000000|0.000000|0.000000|0.000000|0.000000|0.000000|0.000000|0.000000|
20170708_103849|59262|399|10.638298|0|Caula|0||0|0|0|0|0.000000|0.000000|0.000000|0.000000|0.000000|0.000000|0.000000|0.000000|0.000000|0.000000|0.000000|0.000000|
20170708_103849|59313|400|20.000000|0|Caula|0||0|0|0|0|0.000000|0.000000|0.000000|0.000000|0.000000|0.000000|0.000000|0.000000|0.000000|0.000000|0.000000|0.000000|
20170708_103849|59378|401|15.384615|0|Caula|0||0|0|0|0|0.000000|0.000000|0.000000|0.000000|0.000000|0.000000|0.000000|0.000000|0.000000|0.000000|0.000000|0.000000|
20170708_103849|59450|402|13.888889|0|Caula|0||0|0|0|0|0.000000|0.000000|0.000000|0.000000|0.000000|0.000000|0.000000|0.000000|0.000000|0.000000|0.000000|0.000000|
20170708_103849|59543|403|10.752688|0|Caula|0||0|0|0|0|0.000000|0.000000|0.000000|0.000000|0.000000|0.000000|0.000000|0.000000|0.000000|0.000000|0.000000|0.000000|
20170708_103849|59638|404|10.638298|0|Caula|0||0|0|0|0|0.000000|0.000000|0.000000|0.000000|0.000000|0.000000|0.000000|0.000000|0.000000|0.000000|0.000000|0.000000|
20170708_103849|59731|405|10.638298|0|Caula|0||0|0|0|0|0.000000|0.000000|0.000000|0.000000|0.000000|0.000000|0.000000|0.000000|0.000000|0.000000|0.000000|0.000000|
20170708_103849|59825|406|10.526316|0|Caula|0||0|0|0|0|0.000000|0.000000|0.000000|0.000000|0.000000|0.000000|0.000000|0.000000|0.000000|0.000000|0.000000|0.000000|
20170708_103849|59920|407|10.638298|0|Caula|0||0|0|0|0|0.000000|0.000000|0.000000|0.000000|0.000000|0.000000|0.000000|0.000000|0.000000|0.000000|0.000000|0.000000|
20170708_103849|60012|408|10.869565|0|Caula|0||0|0|0|0|0.000000|0.000000|0.000000|0.000000|0.000000|0.000000|0.000000|0.000000|0.000000|0.000000|0.000000|0.000000|
20170708_103849|60105|409|10.752688|0|Caula|0||0|0|0|0|0.000000|0.000000|0.000000|0.000000|0.000000|0.000000|0.000000|0.000000|0.000000|0.000000|0.000000|0.000000|
20170708_103849|60153|410|20.408163|0|Caula|0||0|0|0|0|0.000000|0.000000|0.000000|0.000000|0.000000|0.000000|0.000000|0.000000|0.000000|0.000000|0.000000|0.000000|
20170708_103850|60246|411|10.869565|0|Caula|0||0|0|0|0|0.000000|0.000000|0.000000|0.000000|0.000000|0.000000|0.000000|0.000000|0.000000|0.000000|0.000000|0.000000|
20170708_103850|60343|412|10.416667|0|Caula|0||0|0|0|0|0.000000|0.000000|0.000000|0.000000|0.000000|0.000000|0.000000|0.000000|0.000000|0.000000|0.000000|0.000000|
20170708_103850|60435|413|10.752688|0|Caula|0||0|0|0|0|0.000000|0.000000|0.000000|0.000000|0.000000|0.000000|0.000000|0.000000|0.000000|0.000000|0.000000|0.000000|
20170708_103850|60529|414|10.752688|0|Caula|0||0|0|0|0|0.000000|0.000000|0.000000|0.000000|0.000000|0.000000|0.000000|0.000000|0.000000|0.000000|0.000000|0.000000|
20170708_103850|60578|415|20.408163|0|Caula|0||0|0|0|0|0.000000|0.000000|0.000000|0.000000|0.000000|0.000000|0.000000|0.000000|0.000000|0.000000|0.000000|0.000000|
20170708_103850|60669|416|10.869565|0|Caula|0||0|0|0|0|0.000000|0.000000|0.000000|0.000000|0.000000|0.000000|0.000000|0.000000|0.000000|0.000000|0.000000|0.000000|
20170708_103850|60764|417|10.526316|0|Caula|0||0|0|0|0|0.000000|0.000000|0.000000|0.000000|0.000000|0.000000|0.000000|0.000000|0.000000|0.000000|0.000000|0.000000|
20170708_103850|60857|418|10.752688|0|Caula|0||0|0|0|0|0.000000|0.000000|0.000000|0.000000|0.000000|0.000000|0.000000|0.000000|0.000000|0.000000|0.000000|0.000000|
20170708_103850|60949|419|10.752688|0|Caula|0||0|0|0|0|0.000000|0.000000|0.000000|0.000000|0.000000|0.000000|0.000000|0.000000|0.000000|0.000000|0.000000|0.000000|
20170708_103850|61043|420|10.869565|0|Caula|0||0|0|0|0|0.000000|0.000000|0.000000|0.000000|0.000000|0.000000|0.000000|0.000000|0.000000|0.000000|0.000000|0.000000|
20170708_103850|61138|421|10.309278|0|Caula|0||0|0|0|0|0.000000|0.000000|0.000000|0.000000|0.000000|0.000000|0.000000|0.000000|0.000000|0.000000|0.000000|0.000000|
20170708_103851|61231|422|10.869565|0|Caula|0||0|0|0|0|0.000000|0.000000|0.000000|0.000000|0.000000|0.000000|0.000000|0.000000|0.000000|0.000000|0.000000|0.000000|
20170708_103851|61326|423|10.638298|0|Caula|0||0|0|0|0|0.000000|0.000000|0.000000|0.000000|0.000000|0.000000|0.000000|0.000000|0.000000|0.000000|0.000000|0.000000|
20170708_103851|61421|424|10.526316|0|Caula|0||0|0|0|0|0.000000|0.000000|0.000000|0.000000|0.000000|0.000000|0.000000|0.000000|0.000000|0.000000|0.000000|0.000000|
20170708_103851|61515|425|10.526316|0|Caula|0||0|0|0|0|0.000000|0.000000|0.000000|0.000000|0.000000|0.000000|0.000000|0.000000|0.000000|0.000000|0.000000|0.000000|
20170708_103851|61606|426|11.111111|0|Caula|0||0|0|0|0|0.000000|0.000000|0.000000|0.000000|0.000000|0.000000|0.000000|0.000000|0.000000|0.000000|0.000000|0.000000|
20170708_103851|61655|427|20.000000|0|Caula|0||0|0|0|0|0.000000|0.000000|0.000000|0.000000|0.000000|0.000000|0.000000|0.000000|0.000000|0.000000|0.000000|0.000000|
20170708_103851|61713|428|16.949153|0|Caula|0||0|0|0|0|0.000000|0.000000|0.000000|0.000000|0.000000|0.000000|0.000000|0.000000|0.000000|0.000000|0.000000|0.000000|
20170708_103851|61796|429|12.345679|0|Caula|0||0|0|0|0|0.000000|0.000000|0.000000|0.000000|0.000000|0.000000|0.000000|0.000000|0.000000|0.000000|0.000000|0.000000|
20170708_103851|61888|430|10.752688|0|Caula|0||0|0|0|0|0.000000|0.000000|0.000000|0.000000|0.000000|0.000000|0.000000|0.000000|0.000000|0.000000|0.000000|0.000000|
20170708_103851|61982|431|10.752688|0|Caula|0||0|0|0|0|0.000000|0.000000|0.000000|0.000000|0.000000|0.000000|0.000000|0.000000|0.000000|0.000000|0.000000|0.000000|
20170708_103851|62077|432|10.309278|0|Caula|0||0|0|0|0|0.000000|0.000000|0.000000|0.000000|0.000000|0.000000|0.000000|0.000000|0.000000|0.000000|0.000000|0.000000|
20170708_103851|62169|433|10.989011|0|Caula|0||0|0|0|0|0.000000|0.000000|0.000000|0.000000|0.000000|0.000000|0.000000|0.000000|0.000000|0.000000|0.000000|0.000000|
20170708_103852|62263|434|10.752688|0|Caula|0||0|0|0|0|0.000000|0.000000|0.000000|0.000000|0.000000|0.000000|0.000000|0.000000|0.000000|0.000000|0.000000|0.000000|
20170708_103852|62355|435|10.638298|0|Caula|0||0|0|0|0|0.000000|0.000000|0.000000|0.000000|0.000000|0.000000|0.000000|0.000000|0.000000|0.000000|0.000000|0.000000|
20170708_103852|62403|436|21.276596|0|Caula|0||0|0|0|0|0.000000|0.000000|0.000000|0.000000|0.000000|0.000000|0.000000|0.000000|0.000000|0.000000|0.000000|0.000000|
20170708_103852|62496|437|10.638298|0|Caula|0||0|0|0|0|0.000000|0.000000|0.000000|0.000000|0.000000|0.000000|0.000000|0.000000|0.000000|0.000000|0.000000|0.000000|
20170708_103852|62592|438|10.638298|0|Caula|0||0|0|0|0|0.000000|0.000000|0.000000|0.000000|0.000000|0.000000|0.000000|0.000000|0.000000|0.000000|0.000000|0.000000|
20170708_103852|62684|439|10.752688|0|Caula|0||0|0|0|0|0.000000|0.000000|0.000000|0.000000|0.000000|0.000000|0.000000|0.000000|0.000000|0.000000|0.000000|0.000000|
20170708_103852|62780|440|10.309278|0|Caula|0||0|0|0|0|0.000000|0.000000|0.000000|0.000000|0.000000|0.000000|0.000000|0.000000|0.000000|0.000000|0.000000|0.000000|
20170708_103852|62871|441|10.989011|0|Caula|0||0|0|0|0|0.000000|0.000000|0.000000|0.000000|0.000000|0.000000|0.000000|0.000000|0.000000|0.000000|0.000000|0.000000|
20170708_103852|62920|442|21.276596|0|Caula|0||0|0|0|0|0.000000|0.000000|0.000000|0.000000|0.000000|0.000000|0.000000|0.000000|0.000000|0.000000|0.000000|0.000000|
20170708_103852|63014|443|10.526316|0|Caula|0||0|0|0|0|0.000000|0.000000|0.000000|0.000000|0.000000|0.000000|0.000000|0.000000|0.000000|0.000000|0.000000|0.000000|
20170708_103852|63106|444|10.869565|0|Caula|0||0|0|0|0|0.000000|0.000000|0.000000|0.000000|0.000000|0.000000|0.000000|0.000000|0.000000|0.000000|0.000000|0.000000|
20170708_103853|63200|445|10.638298|0|Caula|0||0|0|0|0|0.000000|0.000000|0.000000|0.000000|0.000000|0.000000|0.000000|0.000000|0.000000|0.000000|0.000000|0.000000|
20170708_103853|63294|446|10.638298|0|Caula|0||0|0|0|0|0.000000|0.000000|0.000000|0.000000|0.000000|0.000000|0.000000|0.000000|0.000000|0.000000|0.000000|0.000000|
20170708_103853|63387|447|10.752688|0|Caula|0||0|0|0|0|0.000000|0.000000|0.000000|0.000000|0.000000|0.000000|0.000000|0.000000|0.000000|0.000000|0.000000|0.000000|
20170708_103853|63481|448|10.638298|0|Caula|0||0|0|0|0|0.000000|0.000000|0.000000|0.000000|0.000000|0.000000|0.000000|0.000000|0.000000|0.000000|0.000000|0.000000|
20170708_103853|63576|449|10.638298|0|Caula|0||0|0|0|0|0.000000|0.000000|0.000000|0.000000|0.000000|0.000000|0.000000|0.000000|0.000000|0.000000|0.000000|0.000000|
20170708_103853|63669|450|10.638298|0|Caula|0||0|0|0|0|0.000000|0.000000|0.000000|0.000000|0.000000|0.000000|0.000000|0.000000|0.000000|0.000000|0.000000|0.000000|
20170708_103853|63761|451|10.869565|0|Caula|0||0|0|0|0|0.000000|0.000000|0.000000|0.000000|0.000000|0.000000|0.000000|0.000000|0.000000|0.000000|0.000000|0.000000|
20170708_103853|63856|452|10.526316|0|Caula|0||0|0|0|0|0.000000|0.000000|0.000000|0.000000|0.000000|0.000000|0.000000|0.000000|0.000000|0.000000|0.000000|0.000000|
20170708_103853|63950|453|10.638298|0|Caula|0||0|0|0|0|0.000000|0.000000|0.000000|0.000000|0.000000|0.000000|0.000000|0.000000|0.000000|0.000000|0.000000|0.000000|
20170708_103853|64043|454|10.752688|0|Caula|0||0|0|0|0|0.000000|0.000000|0.000000|0.000000|0.000000|0.000000|0.000000|0.000000|0.000000|0.000000|0.000000|0.000000|
20170708_103853|64136|455|10.752688|0|Caula|0||0|0|0|0|0.000000|0.000000|0.000000|0.000000|0.000000|0.000000|0.000000|0.000000|0.000000|0.000000|0.000000|0.000000|
20170708_103854|64232|456|10.526316|0|Caula|0||0|0|0|0|0.000000|0.000000|0.000000|0.000000|0.000000|0.000000|0.000000|0.000000|0.000000|0.000000|0.000000|0.000000|
20170708_103854|64324|457|10.752688|0|Caula|0||0|0|0|0|0.000000|0.000000|0.000000|0.000000|0.000000|0.000000|0.000000|0.000000|0.000000|0.000000|0.000000|0.000000|
20170708_103854|64389|458|15.625000|0|Caula|0||0|0|0|0|0.000000|0.000000|0.000000|0.000000|0.000000|0.000000|0.000000|0.000000|0.000000|0.000000|0.000000|0.000000|
20170708_103854|64466|459|12.658228|0|Caula|0||0|0|0|0|0.000000|0.000000|0.000000|0.000000|0.000000|0.000000|0.000000|0.000000|0.000000|0.000000|0.000000|0.000000|
20170708_103854|64559|460|10.869565|0|Caula|0||0|0|0|0|0.000000|0.000000|0.000000|0.000000|0.000000|0.000000|0.000000|0.000000|0.000000|0.000000|0.000000|0.000000|
20170708_103854|64653|461|10.526316|0|Caula|0||0|0|0|0|0.000000|0.000000|0.000000|0.000000|0.000000|0.000000|0.000000|0.000000|0.000000|0.000000|0.000000|0.000000|
20170708_103854|64747|462|10.752688|0|Caula|0||0|0|0|0|0.000000|0.000000|0.000000|0.000000|0.000000|0.000000|0.000000|0.000000|0.000000|0.000000|0.000000|0.000000|
20170708_103854|64843|463|10.526316|0|Caula|0||0|0|0|0|0.000000|0.000000|0.000000|0.000000|0.000000|0.000000|0.000000|0.000000|0.000000|0.000000|0.000000|0.000000|
20170708_103854|64897|464|17.857143|0|Caula|0||0|0|0|0|0.000000|0.000000|0.000000|0.000000|0.000000|0.000000|0.000000|0.000000|0.000000|0.000000|0.000000|0.000000|
20170708_103854|64940|465|24.390244|0|Caula|0||0|0|0|0|0.000000|0.000000|0.000000|0.000000|0.000000|0.000000|0.000000|0.000000|0.000000|0.000000|0.000000|0.000000|
20170708_103854|64997|466|17.241379|0|Caula|0||0|0|0|0|0.000000|0.000000|0.000000|0.000000|0.000000|0.000000|0.000000|0.000000|0.000000|0.000000|0.000000|0.000000|
20170708_103854|65075|467|12.987013|0|Caula|0||0|0|0|0|0.000000|0.000000|0.000000|0.000000|0.000000|0.000000|0.000000|0.000000|0.000000|0.000000|0.000000|0.000000|
20170708_103854|65168|468|10.638298|0|Caula|0||0|0|0|0|0.000000|0.000000|0.000000|0.000000|0.000000|0.000000|0.000000|0.000000|0.000000|0.000000|0.000000|0.000000|
20170708_103855|65263|469|10.526316|0|Caula|0||0|0|0|0|0.000000|0.000000|0.000000|0.000000|0.000000|0.000000|0.000000|0.000000|0.000000|0.000000|0.000000|0.000000|
20170708_103855|65355|470|10.869565|0|Caula|0||0|0|0|0|0.000000|0.000000|0.000000|0.000000|0.000000|0.000000|0.000000|0.000000|0.000000|0.000000|0.000000|0.000000|
20170708_103855|65402|471|21.276596|0|Caula|0||0|0|0|0|0.000000|0.000000|0.000000|0.000000|0.000000|0.000000|0.000000|0.000000|0.000000|0.000000|0.000000|0.000000|
20170708_103855|65459|472|17.543860|0|Caula|0||0|0|0|0|0.000000|0.000000|0.000000|0.000000|0.000000|0.000000|0.000000|0.000000|0.000000|0.000000|0.000000|0.000000|
20170708_103855|65544|473|11.764706|0|Caula|0||0|0|0|0|0.000000|0.000000|0.000000|0.000000|0.000000|0.000000|0.000000|0.000000|0.000000|0.000000|0.000000|0.000000|
20170708_103855|65639|474|10.638298|0|Caula|0||0|0|0|0|0.000000|0.000000|0.000000|0.000000|0.000000|0.000000|0.000000|0.000000|0.000000|0.000000|0.000000|0.000000|
20170708_103855|65732|475|10.526316|0|Caula|0||0|0|0|0|0.000000|0.000000|0.000000|0.000000|0.000000|0.000000|0.000000|0.000000|0.000000|0.000000|0.000000|0.000000|
20170708_103855|65794|476|16.393443|0|Caula|0||0|0|0|0|0.000000|0.000000|0.000000|0.000000|0.000000|0.000000|0.000000|0.000000|0.000000|0.000000|0.000000|0.000000|
20170708_103855|65858|477|15.625000|0|Caula|0||0|0|0|0|0.000000|0.000000|0.000000|0.000000|0.000000|0.000000|0.000000|0.000000|0.000000|0.000000|0.000000|0.000000|
20170708_103855|65923|478|15.384615|0|Caula|0||0|0|0|0|0.000000|0.000000|0.000000|0.000000|0.000000|0.000000|0.000000|0.000000|0.000000|0.000000|0.000000|0.000000|
20170708_103855|66012|479|11.363636|0|Caula|0||0|0|0|0|0.000000|0.000000|0.000000|0.000000|0.000000|0.000000|0.000000|0.000000|0.000000|0.000000|0.000000|0.000000|
20170708_103855|66110|480|10.526316|0|Caula|0||0|0|0|0|0.000000|0.000000|0.000000|0.000000|0.000000|0.000000|0.000000|0.000000|0.000000|0.000000|0.000000|0.000000|
20170708_103856|66201|481|10.638298|0|Caula|0||0|0|0|0|0.000000|0.000000|0.000000|0.000000|0.000000|0.000000|0.000000|0.000000|0.000000|0.000000|0.000000|0.000000|
20170708_103856|66294|482|10.752688|0|Caula|0||0|0|0|0|0.000000|0.000000|0.000000|0.000000|0.000000|0.000000|0.000000|0.000000|0.000000|0.000000|0.000000|0.000000|
20170708_103856|66389|483|10.752688|0|Caula|0||0|0|0|0|0.000000|0.000000|0.000000|0.000000|0.000000|0.000000|0.000000|0.000000|0.000000|0.000000|0.000000|0.000000|
20170708_103856|66485|484|10.526316|0|Caula|0||0|0|0|0|0.000000|0.000000|0.000000|0.000000|0.000000|0.000000|0.000000|0.000000|0.000000|0.000000|0.000000|0.000000|
20170708_103856|66577|485|10.526316|0|Caula|0||0|0|0|0|0.000000|0.000000|0.000000|0.000000|0.000000|0.000000|0.000000|0.000000|0.000000|0.000000|0.000000|0.000000|
20170708_103856|66670|486|10.752688|0|Caula|0||0|0|0|0|0.000000|0.000000|0.000000|0.000000|0.000000|0.000000|0.000000|0.000000|0.000000|0.000000|0.000000|0.000000|
20170708_103856|66766|487|10.869565|0|Caula|0||0|0|0|0|0.000000|0.000000|0.000000|0.000000|0.000000|0.000000|0.000000|0.000000|0.000000|0.000000|0.000000|0.000000|
20170708_103856|66857|488|10.526316|0|Caula|0||0|0|0|0|0.000000|0.000000|0.000000|0.000000|0.000000|0.000000|0.000000|0.000000|0.000000|0.000000|0.000000|0.000000|
20170708_103856|66956|489|10.000000|0|Caula|0||0|0|0|0|0.000000|0.000000|0.000000|0.000000|0.000000|0.000000|0.000000|0.000000|0.000000|0.000000|0.000000|0.000000|
20170708_103856|67048|490|11.363636|0|Caula|0||0|0|0|0|0.000000|0.000000|0.000000|0.000000|0.000000|0.000000|0.000000|0.000000|0.000000|0.000000|0.000000|0.000000|
20170708_103856|67139|491|10.869565|0|Caula|0||0|0|0|0|0.000000|0.000000|0.000000|0.000000|0.000000|0.000000|0.000000|0.000000|0.000000|0.000000|0.000000|0.000000|
20170708_103857|67231|492|10.416667|0|Caula|0||0|0|0|0|0.000000|0.000000|0.000000|0.000000|0.000000|0.000000|0.000000|0.000000|0.000000|0.000000|0.000000|0.000000|
20170708_103857|67328|493|10.752688|0|Caula|0||0|0|0|0|0.000000|0.000000|0.000000|0.000000|0.000000|0.000000|0.000000|0.000000|0.000000|0.000000|0.000000|0.000000|
20170708_103857|67420|494|10.638298|0|Caula|0||0|0|0|0|0.000000|0.000000|0.000000|0.000000|0.000000|0.000000|0.000000|0.000000|0.000000|0.000000|0.000000|0.000000|
20170708_103857|67519|495|10.000000|0|Caula|0||0|0|0|0|0.000000|0.000000|0.000000|0.000000|0.000000|0.000000|0.000000|0.000000|0.000000|0.000000|0.000000|0.000000|
20170708_103857|67611|496|10.989011|0|Caula|0||0|0|0|0|0.000000|0.000000|0.000000|0.000000|0.000000|0.000000|0.000000|0.000000|0.000000|0.000000|0.000000|0.000000|
20170708_103857|67701|497|11.111111|0|Caula|0||0|0|0|0|0.000000|0.000000|0.000000|0.000000|0.000000|0.000000|0.000000|0.000000|0.000000|0.000000|0.000000|0.000000|
20170708_103857|67764|498|15.625000|0|Caula|0||0|0|0|0|0.000000|0.000000|0.000000|0.000000|0.000000|0.000000|0.000000|0.000000|0.000000|0.000000|0.000000|0.000000|
20170708_103857|67826|499|16.129032|0|Caula|0||0|0|0|0|0.000000|0.000000|0.000000|0.000000|0.000000|0.000000|0.000000|0.000000|0.000000|0.000000|0.000000|0.000000|
20170708_103857|67894|500|14.705882|0|Caula|0||0|0|0|0|0.000000|0.000000|0.000000|0.000000|0.000000|0.000000|0.000000|0.000000|0.000000|0.000000|0.000000|0.000000|
20170708_103857|67941|501|21.276596|0|Caula|0||0|0|0|0|0.000000|0.000000|0.000000|0.000000|0.000000|0.000000|0.000000|0.000000|0.000000|0.000000|0.000000|0.000000|
20170708_103857|68009|502|14.925373|0|Caula|0||0|0|0|0|0.000000|0.000000|0.000000|0.000000|0.000000|0.000000|0.000000|0.000000|0.000000|0.000000|0.000000|0.000000|
20170708_103857|68076|503|14.492754|0|Caula|0||0|0|0|0|0.000000|0.000000|0.000000|0.000000|0.000000|0.000000|0.000000|0.000000|0.000000|0.000000|0.000000|0.000000|
20170708_103857|68174|504|10.204082|0|Caula|0||0|0|0|0|0.000000|0.000000|0.000000|0.000000|0.000000|0.000000|0.000000|0.000000|0.000000|0.000000|0.000000|0.000000|
20170708_103858|68262|505|11.494253|0|Caula|0||0|0|0|0|0.000000|0.000000|0.000000|0.000000|0.000000|0.000000|0.000000|0.000000|0.000000|0.000000|0.000000|0.000000|
20170708_103858|68357|506|10.638298|0|Caula|0||0|0|0|0|0.000000|0.000000|0.000000|0.000000|0.000000|0.000000|0.000000|0.000000|0.000000|0.000000|0.000000|0.000000|
20170708_103858|68453|507|10.638298|0|Caula|0||0|0|0|0|0.000000|0.000000|0.000000|0.000000|0.000000|0.000000|0.000000|0.000000|0.000000|0.000000|0.000000|0.000000|
20170708_103900|70511|508|0.485201|0|Caula|0||0|0|0|0|0.000000|0.000000|0.000000|0.000000|0.000000|0.000000|0.000000|0.000000|0.000000|0.000000|0.000000|0.000000|
20170708_103900|70611|509|10.101010|0|Caula|0||0|0|0|0|0.000000|0.000000|0.000000|0.000000|0.000000|0.000000|0.000000|0.000000|0.000000|0.000000|0.000000|0.000000|
20170708_103900|70704|510|11.111111|0|Caula|0||0|0|0|0|0.000000|0.000000|0.000000|0.000000|0.000000|0.000000|0.000000|0.000000|0.000000|0.000000|0.000000|0.000000|
20170708_103900|70793|511|10.638298|0|Caula|0||0|0|0|0|0.000000|0.000000|0.000000|0.000000|0.000000|0.000000|0.000000|0.000000|0.000000|0.000000|0.000000|0.000000|
20170708_103900|70886|512|10.869565|0|Caula|0||0|0|0|0|0.000000|0.000000|0.000000|0.000000|0.000000|0.000000|0.000000|0.000000|0.000000|0.000000|0.000000|0.000000|
20170708_103900|70981|513|10.526316|0|Caula|0||0|0|0|0|0.000000|0.000000|0.000000|0.000000|0.000000|0.000000|0.000000|0.000000|0.000000|0.000000|0.000000|0.000000|
20170708_103900|71073|514|10.869565|0|Caula|0||0|0|0|0|0.000000|0.000000|0.000000|0.000000|0.000000|0.000000|0.000000|0.000000|0.000000|0.000000|0.000000|0.000000|
20170708_103900|71141|515|15.384615|0|Caula|0||0|0|0|0|0.000000|0.000000|0.000000|0.000000|0.000000|0.000000|0.000000|0.000000|0.000000|0.000000|0.000000|0.000000|
20170708_103901|71221|516|11.904762|0|Caula|0||0|0|0|0|0.000000|0.000000|0.000000|0.000000|0.000000|0.000000|0.000000|0.000000|0.000000|0.000000|0.000000|0.000000|
20170708_103901|71309|517|11.494253|0|Caula|0||0|0|0|0|0.000000|0.000000|0.000000|0.000000|0.000000|0.000000|0.000000|0.000000|0.000000|0.000000|0.000000|0.000000|
20170708_103901|71403|518|10.638298|0|Caula|0||0|0|0|0|0.000000|0.000000|0.000000|0.000000|0.000000|0.000000|0.000000|0.000000|0.000000|0.000000|0.000000|0.000000|
20170708_103901|71500|519|10.638298|0|Caula|0||0|0|0|0|0.000000|0.000000|0.000000|0.000000|0.000000|0.000000|0.000000|0.000000|0.000000|0.000000|0.000000|0.000000|
20170708_103901|71581|520|12.500000|0|Caula|0||0|0|0|0|0.000000|0.000000|0.000000|0.000000|0.000000|0.000000|0.000000|0.000000|0.000000|0.000000|0.000000|0.000000|
20170708_103901|71658|521|12.345679|0|Caula|0||0|0|0|0|0.000000|0.000000|0.000000|0.000000|0.000000|0.000000|0.000000|0.000000|0.000000|0.000000|0.000000|0.000000|
20170708_103901|71733|522|13.698630|0|Caula|0||0|0|0|0|0.000000|0.000000|0.000000|0.000000|0.000000|0.000000|0.000000|0.000000|0.000000|0.000000|0.000000|0.000000|
20170708_103901|71785|523|18.181818|0|Caula|0||0|0|0|0|0.000000|0.000000|0.000000|0.000000|0.000000|0.000000|0.000000|0.000000|0.000000|0.000000|0.000000|0.000000|
20170708_103901|71839|524|18.518519|0|Caula|0||0|0|0|0|0.000000|0.000000|0.000000|0.000000|0.000000|0.000000|0.000000|0.000000|0.000000|0.000000|0.000000|0.000000|
20170708_103901|71887|525|21.276596|0|Caula|0||0|0|0|0|0.000000|0.000000|0.000000|0.000000|0.000000|0.000000|0.000000|0.000000|0.000000|0.000000|0.000000|0.000000|
20170708_103901|71972|526|11.904762|0|Caula|0||0|0|0|0|0.000000|0.000000|0.000000|0.000000|0.000000|0.000000|0.000000|0.000000|0.000000|0.000000|0.000000|0.000000|
20170708_103901|72059|527|11.235955|0|Caula|0||0|0|0|0|0.000000|0.000000|0.000000|0.000000|0.000000|0.000000|0.000000|0.000000|0.000000|0.000000|0.000000|0.000000|
20170708_103901|72153|528|10.869565|0|Caula|0||0|0|0|0|0.000000|0.000000|0.000000|0.000000|0.000000|0.000000|0.000000|0.000000|0.000000|0.000000|0.000000|0.000000|
20170708_103902|72252|529|10.101010|0|Caula|0||0|0|0|0|0.000000|0.000000|0.000000|0.000000|0.000000|0.000000|0.000000|0.000000|0.000000|0.000000|0.000000|0.000000|
20170708_103902|72346|530|10.526316|0|Caula|0||0|0|0|0|0.000000|0.000000|0.000000|0.000000|0.000000|0.000000|0.000000|0.000000|0.000000|0.000000|0.000000|0.000000|
20170708_103902|72434|531|11.363636|0|Caula|0||0|0|0|0|0.000000|0.000000|0.000000|0.000000|0.000000|0.000000|0.000000|0.000000|0.000000|0.000000|0.000000|0.000000|
20170708_103902|72532|532|10.526316|0|Caula|0||0|0|0|0|0.000000|0.000000|0.000000|0.000000|0.000000|0.000000|0.000000|0.000000|0.000000|0.000000|0.000000|0.000000|
20170708_103902|72621|533|10.989011|0|Caula|0||0|0|0|0|0.000000|0.000000|0.000000|0.000000|0.000000|0.000000|0.000000|0.000000|0.000000|0.000000|0.000000|0.000000|
20170708_103902|72688|534|14.925373|0|Caula|0||0|0|0|0|0.000000|0.000000|0.000000|0.000000|0.000000|0.000000|0.000000|0.000000|0.000000|0.000000|0.000000|0.000000|
20170708_103902|72741|535|18.518519|0|Caula|0||0|0|0|0|0.000000|0.000000|0.000000|0.000000|0.000000|0.000000|0.000000|0.000000|0.000000|0.000000|0.000000|0.000000|
20170708_103902|72822|536|12.987013|0|Caula|0||0|0|0|0|0.000000|0.000000|0.000000|0.000000|0.000000|0.000000|0.000000|0.000000|0.000000|0.000000|0.000000|0.000000|
20170708_103902|72907|537|11.235955|0|Caula|0||0|0|0|0|0.000000|0.000000|0.000000|0.000000|0.000000|0.000000|0.000000|0.000000|0.000000|0.000000|0.000000|0.000000|
20170708_103902|72987|538|12.987013|0|Caula|0||0|0|0|0|0.000000|0.000000|0.000000|0.000000|0.000000|0.000000|0.000000|0.000000|0.000000|0.000000|0.000000|0.000000|
20170708_103902|73042|539|17.241379|0|Caula|0||0|0|0|0|0.000000|0.000000|0.000000|0.000000|0.000000|0.000000|0.000000|0.000000|0.000000|0.000000|0.000000|0.000000|
20170708_103902|73137|540|10.638298|0|Caula|0||0|0|0|0|0.000000|0.000000|0.000000|0.000000|0.000000|0.000000|0.000000|0.000000|0.000000|0.000000|0.000000|0.000000|
20170708_103903|73231|541|10.526316|0|Caula|0||0|0|0|0|0.000000|0.000000|0.000000|0.000000|0.000000|0.000000|0.000000|0.000000|0.000000|0.000000|0.000000|0.000000|
20170708_103903|73325|542|10.638298|0|Caula|0||0|0|0|0|0.000000|0.000000|0.000000|0.000000|0.000000|0.000000|0.000000|0.000000|0.000000|0.000000|0.000000|0.000000|
20170708_103903|73419|543|10.638298|0|Caula|0||0|0|0|0|0.000000|0.000000|0.000000|0.000000|0.000000|0.000000|0.000000|0.000000|0.000000|0.000000|0.000000|0.000000|
20170708_103903|73511|544|10.752688|0|Caula|0||0|0|0|0|0.000000|0.000000|0.000000|0.000000|0.000000|0.000000|0.000000|0.000000|0.000000|0.000000|0.000000|0.000000|
20170708_103903|73615|545|10.101010|0|Caula|0||0|0|0|0|0.000000|0.000000|0.000000|0.000000|0.000000|0.000000|0.000000|0.000000|0.000000|0.000000|0.000000|0.000000|
20170708_103903|73701|546|11.235955|0|Caula|0||0|0|0|0|0.000000|0.000000|0.000000|0.000000|0.000000|0.000000|0.000000|0.000000|0.000000|0.000000|0.000000|0.000000|
20170708_103903|73792|547|10.869565|0|Caula|0||0|0|0|0|0.000000|0.000000|0.000000|0.000000|0.000000|0.000000|0.000000|0.000000|0.000000|0.000000|0.000000|0.000000|
20170708_103903|73852|548|17.543860|0|Caula|0||0|0|0|0|0.000000|0.000000|0.000000|0.000000|0.000000|0.000000|0.000000|0.000000|0.000000|0.000000|0.000000|0.000000|
