TimeStamp|Ticks|FrameNum|FPS|LogaDados|Robo|achou|trajetoria|Xd|Yd|Xa|Ya|DistMelhorPonto|velAtual|velAtualDerivSuja|velDesejada|erroVel|SaidaControleLinear|angAtual|angDesejado|erroAng|SaidaControleAngular|SinalDeControle1|SinalDeControle2|
20170708_110341|13615|1|0.000001|0||0||0|0|0|0|0.000000|0.000000|0.000000|0.000000|0.000000|0.000000|0.000000|0.000000|0.000000|0.000000|0.000000|0.000000|
20170708_110341|13762|2|6.711409|0||0||0|0|0|0|0.000000|0.000000|0.000000|0.000000|0.000000|0.000000|0.000000|0.000000|0.000000|0.000000|0.000000|0.000000|
20170708_110341|13850|3|11.235955|0||0||0|0|0|0|0.000000|0.000000|0.000000|0.000000|0.000000|0.000000|0.000000|0.000000|0.000000|0.000000|0.000000|0.000000|
20170708_110341|13946|4|10.416667|0||0||0|0|0|0|0.000000|0.000000|0.000000|0.000000|0.000000|0.000000|0.000000|0.000000|0.000000|0.000000|0.000000|0.000000|
20170708_110341|14045|5|10.101010|0||0||0|0|0|0|0.000000|0.000000|0.000000|0.000000|0.000000|0.000000|0.000000|0.000000|0.000000|0.000000|0.000000|0.000000|
20170708_110341|14133|6|11.235955|0||0||0|0|0|0|0.000000|0.000000|0.000000|0.000000|0.000000|0.000000|0.000000|0.000000|0.000000|0.000000|0.000000|0.000000|
20170708_110341|14224|7|10.869565|0||0||0|0|0|0|0.000000|0.000000|0.000000|0.000000|0.000000|0.000000|0.000000|0.000000|0.000000|0.000000|0.000000|0.000000|
20170708_110341|14308|8|12.195122|0||0||0|0|0|0|0.000000|0.000000|0.000000|0.000000|0.000000|0.000000|0.000000|0.000000|0.000000|0.000000|0.000000|0.000000|
20170708_110341|14374|9|15.384615|0||0||0|0|0|0|0.000000|0.000000|0.000000|0.000000|0.000000|0.000000|0.000000|0.000000|0.000000|0.000000|0.000000|0.000000|
20170708_110341|14417|10|21.739130|0||0||0|0|0|0|0.000000|0.000000|0.000000|0.000000|0.000000|0.000000|0.000000|0.000000|0.000000|0.000000|0.000000|0.000000|
20170708_110341|14494|11|12.987013|0||0||0|0|0|0|0.000000|0.000000|0.000000|0.000000|0.000000|0.000000|0.000000|0.000000|0.000000|0.000000|0.000000|0.000000|
20170708_110341|14558|12|15.625000|0||0||0|0|0|0|0.000000|0.000000|0.000000|0.000000|0.000000|0.000000|0.000000|0.000000|0.000000|0.000000|0.000000|0.000000|
20170708_110342|14647|13|11.494253|0||0||0|0|0|0|0.000000|0.000000|0.000000|0.000000|0.000000|0.000000|0.000000|0.000000|0.000000|0.000000|0.000000|0.000000|
20170708_110342|14700|14|18.181818|0||0||0|0|0|0|0.000000|0.000000|0.000000|0.000000|0.000000|0.000000|0.000000|0.000000|0.000000|0.000000|0.000000|0.000000|
20170708_110342|14756|15|17.857143|0||0||0|0|0|0|0.000000|0.000000|0.000000|0.000000|0.000000|0.000000|0.000000|0.000000|0.000000|0.000000|0.000000|0.000000|
20170708_110342|14842|16|11.627907|0||0||0|0|0|0|0.000000|0.000000|0.000000|0.000000|0.000000|0.000000|0.000000|0.000000|0.000000|0.000000|0.000000|0.000000|
20170708_110342|14930|17|11.627907|0||0||0|0|0|0|0.000000|0.000000|0.000000|0.000000|0.000000|0.000000|0.000000|0.000000|0.000000|0.000000|0.000000|0.000000|
20170708_110342|14985|18|17.857143|0||0||0|0|0|0|0.000000|0.000000|0.000000|0.000000|0.000000|0.000000|0.000000|0.000000|0.000000|0.000000|0.000000|0.000000|
20170708_110342|15042|19|16.949153|0||0||0|0|0|0|0.000000|0.000000|0.000000|0.000000|0.000000|0.000000|0.000000|0.000000|0.000000|0.000000|0.000000|0.000000|
20170708_110342|15114|20|14.084507|0||0||0|0|0|0|0.000000|0.000000|0.000000|0.000000|0.000000|0.000000|0.000000|0.000000|0.000000|0.000000|0.000000|0.000000|
20170708_110342|15207|21|10.638298|0||0||0|0|0|0|0.000000|0.000000|0.000000|0.000000|0.000000|0.000000|0.000000|0.000000|0.000000|0.000000|0.000000|0.000000|
20170708_110342|15262|22|19.230769|0||0||0|0|0|0|0.000000|0.000000|0.000000|0.000000|0.000000|0.000000|0.000000|0.000000|0.000000|0.000000|0.000000|0.000000|
20170708_110342|15351|23|11.235955|0||0||0|0|0|0|0.000000|0.000000|0.000000|0.000000|0.000000|0.000000|0.000000|0.000000|0.000000|0.000000|0.000000|0.000000|
20170708_110342|15442|24|10.752688|0||0||0|0|0|0|0.000000|0.000000|0.000000|0.000000|0.000000|0.000000|0.000000|0.000000|0.000000|0.000000|0.000000|0.000000|
20170708_110342|15494|25|19.230769|0||0||0|0|0|0|0.000000|0.000000|0.000000|0.000000|0.000000|0.000000|0.000000|0.000000|0.000000|0.000000|0.000000|0.000000|
20170708_110343|15585|26|11.235955|0||0||0|0|0|0|0.000000|0.000000|0.000000|0.000000|0.000000|0.000000|0.000000|0.000000|0.000000|0.000000|0.000000|0.000000|
20170708_110343|15676|27|10.752688|0||0||0|0|0|0|0.000000|0.000000|0.000000|0.000000|0.000000|0.000000|0.000000|0.000000|0.000000|0.000000|0.000000|0.000000|
20170708_110343|15723|28|21.276596|0||0||0|0|0|0|0.000000|0.000000|0.000000|0.000000|0.000000|0.000000|0.000000|0.000000|0.000000|0.000000|0.000000|0.000000|
20170708_110343|15770|29|20.833333|0||0||0|0|0|0|0.000000|0.000000|0.000000|0.000000|0.000000|0.000000|0.000000|0.000000|0.000000|0.000000|0.000000|0.000000|
20170708_110343|15822|30|19.607843|0||0||0|0|0|0|0.000000|0.000000|0.000000|0.000000|0.000000|0.000000|0.000000|0.000000|0.000000|0.000000|0.000000|0.000000|
20170708_110343|15913|31|11.235955|0||0||0|0|0|0|0.000000|0.000000|0.000000|0.000000|0.000000|0.000000|0.000000|0.000000|0.000000|0.000000|0.000000|0.000000|
20170708_110343|16008|32|10.638298|0||0||0|0|0|0|0.000000|0.000000|0.000000|0.000000|0.000000|0.000000|0.000000|0.000000|0.000000|0.000000|0.000000|0.000000|
20170708_110343|16099|33|10.638298|0||0||0|0|0|0|0.000000|0.000000|0.000000|0.000000|0.000000|0.000000|0.000000|0.000000|0.000000|0.000000|0.000000|0.000000|
20170708_110343|16191|34|10.869565|0||0||0|0|0|0|0.000000|0.000000|0.000000|0.000000|0.000000|0.000000|0.000000|0.000000|0.000000|0.000000|0.000000|0.000000|
20170708_110343|16238|35|20.833333|0||0||0|0|0|0|0.000000|0.000000|0.000000|0.000000|0.000000|0.000000|0.000000|0.000000|0.000000|0.000000|0.000000|0.000000|
20170708_110343|16293|36|19.230769|0||0||0|0|0|0|0.000000|0.000000|0.000000|0.000000|0.000000|0.000000|0.000000|0.000000|0.000000|0.000000|0.000000|0.000000|
20170708_110343|16382|37|11.111111|0||0||0|0|0|0|0.000000|0.000000|0.000000|0.000000|0.000000|0.000000|0.000000|0.000000|0.000000|0.000000|0.000000|0.000000|
20170708_110343|16473|38|10.869565|0||0||0|0|0|0|0.000000|0.000000|0.000000|0.000000|0.000000|0.000000|0.000000|0.000000|0.000000|0.000000|0.000000|0.000000|
20170708_110344|16567|39|10.638298|0||0||0|0|0|0|0.000000|0.000000|0.000000|0.000000|0.000000|0.000000|0.000000|0.000000|0.000000|0.000000|0.000000|0.000000|
20170708_110344|16628|40|16.393443|0||0||0|0|0|0|0.000000|0.000000|0.000000|0.000000|0.000000|0.000000|0.000000|0.000000|0.000000|0.000000|0.000000|0.000000|
20170708_110344|16715|41|11.904762|0||0||0|0|0|0|0.000000|0.000000|0.000000|0.000000|0.000000|0.000000|0.000000|0.000000|0.000000|0.000000|0.000000|0.000000|
20170708_110344|16809|42|10.638298|0||0||0|0|0|0|0.000000|0.000000|0.000000|0.000000|0.000000|0.000000|0.000000|0.000000|0.000000|0.000000|0.000000|0.000000|
20170708_110344|16895|43|11.235955|0||0||0|0|0|0|0.000000|0.000000|0.000000|0.000000|0.000000|0.000000|0.000000|0.000000|0.000000|0.000000|0.000000|0.000000|
20170708_110344|16959|44|15.873016|0||0||0|0|0|0|0.000000|0.000000|0.000000|0.000000|0.000000|0.000000|0.000000|0.000000|0.000000|0.000000|0.000000|0.000000|
20170708_110344|17038|45|12.658228|0||0||0|0|0|0|0.000000|0.000000|0.000000|0.000000|0.000000|0.000000|0.000000|0.000000|0.000000|0.000000|0.000000|0.000000|
20170708_110344|17131|46|10.638298|0||0||0|0|0|0|0.000000|0.000000|0.000000|0.000000|0.000000|0.000000|0.000000|0.000000|0.000000|0.000000|0.000000|0.000000|
20170708_110344|17230|47|10.204082|0||0||0|0|0|0|0.000000|0.000000|0.000000|0.000000|0.000000|0.000000|0.000000|0.000000|0.000000|0.000000|0.000000|0.000000|
20170708_110344|17321|48|10.869565|0||0||0|0|0|0|0.000000|0.000000|0.000000|0.000000|0.000000|0.000000|0.000000|0.000000|0.000000|0.000000|0.000000|0.000000|
20170708_110344|17411|49|11.111111|0||0||0|0|0|0|0.000000|0.000000|0.000000|0.000000|0.000000|0.000000|0.000000|0.000000|0.000000|0.000000|0.000000|0.000000|
20170708_110344|17505|50|10.638298|0||0||0|0|0|0|0.000000|0.000000|0.000000|0.000000|0.000000|0.000000|0.000000|0.000000|0.000000|0.000000|0.000000|0.000000|
20170708_110345|17574|51|14.925373|0||0||0|0|0|0|0.000000|0.000000|0.000000|0.000000|0.000000|0.000000|0.000000|0.000000|0.000000|0.000000|0.000000|0.000000|
20170708_110345|17645|52|13.698630|0||0||0|0|0|0|0.000000|0.000000|0.000000|0.000000|0.000000|0.000000|0.000000|0.000000|0.000000|0.000000|0.000000|0.000000|
20170708_110345|17749|53|9.900990|0||0||0|0|0|0|0.000000|0.000000|0.000000|0.000000|0.000000|0.000000|0.000000|0.000000|0.000000|0.000000|0.000000|0.000000|
20170708_110345|17832|54|11.627907|0||0||0|0|0|0|0.000000|0.000000|0.000000|0.000000|0.000000|0.000000|0.000000|0.000000|0.000000|0.000000|0.000000|0.000000|
20170708_110345|17927|55|10.526316|0||0||0|0|0|0|0.000000|0.000000|0.000000|0.000000|0.000000|0.000000|0.000000|0.000000|0.000000|0.000000|0.000000|0.000000|
20170708_110345|18019|56|10.752688|0||0||0|0|0|0|0.000000|0.000000|0.000000|0.000000|0.000000|0.000000|0.000000|0.000000|0.000000|0.000000|0.000000|0.000000|
20170708_110345|18120|57|10.000000|0||0||0|0|0|0|0.000000|0.000000|0.000000|0.000000|0.000000|0.000000|0.000000|0.000000|0.000000|0.000000|0.000000|0.000000|
20170708_110345|18207|58|11.494253|0||0||0|0|0|0|0.000000|0.000000|0.000000|0.000000|0.000000|0.000000|0.000000|0.000000|0.000000|0.000000|0.000000|0.000000|
20170708_110345|18307|59|10.000000|0||0||0|0|0|0|0.000000|0.000000|0.000000|0.000000|0.000000|0.000000|0.000000|0.000000|0.000000|0.000000|0.000000|0.000000|
20170708_110345|18401|60|10.638298|0||0||0|0|0|0|0.000000|0.000000|0.000000|0.000000|0.000000|0.000000|0.000000|0.000000|0.000000|0.000000|0.000000|0.000000|
20170708_110345|18490|61|11.494253|0||0||0|0|0|0|0.000000|0.000000|0.000000|0.000000|0.000000|0.000000|0.000000|0.000000|0.000000|0.000000|0.000000|0.000000|
20170708_110346|18582|62|10.638298|0||0||0|0|0|0|0.000000|0.000000|0.000000|0.000000|0.000000|0.000000|0.000000|0.000000|0.000000|0.000000|0.000000|0.000000|
20170708_110346|18643|63|16.393443|0||0||0|0|0|0|0.000000|0.000000|0.000000|0.000000|0.000000|0.000000|0.000000|0.000000|0.000000|0.000000|0.000000|0.000000|
20170708_110346|18730|64|11.627907|0||0||0|0|0|0|0.000000|0.000000|0.000000|0.000000|0.000000|0.000000|0.000000|0.000000|0.000000|0.000000|0.000000|0.000000|
20170708_110346|18817|65|11.363636|0||0||0|0|0|0|0.000000|0.000000|0.000000|0.000000|0.000000|0.000000|0.000000|0.000000|0.000000|0.000000|0.000000|0.000000|
20170708_110346|18863|66|21.276596|0||0||0|0|0|0|0.000000|0.000000|0.000000|0.000000|0.000000|0.000000|0.000000|0.000000|0.000000|0.000000|0.000000|0.000000|
20170708_110346|18911|67|21.276596|0||0||0|0|0|0|0.000000|0.000000|0.000000|0.000000|0.000000|0.000000|0.000000|0.000000|0.000000|0.000000|0.000000|0.000000|
20170708_110346|18973|68|16.129032|0||0||0|0|0|0|0.000000|0.000000|0.000000|0.000000|0.000000|0.000000|0.000000|0.000000|0.000000|0.000000|0.000000|0.000000|
20170708_110346|19054|69|12.345679|0||0||0|0|0|0|0.000000|0.000000|0.000000|0.000000|0.000000|0.000000|0.000000|0.000000|0.000000|0.000000|0.000000|0.000000|
20170708_110346|19145|70|10.989011|0||0||0|0|0|0|0.000000|0.000000|0.000000|0.000000|0.000000|0.000000|0.000000|0.000000|0.000000|0.000000|0.000000|0.000000|
20170708_110346|19193|71|20.833333|0||0||0|0|0|0|0.000000|0.000000|0.000000|0.000000|0.000000|0.000000|0.000000|0.000000|0.000000|0.000000|0.000000|0.000000|
20170708_110346|19286|72|10.638298|0||0||0|0|0|0|0.000000|0.000000|0.000000|0.000000|0.000000|0.000000|0.000000|0.000000|0.000000|0.000000|0.000000|0.000000|
20170708_110346|19333|73|21.276596|0||0||0|0|0|0|0.000000|0.000000|0.000000|0.000000|0.000000|0.000000|0.000000|0.000000|0.000000|0.000000|0.000000|0.000000|
20170708_110346|19428|74|10.638298|0||0||0|0|0|0|0.000000|0.000000|0.000000|0.000000|0.000000|0.000000|0.000000|0.000000|0.000000|0.000000|0.000000|0.000000|
20170708_110346|19521|75|10.638298|0||0||0|0|0|0|0.000000|0.000000|0.000000|0.000000|0.000000|0.000000|0.000000|0.000000|0.000000|0.000000|0.000000|0.000000|
20170708_110347|19615|76|10.638298|0||0||0|0|0|0|0.000000|0.000000|0.000000|0.000000|0.000000|0.000000|0.000000|0.000000|0.000000|0.000000|0.000000|0.000000|
20170708_110347|19708|77|10.869565|0||0||0|0|0|0|0.000000|0.000000|0.000000|0.000000|0.000000|0.000000|0.000000|0.000000|0.000000|0.000000|0.000000|0.000000|
20170708_110347|19801|78|10.752688|0||0||0|0|0|0|0.000000|0.000000|0.000000|0.000000|0.000000|0.000000|0.000000|0.000000|0.000000|0.000000|0.000000|0.000000|
20170708_110347|19849|79|20.833333|0||0||0|0|0|0|0.000000|0.000000|0.000000|0.000000|0.000000|0.000000|0.000000|0.000000|0.000000|0.000000|0.000000|0.000000|
20170708_110347|19940|80|10.869565|0||0||0|0|0|0|0.000000|0.000000|0.000000|0.000000|0.000000|0.000000|0.000000|0.000000|0.000000|0.000000|0.000000|0.000000|
20170708_110347|19987|81|21.276596|0||0||0|0|0|0|0.000000|0.000000|0.000000|0.000000|0.000000|0.000000|0.000000|0.000000|0.000000|0.000000|0.000000|0.000000|
20170708_110347|20036|82|20.833333|0||0||0|0|0|0|0.000000|0.000000|0.000000|0.000000|0.000000|0.000000|0.000000|0.000000|0.000000|0.000000|0.000000|0.000000|
20170708_110347|20131|83|10.526316|0||0||0|0|0|0|0.000000|0.000000|0.000000|0.000000|0.000000|0.000000|0.000000|0.000000|0.000000|0.000000|0.000000|0.000000|
20170708_110347|20225|84|10.638298|0||0||0|0|0|0|0.000000|0.000000|0.000000|0.000000|0.000000|0.000000|0.000000|0.000000|0.000000|0.000000|0.000000|0.000000|
20170708_110347|20318|85|10.638298|0||0||0|0|0|0|0.000000|0.000000|0.000000|0.000000|0.000000|0.000000|0.000000|0.000000|0.000000|0.000000|0.000000|0.000000|
20170708_110347|20411|86|10.869565|0||0||0|0|0|0|0.000000|0.000000|0.000000|0.000000|0.000000|0.000000|0.000000|0.000000|0.000000|0.000000|0.000000|0.000000|
20170708_110347|20459|87|20.408163|0||0||0|0|0|0|0.000000|0.000000|0.000000|0.000000|0.000000|0.000000|0.000000|0.000000|0.000000|0.000000|0.000000|0.000000|
20170708_110347|20551|88|10.869565|0||0||0|0|0|0|0.000000|0.000000|0.000000|0.000000|0.000000|0.000000|0.000000|0.000000|0.000000|0.000000|0.000000|0.000000|
20170708_110348|20600|89|20.833333|0||0||0|0|0|0|0.000000|0.000000|0.000000|0.000000|0.000000|0.000000|0.000000|0.000000|0.000000|0.000000|0.000000|0.000000|
20170708_110348|20692|90|10.752688|0||0||0|0|0|0|0.000000|0.000000|0.000000|0.000000|0.000000|0.000000|0.000000|0.000000|0.000000|0.000000|0.000000|0.000000|
20170708_110348|20739|91|21.276596|0||0||0|0|0|0|0.000000|0.000000|0.000000|0.000000|0.000000|0.000000|0.000000|0.000000|0.000000|0.000000|0.000000|0.000000|
20170708_110348|20832|92|10.752688|0||0||0|0|0|0|0.000000|0.000000|0.000000|0.000000|0.000000|0.000000|0.000000|0.000000|0.000000|0.000000|0.000000|0.000000|
20170708_110348|20879|93|21.739130|0||0||0|0|0|0|0.000000|0.000000|0.000000|0.000000|0.000000|0.000000|0.000000|0.000000|0.000000|0.000000|0.000000|0.000000|
20170708_110348|20926|94|21.276596|0||0||0|0|0|0|0.000000|0.000000|0.000000|0.000000|0.000000|0.000000|0.000000|0.000000|0.000000|0.000000|0.000000|0.000000|
20170708_110348|21020|95|10.638298|0||0||0|0|0|0|0.000000|0.000000|0.000000|0.000000|0.000000|0.000000|0.000000|0.000000|0.000000|0.000000|0.000000|0.000000|
20170708_110348|21115|96|10.526316|0||0||0|0|0|0|0.000000|0.000000|0.000000|0.000000|0.000000|0.000000|0.000000|0.000000|0.000000|0.000000|0.000000|0.000000|
20170708_110348|21169|97|18.181818|0||0||0|0|0|0|0.000000|0.000000|0.000000|0.000000|0.000000|0.000000|0.000000|0.000000|0.000000|0.000000|0.000000|0.000000|
20170708_110348|21248|98|12.820513|0||0||0|0|0|0|0.000000|0.000000|0.000000|0.000000|0.000000|0.000000|0.000000|0.000000|0.000000|0.000000|0.000000|0.000000|
20170708_110348|21310|99|16.393443|0||0||0|0|0|0|0.000000|0.000000|0.000000|0.000000|0.000000|0.000000|0.000000|0.000000|0.000000|0.000000|0.000000|0.000000|
20170708_110348|21396|100|11.363636|0||0||0|0|0|0|0.000000|0.000000|0.000000|0.000000|0.000000|0.000000|0.000000|0.000000|0.000000|0.000000|0.000000|0.000000|
20170708_110348|21488|101|10.989011|0||0||0|0|0|0|0.000000|0.000000|0.000000|0.000000|0.000000|0.000000|0.000000|0.000000|0.000000|0.000000|0.000000|0.000000|
20170708_110348|21537|102|20.408163|0||0||0|0|0|0|0.000000|0.000000|0.000000|0.000000|0.000000|0.000000|0.000000|0.000000|0.000000|0.000000|0.000000|0.000000|
20170708_110349|21630|103|10.638298|0||0||0|0|0|0|0.000000|0.000000|0.000000|0.000000|0.000000|0.000000|0.000000|0.000000|0.000000|0.000000|0.000000|0.000000|
20170708_110349|21679|104|21.276596|0||0||0|0|0|0|0.000000|0.000000|0.000000|0.000000|0.000000|0.000000|0.000000|0.000000|0.000000|0.000000|0.000000|0.000000|
20170708_110349|21771|105|10.638298|0||0||0|0|0|0|0.000000|0.000000|0.000000|0.000000|0.000000|0.000000|0.000000|0.000000|0.000000|0.000000|0.000000|0.000000|
20170708_110349|21864|106|10.869565|0||0||0|0|0|0|0.000000|0.000000|0.000000|0.000000|0.000000|0.000000|0.000000|0.000000|0.000000|0.000000|0.000000|0.000000|
20170708_110349|21912|107|21.276596|0||0||0|0|0|0|0.000000|0.000000|0.000000|0.000000|0.000000|0.000000|0.000000|0.000000|0.000000|0.000000|0.000000|0.000000|
20170708_110349|22006|108|10.526316|0||0||0|0|0|0|0.000000|0.000000|0.000000|0.000000|0.000000|0.000000|0.000000|0.000000|0.000000|0.000000|0.000000|0.000000|
20170708_110349|22099|109|10.752688|0||0||0|0|0|0|0.000000|0.000000|0.000000|0.000000|0.000000|0.000000|0.000000|0.000000|0.000000|0.000000|0.000000|0.000000|
20170708_110349|22145|110|22.222222|0||0||0|0|0|0|0.000000|0.000000|0.000000|0.000000|0.000000|0.000000|0.000000|0.000000|0.000000|0.000000|0.000000|0.000000|
20170708_110349|22192|111|20.833333|0||0||0|0|0|0|0.000000|0.000000|0.000000|0.000000|0.000000|0.000000|0.000000|0.000000|0.000000|0.000000|0.000000|0.000000|
20170708_110349|22238|112|21.276596|0||0||0|0|0|0|0.000000|0.000000|0.000000|0.000000|0.000000|0.000000|0.000000|0.000000|0.000000|0.000000|0.000000|0.000000|
20170708_110349|22302|113|15.873016|0||0||0|0|0|0|0.000000|0.000000|0.000000|0.000000|0.000000|0.000000|0.000000|0.000000|0.000000|0.000000|0.000000|0.000000|
20170708_110349|22384|114|12.195122|0||0||0|0|0|0|0.000000|0.000000|0.000000|0.000000|0.000000|0.000000|0.000000|0.000000|0.000000|0.000000|0.000000|0.000000|
20170708_110349|22475|115|10.869565|0||0||0|0|0|0|0.000000|0.000000|0.000000|0.000000|0.000000|0.000000|0.000000|0.000000|0.000000|0.000000|0.000000|0.000000|
20170708_110350|22567|116|10.989011|0||0||0|0|0|0|0.000000|0.000000|0.000000|0.000000|0.000000|0.000000|0.000000|0.000000|0.000000|0.000000|0.000000|0.000000|
20170708_110350|22613|117|21.276596|0||0||0|0|0|0|0.000000|0.000000|0.000000|0.000000|0.000000|0.000000|0.000000|0.000000|0.000000|0.000000|0.000000|0.000000|
20170708_110350|22661|118|21.276596|0||0||0|0|0|0|0.000000|0.000000|0.000000|0.000000|0.000000|0.000000|0.000000|0.000000|0.000000|0.000000|0.000000|0.000000|
20170708_110350|22717|119|17.857143|0||0||0|0|0|0|0.000000|0.000000|0.000000|0.000000|0.000000|0.000000|0.000000|0.000000|0.000000|0.000000|0.000000|0.000000|
20170708_110350|22800|120|11.904762|0||0||0|0|0|0|0.000000|0.000000|0.000000|0.000000|0.000000|0.000000|0.000000|0.000000|0.000000|0.000000|0.000000|0.000000|
20170708_110350|22850|121|20.000000|0||0||0|0|0|0|0.000000|0.000000|0.000000|0.000000|0.000000|0.000000|0.000000|0.000000|0.000000|0.000000|0.000000|0.000000|
20170708_110350|22941|122|11.111111|0||0||0|0|0|0|0.000000|0.000000|0.000000|0.000000|0.000000|0.000000|0.000000|0.000000|0.000000|0.000000|0.000000|0.000000|
20170708_110350|22988|123|20.833333|0||0||0|0|0|0|0.000000|0.000000|0.000000|0.000000|0.000000|0.000000|0.000000|0.000000|0.000000|0.000000|0.000000|0.000000|
20170708_110350|23082|124|10.752688|0||0||0|0|0|0|0.000000|0.000000|0.000000|0.000000|0.000000|0.000000|0.000000|0.000000|0.000000|0.000000|0.000000|0.000000|
20170708_110350|23130|125|20.833333|0||0||0|0|0|0|0.000000|0.000000|0.000000|0.000000|0.000000|0.000000|0.000000|0.000000|0.000000|0.000000|0.000000|0.000000|
20170708_110350|23181|126|19.230769|0||0||0|0|0|0|0.000000|0.000000|0.000000|0.000000|0.000000|0.000000|0.000000|0.000000|0.000000|0.000000|0.000000|0.000000|
20170708_110350|23269|127|11.363636|0||0||0|0|0|0|0.000000|0.000000|0.000000|0.000000|0.000000|0.000000|0.000000|0.000000|0.000000|0.000000|0.000000|0.000000|
20170708_110350|23317|128|21.276596|0||0||0|0|0|0|0.000000|0.000000|0.000000|0.000000|0.000000|0.000000|0.000000|0.000000|0.000000|0.000000|0.000000|0.000000|
20170708_110350|23373|129|17.543860|0||0||0|0|0|0|0.000000|0.000000|0.000000|0.000000|0.000000|0.000000|0.000000|0.000000|0.000000|0.000000|0.000000|0.000000|
20170708_110350|23457|130|12.048193|0||0||0|0|0|0|0.000000|0.000000|0.000000|0.000000|0.000000|0.000000|0.000000|0.000000|0.000000|0.000000|0.000000|0.000000|
20170708_110350|23518|131|16.129032|0||0||0|0|0|0|0.000000|0.000000|0.000000|0.000000|0.000000|0.000000|0.000000|0.000000|0.000000|0.000000|0.000000|0.000000|
20170708_110351|23598|132|12.658228|0||0||0|0|0|0|0.000000|0.000000|0.000000|0.000000|0.000000|0.000000|0.000000|0.000000|0.000000|0.000000|0.000000|0.000000|
20170708_110351|23646|133|20.408163|0||0||0|0|0|0|0.000000|0.000000|0.000000|0.000000|0.000000|0.000000|0.000000|0.000000|0.000000|0.000000|0.000000|0.000000|
20170708_110351|23710|134|15.873016|0||0||0|0|0|0|0.000000|0.000000|0.000000|0.000000|0.000000|0.000000|0.000000|0.000000|0.000000|0.000000|0.000000|0.000000|
20170708_110351|23787|135|12.987013|0||0||0|0|0|0|0.000000|0.000000|0.000000|0.000000|0.000000|0.000000|0.000000|0.000000|0.000000|0.000000|0.000000|0.000000|
20170708_110351|23880|136|10.869565|0||0||0|0|0|0|0.000000|0.000000|0.000000|0.000000|0.000000|0.000000|0.000000|0.000000|0.000000|0.000000|0.000000|0.000000|
20170708_110351|23977|137|10.309278|0||0||0|0|0|0|0.000000|0.000000|0.000000|0.000000|0.000000|0.000000|0.000000|0.000000|0.000000|0.000000|0.000000|0.000000|
20170708_110351|24068|138|10.752688|0||0||0|0|0|0|0.000000|0.000000|0.000000|0.000000|0.000000|0.000000|0.000000|0.000000|0.000000|0.000000|0.000000|0.000000|
20170708_110351|24168|139|10.204082|0||0||0|0|0|0|0.000000|0.000000|0.000000|0.000000|0.000000|0.000000|0.000000|0.000000|0.000000|0.000000|0.000000|0.000000|
20170708_110351|24256|140|11.494253|0||0||0|0|0|0|0.000000|0.000000|0.000000|0.000000|0.000000|0.000000|0.000000|0.000000|0.000000|0.000000|0.000000|0.000000|
20170708_110351|24350|141|10.638298|0||0||0|0|0|0|0.000000|0.000000|0.000000|0.000000|0.000000|0.000000|0.000000|0.000000|0.000000|0.000000|0.000000|0.000000|
20170708_110351|24449|142|10.000000|0||0||0|0|0|0|0.000000|0.000000|0.000000|0.000000|0.000000|0.000000|0.000000|0.000000|0.000000|0.000000|0.000000|0.000000|
20170708_110351|24545|143|10.526316|0||0||0|0|0|0|0.000000|0.000000|0.000000|0.000000|0.000000|0.000000|0.000000|0.000000|0.000000|0.000000|0.000000|0.000000|
20170708_110352|24604|144|16.393443|0||0||0|0|0|0|0.000000|0.000000|0.000000|0.000000|0.000000|0.000000|0.000000|0.000000|0.000000|0.000000|0.000000|0.000000|
20170708_110352|24677|145|13.698630|0||0||0|0|0|0|0.000000|0.000000|0.000000|0.000000|0.000000|0.000000|0.000000|0.000000|0.000000|0.000000|0.000000|0.000000|
20170708_110352|24777|146|10.101010|0||0||0|0|0|0|0.000000|0.000000|0.000000|0.000000|0.000000|0.000000|0.000000|0.000000|0.000000|0.000000|0.000000|0.000000|
20170708_110352|24871|147|10.526316|0||0||0|0|0|0|0.000000|0.000000|0.000000|0.000000|0.000000|0.000000|0.000000|0.000000|0.000000|0.000000|0.000000|0.000000|
20170708_110352|24959|148|11.363636|0||0||0|0|0|0|0.000000|0.000000|0.000000|0.000000|0.000000|0.000000|0.000000|0.000000|0.000000|0.000000|0.000000|0.000000|
20170708_110352|25024|149|15.384615|0||0||0|0|0|0|0.000000|0.000000|0.000000|0.000000|0.000000|0.000000|0.000000|0.000000|0.000000|0.000000|0.000000|0.000000|
20170708_110359|32546|150|0.132926|0|Caçula|0||0|0|0|0|0.000000|0.000000|0.000000|0.000000|0.000000|0.000000|0.000000|0.000000|0.000000|0.000000|0.000000|0.000000|
20170708_110400|32655|151|9.174312|0|Caçula|0||0|0|0|0|0.000000|0.000000|0.000000|0.000000|0.000000|0.000000|0.000000|0.000000|0.000000|0.000000|0.000000|0.000000|
20170708_110400|32734|152|12.820513|0|Caçula|0||0|0|0|0|0.000000|0.000000|0.000000|0.000000|0.000000|0.000000|0.000000|0.000000|0.000000|0.000000|0.000000|0.000000|
20170708_110400|32816|153|12.500000|0|Caçula|0||0|0|0|0|0.000000|0.000000|0.000000|0.000000|0.000000|0.000000|0.000000|0.000000|0.000000|0.000000|0.000000|0.000000|
20170708_110400|32880|154|14.925373|0|Caçula|0||0|0|0|0|0.000000|0.000000|0.000000|0.000000|0.000000|0.000000|0.000000|0.000000|0.000000|0.000000|0.000000|0.000000|
20170708_110400|32973|155|10.869565|0|Caçula|0||0|0|0|0|0.000000|0.000000|0.000000|0.000000|0.000000|0.000000|0.000000|0.000000|0.000000|0.000000|0.000000|0.000000|
20170708_110400|33068|156|10.638298|0|Caçula|0||0|0|0|0|0.000000|0.000000|0.000000|0.000000|0.000000|0.000000|0.000000|0.000000|0.000000|0.000000|0.000000|0.000000|
20170708_110400|33162|157|10.526316|0|Caçula|0||0|0|0|0|0.000000|0.000000|0.000000|0.000000|0.000000|0.000000|0.000000|0.000000|0.000000|0.000000|0.000000|0.000000|
20170708_110400|33257|158|10.638298|0|Caçula|0||0|0|0|0|0.000000|0.000000|0.000000|0.000000|0.000000|0.000000|0.000000|0.000000|0.000000|0.000000|0.000000|0.000000|
20170708_110400|33350|159|10.752688|0|Caçula|0||0|0|0|0|0.000000|0.000000|0.000000|0.000000|0.000000|0.000000|0.000000|0.000000|0.000000|0.000000|0.000000|0.000000|
20170708_110400|33447|160|10.204082|0|Caçula|0||0|0|0|0|0.000000|0.000000|0.000000|0.000000|0.000000|0.000000|0.000000|0.000000|0.000000|0.000000|0.000000|0.000000|
20170708_110400|33540|161|10.869565|0|Caçula|0||0|0|0|0|0.000000|0.000000|0.000000|0.000000|0.000000|0.000000|0.000000|0.000000|0.000000|0.000000|0.000000|0.000000|
20170708_110401|33741|162|4.926108|0|Caçula|0||0|0|0|0|0.000000|0.000000|0.000000|0.000000|0.000000|0.000000|0.000000|0.000000|0.000000|0.000000|0.000000|0.000000|
20170708_110401|33863|163|8.264463|0|Caçula|0||0|0|0|0|0.000000|0.000000|0.000000|0.000000|0.000000|0.000000|0.000000|0.000000|0.000000|0.000000|0.000000|0.000000|
20170708_110401|34006|164|7.092199|0|Caçula|0||0|0|0|0|0.000000|0.000000|0.000000|0.000000|0.000000|0.000000|0.000000|0.000000|0.000000|0.000000|0.000000|0.000000|
20170708_110401|34145|165|7.092199|0|Caçula|0||0|0|0|0|0.000000|0.000000|0.000000|0.000000|0.000000|0.000000|0.000000|0.000000|0.000000|0.000000|0.000000|0.000000|
20170708_110401|34239|166|10.752688|0|Caçula|0||0|0|0|0|0.000000|0.000000|0.000000|0.000000|0.000000|0.000000|0.000000|0.000000|0.000000|0.000000|0.000000|0.000000|
20170708_110401|34335|167|10.526316|0|Caçula|0||0|0|0|0|0.000000|0.000000|0.000000|0.000000|0.000000|0.000000|0.000000|0.000000|0.000000|0.000000|0.000000|0.000000|
20170708_110401|34430|168|10.638298|0|Caçula|0||0|0|0|0|0.000000|0.000000|0.000000|0.000000|0.000000|0.000000|0.000000|0.000000|0.000000|0.000000|0.000000|0.000000|
20170708_110401|34523|169|10.752688|0|Caçula|0||0|0|0|0|0.000000|0.000000|0.000000|0.000000|0.000000|0.000000|0.000000|0.000000|0.000000|0.000000|0.000000|0.000000|
20170708_110402|34669|170|6.849315|0|Caçula|0||0|0|0|0|0.000000|0.000000|0.000000|0.000000|0.000000|0.000000|0.000000|0.000000|0.000000|0.000000|0.000000|0.000000|
20170708_110402|34804|171|7.407407|0|Caçula|0||0|0|0|0|0.000000|0.000000|0.000000|0.000000|0.000000|0.000000|0.000000|0.000000|0.000000|0.000000|0.000000|0.000000|
20170708_110402|34941|172|7.142857|0|Caçula|0||0|0|0|0|0.000000|0.000000|0.000000|0.000000|0.000000|0.000000|0.000000|0.000000|0.000000|0.000000|0.000000|0.000000|
20170708_110402|35043|173|10.000000|0|Caçula|0||0|0|0|0|0.000000|0.000000|0.000000|0.000000|0.000000|0.000000|0.000000|0.000000|0.000000|0.000000|0.000000|0.000000|
20170708_110402|35148|174|9.433962|0|Caçula|0||0|0|0|0|0.000000|0.000000|0.000000|0.000000|0.000000|0.000000|0.000000|0.000000|0.000000|0.000000|0.000000|0.000000|
20170708_110402|35258|175|9.090909|0|Caçula|0||0|0|0|0|0.000000|0.000000|0.000000|0.000000|0.000000|0.000000|0.000000|0.000000|0.000000|0.000000|0.000000|0.000000|
20170708_110402|35364|176|9.433962|0|Caçula|0||0|0|0|0|0.000000|0.000000|0.000000|0.000000|0.000000|0.000000|0.000000|0.000000|0.000000|0.000000|0.000000|0.000000|
20170708_110402|35465|177|9.900990|0|Caçula|0||0|0|0|0|0.000000|0.000000|0.000000|0.000000|0.000000|0.000000|0.000000|0.000000|0.000000|0.000000|0.000000|0.000000|
20170708_110403|35604|178|7.142857|0|Caçula|0||0|0|0|0|0.000000|0.000000|0.000000|0.000000|0.000000|0.000000|0.000000|0.000000|0.000000|0.000000|0.000000|0.000000|
20170708_110403|35741|179|7.352941|0|Caçula|0||0|0|0|0|0.000000|0.000000|0.000000|0.000000|0.000000|0.000000|0.000000|0.000000|0.000000|0.000000|0.000000|0.000000|
20170708_110403|35883|180|7.142857|0|Caçula|0||0|0|0|0|0.000000|0.000000|0.000000|0.000000|0.000000|0.000000|0.000000|0.000000|0.000000|0.000000|0.000000|0.000000|
20170708_110403|35974|181|10.638298|0|Caçula|0||0|0|0|0|0.000000|0.000000|0.000000|0.000000|0.000000|0.000000|0.000000|0.000000|0.000000|0.000000|0.000000|0.000000|
20170708_110403|36066|182|10.869565|0|Caçula|0||0|0|0|0|0.000000|0.000000|0.000000|0.000000|0.000000|0.000000|0.000000|0.000000|0.000000|0.000000|0.000000|0.000000|
20170708_110403|36161|183|10.416667|0|Caçula|0||0|0|0|0|0.000000|0.000000|0.000000|0.000000|0.000000|0.000000|0.000000|0.000000|0.000000|0.000000|0.000000|0.000000|
20170708_110403|36255|184|10.869565|0|Caçula|0||0|0|0|0|0.000000|0.000000|0.000000|0.000000|0.000000|0.000000|0.000000|0.000000|0.000000|0.000000|0.000000|0.000000|
20170708_110403|36349|185|10.526316|0|Caçula|0||0|0|0|0|0.000000|0.000000|0.000000|0.000000|0.000000|0.000000|0.000000|0.000000|0.000000|0.000000|0.000000|0.000000|
20170708_110403|36445|186|10.869565|0|Caçula|0||0|0|0|0|0.000000|0.000000|0.000000|0.000000|0.000000|0.000000|0.000000|0.000000|0.000000|0.000000|0.000000|0.000000|
20170708_110404|36583|187|7.042254|0|Caçula|0||0|0|0|0|0.000000|0.000000|0.000000|0.000000|0.000000|0.000000|0.000000|0.000000|0.000000|0.000000|0.000000|0.000000|
20170708_110404|36727|188|7.092199|0|Caçula|0||0|0|0|0|0.000000|0.000000|0.000000|0.000000|0.000000|0.000000|0.000000|0.000000|0.000000|0.000000|0.000000|0.000000|
20170708_110404|36863|189|7.194245|0|Caçula|0||0|0|0|0|0.000000|0.000000|0.000000|0.000000|0.000000|0.000000|0.000000|0.000000|0.000000|0.000000|0.000000|0.000000|
20170708_110404|36959|190|10.526316|0|Caçula|0||0|0|0|0|0.000000|0.000000|0.000000|0.000000|0.000000|0.000000|0.000000|0.000000|0.000000|0.000000|0.000000|0.000000|
20170708_110404|37053|191|10.526316|0|Caçula|0||0|0|0|0|0.000000|0.000000|0.000000|0.000000|0.000000|0.000000|0.000000|0.000000|0.000000|0.000000|0.000000|0.000000|
20170708_110404|37157|192|9.615385|0|Caçula|0||0|0|0|0|0.000000|0.000000|0.000000|0.000000|0.000000|0.000000|0.000000|0.000000|0.000000|0.000000|0.000000|0.000000|
20170708_110404|37263|193|9.803922|0|Caçula|0||0|0|0|0|0.000000|0.000000|0.000000|0.000000|0.000000|0.000000|0.000000|0.000000|0.000000|0.000000|0.000000|0.000000|
20170708_110404|37387|194|7.751938|0|Caçula|0||0|0|0|0|0.000000|0.000000|0.000000|0.000000|0.000000|0.000000|0.000000|0.000000|0.000000|0.000000|0.000000|0.000000|
20170708_110404|37478|195|11.111111|0|Caçula|0||0|0|0|0|0.000000|0.000000|0.000000|0.000000|0.000000|0.000000|0.000000|0.000000|0.000000|0.000000|0.000000|0.000000|
20170708_110405|37589|196|9.090909|0|Caçula|0||0|0|0|0|0.000000|0.000000|0.000000|0.000000|0.000000|0.000000|0.000000|0.000000|0.000000|0.000000|0.000000|0.000000|
20170708_110405|37712|197|8.264463|0|Caçula|0||0|0|0|0|0.000000|0.000000|0.000000|0.000000|0.000000|0.000000|0.000000|0.000000|0.000000|0.000000|0.000000|0.000000|
20170708_110405|37802|198|10.752688|0|Caçula|0||0|0|0|0|0.000000|0.000000|0.000000|0.000000|0.000000|0.000000|0.000000|0.000000|0.000000|0.000000|0.000000|0.000000|
20170708_110405|37921|199|8.403361|0|Caçula|0||0|0|0|0|0.000000|0.000000|0.000000|0.000000|0.000000|0.000000|0.000000|0.000000|0.000000|0.000000|0.000000|0.000000|
20170708_110405|38039|200|8.695652|0|Caçula|0||0|0|0|0|0.000000|0.000000|0.000000|0.000000|0.000000|0.000000|0.000000|0.000000|0.000000|0.000000|0.000000|0.000000|
20170708_110405|38178|201|7.142857|0|Caçula|0||0|0|0|0|0.000000|0.000000|0.000000|0.000000|0.000000|0.000000|0.000000|0.000000|0.000000|0.000000|0.000000|0.000000|
20170708_110405|38278|202|10.000000|0|Caçula|0||0|0|0|0|0.000000|0.000000|0.000000|0.000000|0.000000|0.000000|0.000000|0.000000|0.000000|0.000000|0.000000|0.000000|
20170708_110405|38411|203|7.352941|0|Caçula|0||0|0|0|0|0.000000|0.000000|0.000000|0.000000|0.000000|0.000000|0.000000|0.000000|0.000000|0.000000|0.000000|0.000000|
20170708_110405|38504|204|10.869565|0|Caçula|0||0|0|0|0|0.000000|0.000000|0.000000|0.000000|0.000000|0.000000|0.000000|0.000000|0.000000|0.000000|0.000000|0.000000|
20170708_110406|38613|205|9.433962|0|Caçula|0||0|0|0|0|0.000000|0.000000|0.000000|0.000000|0.000000|0.000000|0.000000|0.000000|0.000000|0.000000|0.000000|0.000000|
20170708_110406|38699|206|11.494253|0|Caçula|0||0|0|0|0|0.000000|0.000000|0.000000|0.000000|0.000000|0.000000|0.000000|0.000000|0.000000|0.000000|0.000000|0.000000|
20170708_110406|38793|207|10.638298|0|Caçula|0||0|0|0|0|0.000000|0.000000|0.000000|0.000000|0.000000|0.000000|0.000000|0.000000|0.000000|0.000000|0.000000|0.000000|
20170708_110406|38845|208|18.867925|0|Caçula|0||0|0|0|0|0.000000|0.000000|0.000000|0.000000|0.000000|0.000000|0.000000|0.000000|0.000000|0.000000|0.000000|0.000000|
20170708_110406|38895|209|19.607843|0|Caçula|0||0|0|0|0|0.000000|0.000000|0.000000|0.000000|0.000000|0.000000|0.000000|0.000000|0.000000|0.000000|0.000000|0.000000|
20170708_110406|38979|210|11.764706|0|Caçula|0||0|0|0|0|0.000000|0.000000|0.000000|0.000000|0.000000|0.000000|0.000000|0.000000|0.000000|0.000000|0.000000|0.000000|
20170708_110406|39067|211|11.627907|0|Caçula|0||0|0|0|0|0.000000|0.000000|0.000000|0.000000|0.000000|0.000000|0.000000|0.000000|0.000000|0.000000|0.000000|0.000000|
20170708_110406|39161|212|10.638298|0|Caçula|0||0|0|0|0|0.000000|0.000000|0.000000|0.000000|0.000000|0.000000|0.000000|0.000000|0.000000|0.000000|0.000000|0.000000|
20170708_110406|39261|213|10.000000|0|Caçula|0||0|0|0|0|0.000000|0.000000|0.000000|0.000000|0.000000|0.000000|0.000000|0.000000|0.000000|0.000000|0.000000|0.000000|
20170708_110406|39398|214|7.407407|0|Caçula|0||0|0|0|0|0.000000|0.000000|0.000000|0.000000|0.000000|0.000000|0.000000|0.000000|0.000000|0.000000|0.000000|0.000000|
20170708_110406|39488|215|10.638298|0|Caçula|0||0|0|0|0|0.000000|0.000000|0.000000|0.000000|0.000000|0.000000|0.000000|0.000000|0.000000|0.000000|0.000000|0.000000|
20170708_110407|39639|216|6.756757|0|Caçula|0||0|0|0|0|0.000000|0.000000|0.000000|0.000000|0.000000|0.000000|0.000000|0.000000|0.000000|0.000000|0.000000|0.000000|
20170708_110407|39750|217|8.928571|0|Caçula|0||0|0|0|0|0.000000|0.000000|0.000000|0.000000|0.000000|0.000000|0.000000|0.000000|0.000000|0.000000|0.000000|0.000000|
20170708_110407|39864|218|8.695652|0|Caçula|0||0|0|0|0|0.000000|0.000000|0.000000|0.000000|0.000000|0.000000|0.000000|0.000000|0.000000|0.000000|0.000000|0.000000|
20170708_110407|39962|219|10.638298|0|Caçula|0||0|0|0|0|0.000000|0.000000|0.000000|0.000000|0.000000|0.000000|0.000000|0.000000|0.000000|0.000000|0.000000|0.000000|
20170708_110407|40100|220|7.142857|0|Caçula|0||0|0|0|0|0.000000|0.000000|0.000000|0.000000|0.000000|0.000000|0.000000|0.000000|0.000000|0.000000|0.000000|0.000000|
20170708_110407|40284|221|5.405405|0|Caçula|0||0|0|0|0|0.000000|0.000000|0.000000|0.000000|0.000000|0.000000|0.000000|0.000000|0.000000|0.000000|0.000000|0.000000|
20170708_110407|40399|222|8.547009|0|Caçula|0||0|0|0|0|0.000000|0.000000|0.000000|0.000000|0.000000|0.000000|0.000000|0.000000|0.000000|0.000000|0.000000|0.000000|
20170708_110407|40497|223|10.309278|0|Caçula|0||0|0|0|0|0.000000|0.000000|0.000000|0.000000|0.000000|0.000000|0.000000|0.000000|0.000000|0.000000|0.000000|0.000000|
20170708_110408|40618|224|8.474576|0|Caçula|0||0|0|0|0|0.000000|0.000000|0.000000|0.000000|0.000000|0.000000|0.000000|0.000000|0.000000|0.000000|0.000000|0.000000|
20170708_110408|40710|225|10.416667|0|Caçula|0||0|0|0|0|0.000000|0.000000|0.000000|0.000000|0.000000|0.000000|0.000000|0.000000|0.000000|0.000000|0.000000|0.000000|
20170708_110408|40852|226|7.092199|0|Caçula|0||0|0|0|0|0.000000|0.000000|0.000000|0.000000|0.000000|0.000000|0.000000|0.000000|0.000000|0.000000|0.000000|0.000000|
20170708_110408|40996|227|7.042254|0|Caçula|0||0|0|0|0|0.000000|0.000000|0.000000|0.000000|0.000000|0.000000|0.000000|0.000000|0.000000|0.000000|0.000000|0.000000|
20170708_110408|41131|228|7.352941|0|Caçula|0||0|0|0|0|0.000000|0.000000|0.000000|0.000000|0.000000|0.000000|0.000000|0.000000|0.000000|0.000000|0.000000|0.000000|
20170708_110408|41270|229|7.142857|0|Caçula|0||0|0|0|0|0.000000|0.000000|0.000000|0.000000|0.000000|0.000000|0.000000|0.000000|0.000000|0.000000|0.000000|0.000000|
