TimeStamp|Ticks|FrameNum|FPS|Robo|achou|trajetoria|Xd|Yd|Xa|Ya|DistMelhorPonto|velAtual|velDesejada|erroVel|angAtual|angDesejado|erroAng|
20170115_123816|22571|1|0,000001||0||0|0|0|0|-9.25596e+061|-9.25596e+061|-9.25596e+061|-9.25596e+061|-9.25596e+061|-9.25596e+061|-9.25596e+061|
20170115_123836|27843|2|0,188679||0||0|0|0|0|-9.25596e+061|-9.25596e+061|-9.25596e+061|-9.25596e+061|-9.25596e+061|-9.25596e+061|-9.25596e+061|
20170115_123838|47337|3|0,051406||0||0|0|0|0|-9.25596e+061|-9.25596e+061|-9.25596e+061|-9.25596e+061|-9.25596e+061|-9.25596e+061|-9.25596e+061|
20170115_123838|48961|4|0,610128||0||0|0|0|0|-9.25596e+061|-9.25596e+061|-9.25596e+061|-9.25596e+061|-9.25596e+061|-9.25596e+061|-9.25596e+061|
20170115_123838|49136|5|5,464481||0||0|0|0|0|-9.25596e+061|-9.25596e+061|-9.25596e+061|-9.25596e+061|-9.25596e+061|-9.25596e+061|-9.25596e+061|
20170115_123838|49318|6|5,524862||0||0|0|0|0|-9.25596e+061|-9.25596e+061|-9.25596e+061|-9.25596e+061|-9.25596e+061|-9.25596e+061|-9.25596e+061|
20170115_123838|49510|7|6,451613||0||0|0|0|0|-9.25596e+061|-9.25596e+061|-9.25596e+061|-9.25596e+061|-9.25596e+061|-9.25596e+061|-9.25596e+061|
20170115_123838|49670|8|5,681818||0||0|0|0|0|-9.25596e+061|-9.25596e+061|-9.25596e+061|-9.25596e+061|-9.25596e+061|-9.25596e+061|-9.25596e+061|
20170115_123839|49815|9|6,250000||0||0|0|0|0|-9.25596e+061|-9.25596e+061|-9.25596e+061|-9.25596e+061|-9.25596e+061|-9.25596e+061|-9.25596e+061|
20170115_123839|50002|10|6,250000||0||0|0|0|0|-9.25596e+061|-9.25596e+061|-9.25596e+061|-9.25596e+061|-9.25596e+061|-9.25596e+061|-9.25596e+061|
20170115_123839|50163|11|5,649718||0||0|0|0|0|-9.25596e+061|-9.25596e+061|-9.25596e+061|-9.25596e+061|-9.25596e+061|-9.25596e+061|-9.25596e+061|
20170115_123839|50303|12|6,329114||0||0|0|0|0|-9.25596e+061|-9.25596e+061|-9.25596e+061|-9.25596e+061|-9.25596e+061|-9.25596e+061|-9.25596e+061|
20170115_123839|50500|13|5,617978||0||0|0|0|0|-9.25596e+061|-9.25596e+061|-9.25596e+061|-9.25596e+061|-9.25596e+061|-9.25596e+061|-9.25596e+061|
20170115_123839|50657|14|6,250000||0||0|0|0|0|-9.25596e+061|-9.25596e+061|-9.25596e+061|-9.25596e+061|-9.25596e+061|-9.25596e+061|-9.25596e+061|
20170115_123839|50800|15|6,289308||0||0|0|0|0|-9.25596e+061|-9.25596e+061|-9.25596e+061|-9.25596e+061|-9.25596e+061|-9.25596e+061|-9.25596e+061|
20170115_123840|50988|16|5,681818||0||0|0|0|0|-9.25596e+061|-9.25596e+061|-9.25596e+061|-9.25596e+061|-9.25596e+061|-9.25596e+061|-9.25596e+061|
20170115_123840|51167|17|6,250000||0||0|0|0|0|-9.25596e+061|-9.25596e+061|-9.25596e+061|-9.25596e+061|-9.25596e+061|-9.25596e+061|-9.25596e+061|
20170115_123840|51342|18|5,649718||0||0|0|0|0|-9.25596e+061|-9.25596e+061|-9.25596e+061|-9.25596e+061|-9.25596e+061|-9.25596e+061|-9.25596e+061|
20170115_123840|51482|19|6,289308||0||0|0|0|0|-9.25596e+061|-9.25596e+061|-9.25596e+061|-9.25596e+061|-9.25596e+061|-9.25596e+061|-9.25596e+061|
20170115_123840|51651|20|6,211180||0||0|0|0|0|-9.25596e+061|-9.25596e+061|-9.25596e+061|-9.25596e+061|-9.25596e+061|-9.25596e+061|-9.25596e+061|
20170115_123841|51817|21|5,681818||0||0|0|0|0|-9.25596e+061|-9.25596e+061|-9.25596e+061|-9.25596e+061|-9.25596e+061|-9.25596e+061|-9.25596e+061|
20170115_123841|51956|22|6,250000||0||0|0|0|0|-9.25596e+061|-9.25596e+061|-9.25596e+061|-9.25596e+061|-9.25596e+061|-9.25596e+061|-9.25596e+061|
20170115_123841|52136|23|5,714286||0||0|0|0|0|-9.25596e+061|-9.25596e+061|-9.25596e+061|-9.25596e+061|-9.25596e+061|-9.25596e+061|-9.25596e+061|
20170115_123841|52296|24|6,250000||0||0|0|0|0|-9.25596e+061|-9.25596e+061|-9.25596e+061|-9.25596e+061|-9.25596e+061|-9.25596e+061|-9.25596e+061|
20170115_123841|52478|25|5,681818||0||0|0|0|0|-9.25596e+061|-9.25596e+061|-9.25596e+061|-9.25596e+061|-9.25596e+061|-9.25596e+061|-9.25596e+061|
20170115_123841|52632|26|6,289308||0||0|0|0|0|-9.25596e+061|-9.25596e+061|-9.25596e+061|-9.25596e+061|-9.25596e+061|-9.25596e+061|-9.25596e+061|
20170115_123842|52815|27|6,211180||0||0|0|0|0|-9.25596e+061|-9.25596e+061|-9.25596e+061|-9.25596e+061|-9.25596e+061|-9.25596e+061|-9.25596e+061|
20170115_123842|53005|28|5,681818||0||0|0|0|0|-9.25596e+061|-9.25596e+061|-9.25596e+061|-9.25596e+061|-9.25596e+061|-9.25596e+061|-9.25596e+061|
20170115_123842|53137|29|6,250000||0||0|0|0|0|-9.25596e+061|-9.25596e+061|-9.25596e+061|-9.25596e+061|-9.25596e+061|-9.25596e+061|-9.25596e+061|
20170115_123842|53304|30|5,681818||0||0|0|0|0|-9.25596e+061|-9.25596e+061|-9.25596e+061|-9.25596e+061|-9.25596e+061|-9.25596e+061|-9.25596e+061|
20170115_123842|53481|31|6,250000||0||0|0|0|0|-9.25596e+061|-9.25596e+061|-9.25596e+061|-9.25596e+061|-9.25596e+061|-9.25596e+061|-9.25596e+061|
20170115_123842|53628|32|6,250000||0||0|0|0|0|-9.25596e+061|-9.25596e+061|-9.25596e+061|-9.25596e+061|-9.25596e+061|-9.25596e+061|-9.25596e+061|
20170115_123842|53793|33|5,681818||0||0|0|0|0|-9.25596e+061|-9.25596e+061|-9.25596e+061|-9.25596e+061|-9.25596e+061|-9.25596e+061|-9.25596e+061|
20170115_123843|53965|34|6,250000||0||0|0|0|0|-9.25596e+061|-9.25596e+061|-9.25596e+061|-9.25596e+061|-9.25596e+061|-9.25596e+061|-9.25596e+061|
20170115_123843|54159|35|5,649718||0||0|0|0|0|-9.25596e+061|-9.25596e+061|-9.25596e+061|-9.25596e+061|-9.25596e+061|-9.25596e+061|-9.25596e+061|
20170115_123843|54314|36|6,289308||0||0|0|0|0|-9.25596e+061|-9.25596e+061|-9.25596e+061|-9.25596e+061|-9.25596e+061|-9.25596e+061|-9.25596e+061|
20170115_123843|54475|37|5,649718||0||0|0|0|0|-9.25596e+061|-9.25596e+061|-9.25596e+061|-9.25596e+061|-9.25596e+061|-9.25596e+061|-9.25596e+061|
20170115_123843|54648|38|6,250000||0||0|0|0|0|-9.25596e+061|-9.25596e+061|-9.25596e+061|-9.25596e+061|-9.25596e+061|-9.25596e+061|-9.25596e+061|
20170115_123844|54824|39|6,250000||0||0|0|0|0|-9.25596e+061|-9.25596e+061|-9.25596e+061|-9.25596e+061|-9.25596e+061|-9.25596e+061|-9.25596e+061|
20170115_123844|54983|40|5,681818||0||0|0|0|0|-9.25596e+061|-9.25596e+061|-9.25596e+061|-9.25596e+061|-9.25596e+061|-9.25596e+061|-9.25596e+061|
20170115_123844|55183|41|6,289308||0||0|0|0|0|-9.25596e+061|-9.25596e+061|-9.25596e+061|-9.25596e+061|-9.25596e+061|-9.25596e+061|-9.25596e+061|
20170115_123844|55326|42|5,649718||0||0|0|0|0|-9.25596e+061|-9.25596e+061|-9.25596e+061|-9.25596e+061|-9.25596e+061|-9.25596e+061|-9.25596e+061|
20170115_123844|55467|43|6,289308||0||0|0|0|0|-9.25596e+061|-9.25596e+061|-9.25596e+061|-9.25596e+061|-9.25596e+061|-9.25596e+061|-9.25596e+061|
20170115_123844|55637|44|6,289308||0||0|0|0|0|-9.25596e+061|-9.25596e+061|-9.25596e+061|-9.25596e+061|-9.25596e+061|-9.25596e+061|-9.25596e+061|
20170115_123844|55806|45|5,649718||0||0|0|0|0|-9.25596e+061|-9.25596e+061|-9.25596e+061|-9.25596e+061|-9.25596e+061|-9.25596e+061|-9.25596e+061|
20170115_123845|55971|46|6,250000||0||0|0|0|0|-9.25596e+061|-9.25596e+061|-9.25596e+061|-9.25596e+061|-9.25596e+061|-9.25596e+061|-9.25596e+061|
20170115_123845|56164|47|5,681818||0||0|0|0|0|-9.25596e+061|-9.25596e+061|-9.25596e+061|-9.25596e+061|-9.25596e+061|-9.25596e+061|-9.25596e+061|
20170115_123845|56404|48|6,211180|CarroTeste|0|circulo_r120_xc320_yc240|0|0|0|0|-9.25596e+061|-9.25596e+061|-9.25596e+061|-9.25596e+061|-9.25596e+061|-9.25596e+061|-9.25596e+061|
20170115_123845|56498|49|5,128205|CarroTeste|0|circulo_r120_xc320_yc240|0|0|0|0|-9.25596e+061|-9.25596e+061|-9.25596e+061|-9.25596e+061|-9.25596e+061|-9.25596e+061|-9.25596e+061|
20170115_123845|56651|50|7,092199|CarroTeste|0|circulo_r120_xc320_yc240|0|0|0|0|-9.25596e+061|-9.25596e+061|-9.25596e+061|-9.25596e+061|-9.25596e+061|-9.25596e+061|-9.25596e+061|
20170115_123845|56808|51|6,250000|CarroTeste|0|circulo_r120_xc320_yc240|0|0|0|0|-9.25596e+061|-9.25596e+061|-9.25596e+061|-9.25596e+061|-9.25596e+061|-9.25596e+061|-9.25596e+061|
20170115_123846|56972|52|5,714286|CarroTeste|0|circulo_r120_xc320_yc240|0|0|0|0|-9.25596e+061|-9.25596e+061|-9.25596e+061|-9.25596e+061|-9.25596e+061|-9.25596e+061|-9.25596e+061|
20170115_123846|57157|53|6,250000|CarroTeste|0|circulo_r120_xc320_yc240|0|0|0|0|-9.25596e+061|-9.25596e+061|-9.25596e+061|-9.25596e+061|-9.25596e+061|-9.25596e+061|-9.25596e+061|
20170115_123846|57317|54|5,649718|CarroTeste|0|circulo_r120_xc320_yc240|0|0|0|0|-9.25596e+061|-9.25596e+061|-9.25596e+061|-9.25596e+061|-9.25596e+061|-9.25596e+061|-9.25596e+061|
20170115_123846|57469|55|6,289308|CarroTeste|0|circulo_r120_xc320_yc240|0|0|0|0|-9.25596e+061|-9.25596e+061|-9.25596e+061|-9.25596e+061|-9.25596e+061|-9.25596e+061|-9.25596e+061|
20170115_123846|57663|56|6,250000|CarroTeste|0|circulo_r120_xc320_yc240|0|0|0|0|-9.25596e+061|-9.25596e+061|-9.25596e+061|-9.25596e+061|-9.25596e+061|-9.25596e+061|-9.25596e+061|
20170115_123847|57816|57|5,681818|CarroTeste|0|circulo_r120_xc320_yc240|0|0|0|0|-9.25596e+061|-9.25596e+061|-9.25596e+061|-9.25596e+061|-9.25596e+061|-9.25596e+061|-9.25596e+061|
20170115_123847|57972|58|6,250000|CarroTeste|0|circulo_r120_xc320_yc240|0|0|0|0|-9.25596e+061|-9.25596e+061|-9.25596e+061|-9.25596e+061|-9.25596e+061|-9.25596e+061|-9.25596e+061|
20170115_123847|58145|59|5,681818|CarroTeste|0|circulo_r120_xc320_yc240|0|0|0|0|-9.25596e+061|-9.25596e+061|-9.25596e+061|-9.25596e+061|-9.25596e+061|-9.25596e+061|-9.25596e+061|
20170115_123847|58407|60|6,250000|CarroTeste|0|circulo_r120_xc320_yc240|0|0|0|0|-9.25596e+061|-9.25596e+061|-9.25596e+061|-9.25596e+061|-9.25596e+061|-9.25596e+061|-9.25596e+061|
20170115_123847|58527|61|4,739336|CarroTeste|0|circulo_r120_xc320_yc240|0|0|0|0|-9.25596e+061|-9.25596e+061|-9.25596e+061|-9.25596e+061|-9.25596e+061|-9.25596e+061|-9.25596e+061|
20170115_123847|58664|62|7,142857|CarroTeste|0|circulo_r120_xc320_yc240|0|0|0|0|-9.25596e+061|-9.25596e+061|-9.25596e+061|-9.25596e+061|-9.25596e+061|-9.25596e+061|-9.25596e+061|
20170115_123847|58798|63|6,849315|CarroTeste|0|circulo_r120_xc320_yc240|0|0|0|0|-9.25596e+061|-9.25596e+061|-9.25596e+061|-9.25596e+061|-9.25596e+061|-9.25596e+061|-9.25596e+061|
20170115_123848|58977|64|5,714286|CarroTeste|0|circulo_r120_xc320_yc240|0|0|0|0|-9.25596e+061|-9.25596e+061|-9.25596e+061|-9.25596e+061|-9.25596e+061|-9.25596e+061|-9.25596e+061|
20170115_123848|59141|65|6,250000|CarroTeste|0|circulo_r120_xc320_yc240|0|0|0|0|-9.25596e+061|-9.25596e+061|-9.25596e+061|-9.25596e+061|-9.25596e+061|-9.25596e+061|-9.25596e+061|
20170115_123848|59319|66|5,681818|CarroTeste|0|circulo_r120_xc320_yc240|0|0|0|0|-9.25596e+061|-9.25596e+061|-9.25596e+061|-9.25596e+061|-9.25596e+061|-9.25596e+061|-9.25596e+061|
