TimeStamp|Ticks|FrameNum|FPS|LogaDados|Robo|achou|trajetoria|Xd|Yd|Xa|Ya|DistMelhorPonto|velAtual|velAtualDerivSuja|velDesejada|erroVel|SaidaControleLinear|angAtual|angDesejado|erroAng|SaidaControleAngular|SinalDeControle1|SinalDeControle2|
20170317_163739|66785|27|22.000000|1|CarroTeste|0|circulo_r60_xc160_yc120|0|0|0|0|0.000000|0.000000|0.000000|0.000000|0.000000|0.000000|0.000000|0.000000|0.000000|0.000000|0.000000|0.000000|
20170317_163739|66793|27|22.000000|1|CarroTeste2|1|circulo_r60_xc160_yc120|0|0|169|167|0.000000|0.000000|0.000000|0.000000|0.000000|-1206.330292|0.266252|0.035913|-0.230339|0.000000|-60.316515|-60.316515|
20170317_163739|66858|29|12.987013|1|CarroTeste|0|circulo_r60_xc160_yc120|0|0|0|0|0.000000|0.000000|0.000000|0.000000|0.000000|0.000000|0.000000|0.000000|0.000000|0.000000|0.000000|0.000000|
20170317_163739|66861|29|12.987013|1|CarroTeste2|1|circulo_r60_xc160_yc120|0|0|169|167|0.000000|0.000000|0.000000|0.000000|0.000000|-1143.960271|0.266252|0.056898|-0.209354|0.000000|-57.198014|-57.198014|
20170317_163739|66939|31|12.987013|1|CarroTeste|0|circulo_r60_xc160_yc120|0|0|0|0|0.000000|0.000000|0.000000|0.000000|0.000000|0.000000|0.000000|0.000000|0.000000|0.000000|0.000000|0.000000|
20170317_163739|66944|31|12.987013|1|CarroTeste2|1|circulo_r60_xc160_yc120|0|0|169|167|0.000000|0.000000|0.000000|0.000000|0.000000|-1156.951758|0.266252|0.081377|-0.184875|0.000000|-57.847588|-57.847588|
20170317_163740|67016|33|12.987013|1|CarroTeste|0|circulo_r60_xc160_yc120|0|0|0|0|0.000000|0.000000|0.000000|0.000000|0.000000|0.000000|0.000000|0.000000|0.000000|0.000000|0.000000|0.000000|
20170317_163740|67018|33|12.987013|1|CarroTeste2|0|circulo_r60_xc160_yc120|0|0|169|167|0.000000|0.000000|0.000000|0.000000|0.000000|0.000000|0.000000|0.000000|0.000000|0.000000|0.000000|0.000000|
20170317_163740|67093|35|12.987013|1|CarroTeste|0|circulo_r60_xc160_yc120|0|0|0|0|0.000000|0.000000|0.000000|0.000000|0.000000|0.000000|0.000000|0.000000|0.000000|0.000000|0.000000|0.000000|
20170317_163740|67096|35|12.987013|1|CarroTeste2|1|circulo_r60_xc160_yc120|0|0|167|166|0.000000|0.000000|0.000000|0.000000|0.000000|-1156.477858|0.165149|0.126274|-0.038875|0.000000|-57.823893|-57.823893|
20170317_163740|67174|37|12.987013|1|CarroTeste|0|circulo_r60_xc160_yc120|0|0|0|0|0.000000|0.000000|0.000000|0.000000|0.000000|0.000000|0.000000|0.000000|0.000000|0.000000|0.000000|0.000000|
20170317_163740|67177|37|12.987013|1|CarroTeste2|1|circulo_r60_xc160_yc120|0|0|164|166|0.000000|0.000000|0.000000|0.000000|0.000000|-1149.144164|0.165149|0.149592|-0.015557|0.000000|-57.457208|-57.457208|
20170317_163740|67249|39|12.987013|1|CarroTeste|0|circulo_r60_xc160_yc120|0|0|0|0|0.000000|0.000000|0.000000|0.000000|0.000000|0.000000|0.000000|0.000000|0.000000|0.000000|0.000000|0.000000|
20170317_163740|67252|39|12.987013|1|CarroTeste2|1|circulo_r60_xc160_yc120|0|0|157|165|0.000000|0.000000|0.000000|0.000000|0.000000|-1114.685022|0.266252|0.171618|-0.094634|0.000000|-55.734251|-55.734251|
20170317_163740|67328|41|12.987013|1|CarroTeste|0|circulo_r60_xc160_yc120|0|0|0|0|0.000000|0.000000|0.000000|0.000000|0.000000|0.000000|0.000000|0.000000|0.000000|0.000000|0.000000|0.000000|
20170317_163740|67331|41|12.987013|1|CarroTeste2|1|circulo_r60_xc160_yc120|0|0|155|164|0.000000|0.000000|0.000000|0.000000|0.000000|-1113.305208|0.090660|0.194364|0.103705|0.000000|-55.665260|-55.665260|
20170317_163740|67407|43|12.987013|1|CarroTeste|0|circulo_r60_xc160_yc120|0|0|0|0|0.000000|0.000000|0.000000|0.000000|0.000000|0.000000|0.000000|0.000000|0.000000|0.000000|0.000000|0.000000|
20170317_163740|67410|43|12.987013|1|CarroTeste2|1|circulo_r60_xc160_yc120|0|0|152|164|0.000000|0.000000|0.000000|0.000000|0.000000|-1105.047734|0.226799|0.216654|-0.010145|0.000000|-55.252387|-55.252387|
20170317_163740|67482|45|12.987013|1|CarroTeste|0|circulo_r60_xc160_yc120|0|0|0|0|0.000000|0.000000|0.000000|0.000000|0.000000|0.000000|0.000000|0.000000|0.000000|0.000000|0.000000|0.000000|
20170317_163740|67485|45|12.987013|1|CarroTeste2|1|circulo_r60_xc160_yc120|0|0|149|163|0.000000|0.000000|0.000000|0.000000|0.000000|-1096.559918|0.165149|0.237909|0.072761|0.000000|-54.827996|-54.827996|
20170317_163740|67566|47|12.987013|1|CarroTeste|0|circulo_r60_xc160_yc120|0|0|0|0|0.000000|0.000000|0.000000|0.000000|0.000000|0.000000|0.000000|0.000000|0.000000|0.000000|0.000000|0.000000|
20170317_163740|67569|47|12.987013|1|CarroTeste2|1|circulo_r60_xc160_yc120|0|0|146|163|0.000000|0.000000|0.000000|0.000000|0.000000|-1087.838905|0.165149|0.261489|0.096340|0.000000|-54.391945|-54.391945|
20170317_163740|67640|49|12.987013|1|CarroTeste|0|circulo_r60_xc160_yc120|0|0|0|0|0.000000|0.000000|0.000000|0.000000|0.000000|0.000000|0.000000|0.000000|0.000000|0.000000|0.000000|0.000000|
20170317_163740|67641|49|12.987013|1|CarroTeste2|0|circulo_r60_xc160_yc120|0|0|146|163|0.000000|0.000000|0.000000|0.000000|0.000000|0.000000|0.000000|0.000000|0.000000|0.000000|0.000000|0.000000|
20170317_163740|67720|51|12.987013|1|CarroTeste|0|circulo_r60_xc160_yc120|0|0|0|0|0.000000|0.000000|0.000000|0.000000|0.000000|0.000000|0.000000|0.000000|0.000000|0.000000|0.000000|0.000000|
20170317_163740|67723|51|12.987013|1|CarroTeste2|1|circulo_r60_xc160_yc120|0|0|141|162|0.000000|0.000000|0.000000|0.000000|0.000000|-1065.422777|0.165149|0.304020|0.138872|0.000000|-53.271139|-53.271139|
20170317_163740|67830|53|12.987013|1|CarroTeste|0|circulo_r60_xc160_yc120|0|0|0|0|0.000000|0.000000|0.000000|0.000000|0.000000|0.000000|0.000000|0.000000|0.000000|0.000000|0.000000|0.000000|
20170317_163740|67839|53|12.987013|1|CarroTeste2|1|circulo_r60_xc160_yc120|0|0|138|162|0.000000|0.000000|0.000000|0.000000|0.000000|-1056.079139|0.321751|0.334585|0.012834|0.000000|-52.803957|-52.803957|
20170317_163740|67882|55|12.987013|1|CarroTeste|0|circulo_r60_xc160_yc120|0|0|0|0|0.000000|0.000000|0.000000|0.000000|0.000000|0.000000|0.000000|0.000000|0.000000|0.000000|0.000000|0.000000|
20170317_163740|67888|55|12.987013|1|CarroTeste2|1|circulo_r60_xc160_yc120|0|0|133|161|0.000000|0.000000|0.000000|0.000000|0.000000|-1033.071289|0.165149|0.347918|0.182770|0.000000|-51.653564|-51.653564|
20170317_163740|67974|57|12.048193|1|CarroTeste|0|circulo_r60_xc160_yc120|0|0|0|0|0.000000|0.000000|0.000000|0.000000|0.000000|0.000000|0.000000|0.000000|0.000000|0.000000|0.000000|0.000000|
20170317_163741|67979|57|12.048193|1|CarroTeste2|1|circulo_r60_xc160_yc120|0|0|130|160|0.000000|0.000000|0.000000|0.000000|0.000000|-1017.841831|0.165149|0.372126|0.206977|0.000000|-50.892092|-50.892092|
20170317_163741|68065|59|12.987013|1|CarroTeste|0|circulo_r60_xc160_yc120|0|0|0|0|0.000000|0.000000|0.000000|0.000000|0.000000|0.000000|0.000000|0.000000|0.000000|0.000000|0.000000|0.000000|
20170317_163741|68069|59|12.987013|1|CarroTeste2|1|circulo_r60_xc160_yc120|0|0|125|160|0.000000|0.000000|0.000000|0.000000|0.000000|-1000.263455|0.266252|0.395630|0.129378|0.000000|-50.013173|-50.013173|
20170317_163741|68132|61|12.987013|1|CarroTeste|0|circulo_r60_xc160_yc120|0|0|0|0|0.000000|0.000000|0.000000|0.000000|0.000000|0.000000|0.000000|0.000000|0.000000|0.000000|0.000000|0.000000|
20170317_163741|68135|61|12.987013|1|CarroTeste2|1|circulo_r60_xc160_yc120|0|0|123|159|0.000000|0.000000|0.000000|0.000000|0.000000|-996.422574|0.165149|0.412387|0.247239|0.000000|-49.821129|-49.821129|
20170317_163741|68204|63|12.987013|1|CarroTeste|0|circulo_r60_xc160_yc120|0|0|0|0|0.000000|0.000000|0.000000|0.000000|0.000000|0.000000|0.000000|0.000000|0.000000|0.000000|0.000000|0.000000|
20170317_163741|68208|63|12.987013|1|CarroTeste2|1|circulo_r60_xc160_yc120|0|0|120|159|0.000000|0.000000|0.000000|0.000000|0.000000|-985.702420|0.076772|0.430624|0.353852|0.000000|-49.285121|-49.285121|
20170317_163741|68274|65|12.987013|1|CarroTeste|0|circulo_r60_xc160_yc120|0|0|0|0|0.000000|0.000000|0.000000|0.000000|0.000000|0.000000|0.000000|0.000000|0.000000|0.000000|0.000000|0.000000|
20170317_163741|68278|65|12.987013|1|CarroTeste2|1|circulo_r60_xc160_yc120|0|0|118|159|0.000000|0.000000|0.000000|0.000000|0.000000|-981.475829|0.321751|0.447805|0.126054|0.000000|-49.073791|-49.073791|
20170317_163741|68364|67|12.987013|1|CarroTeste|0|circulo_r60_xc160_yc120|0|0|0|0|0.000000|0.000000|0.000000|0.000000|0.000000|0.000000|0.000000|0.000000|0.000000|0.000000|0.000000|0.000000|
20170317_163741|68368|67|12.987013|1|CarroTeste2|1|circulo_r60_xc160_yc120|0|0|115|158|0.000000|0.000000|0.000000|0.000000|0.000000|-970.367434|0.165149|0.469435|0.304287|0.000000|-48.518372|-48.518372|
20170317_163741|68453|69|12.987013|1|CarroTeste|0|circulo_r60_xc160_yc120|0|0|0|0|0.000000|0.000000|0.000000|0.000000|0.000000|0.000000|0.000000|0.000000|0.000000|0.000000|0.000000|0.000000|
20170317_163741|68457|69|12.987013|1|CarroTeste2|1|circulo_r60_xc160_yc120|0|0|113|158|0.000000|0.000000|0.000000|0.000000|0.000000|-965.752313|0.165149|0.490294|0.325145|0.000000|-48.287616|-48.287616|
20170317_163741|68517|71|10.752688|1|CarroTeste|0|circulo_r60_xc160_yc120|0|0|0|0|0.000000|0.000000|0.000000|0.000000|0.000000|0.000000|0.000000|0.000000|0.000000|0.000000|0.000000|0.000000|
20170317_163741|68521|71|10.752688|1|CarroTeste2|1|circulo_r60_xc160_yc120|0|0|111|157|0.000000|0.000000|0.000000|0.000000|0.000000|-950.457736|0.090660|0.504953|0.414294|0.000000|-47.522887|-47.522887|
20170317_163741|68604|73|12.987013|1|CarroTeste|0|circulo_r60_xc160_yc120|0|0|0|0|0.000000|0.000000|0.000000|0.000000|0.000000|0.000000|0.000000|0.000000|0.000000|0.000000|0.000000|0.000000|
20170317_163741|68608|73|12.987013|1|CarroTeste2|1|circulo_r60_xc160_yc120|0|0|106|157|0.000000|0.000000|0.000000|0.000000|0.000000|-937.669507|0.321751|0.524408|0.202658|0.000000|-46.883475|-46.883475|
20170317_163741|68700|75|12.987013|1|CarroTeste|0|circulo_r60_xc160_yc120|0|0|0|0|0.000000|0.000000|0.000000|0.000000|0.000000|0.000000|0.000000|0.000000|0.000000|0.000000|0.000000|0.000000|
20170317_163741|68704|75|12.987013|1|CarroTeste2|1|circulo_r60_xc160_yc120|0|0|104|156|0.000000|0.000000|0.000000|0.000000|0.000000|-932.361070|0.226799|0.545007|0.318208|0.000000|-46.618054|-46.618054|
20170317_163741|68769|77|12.658228|1|CarroTeste|0|circulo_r60_xc160_yc120|0|0|0|0|0.000000|0.000000|0.000000|0.000000|0.000000|0.000000|0.000000|0.000000|0.000000|0.000000|0.000000|0.000000|
20170317_163741|68772|77|12.658228|1|CarroTeste2|1|circulo_r60_xc160_yc120|0|0|101|156|0.000000|0.000000|0.000000|0.000000|0.000000|-918.734978|0.165149|0.559740|0.394591|0.000000|-45.936749|-45.936749|
20170317_163741|68835|79|12.987013|1|CarroTeste|0|circulo_r60_xc160_yc120|0|0|0|0|0.000000|0.000000|0.000000|0.000000|0.000000|0.000000|0.000000|0.000000|0.000000|0.000000|0.000000|0.000000|
20170317_163741|68839|79|12.987013|1|CarroTeste2|1|circulo_r60_xc160_yc120|0|0|99|155|0.000000|0.000000|0.000000|0.000000|0.000000|-914.693745|0.165149|0.573273|0.408125|0.000000|-45.734687|-45.734687|
20170317_163741|68914|81|12.987013|1|CarroTeste|0|circulo_r60_xc160_yc120|0|0|0|0|0.000000|0.000000|0.000000|0.000000|0.000000|0.000000|0.000000|0.000000|0.000000|0.000000|0.000000|0.000000|
20170317_163741|68918|81|12.987013|1|CarroTeste2|1|circulo_r60_xc160_yc120|0|0|97|155|0.000000|0.000000|0.000000|0.000000|0.000000|-908.849996|0.226799|0.589005|0.362206|0.000000|-45.442500|-45.442500|
20170317_163742|69010|83|12.987013|1|CarroTeste|0|circulo_r60_xc160_yc120|0|0|0|0|0.000000|0.000000|0.000000|0.000000|0.000000|0.000000|0.000000|0.000000|0.000000|0.000000|0.000000|0.000000|
20170317_163742|69013|83|12.987013|1|CarroTeste2|1|circulo_r60_xc160_yc120|0|0|94|155|0.000000|0.000000|0.000000|0.000000|0.000000|-896.126126|0.076772|0.607231|0.530459|0.000000|-44.806306|-44.806306|
20170317_163742|69089|85|10.638298|1|CarroTeste|0|circulo_r60_xc160_yc120|0|0|0|0|0.000000|0.000000|0.000000|0.000000|0.000000|0.000000|0.000000|0.000000|0.000000|0.000000|0.000000|0.000000|
20170317_163742|69092|85|10.638298|1|CarroTeste2|1|circulo_r60_xc160_yc120|0|0|92|154|0.000000|0.000000|0.000000|0.000000|0.000000|-880.742005|0.165149|0.621794|0.456645|0.000000|-44.037100|-44.037100|
20170317_163742|69173|87|12.987013|1|CarroTeste|0|circulo_r60_xc160_yc120|0|0|0|0|0.000000|0.000000|0.000000|0.000000|0.000000|0.000000|0.000000|0.000000|0.000000|0.000000|0.000000|0.000000|
20170317_163742|69176|87|12.987013|1|CarroTeste2|1|circulo_r60_xc160_yc120|0|0|88|153|0.000000|0.000000|0.000000|0.000000|0.000000|-871.630392|0.226799|0.636848|0.410049|0.000000|-43.581520|-43.581520|
20170317_163742|69244|89|12.987013|1|CarroTeste|0|circulo_r60_xc160_yc120|0|0|0|0|0.000000|0.000000|0.000000|0.000000|0.000000|0.000000|0.000000|0.000000|0.000000|0.000000|0.000000|0.000000|
20170317_163742|69247|89|12.987013|1|CarroTeste2|1|circulo_r60_xc160_yc120|0|0|86|153|0.000000|0.000000|0.000000|0.000000|0.000000|-864.942296|0.226799|0.648754|0.421955|0.000000|-43.247115|-43.247115|
20170317_163742|69315|91|12.987013|1|CarroTeste|0|circulo_r60_xc160_yc120|0|0|0|0|0.000000|0.000000|0.000000|0.000000|0.000000|0.000000|0.000000|0.000000|0.000000|0.000000|0.000000|0.000000|
20170317_163742|69319|91|12.987013|1|CarroTeste2|1|circulo_r60_xc160_yc120|0|0|83|153|0.000000|0.000000|0.000000|0.000000|0.000000|-851.376361|0.165149|0.660530|0.495381|0.000000|-42.568818|-42.568818|
20170317_163742|69394|93|12.987013|1|CarroTeste|0|circulo_r60_xc160_yc120|0|0|0|0|0.000000|0.000000|0.000000|0.000000|0.000000|0.000000|0.000000|0.000000|0.000000|0.000000|0.000000|0.000000|
20170317_163742|69397|93|12.987013|1|CarroTeste2|1|circulo_r60_xc160_yc120|0|0|81|152|0.000000|0.000000|0.000000|0.000000|0.000000|-844.302640|0.165149|0.672890|0.507741|0.000000|-42.215132|-42.215132|
20170317_163742|69471|95|12.987013|1|CarroTeste|0|circulo_r60_xc160_yc120|0|0|0|0|0.000000|0.000000|0.000000|0.000000|0.000000|0.000000|0.000000|0.000000|0.000000|0.000000|0.000000|0.000000|
20170317_163742|69474|95|12.987013|1|CarroTeste2|1|circulo_r60_xc160_yc120|0|0|77|151|0.000000|0.000000|0.000000|0.000000|0.000000|-823.627902|0.226799|0.684363|0.457564|0.000000|-41.181395|-41.181395|
20170317_163742|69566|97|12.987013|1|CarroTeste|0|circulo_r60_xc160_yc120|0|0|0|0|0.000000|0.000000|0.000000|0.000000|0.000000|0.000000|0.000000|0.000000|0.000000|0.000000|0.000000|0.000000|
20170317_163742|69569|97|12.987013|1|CarroTeste2|1|circulo_r60_xc160_yc120|0|0|75|151|0.000000|0.000000|0.000000|0.000000|0.000000|-816.091210|0.165149|0.697586|0.532437|0.000000|-40.804561|-40.804561|
20170317_163742|69630|99|12.987013|1|CarroTeste|0|circulo_r60_xc160_yc120|0|0|0|0|0.000000|0.000000|0.000000|0.000000|0.000000|0.000000|0.000000|0.000000|0.000000|0.000000|0.000000|0.000000|
20170317_163742|69633|99|12.987013|1|CarroTeste2|1|circulo_r60_xc160_yc120|0|0|73|151|0.000000|0.000000|0.000000|0.000000|0.000000|-808.404431|0.226799|0.706089|0.479290|0.000000|-40.420222|-40.420222|
20170317_163742|69708|101|12.987013|1|CarroTeste|0|circulo_r60_xc160_yc120|0|0|0|0|0.000000|0.000000|0.000000|0.000000|0.000000|0.000000|0.000000|0.000000|0.000000|0.000000|0.000000|0.000000|
20170317_163742|69711|101|12.987013|1|CarroTeste2|1|circulo_r60_xc160_yc120|0|0|71|151|0.000000|0.000000|0.000000|0.000000|0.000000|-800.562449|0.076772|0.715896|0.639124|0.000000|-40.028122|-40.028122|
20170317_163742|69779|103|12.987013|1|CarroTeste|0|circulo_r60_xc160_yc120|0|0|0|0|0.000000|0.000000|0.000000|0.000000|0.000000|0.000000|0.000000|0.000000|0.000000|0.000000|0.000000|0.000000|
20170317_163742|69783|103|12.987013|1|CarroTeste2|1|circulo_r60_xc160_yc120|0|0|69|150|0.000000|0.000000|0.000000|0.000000|0.000000|-792.567494|0.165149|0.724399|0.559250|0.000000|-39.628375|-39.628375|
20170317_163742|69857|105|12.987013|1|CarroTeste|0|circulo_r60_xc160_yc120|0|0|0|0|0.000000|0.000000|0.000000|0.000000|0.000000|0.000000|0.000000|0.000000|0.000000|0.000000|0.000000|0.000000|
20170317_163742|69860|105|12.987013|1|CarroTeste2|1|circulo_r60_xc160_yc120|0|0|67|150|0.000000|0.000000|0.000000|0.000000|0.000000|-784.418448|0.165149|0.732902|0.567753|0.000000|-39.220922|-39.220922|
20170317_163742|69944|107|12.987013|1|CarroTeste|0|circulo_r60_xc160_yc120|0|0|0|0|0.000000|0.000000|0.000000|0.000000|0.000000|0.000000|0.000000|0.000000|0.000000|0.000000|0.000000|0.000000|
20170317_163742|69948|107|12.987013|1|CarroTeste2|1|circulo_r60_xc160_yc120|0|0|64|150|0.000000|0.000000|0.000000|0.000000|0.000000|-769.391098|0.321751|0.741863|0.420112|0.000000|-38.469555|-38.469555|
20170317_163743|70010|109|12.987013|1|CarroTeste|0|circulo_r60_xc160_yc120|0|0|0|0|0.000000|0.000000|0.000000|0.000000|0.000000|0.000000|0.000000|0.000000|0.000000|0.000000|0.000000|0.000000|
20170317_163743|70014|109|12.987013|1|CarroTeste2|1|circulo_r60_xc160_yc120|0|0|62|149|0.000000|0.000000|0.000000|0.000000|0.000000|-760.858868|0.226799|0.748048|0.521250|0.000000|-38.042943|-38.042943|
20170317_163743|70091|111|12.987013|1|CarroTeste|0|circulo_r60_xc160_yc120|0|0|0|0|0.000000|0.000000|0.000000|0.000000|0.000000|0.000000|0.000000|0.000000|0.000000|0.000000|0.000000|0.000000|
20170317_163743|70095|111|12.987013|1|CarroTeste2|1|circulo_r60_xc160_yc120|0|0|60|148|0.000000|0.000000|0.000000|0.000000|0.000000|-752.171919|0.226799|0.755006|0.528208|0.000000|-37.608596|-37.608596|
20170317_163743|70175|113|12.987013|1|CarroTeste|0|circulo_r60_xc160_yc120|0|0|0|0|0.000000|0.000000|0.000000|0.000000|0.000000|0.000000|0.000000|0.000000|0.000000|0.000000|0.000000|0.000000|
20170317_163743|70179|113|12.987013|1|CarroTeste2|1|circulo_r60_xc160_yc120|0|0|58|148|0.000000|0.000000|0.000000|0.000000|0.000000|-743.331313|0.165149|0.761479|0.596330|0.000000|-37.166566|-37.166566|
20170317_163743|70243|115|12.987013|1|CarroTeste|0|circulo_r60_xc160_yc120|0|0|0|0|0.000000|0.000000|0.000000|0.000000|0.000000|0.000000|0.000000|0.000000|0.000000|0.000000|0.000000|0.000000|
20170317_163743|70247|115|12.987013|1|CarroTeste2|1|circulo_r60_xc160_yc120|0|0|56|148|0.000000|0.000000|0.000000|0.000000|0.000000|-734.338181|0.165149|0.766159|0.601010|0.000000|-36.716909|-36.716909|
20170317_163743|70324|117|12.987013|1|CarroTeste|0|circulo_r60_xc160_yc120|0|0|0|0|0.000000|0.000000|0.000000|0.000000|0.000000|0.000000|0.000000|0.000000|0.000000|0.000000|0.000000|0.000000|
20170317_163743|70331|117|12.987013|1|CarroTeste2|1|circulo_r60_xc160_yc120|0|0|54|147|0.000000|0.000000|0.000000|0.000000|0.000000|-725.190750|0.165149|0.771133|0.605984|0.000000|-36.259537|-36.259537|
20170317_163743|70396|119|12.987013|1|CarroTeste|0|circulo_r60_xc160_yc120|0|0|0|0|0.000000|0.000000|0.000000|0.000000|0.000000|0.000000|0.000000|0.000000|0.000000|0.000000|0.000000|0.000000|
20170317_163743|70400|119|12.987013|1|CarroTeste2|1|circulo_r60_xc160_yc120|0|0|51|147|0.000000|0.000000|0.000000|0.000000|0.000000|-709.166522|0.226799|0.774845|0.548046|0.000000|-35.458326|-35.458326|
20170317_163743|70475|121|12.987013|1|CarroTeste|0|circulo_r60_xc160_yc120|0|0|0|0|0.000000|0.000000|0.000000|0.000000|0.000000|0.000000|0.000000|0.000000|0.000000|0.000000|0.000000|0.000000|
20170317_163743|70480|121|12.987013|1|CarroTeste2|1|circulo_r60_xc160_yc120|0|0|49|147|0.000000|0.000000|0.000000|0.000000|0.000000|-699.635320|0.266252|0.778283|0.512031|0.000000|-34.981766|-34.981766|
20170317_163743|70577|123|12.987013|1|CarroTeste|0|circulo_r60_xc160_yc120|0|0|0|0|0.000000|0.000000|0.000000|0.000000|0.000000|0.000000|0.000000|0.000000|0.000000|0.000000|0.000000|0.000000|
20170317_163743|70580|123|12.987013|1|CarroTeste2|1|circulo_r60_xc160_yc120|0|0|48|147|0.000000|0.000000|0.000000|0.000000|0.000000|-696.673856|0.266252|0.781791|0.515539|0.000000|-34.833693|-34.833693|
20170317_163743|70636|125|12.987013|1|CarroTeste|0|circulo_r60_xc160_yc120|0|0|0|0|0.000000|0.000000|0.000000|0.000000|0.000000|0.000000|0.000000|0.000000|0.000000|0.000000|0.000000|0.000000|
20170317_163743|70639|125|12.987013|1|CarroTeste2|1|circulo_r60_xc160_yc120|0|0|46|146|0.000000|0.000000|0.000000|0.000000|0.000000|-686.913284|0.197396|0.783248|0.585852|0.000000|-34.345664|-34.345664|
20170317_163743|70716|127|12.987013|1|CarroTeste|0|circulo_r60_xc160_yc120|0|0|0|0|0.000000|0.000000|0.000000|0.000000|0.000000|0.000000|0.000000|0.000000|0.000000|0.000000|0.000000|0.000000|
20170317_163743|70720|127|12.987013|1|CarroTeste2|1|circulo_r60_xc160_yc120|0|0|42|145|0.000000|0.000000|0.000000|0.000000|0.000000|-663.551087|0.165149|0.784643|0.619494|0.000000|-33.177554|-33.177554|
20170317_163743|70793|129|12.987013|1|CarroTeste|0|circulo_r60_xc160_yc120|0|0|0|0|0.000000|0.000000|0.000000|0.000000|0.000000|0.000000|0.000000|0.000000|0.000000|0.000000|0.000000|0.000000|
20170317_163743|70796|129|12.987013|1|CarroTeste2|1|circulo_r60_xc160_yc120|0|0|41|144|0.000000|0.000000|0.000000|0.000000|0.000000|-660.052992|0.165149|0.785312|0.620163|0.000000|-33.002650|-33.002650|
20170317_163743|70890|131|12.820513|1|CarroTeste|0|circulo_r60_xc160_yc120|0|0|0|0|0.000000|0.000000|0.000000|0.000000|0.000000|0.000000|0.000000|0.000000|0.000000|0.000000|0.000000|0.000000|
20170317_163743|70891|131|12.820513|1|CarroTeste2|0|circulo_r60_xc160_yc120|0|0|41|144|0.000000|0.000000|0.000000|0.000000|0.000000|0.000000|0.000000|0.000000|0.000000|0.000000|0.000000|0.000000|
20170317_163744|71000|133|11.363636|1|CarroTeste|0|circulo_r60_xc160_yc120|0|0|0|0|0.000000|0.000000|0.000000|0.000000|0.000000|0.000000|0.000000|0.000000|0.000000|0.000000|0.000000|0.000000|
20170317_163744|71002|133|11.363636|1|CarroTeste2|0|circulo_r60_xc160_yc120|0|0|41|144|0.000000|0.000000|0.000000|0.000000|0.000000|0.000000|0.000000|0.000000|0.000000|0.000000|0.000000|0.000000|
20170317_163744|71052|135|11.235955|1|CarroTeste|0|circulo_r60_xc160_yc120|0|0|0|0|0.000000|0.000000|0.000000|0.000000|0.000000|0.000000|0.000000|0.000000|0.000000|0.000000|0.000000|0.000000|
20170317_163744|71054|135|11.235955|1|CarroTeste2|0|circulo_r60_xc160_yc120|0|0|41|144|0.000000|0.000000|0.000000|0.000000|0.000000|0.000000|0.000000|0.000000|0.000000|0.000000|0.000000|0.000000|
20170317_163744|71128|137|12.987013|1|CarroTeste|0|circulo_r60_xc160_yc120|0|0|0|0|0.000000|0.000000|0.000000|0.000000|0.000000|0.000000|0.000000|0.000000|0.000000|0.000000|0.000000|0.000000|
20170317_163744|71131|137|12.987013|1|CarroTeste2|1|circulo_r60_xc160_yc120|0|0|33|143|0.000000|0.000000|0.000000|0.000000|0.000000|-609.415775|0.000000|0.780491|0.780491|0.000000|-30.470789|-30.470789|
20170317_163744|71235|139|12.987013|1|CarroTeste|0|circulo_r60_xc160_yc120|0|0|0|0|0.000000|0.000000|0.000000|0.000000|0.000000|0.000000|0.000000|0.000000|0.000000|0.000000|0.000000|0.000000|
20170317_163744|71239|139|12.987013|1|CarroTeste2|1|circulo_r60_xc160_yc120|0|0|32|142|0.000000|0.000000|0.000000|0.000000|0.000000|-605.228825|0.076772|0.776366|0.699594|0.000000|-30.261441|-30.261441|
20170317_163744|71347|141|12.658228|1|CarroTeste|0|circulo_r60_xc160_yc120|0|0|0|0|0.000000|0.000000|0.000000|0.000000|0.000000|0.000000|0.000000|0.000000|0.000000|0.000000|0.000000|0.000000|
20170317_163744|71350|141|12.658228|1|CarroTeste2|1|circulo_r60_xc160_yc120|0|0|31|144|0.000000|0.000000|0.000000|0.000000|0.000000|-600.524001|0.674741|0.770604|0.095863|0.000000|-30.026200|-30.026200|
20170317_163744|71374|143|10.869565|1|CarroTeste|0|circulo_r60_xc160_yc120|0|0|0|0|0.000000|0.000000|0.000000|0.000000|0.000000|0.000000|0.000000|0.000000|0.000000|0.000000|0.000000|0.000000|
20170317_163744|71377|143|10.869565|1|CarroTeste2|1|circulo_r60_xc160_yc120|0|0|29|142|0.000000|0.000000|0.000000|0.000000|0.000000|-587.356590|0.000000|0.769080|0.769080|0.000000|-29.367829|-29.367829|
20170317_163744|71454|145|12.987013|1|CarroTeste|0|circulo_r60_xc160_yc120|0|0|0|0|0.000000|0.000000|0.000000|0.000000|0.000000|0.000000|0.000000|0.000000|0.000000|0.000000|0.000000|0.000000|
20170317_163744|71455|145|12.987013|1|CarroTeste2|0|circulo_r60_xc160_yc120|0|0|29|142|0.000000|0.000000|0.000000|0.000000|0.000000|0.000000|0.000000|0.000000|0.000000|0.000000|0.000000|0.000000|
20170317_163744|71536|147|12.987013|1|CarroTeste|0|circulo_r60_xc160_yc120|0|0|0|0|0.000000|0.000000|0.000000|0.000000|0.000000|0.000000|0.000000|0.000000|0.000000|0.000000|0.000000|0.000000|
20170317_163744|71539|147|12.987013|1|CarroTeste2|1|circulo_r60_xc160_yc120|0|0|26|141|0.000000|0.000000|0.000000|0.000000|0.000000|-572.458257|0.226799|0.757925|0.531126|0.000000|-28.622913|-28.622913|
20170317_163744|71612|149|12.987013|1|CarroTeste|0|circulo_r60_xc160_yc120|0|0|0|0|0.000000|0.000000|0.000000|0.000000|0.000000|0.000000|0.000000|0.000000|0.000000|0.000000|0.000000|0.000000|
20170317_163744|71616|149|12.987013|1|CarroTeste2|1|circulo_r60_xc160_yc120|0|0|24|139|0.000000|0.000000|0.000000|0.000000|0.000000|-561.010555|-0.076772|0.751629|0.828401|0.000000|-28.050528|-28.050528|
20170317_163744|71686|151|12.987013|1|CarroTeste|0|circulo_r60_xc160_yc120|0|0|0|0|0.000000|0.000000|0.000000|0.000000|0.000000|0.000000|0.000000|0.000000|0.000000|0.000000|0.000000|0.000000|
20170317_163744|71688|151|12.987013|1|CarroTeste2|0|circulo_r60_xc160_yc120|0|0|24|139|0.000000|0.000000|0.000000|0.000000|0.000000|0.000000|0.000000|0.000000|0.000000|0.000000|0.000000|0.000000|
20170317_163744|71769|153|12.987013|1|CarroTeste|0|circulo_r60_xc160_yc120|0|0|0|0|0.000000|0.000000|0.000000|0.000000|0.000000|0.000000|0.000000|0.000000|0.000000|0.000000|0.000000|0.000000|
20170317_163744|71772|153|12.987013|1|CarroTeste2|1|circulo_r60_xc160_yc120|0|0|22|139|0.000000|0.000000|0.000000|0.000000|0.000000|-549.416101|-0.076772|0.736939|0.813711|0.000000|-27.470805|-27.470805|
20170317_163744|71848|155|12.987013|1|CarroTeste|0|circulo_r60_xc160_yc120|0|0|0|0|0.000000|0.000000|0.000000|0.000000|0.000000|0.000000|0.000000|0.000000|0.000000|0.000000|0.000000|0.000000|
20170317_163744|71850|155|12.987013|1|CarroTeste2|0|circulo_r60_xc160_yc120|0|0|22|139|0.000000|0.000000|0.000000|0.000000|0.000000|0.000000|0.000000|0.000000|0.000000|0.000000|0.000000|0.000000|
20170317_163744|71923|157|12.987013|1|CarroTeste|0|circulo_r60_xc160_yc120|0|0|0|0|0.000000|0.000000|0.000000|0.000000|0.000000|0.000000|0.000000|0.000000|0.000000|0.000000|0.000000|0.000000|
20170317_163744|71927|157|12.987013|1|CarroTeste2|1|circulo_r60_xc160_yc120|0|0|20|138|0.000000|0.000000|0.000000|0.000000|0.000000|-537.669871|-0.076772|0.719819|0.796591|0.000000|-26.883494|-26.883494|
20170317_163745|72025|159|12.987013|1|CarroTeste|0|circulo_r60_xc160_yc120|0|0|0|0|0.000000|0.000000|0.000000|0.000000|0.000000|0.000000|0.000000|0.000000|0.000000|0.000000|0.000000|0.000000|
20170317_163745|72026|159|12.987013|1|CarroTeste2|0|circulo_r60_xc160_yc120|0|0|20|138|0.000000|0.000000|0.000000|0.000000|0.000000|0.000000|0.000000|0.000000|0.000000|0.000000|0.000000|0.000000|
20170317_163745|72085|161|12.820513|1|CarroTeste|0|circulo_r60_xc160_yc120|0|0|0|0|0.000000|0.000000|0.000000|0.000000|0.000000|0.000000|0.000000|0.000000|0.000000|0.000000|0.000000|0.000000|
20170317_163745|72090|161|12.820513|1|CarroTeste2|1|circulo_r60_xc160_yc120|0|0|17|139|0.000000|0.000000|0.000000|0.000000|0.000000|-518.925983|-0.165149|0.699436|0.864585|0.000000|-25.946299|-25.946299|
20170317_163745|72158|163|12.987013|1|CarroTeste|0|circulo_r60_xc160_yc120|0|0|0|0|0.000000|0.000000|0.000000|0.000000|0.000000|0.000000|0.000000|0.000000|0.000000|0.000000|0.000000|0.000000|
20170317_163745|72160|163|12.987013|1|CarroTeste2|0|circulo_r60_xc160_yc120|0|0|17|139|0.000000|0.000000|0.000000|0.000000|0.000000|0.000000|0.000000|0.000000|0.000000|0.000000|0.000000|0.000000|
20170317_163745|72236|165|12.987013|1|CarroTeste|0|circulo_r60_xc160_yc120|0|0|0|0|0.000000|0.000000|0.000000|0.000000|0.000000|0.000000|0.000000|0.000000|0.000000|0.000000|0.000000|0.000000|
20170317_163745|72240|165|12.987013|1|CarroTeste2|1|circulo_r60_xc160_yc120|0|0|16|139|0.000000|0.000000|0.000000|0.000000|0.000000|-513.662495|-0.426627|0.677827|1.104454|0.000000|-25.683125|-25.683125|
20170317_163745|72322|167|12.987013|1|CarroTeste|0|circulo_r60_xc160_yc120|0|0|0|0|0.000000|0.000000|0.000000|0.000000|0.000000|0.000000|0.000000|0.000000|0.000000|0.000000|0.000000|0.000000|
20170317_163745|72328|167|12.987013|1|CarroTeste2|1|circulo_r60_xc160_yc120|0|0|10|144|0.000000|0.000000|0.000000|0.000000|0.000000|-474.556182|3.605240|0.664610|-2.940630|0.000000|-23.727809|-23.727809|
20170317_163745|72393|169|12.987013|1|CarroTeste|0|circulo_r60_xc160_yc120|0|0|0|0|0.000000|0.000000|0.000000|0.000000|0.000000|0.000000|0.000000|0.000000|0.000000|0.000000|0.000000|0.000000|
20170317_163745|72394|169|12.987013|1|CarroTeste2|0|circulo_r60_xc160_yc120|0|0|10|144|0.000000|0.000000|0.000000|0.000000|0.000000|0.000000|0.000000|0.000000|0.000000|0.000000|0.000000|0.000000|
20170317_163745|72468|171|12.987013|1|CarroTeste|0|circulo_r60_xc160_yc120|0|0|0|0|0.000000|0.000000|0.000000|0.000000|0.000000|0.000000|0.000000|0.000000|0.000000|0.000000|0.000000|0.000000|
20170317_163745|72472|171|12.987013|1|CarroTeste2|1|circulo_r60_xc160_yc120|0|0|17|140|0.000000|0.000000|0.000000|0.000000|0.000000|-522.407052|-0.090660|0.640581|0.731241|0.000000|-26.120353|-26.120353|
20170317_163745|72550|173|12.987013|1|CarroTeste|0|circulo_r60_xc160_yc120|0|0|0|0|0.000000|0.000000|0.000000|0.000000|0.000000|0.000000|0.000000|0.000000|0.000000|0.000000|0.000000|0.000000|
20170317_163745|72551|173|12.987013|1|CarroTeste2|0|circulo_r60_xc160_yc120|0|0|17|140|0.000000|0.000000|0.000000|0.000000|0.000000|0.000000|0.000000|0.000000|0.000000|0.000000|0.000000|0.000000|
20170317_163745|72654|175|12.987013|1|CarroTeste|0|circulo_r60_xc160_yc120|0|0|0|0|0.000000|0.000000|0.000000|0.000000|0.000000|0.000000|0.000000|0.000000|0.000000|0.000000|0.000000|0.000000|
20170317_163745|72658|175|12.987013|1|CarroTeste2|1|circulo_r60_xc160_yc120|0|0|10|144|0.000000|0.000000|0.000000|0.000000|0.000000|-476.671562|3.568220|0.607168|-2.961052|0.000000|-23.833578|-23.833578|
20170317_163745|72703|177|12.987013|1|CarroTeste|0|circulo_r60_xc160_yc120|0|0|0|0|0.000000|0.000000|0.000000|0.000000|0.000000|0.000000|0.000000|0.000000|0.000000|0.000000|0.000000|0.000000|
20170317_163745|72705|177|12.987013|1|CarroTeste2|0|circulo_r60_xc160_yc120|0|0|10|144|0.000000|0.000000|0.000000|0.000000|0.000000|0.000000|0.000000|0.000000|0.000000|0.000000|0.000000|0.000000|
20170317_163821|108512|716|22.000000|1|CarroTeste|0|circulo_r60_xc160_yc120|0|0|0|0|0.000000|0.000000|0.000000|0.000000|0.000000|0.000000|0.000000|0.000000|0.000000|0.000000|0.000000|0.000000|
20170317_163821|108516|716|22.000000|1|CarroTeste2|1|circulo_r60_xc160_yc120|0|0|178|152|0.000000|0.000000|0.000000|0.000000|0.000000|-1270.655689|0.000000|-0.053452|-0.053452|0.000000|-63.532784|-63.532784|
20170317_163821|108625|718|12.987013|1|CarroTeste|0|circulo_r60_xc160_yc120|0|0|0|0|0.000000|0.000000|0.000000|0.000000|0.000000|0.000000|0.000000|0.000000|0.000000|0.000000|0.000000|0.000000|
20170317_163821|108629|718|12.987013|1|CarroTeste2|1|circulo_r60_xc160_yc120|0|0|178|152|0.000000|0.000000|0.000000|0.000000|0.000000|-1205.007342|0.000000|-0.086774|-0.086774|0.000000|-60.250367|-60.250367|
20170317_163821|108709|720|9.174312|1|CarroTeste|0|circulo_r60_xc160_yc120|0|0|0|0|0.000000|0.000000|0.000000|0.000000|0.000000|0.000000|0.000000|0.000000|0.000000|0.000000|0.000000|0.000000|
20170317_163821|108713|720|9.174312|1|CarroTeste2|1|circulo_r60_xc160_yc120|0|0|178|152|0.000000|0.000000|0.000000|0.000000|0.000000|-1190.720515|0.000000|-0.111445|-0.111445|0.000000|-59.536026|-59.536026|
20170317_163821|108768|722|12.987013|1|CarroTeste|0|circulo_r60_xc160_yc120|0|0|0|0|0.000000|0.000000|0.000000|0.000000|0.000000|0.000000|0.000000|0.000000|0.000000|0.000000|0.000000|0.000000|
20170317_163821|108770|722|12.987013|1|CarroTeste2|0|circulo_r60_xc160_yc120|0|0|178|152|0.000000|0.000000|0.000000|0.000000|0.000000|0.000000|0.000000|0.000000|0.000000|0.000000|0.000000|0.000000|
20170317_163821|108848|724|12.987013|1|CarroTeste|0|circulo_r60_xc160_yc120|0|0|0|0|0.000000|0.000000|0.000000|0.000000|0.000000|0.000000|0.000000|0.000000|0.000000|0.000000|0.000000|0.000000|
20170317_163821|108851|724|12.987013|1|CarroTeste2|1|circulo_r60_xc160_yc120|0|0|171|151|0.000000|0.000000|0.000000|0.000000|0.000000|-1191.106533|0.165149|-0.151723|-0.316872|0.000000|-59.555327|-59.555327|
20170317_163821|108924|726|12.987013|1|CarroTeste|0|circulo_r60_xc160_yc120|0|0|0|0|0.000000|0.000000|0.000000|0.000000|0.000000|0.000000|0.000000|0.000000|0.000000|0.000000|0.000000|0.000000|
20170317_163821|108927|726|12.987013|1|CarroTeste2|1|circulo_r60_xc160_yc120|0|0|168|151|0.000000|0.000000|0.000000|0.000000|0.000000|-1184.122617|0.000000|-0.174025|-0.174025|0.000000|-59.206131|-59.206131|
20170317_163822|109021|728|12.987013|1|CarroTeste|0|circulo_r60_xc160_yc120|0|0|0|0|0.000000|0.000000|0.000000|0.000000|0.000000|0.000000|0.000000|0.000000|0.000000|0.000000|0.000000|0.000000|
20170317_163822|109024|728|12.987013|1|CarroTeste2|1|circulo_r60_xc160_yc120|0|0|165|150|0.000000|0.000000|0.000000|0.000000|0.000000|-1176.912460|0.090660|-0.201623|-0.292283|0.000000|-58.845623|-58.845623|
20170317_163822|109078|730|12.987013|1|CarroTeste|0|circulo_r60_xc160_yc120|0|0|0|0|0.000000|0.000000|0.000000|0.000000|0.000000|0.000000|0.000000|0.000000|0.000000|0.000000|0.000000|0.000000|
20170317_163822|109082|730|12.987013|1|CarroTeste2|1|circulo_r60_xc160_yc120|0|0|162|150|0.000000|0.000000|0.000000|0.000000|0.000000|-1169.462115|0.226799|-0.218171|-0.444970|0.000000|-58.473106|-58.473106|
20170317_163822|109157|732|12.987013|1|CarroTeste|0|circulo_r60_xc160_yc120|0|0|0|0|0.000000|0.000000|0.000000|0.000000|0.000000|0.000000|0.000000|0.000000|0.000000|0.000000|0.000000|0.000000|
20170317_163822|109160|732|12.987013|1|CarroTeste2|1|circulo_r60_xc160_yc120|0|0|159|150|0.000000|0.000000|0.000000|0.000000|0.000000|-1161.785670|0.000000|-0.240260|-0.240260|0.000000|-58.089284|-58.089284|
20170317_163822|109237|734|12.987013|1|CarroTeste|0|circulo_r60_xc160_yc120|0|0|0|0|0.000000|0.000000|0.000000|0.000000|0.000000|0.000000|0.000000|0.000000|0.000000|0.000000|0.000000|0.000000|
20170317_163822|109240|734|12.987013|1|CarroTeste2|1|circulo_r60_xc160_yc120|0|0|156|150|0.000000|0.000000|0.000000|0.000000|0.000000|-1153.878982|0.090660|-0.262977|-0.353637|0.000000|-57.693949|-57.693949|
20170317_163822|109312|736|12.987013|1|CarroTeste|0|circulo_r60_xc160_yc120|0|0|0|0|0.000000|0.000000|0.000000|0.000000|0.000000|0.000000|0.000000|0.000000|0.000000|0.000000|0.000000|0.000000|
20170317_163822|109315|736|12.987013|1|CarroTeste2|1|circulo_r60_xc160_yc120|0|0|153|150|0.000000|0.000000|0.000000|0.000000|0.000000|-1145.739657|0.090660|-0.283518|-0.374178|0.000000|-57.286983|-57.286983|
20170317_163822|109391|738|12.987013|1|CarroTeste|0|circulo_r60_xc160_yc120|0|0|0|0|0.000000|0.000000|0.000000|0.000000|0.000000|0.000000|0.000000|0.000000|0.000000|0.000000|0.000000|0.000000|
20170317_163822|109395|738|12.987013|1|CarroTeste2|1|circulo_r60_xc160_yc120|0|0|147|149|0.000000|0.000000|0.000000|0.000000|0.000000|-1117.199245|0.165149|-0.305476|-0.470624|0.000000|-55.859962|-55.859962|
20170317_163822|109470|740|12.987013|1|CarroTeste|0|circulo_r60_xc160_yc120|0|0|0|0|0.000000|0.000000|0.000000|0.000000|0.000000|0.000000|0.000000|0.000000|0.000000|0.000000|0.000000|0.000000|
20170317_163822|109473|740|12.987013|1|CarroTeste2|1|circulo_r60_xc160_yc120|0|0|144|149|0.000000|0.000000|0.000000|0.000000|0.000000|-1108.367847|0.165149|-0.326617|-0.491766|0.000000|-55.418392|-55.418392|
20170317_163822|109548|742|12.987013|1|CarroTeste|0|circulo_r60_xc160_yc120|0|0|0|0|0.000000|0.000000|0.000000|0.000000|0.000000|0.000000|0.000000|0.000000|0.000000|0.000000|0.000000|0.000000|
20170317_163822|109552|742|12.987013|1|CarroTeste2|1|circulo_r60_xc160_yc120|0|0|141|149|0.000000|0.000000|0.000000|0.000000|0.000000|-1099.305642|0.076772|-0.347742|-0.424513|0.000000|-54.965282|-54.965282|
20170317_163822|109628|744|12.987013|1|CarroTeste|0|circulo_r60_xc160_yc120|0|0|0|0|0.000000|0.000000|0.000000|0.000000|0.000000|0.000000|0.000000|0.000000|0.000000|0.000000|0.000000|0.000000|
20170317_163822|109631|744|12.987013|1|CarroTeste2|1|circulo_r60_xc160_yc120|0|0|139|149|0.000000|0.000000|0.000000|0.000000|0.000000|-1096.736219|0.000000|-0.368557|-0.368557|0.000000|-54.836811|-54.836811|
20170317_163822|109741|746|12.987013|1|CarroTeste|0|circulo_r60_xc160_yc120|0|0|0|0|0.000000|0.000000|0.000000|0.000000|0.000000|0.000000|0.000000|0.000000|0.000000|0.000000|0.000000|0.000000|
20170317_163822|109744|746|12.987013|1|CarroTeste2|1|circulo_r60_xc160_yc120|0|0|136|149|0.000000|0.000000|0.000000|0.000000|0.000000|-1087.296553|0.076772|-0.398015|-0.474787|0.000000|-54.364828|-54.364828|
20170317_163822|109782|748|12.987013|1|CarroTeste|0|circulo_r60_xc160_yc120|0|0|0|0|0.000000|0.000000|0.000000|0.000000|0.000000|0.000000|0.000000|0.000000|0.000000|0.000000|0.000000|0.000000|
20170317_163822|109785|748|12.987013|1|CarroTeste2|1|circulo_r60_xc160_yc120|0|0|133|148|0.000000|0.000000|0.000000|0.000000|0.000000|-1077.609879|0.165149|-0.408432|-0.573581|0.000000|-53.880494|-53.880494|
20170317_163822|109860|750|12.987013|1|CarroTeste|0|circulo_r60_xc160_yc120|0|0|0|0|0.000000|0.000000|0.000000|0.000000|0.000000|0.000000|0.000000|0.000000|0.000000|0.000000|0.000000|0.000000|
20170317_163822|109863|750|12.987013|1|CarroTeste2|1|circulo_r60_xc160_yc120|0|0|128|148|0.000000|0.000000|0.000000|0.000000|0.000000|-1054.252257|0.076772|-0.427731|-0.504503|0.000000|-52.712613|-52.712613|
20170317_163822|109940|752|12.987013|1|CarroTeste|0|circulo_r60_xc160_yc120|0|0|0|0|0.000000|0.000000|0.000000|0.000000|0.000000|0.000000|0.000000|0.000000|0.000000|0.000000|0.000000|0.000000|
20170317_163822|109943|752|12.987013|1|CarroTeste2|1|circulo_r60_xc160_yc120|0|0|125|148|0.000000|0.000000|0.000000|0.000000|0.000000|-1043.958006|0.076772|-0.447643|-0.524415|0.000000|-52.197900|-52.197900|
20170317_163823|110025|754|12.987013|1|CarroTeste|0|circulo_r60_xc160_yc120|0|0|0|0|0.000000|0.000000|0.000000|0.000000|0.000000|0.000000|0.000000|0.000000|0.000000|0.000000|0.000000|0.000000|
20170317_163823|110028|754|12.987013|1|CarroTeste2|1|circulo_r60_xc160_yc120|0|0|123|147|0.000000|0.000000|0.000000|0.000000|0.000000|-1040.157031|0.000000|-0.467851|-0.467851|0.000000|-52.007852|-52.007852|
20170317_163823|110103|756|11.494253|1|CarroTeste|0|circulo_r60_xc160_yc120|0|0|0|0|0.000000|0.000000|0.000000|0.000000|0.000000|0.000000|0.000000|0.000000|0.000000|0.000000|0.000000|0.000000|
20170317_163823|110107|756|11.494253|1|CarroTeste2|1|circulo_r60_xc160_yc120|0|0|120|147|0.000000|0.000000|0.000000|0.000000|0.000000|-1021.781926|0.165149|-0.486429|-0.651578|0.000000|-51.089096|-51.089096|
20170317_163823|110181|758|12.987013|1|CarroTeste|0|circulo_r60_xc160_yc120|0|0|0|0|0.000000|0.000000|0.000000|0.000000|0.000000|0.000000|0.000000|0.000000|0.000000|0.000000|0.000000|0.000000|
20170317_163823|110185|758|12.987013|1|CarroTeste2|1|circulo_r60_xc160_yc120|0|0|117|147|0.000000|0.000000|0.000000|0.000000|0.000000|-1019.766271|0.076772|-0.504348|-0.581120|0.000000|-50.988314|-50.988314|
20170317_163823|110255|760|12.987013|1|CarroTeste|0|circulo_r60_xc160_yc120|0|0|0|0|0.000000|0.000000|0.000000|0.000000|0.000000|0.000000|0.000000|0.000000|0.000000|0.000000|0.000000|0.000000|
20170317_163823|110259|760|12.987013|1|CarroTeste2|1|circulo_r60_xc160_yc120|0|0|115|146|0.000000|0.000000|0.000000|0.000000|0.000000|-1015.346768|0.090660|-0.520946|-0.611606|0.000000|-50.767338|-50.767338|
20170317_163823|110337|762|12.987013|1|CarroTeste|0|circulo_r60_xc160_yc120|0|0|0|0|0.000000|0.000000|0.000000|0.000000|0.000000|0.000000|0.000000|0.000000|0.000000|0.000000|0.000000|0.000000|
20170317_163823|110341|762|12.987013|1|CarroTeste2|1|circulo_r60_xc160_yc120|0|0|110|146|0.000000|0.000000|0.000000|0.000000|0.000000|-990.603058|0.226799|-0.538864|-0.765663|0.000000|-49.530153|-49.530153|
20170317_163823|110415|764|12.987013|1|CarroTeste|0|circulo_r60_xc160_yc120|0|0|0|0|0.000000|0.000000|0.000000|0.000000|0.000000|0.000000|0.000000|0.000000|0.000000|0.000000|0.000000|0.000000|
20170317_163823|110418|764|12.987013|1|CarroTeste2|1|circulo_r60_xc160_yc120|0|0|107|146|0.000000|0.000000|0.000000|0.000000|0.000000|-978.921034|0.076772|-0.555430|-0.632202|0.000000|-48.946052|-48.946052|
20170317_163823|110506|766|12.987013|1|CarroTeste|0|circulo_r60_xc160_yc120|0|0|0|0|0.000000|0.000000|0.000000|0.000000|0.000000|0.000000|0.000000|0.000000|0.000000|0.000000|0.000000|0.000000|
20170317_163823|110509|766|12.987013|1|CarroTeste2|1|circulo_r60_xc160_yc120|0|0|104|145|0.000000|0.000000|0.000000|0.000000|0.000000|-967.009842|0.165149|-0.573947|-0.739096|0.000000|-48.350492|-48.350492|
20170317_163823|110574|768|12.987013|1|CarroTeste|0|circulo_r60_xc160_yc120|0|0|0|0|0.000000|0.000000|0.000000|0.000000|0.000000|0.000000|0.000000|0.000000|0.000000|0.000000|0.000000|0.000000|
20170317_163823|110578|768|12.987013|1|CarroTeste2|1|circulo_r60_xc160_yc120|0|0|102|145|0.000000|0.000000|0.000000|0.000000|0.000000|-961.587574|0.165149|-0.587698|-0.752846|0.000000|-48.079379|-48.079379|
20170317_163823|110651|770|12.987013|1|CarroTeste|0|circulo_r60_xc160_yc120|0|0|0|0|0.000000|0.000000|0.000000|0.000000|0.000000|0.000000|0.000000|0.000000|0.000000|0.000000|0.000000|0.000000|
20170317_163823|110654|770|12.987013|1|CarroTeste2|1|circulo_r60_xc160_yc120|0|0|97|145|0.000000|0.000000|0.000000|0.000000|0.000000|-935.840758|0.165149|-0.602382|-0.767531|0.000000|-46.792038|-46.792038|
20170317_163823|110727|772|12.987013|1|CarroTeste|0|circulo_r60_xc160_yc120|0|0|0|0|0.000000|0.000000|0.000000|0.000000|0.000000|0.000000|0.000000|0.000000|0.000000|0.000000|0.000000|0.000000|
20170317_163823|110731|772|12.987013|1|CarroTeste2|1|circulo_r60_xc160_yc120|0|0|95|145|0.000000|0.000000|0.000000|0.000000|0.000000|-929.880305|0.076772|-0.616756|-0.693528|0.000000|-46.494015|-46.494015|
20170317_163823|110808|774|12.987013|1|CarroTeste|0|circulo_r60_xc160_yc120|0|0|0|0|0.000000|0.000000|0.000000|0.000000|0.000000|0.000000|0.000000|0.000000|0.000000|0.000000|0.000000|0.000000|
20170317_163823|110811|774|12.987013|1|CarroTeste2|1|circulo_r60_xc160_yc120|0|0|93|144|0.000000|0.000000|0.000000|0.000000|0.000000|-923.766007|0.000000|-0.631139|-0.631139|0.000000|-46.188300|-46.188300|
20170317_163823|110883|776|12.987013|1|CarroTeste|0|circulo_r60_xc160_yc120|0|0|0|0|0.000000|0.000000|0.000000|0.000000|0.000000|0.000000|0.000000|0.000000|0.000000|0.000000|0.000000|0.000000|
20170317_163823|110887|776|12.987013|1|CarroTeste2|1|circulo_r60_xc160_yc120|0|0|90|144|0.000000|0.000000|0.000000|0.000000|0.000000|-910.772945|0.076772|-0.644271|-0.721043|0.000000|-45.538647|-45.538647|
20170317_163823|110960|778|12.987013|1|CarroTeste|0|circulo_r60_xc160_yc120|0|0|0|0|0.000000|0.000000|0.000000|0.000000|0.000000|0.000000|0.000000|0.000000|0.000000|0.000000|0.000000|0.000000|
20170317_163823|110964|778|12.987013|1|CarroTeste2|1|circulo_r60_xc160_yc120|0|0|88|144|0.000000|0.000000|0.000000|0.000000|0.000000|-904.272528|0.165149|-0.657037|-0.822186|0.000000|-45.213626|-45.213626|
20170317_163824|111041|780|12.987013|1|CarroTeste|0|circulo_r60_xc160_yc120|0|0|0|0|0.000000|0.000000|0.000000|0.000000|0.000000|0.000000|0.000000|0.000000|0.000000|0.000000|0.000000|0.000000|
20170317_163824|111044|780|12.987013|1|CarroTeste2|1|circulo_r60_xc160_yc120|0|0|85|144|0.000000|0.000000|0.000000|0.000000|0.000000|-890.894464|0.165149|-0.669868|-0.835017|0.000000|-44.544723|-44.544723|
20170317_163824|111116|782|12.987013|1|CarroTeste|0|circulo_r60_xc160_yc120|0|0|0|0|0.000000|0.000000|0.000000|0.000000|0.000000|0.000000|0.000000|0.000000|0.000000|0.000000|0.000000|0.000000|
20170317_163824|111119|782|12.987013|1|CarroTeste2|1|circulo_r60_xc160_yc120|0|0|83|143|0.000000|0.000000|0.000000|0.000000|0.000000|-884.007936|0.165149|-0.681045|-0.846194|0.000000|-44.200397|-44.200397|
20170317_163824|111227|784|12.987013|1|CarroTeste|0|circulo_r60_xc160_yc120|0|0|0|0|0.000000|0.000000|0.000000|0.000000|0.000000|0.000000|0.000000|0.000000|0.000000|0.000000|0.000000|0.000000|
20170317_163824|111230|784|12.987013|1|CarroTeste2|1|circulo_r60_xc160_yc120|0|0|81|143|0.000000|0.000000|0.000000|0.000000|0.000000|-876.971451|0.090660|-0.696814|-0.787473|0.000000|-43.848573|-43.848573|
20170317_163824|111304|786|12.500000|1|CarroTeste|0|circulo_r60_xc160_yc120|0|0|0|0|0.000000|0.000000|0.000000|0.000000|0.000000|0.000000|0.000000|0.000000|0.000000|0.000000|0.000000|0.000000|
20170317_163824|111306|786|12.500000|1|CarroTeste2|0|circulo_r60_xc160_yc120|0|0|81|143|0.000000|0.000000|0.000000|0.000000|0.000000|0.000000|0.000000|0.000000|0.000000|0.000000|0.000000|0.000000|
20170317_163824|111361|788|11.627907|1|CarroTeste|0|circulo_r60_xc160_yc120|0|0|0|0|0.000000|0.000000|0.000000|0.000000|0.000000|0.000000|0.000000|0.000000|0.000000|0.000000|0.000000|0.000000|
20170317_163824|111365|788|11.627907|1|CarroTeste2|1|circulo_r60_xc160_yc120|0|0|74|142|0.000000|0.000000|0.000000|0.000000|0.000000|-831.832401|0.165149|-0.714345|-0.879494|0.000000|-41.591620|-41.591620|
20170317_163824|111486|790|12.987013|1|CarroTeste|0|circulo_r60_xc160_yc120|0|0|0|0|0.000000|0.000000|0.000000|0.000000|0.000000|0.000000|0.000000|0.000000|0.000000|0.000000|0.000000|0.000000|
20170317_163824|111491|790|12.987013|1|CarroTeste2|1|circulo_r60_xc160_yc120|0|0|70|142|0.000000|0.000000|0.000000|0.000000|0.000000|-815.652467|0.165149|-0.728929|-0.894078|0.000000|-40.782623|-40.782623|
20170317_163824|111549|792|9.259259|1|CarroTeste|0|circulo_r60_xc160_yc120|0|0|0|0|0.000000|0.000000|0.000000|0.000000|0.000000|0.000000|0.000000|0.000000|0.000000|0.000000|0.000000|0.000000|
20170317_163824|111553|792|9.259259|1|CarroTeste2|1|circulo_r60_xc160_yc120|0|0|68|142|0.000000|0.000000|0.000000|0.000000|0.000000|-797.111079|0.165149|-0.735668|-0.900817|0.000000|-39.855554|-39.855554|
20170317_163824|111628|794|12.987013|1|CarroTeste|0|circulo_r60_xc160_yc120|0|0|0|0|0.000000|0.000000|0.000000|0.000000|0.000000|0.000000|0.000000|0.000000|0.000000|0.000000|0.000000|0.000000|
20170317_163824|111632|794|12.987013|1|CarroTeste2|1|circulo_r60_xc160_yc120|0|0|66|142|0.000000|0.000000|0.000000|0.000000|0.000000|-801.520907|0.076772|-0.743532|-0.820304|0.000000|-40.076045|-40.076045|
20170317_163824|111752|796|12.987013|1|CarroTeste|0|circulo_r60_xc160_yc120|0|0|0|0|0.000000|0.000000|0.000000|0.000000|0.000000|0.000000|0.000000|0.000000|0.000000|0.000000|0.000000|0.000000|
20170317_163824|111755|796|12.987013|1|CarroTeste2|1|circulo_r60_xc160_yc120|0|0|64|142|0.000000|0.000000|0.000000|0.000000|0.000000|-793.171890|0.076772|-0.754460|-0.831232|0.000000|-39.658594|-39.658594|
20170317_163824|111790|798|12.820513|1|CarroTeste|0|circulo_r60_xc160_yc120|0|0|0|0|0.000000|0.000000|0.000000|0.000000|0.000000|0.000000|0.000000|0.000000|0.000000|0.000000|0.000000|0.000000|
20170317_163824|111791|798|12.820513|1|CarroTeste2|0|circulo_r60_xc160_yc120|0|0|64|142|0.000000|0.000000|0.000000|0.000000|0.000000|0.000000|0.000000|0.000000|0.000000|0.000000|0.000000|0.000000|
20170317_163824|111863|800|12.987013|1|CarroTeste|0|circulo_r60_xc160_yc120|0|0|0|0|0.000000|0.000000|0.000000|0.000000|0.000000|0.000000|0.000000|0.000000|0.000000|0.000000|0.000000|0.000000|
20170317_163824|111867|800|12.987013|1|CarroTeste2|1|circulo_r60_xc160_yc120|0|0|58|141|0.000000|0.000000|0.000000|0.000000|0.000000|-757.771557|0.076772|-0.762931|-0.839703|0.000000|-37.888578|-37.888578|
