TimeStamp|Ticks|FrameNum|FPS|LogaDados|Robo|achou|trajetoria|Xd|Yd|Xa|Ya|DistMelhorPonto|velAtual|velAtualDerivSuja|velDesejada|erroVel|SaidaControleLinear|angAtual|angDesejado|erroAng|SaidaControleAngular|SinalDeControle1|SinalDeControle2|
20170425_174644|28124|46|22.000000|1|CarroTeste2|1|circulo_r60_xc160_yc120|213|147|217|150|5.000000|0.000000|0.000000|55.000000|55.000000|1882.045664|1.304544|2.142035|0.837491|14.420767|109.282038|78.922528|
20170425_174644|28127|46|22.000000|1|CarroTeste|1|circulo_r60_xc160_yc120|220|120|64536|150|64316.006997|0.000000|0.000000|55.000000|55.000000|1882.045664|2.356194|3.054326|0.698132|12.021136|106.756111|81.448456|
20170425_174644|28130|46|22.000000|1|CarroTeste3|1|circulo_r60_xc130_yc120|190|120|64536|150|64346.006993|0.000000|0.000000|55.000000|55.000000|1882.045664|2.356194|3.054326|0.698132|12.021136|106.756111|81.448456|
20170425_174644|28198|48|12.987013|1|CarroTeste2|1|circulo_r60_xc160_yc120|213|147|217|150|5.000000|0.000000|0.000000|55.000000|55.000000|1877.157736|1.304544|2.142035|0.837491|14.346338|108.959296|78.756478|
20170425_174644|28201|48|12.987013|1|CarroTeste|1|circulo_r60_xc160_yc120|220|120|64536|150|64316.006997|0.000000|0.000000|55.000000|55.000000|1877.157736|2.356194|3.054326|0.698132|11.959092|106.446405|81.269369|
20170425_174644|28203|48|12.987013|1|CarroTeste3|1|circulo_r60_xc130_yc120|190|120|64536|150|64346.006993|0.000000|0.000000|55.000000|55.000000|1877.157736|2.356194|3.054326|0.698132|11.959092|106.446405|81.269369|
20170425_174645|28276|50|12.987013|1|CarroTeste2|1|circulo_r60_xc160_yc120|213|147|217|150|5.000000|0.000000|0.000000|55.000000|55.000000|1877.157912|1.304544|2.142035|0.837491|14.346341|108.959307|78.756484|
20170425_174645|28279|50|12.987013|1|CarroTeste|1|circulo_r60_xc160_yc120|220|120|64536|150|64316.006997|0.000000|0.000000|55.000000|55.000000|1877.157912|2.356194|3.054326|0.698132|11.959094|106.446416|81.269375|
20170425_174645|28281|50|12.987013|1|CarroTeste3|1|circulo_r60_xc130_yc120|190|120|64536|150|64346.006993|0.000000|0.000000|55.000000|55.000000|1877.157912|2.356194|3.054326|0.698132|11.959094|106.446416|81.269375|
20170425_174645|28353|52|12.987013|1|CarroTeste2|1|circulo_r60_xc160_yc120|212|149|216|150|4.123106|0.000000|1.336112|55.000000|53.663888|1831.556214|1.304544|2.162196|0.857652|14.691704|107.042763|76.112859|
20170425_174645|28355|52|12.987013|1|CarroTeste|1|circulo_r60_xc160_yc120|220|120|64536|150|64316.006997|0.000000|0.000000|55.000000|55.000000|1877.157914|2.356194|3.054326|0.698132|11.959094|106.446416|81.269375|
20170425_174645|28358|52|12.987013|1|CarroTeste3|1|circulo_r60_xc130_yc120|190|120|64536|150|64346.006993|0.000000|0.000000|55.000000|55.000000|1877.157914|2.356194|3.054326|0.698132|11.959094|106.446416|81.269375|
20170425_174645|28432|54|12.987013|1|CarroTeste2|1|circulo_r60_xc160_yc120|211|151|211|151|0.000000|0.000000|8.148976|55.000000|46.851024|1599.032247|1.480136|2.117434|0.637297|10.916993|91.443184|68.460041|
20170425_174645|28435|54|12.987013|1|CarroTeste|1|circulo_r60_xc160_yc120|220|120|64536|151|64316.007471|0.000000|0.000000|55.000000|55.000000|1877.157914|2.356194|3.054326|0.698132|11.959094|106.446416|81.269375|
20170425_174645|28437|54|12.987013|1|CarroTeste3|1|circulo_r60_xc130_yc120|190|120|64536|151|64346.007467|0.000000|0.000000|55.000000|55.000000|1877.157914|2.356194|3.054326|0.698132|11.959094|106.446416|81.269375|
20170425_174645|28508|56|12.987013|1|CarroTeste2|0|circulo_r60_xc160_yc120|0|0|211|151|0.000000|0.000000|0.000000|0.000000|0.000000|0.000000|0.000000|0.000000|0.000000|0.000000|0.000000|0.000000|
20170425_174645|28509|56|12.987013|1|CarroTeste|0|circulo_r60_xc160_yc120|0|0|64536|151|0.000000|0.000000|0.000000|0.000000|0.000000|0.000000|0.000000|0.000000|0.000000|0.000000|0.000000|0.000000|
20170425_174645|28510|56|12.987013|1|CarroTeste3|0|circulo_r60_xc130_yc120|0|0|64536|151|0.000000|0.000000|0.000000|0.000000|0.000000|0.000000|0.000000|0.000000|0.000000|0.000000|0.000000|0.000000|
20170425_174645|28586|58|12.987013|1|CarroTeste2|1|circulo_r60_xc160_yc120|206|157|200|151|8.485281|0.000000|22.846213|55.000000|32.153787|1097.413498|1.735945|2.073391|0.337446|5.780508|60.955420|48.785929|
20170425_174645|28588|58|12.987013|1|CarroTeste|1|circulo_r60_xc160_yc120|220|120|64536|151|64316.007471|0.000000|0.000000|55.000000|55.000000|1877.157914|2.356194|3.054326|0.698132|11.959094|106.446416|81.269375|
20170425_174645|28592|58|12.987013|1|CarroTeste3|1|circulo_r60_xc130_yc120|190|120|64536|151|64346.007467|0.000000|0.000000|55.000000|55.000000|1877.157914|2.356194|3.054326|0.698132|11.959094|106.446416|81.269375|
20170425_174645|28661|60|12.987013|1|CarroTeste2|0|circulo_r60_xc160_yc120|0|0|200|151|0.000000|0.000000|0.000000|0.000000|0.000000|0.000000|0.000000|0.000000|0.000000|0.000000|0.000000|0.000000|
20170425_174645|28662|60|12.987013|1|CarroTeste|0|circulo_r60_xc160_yc120|0|0|64536|151|0.000000|0.000000|0.000000|0.000000|0.000000|0.000000|0.000000|0.000000|0.000000|0.000000|0.000000|0.000000|
20170425_174645|28663|60|12.987013|1|CarroTeste3|0|circulo_r60_xc130_yc120|0|0|64536|151|0.000000|0.000000|0.000000|0.000000|0.000000|0.000000|0.000000|0.000000|0.000000|0.000000|0.000000|0.000000|
20170425_174645|28739|62|12.987013|1|CarroTeste2|0|circulo_r60_xc160_yc120|0|0|200|151|0.000000|0.000000|0.000000|0.000000|0.000000|0.000000|0.000000|0.000000|0.000000|0.000000|0.000000|0.000000|
20170425_174645|28740|62|12.987013|1|CarroTeste|0|circulo_r60_xc160_yc120|0|0|64536|151|0.000000|0.000000|0.000000|0.000000|0.000000|0.000000|0.000000|0.000000|0.000000|0.000000|0.000000|0.000000|
20170425_174645|28741|62|12.987013|1|CarroTeste3|0|circulo_r60_xc130_yc120|0|0|64536|151|0.000000|0.000000|0.000000|0.000000|0.000000|0.000000|0.000000|0.000000|0.000000|0.000000|0.000000|0.000000|
20170425_174645|28816|64|12.987013|1|CarroTeste2|0|circulo_r60_xc160_yc120|0|0|200|151|0.000000|0.000000|0.000000|0.000000|0.000000|0.000000|0.000000|0.000000|0.000000|0.000000|0.000000|0.000000|
20170425_174645|28817|64|12.987013|1|CarroTeste|0|circulo_r60_xc160_yc120|0|0|64536|151|0.000000|0.000000|0.000000|0.000000|0.000000|0.000000|0.000000|0.000000|0.000000|0.000000|0.000000|0.000000|
20170425_174645|28818|64|12.987013|1|CarroTeste3|0|circulo_r60_xc130_yc120|0|0|64536|151|0.000000|0.000000|0.000000|0.000000|0.000000|0.000000|0.000000|0.000000|0.000000|0.000000|0.000000|0.000000|
20170425_174645|28896|66|12.987013|1|CarroTeste2|1|circulo_r60_xc160_yc120|200|163|182|145|25.455844|0.000000|48.197164|55.000000|6.802836|232.181968|2.137526|1.884777|-0.252749|-4.329620|7.051604|16.166593|
20170425_174645|28899|66|12.987013|1|CarroTeste|1|circulo_r60_xc160_yc120|220|120|64536|145|64316.004859|0.000000|0.000000|55.000000|55.000000|1877.157914|2.356194|3.054326|0.698132|11.959094|106.446416|81.269375|
20170425_174645|28901|66|12.987013|1|CarroTeste3|1|circulo_r60_xc130_yc120|190|120|64536|145|64346.004857|0.000000|0.000000|55.000000|55.000000|1877.157914|2.356194|3.054326|0.698132|11.959094|106.446416|81.269375|
20170425_174645|28972|68|12.987013|1|CarroTeste2|0|circulo_r60_xc160_yc120|0|0|182|145|0.000000|0.000000|0.000000|0.000000|0.000000|0.000000|0.000000|0.000000|0.000000|0.000000|0.000000|0.000000|
20170425_174645|28973|68|12.987013|1|CarroTeste|0|circulo_r60_xc160_yc120|0|0|64536|145|0.000000|0.000000|0.000000|0.000000|0.000000|0.000000|0.000000|0.000000|0.000000|0.000000|0.000000|0.000000|
20170425_174645|28974|68|12.987013|1|CarroTeste3|0|circulo_r60_xc130_yc120|0|0|64536|145|0.000000|0.000000|0.000000|0.000000|0.000000|0.000000|0.000000|0.000000|0.000000|0.000000|0.000000|0.000000|
20170425_174645|29053|70|12.987013|1|CarroTeste2|1|circulo_r60_xc160_yc120|194|168|177|142|31.064449|0.000000|54.651859|55.000000|0.348141|11.882154|2.356194|1.898268|-0.457926|-7.844339|-7.663092|8.851307|
20170425_174645|29055|70|12.987013|1|CarroTeste|1|circulo_r60_xc160_yc120|220|120|64536|142|64316.003763|0.000000|0.000000|55.000000|55.000000|1877.157914|2.356194|3.054326|0.698132|11.959094|106.446416|81.269375|
20170425_174645|29058|70|12.987013|1|CarroTeste3|1|circulo_r60_xc130_yc120|190|120|64536|142|64346.003761|0.000000|0.000000|55.000000|55.000000|1877.157914|2.356194|3.054326|0.698132|11.959094|106.446416|81.269375|
20170425_174645|29128|72|12.987013|1|CarroTeste2|1|circulo_r60_xc160_yc120|194|168|174|140|34.409301|0.000000|52.656418|55.000000|2.343582|79.986792|2.231839|1.831371|-0.400468|-6.860078|-3.221796|11.220475|
20170425_174645|29130|72|12.987013|1|CarroTeste|1|circulo_r60_xc160_yc120|220|120|64536|140|64316.003110|0.000000|0.000000|55.000000|55.000000|1877.157914|2.356194|3.054326|0.698132|11.959094|106.446416|81.269375|
20170425_174645|29132|72|12.987013|1|CarroTeste3|1|circulo_r60_xc130_yc120|190|120|64536|140|64346.003108|0.000000|0.000000|55.000000|55.000000|1877.157914|2.356194|3.054326|0.698132|11.959094|106.446416|81.269375|
20170425_174645|29208|74|12.987013|1|CarroTeste2|1|circulo_r60_xc160_yc120|194|168|173|139|35.805028|0.000000|39.848729|55.000000|15.151271|517.114961|2.245537|1.803457|-0.442080|-7.572902|17.884272|33.827224|
20170425_174645|29210|74|12.987013|1|CarroTeste|1|circulo_r60_xc160_yc120|220|120|64536|139|64316.002806|0.000000|0.000000|55.000000|55.000000|1877.157914|2.356194|3.054326|0.698132|11.959094|106.446416|81.269375|
20170425_174645|29212|74|12.987013|1|CarroTeste3|1|circulo_r60_xc130_yc120|190|120|64536|139|64346.002805|0.000000|0.000000|55.000000|55.000000|1877.157914|2.356194|3.054326|0.698132|11.959094|106.446416|81.269375|
20170425_174646|29287|76|12.987013|1|CarroTeste2|1|circulo_r60_xc160_yc120|194|168|174|139|35.227830|0.000000|15.833890|55.000000|39.166110|1336.744777|2.111216|1.815001|-0.296215|-5.074210|61.495965|72.178512|
20170425_174646|29289|76|12.987013|1|CarroTeste|1|circulo_r60_xc160_yc120|220|120|64536|139|64316.002806|0.000000|0.000000|55.000000|55.000000|1877.157914|2.356194|3.054326|0.698132|11.959094|106.446416|81.269375|
20170425_174646|29292|76|12.987013|1|CarroTeste3|1|circulo_r60_xc130_yc120|190|120|64536|139|64346.002805|0.000000|0.000000|55.000000|55.000000|1877.157914|2.356194|3.054326|0.698132|11.959094|106.446416|81.269375|
20170425_174646|29363|78|12.987013|1|CarroTeste2|1|circulo_r60_xc160_yc120|194|168|174|140|34.409301|0.000000|9.379195|55.000000|45.620805|1557.044581|2.231839|1.831371|-0.400468|-6.860077|70.631095|85.073363|
20170425_174646|29365|78|12.987013|1|CarroTeste|1|circulo_r60_xc160_yc120|220|120|64536|140|64316.003110|0.000000|0.000000|55.000000|55.000000|1877.157914|2.356194|3.054326|0.698132|11.959094|106.446416|81.269375|
20170425_174646|29367|78|12.987013|1|CarroTeste3|1|circulo_r60_xc130_yc120|190|120|64536|140|64346.003108|0.000000|0.000000|55.000000|55.000000|1877.157914|2.356194|3.054326|0.698132|11.959094|106.446416|81.269375|
20170425_174646|29441|80|12.987013|1|CarroTeste2|1|circulo_r60_xc160_yc120|194|168|174|139|35.227830|0.000000|5.897886|55.000000|49.102114|1675.862199|2.111216|1.815001|-0.296215|-5.074209|78.451837|89.134383|
20170425_174646|29443|80|12.987013|1|CarroTeste|1|circulo_r60_xc160_yc120|220|120|64536|139|64316.002806|0.000000|0.000000|55.000000|55.000000|1877.157914|2.356194|3.054326|0.698132|11.959094|106.446416|81.269375|
20170425_174646|29445|80|12.987013|1|CarroTeste3|1|circulo_r60_xc130_yc120|190|120|64536|139|64346.002805|0.000000|0.000000|55.000000|55.000000|1877.157914|2.356194|3.054326|0.698132|11.959094|106.446416|81.269375|
20170425_174646|29521|82|12.987013|1|CarroTeste2|1|circulo_r60_xc160_yc120|194|168|173|139|35.805028|0.000000|5.344450|55.000000|49.655550|1694.751069|2.111216|1.803457|-0.307759|-5.271957|79.188125|90.286982|
20170425_174646|29523|82|12.987013|1|CarroTeste|1|circulo_r60_xc160_yc120|220|120|64536|139|64316.002806|0.000000|0.000000|55.000000|55.000000|1877.157914|2.356194|3.054326|0.698132|11.959094|106.446416|81.269375|
20170425_174646|29525|82|12.987013|1|CarroTeste3|1|circulo_r60_xc130_yc120|190|120|64536|139|64346.002805|0.000000|0.000000|55.000000|55.000000|1877.157914|2.356194|3.054326|0.698132|11.959094|106.446416|81.269375|
20170425_174646|29597|84|12.987013|1|CarroTeste2|1|circulo_r60_xc160_yc120|191|170|168|136|41.048752|0.000000|11.799145|55.000000|43.200855|1474.451456|1.997424|1.761414|-0.236010|-4.042880|69.466910|77.978236|
20170425_174646|29599|84|12.987013|1|CarroTeste|1|circulo_r60_xc160_yc120|220|120|64536|136|64316.001990|0.000000|0.000000|55.000000|55.000000|1877.157914|2.356194|3.054326|0.698132|11.959094|106.446416|81.269375|
20170425_174646|29602|84|12.987013|1|CarroTeste3|1|circulo_r60_xc130_yc120|190|120|64536|136|64346.001989|0.000000|0.000000|55.000000|55.000000|1877.157914|2.356194|3.054326|0.698132|11.959094|106.446416|81.269375|
20170425_174646|29673|86|12.987013|1|CarroTeste2|1|circulo_r60_xc160_yc120|178|176|166|136|41.761226|0.000000|13.135257|55.000000|41.864743|1428.849707|1.997424|1.985926|-0.011498|-0.196967|71.235152|71.649819|
20170425_174646|29675|86|12.987013|1|CarroTeste|1|circulo_r60_xc160_yc120|220|120|64536|136|64316.001990|0.000000|0.000000|55.000000|55.000000|1877.157914|2.356194|3.054326|0.698132|11.959094|106.446416|81.269375|
20170425_174646|29677|86|12.987013|1|CarroTeste3|1|circulo_r60_xc130_yc120|190|120|64536|136|64346.001989|0.000000|0.000000|55.000000|55.000000|1877.157914|2.356194|3.054326|0.698132|11.959094|106.446416|81.269375|
20170425_174646|29750|88|12.987013|1|CarroTeste2|1|circulo_r60_xc160_yc120|161|179|161|133|46.000000|0.000000|19.589952|55.000000|35.410048|1208.550078|1.892547|2.190177|0.297630|5.098439|65.794282|55.060725|
20170425_174646|29752|88|12.987013|1|CarroTeste|1|circulo_r60_xc160_yc120|220|120|64536|133|64316.001314|0.000000|0.000000|55.000000|55.000000|1877.157914|2.356194|3.054326|0.698132|11.959094|106.446416|81.269375|
20170425_174646|29755|88|12.987013|1|CarroTeste3|1|circulo_r60_xc130_yc120|190|120|64536|133|64346.001313|0.000000|0.000000|55.000000|55.000000|1877.157914|2.356194|3.054326|0.698132|11.959094|106.446416|81.269375|
20170425_174646|29828|90|12.987013|1|CarroTeste2|1|circulo_r60_xc160_yc120|141|176|155|130|48.083261|0.000000|27.216754|55.000000|27.783246|948.246227|1.837048|-3.782815|0.663321|11.362787|59.373140|35.451483|
20170425_174646|29830|90|12.987013|1|CarroTeste|1|circulo_r60_xc160_yc120|220|120|64536|130|64316.000777|0.000000|0.000000|55.000000|55.000000|1877.157914|2.356194|3.054326|0.698132|11.959094|106.446416|81.269375|
20170425_174646|29832|90|12.987013|1|CarroTeste3|1|circulo_r60_xc130_yc120|190|120|64536|130|64346.000777|0.000000|0.000000|55.000000|55.000000|1877.157914|2.356194|3.054326|0.698132|11.959094|106.446416|81.269375|
20170425_174646|29906|92|12.987013|1|CarroTeste2|1|circulo_r60_xc160_yc120|128|170|153|130|47.169906|0.000000|22.098172|55.000000|32.901828|1122.944086|1.892547|-3.525787|0.864851|14.815026|71.741968|40.552440|
20170425_174646|29908|92|12.987013|1|CarroTeste|1|circulo_r60_xc160_yc120|220|120|64536|130|64316.000777|0.000000|0.000000|55.000000|55.000000|1877.157914|2.356194|3.054326|0.698132|11.959094|106.446416|81.269375|
20170425_174646|29911|92|12.987013|1|CarroTeste3|1|circulo_r60_xc130_yc120|190|120|64536|130|64346.000777|0.000000|0.000000|55.000000|55.000000|1877.157914|2.356194|3.054326|0.698132|11.959094|106.446416|81.269375|
20170425_174646|29981|94|12.987013|1|CarroTeste2|0|circulo_r60_xc160_yc120|0|0|153|130|0.000000|0.000000|0.000000|0.000000|0.000000|0.000000|0.000000|0.000000|0.000000|0.000000|0.000000|0.000000|
20170425_174646|29983|94|12.987013|1|CarroTeste|0|circulo_r60_xc160_yc120|0|0|64536|130|0.000000|0.000000|0.000000|0.000000|0.000000|0.000000|0.000000|0.000000|0.000000|0.000000|0.000000|0.000000|
20170425_174646|29984|94|12.987013|1|CarroTeste3|0|circulo_r60_xc130_yc120|0|0|64536|130|0.000000|0.000000|0.000000|0.000000|0.000000|0.000000|0.000000|0.000000|0.000000|0.000000|0.000000|0.000000|
20170425_174646|30061|96|12.987013|1|CarroTeste2|1|circulo_r60_xc160_yc120|104|141|144|127|42.379240|0.000000|32.101423|55.000000|22.898577|781.531815|2.111216|-2.789089|1.382881|23.688939|64.012316|14.140865|
20170425_174646|30063|96|12.987013|1|CarroTeste|1|circulo_r60_xc160_yc120|220|120|64536|127|64316.000381|0.000000|0.000000|55.000000|55.000000|1877.157914|2.356194|3.054326|0.698132|11.959094|106.446416|81.269375|
20170425_174646|30066|96|12.987013|1|CarroTeste3|1|circulo_r60_xc130_yc120|190|120|64536|127|64346.000381|0.000000|0.000000|55.000000|55.000000|1877.157914|2.356194|3.054326|0.698132|11.959094|106.446416|81.269375|
20170425_174646|30136|98|12.987013|1|CarroTeste2|0|circulo_r60_xc160_yc120|0|0|144|127|0.000000|0.000000|0.000000|0.000000|0.000000|0.000000|0.000000|0.000000|0.000000|0.000000|0.000000|0.000000|
20170425_174646|30137|98|12.987013|1|CarroTeste|0|circulo_r60_xc160_yc120|0|0|64536|127|0.000000|0.000000|0.000000|0.000000|0.000000|0.000000|0.000000|0.000000|0.000000|0.000000|0.000000|0.000000|
20170425_174646|30138|98|12.987013|1|CarroTeste3|0|circulo_r60_xc130_yc120|0|0|64536|127|0.000000|0.000000|0.000000|0.000000|0.000000|0.000000|0.000000|0.000000|0.000000|0.000000|0.000000|0.000000|
20170425_174646|30216|100|12.987013|1|CarroTeste2|1|circulo_r60_xc160_yc120|102|135|139|124|38.600518|0.000000|32.101423|55.000000|22.898577|781.531739|2.245537|-2.606700|1.430948|24.512339|64.879049|13.274125|
20170425_174646|30218|100|12.987013|1|CarroTeste|1|circulo_r60_xc160_yc120|220|120|64536|124|64316.000124|0.000000|0.000000|55.000000|55.000000|1877.157914|2.356194|3.054326|0.698132|11.959094|106.446416|81.269375|
20170425_174646|30220|100|12.987013|1|CarroTeste3|1|circulo_r60_xc130_yc120|190|120|64536|124|64346.000124|0.000000|0.000000|55.000000|55.000000|1877.157914|2.356194|3.054326|0.698132|11.959094|106.446416|81.269375|
20170425_174647|30292|102|12.987013|1|CarroTeste2|0|circulo_r60_xc160_yc120|0|0|139|124|0.000000|0.000000|0.000000|0.000000|0.000000|0.000000|0.000000|0.000000|0.000000|0.000000|0.000000|0.000000|
20170425_174647|30294|102|12.987013|1|CarroTeste|0|circulo_r60_xc160_yc120|0|0|64536|124|0.000000|0.000000|0.000000|0.000000|0.000000|0.000000|0.000000|0.000000|0.000000|0.000000|0.000000|0.000000|
20170425_174647|30295|102|12.987013|1|CarroTeste3|0|circulo_r60_xc130_yc120|0|0|64536|124|0.000000|0.000000|0.000000|0.000000|0.000000|0.000000|0.000000|0.000000|0.000000|0.000000|0.000000|0.000000|
20170425_174647|30371|104|12.987013|1|CarroTeste2|1|circulo_r60_xc160_yc120|100|121|136|121|36.000000|0.000000|28.807153|55.000000|26.192847|893.965613|2.601173|-2.322212|1.359800|23.293574|69.217832|20.178729|
20170425_174647|30374|104|12.987013|1|CarroTeste|1|circulo_r60_xc160_yc120|220|120|64536|121|64316.000008|0.000000|0.000000|55.000000|55.000000|1877.157914|2.356194|3.054326|0.698132|11.959094|106.446416|81.269375|
20170425_174647|30376|104|12.987013|1|CarroTeste3|1|circulo_r60_xc130_yc120|190|120|64536|121|64346.000008|0.000000|0.000000|55.000000|55.000000|1877.157914|2.356194|3.054326|0.698132|11.959094|106.446416|81.269375|
20170425_174647|30446|106|12.987013|1|CarroTeste2|0|circulo_r60_xc160_yc120|0|0|136|121|0.000000|0.000000|0.000000|0.000000|0.000000|0.000000|0.000000|0.000000|0.000000|0.000000|0.000000|0.000000|
20170425_174647|30447|106|12.987013|1|CarroTeste|0|circulo_r60_xc160_yc120|0|0|64536|121|0.000000|0.000000|0.000000|0.000000|0.000000|0.000000|0.000000|0.000000|0.000000|0.000000|0.000000|0.000000|
20170425_174647|30449|106|12.987013|1|CarroTeste3|0|circulo_r60_xc130_yc120|0|0|64536|121|0.000000|0.000000|0.000000|0.000000|0.000000|0.000000|0.000000|0.000000|0.000000|0.000000|0.000000|0.000000|
20170425_174647|30525|108|12.987013|1|CarroTeste2|1|circulo_r60_xc160_yc120|101|108|134|115|33.734256|0.000000|34.585245|55.000000|20.414755|696.758565|3.232253|-2.056986|0.993947|17.026455|52.760513|16.915343|
20170425_174647|30527|108|12.987013|1|CarroTeste|1|circulo_r60_xc160_yc120|220|120|64536|115|64316.000194|0.000000|0.000000|55.000000|55.000000|1877.157914|2.356194|3.054326|0.698132|11.959094|106.446416|81.269375|
20170425_174647|30529|108|12.987013|1|CarroTeste3|1|circulo_r60_xc130_yc120|190|120|64536|115|64346.000194|0.000000|0.000000|55.000000|55.000000|1877.157914|2.356194|3.054326|0.698132|11.959094|106.446416|81.269375|
20170425_174647|30603|110|12.987013|1|CarroTeste2|1|circulo_r60_xc160_yc120|101|108|133|115|32.756679|0.000000|23.245882|55.000000|31.754118|1083.772530|3.218365|-2.037434|1.027387|17.599279|72.714184|35.663069|
20170425_174647|30605|110|12.987013|1|CarroTeste|1|circulo_r60_xc160_yc120|220|120|64536|115|64316.000194|0.000000|0.000000|55.000000|55.000000|1877.157914|2.356194|3.054326|0.698132|11.959094|106.446416|81.269375|
20170425_174647|30607|110|12.987013|1|CarroTeste3|1|circulo_r60_xc130_yc120|190|120|64536|115|64346.000194|0.000000|0.000000|55.000000|55.000000|1877.157914|2.356194|3.054326|0.698132|11.959094|106.446416|81.269375|
20170425_174647|30680|112|12.987013|1|CarroTeste2|1|circulo_r60_xc160_yc120|103|101|134|111|32.572995|0.000000|20.964007|55.000000|34.035993|1161.653309|3.568220|-1.901814|0.813151|13.929398|72.745190|43.420141|
20170425_174647|30682|112|12.987013|1|CarroTeste|1|circulo_r60_xc160_yc120|220|120|64536|111|64316.000630|0.000000|0.000000|55.000000|55.000000|1877.157914|2.356194|3.054326|0.698132|11.959094|106.446416|81.269375|
20170425_174647|30685|112|12.987013|1|CarroTeste3|1|circulo_r60_xc130_yc120|190|120|64536|111|64346.000629|0.000000|0.000000|55.000000|55.000000|1877.157914|2.356194|3.054326|0.698132|11.959094|106.446416|81.269375|
20170425_174647|30757|114|12.987013|1|CarroTeste2|1|circulo_r60_xc160_yc120|104|98|135|108|32.572995|0.000000|19.520521|55.000000|35.479479|1210.919718|3.802636|-1.851548|0.629001|10.774878|71.887963|49.204008|
20170425_174647|30759|114|12.987013|1|CarroTeste|1|circulo_r60_xc160_yc120|220|120|64536|108|64316.001119|0.000000|0.000000|55.000000|55.000000|1877.157914|2.356194|3.054326|0.698132|11.959094|106.446416|81.269375|
20170425_174647|30761|114|12.987013|1|CarroTeste3|1|circulo_r60_xc130_yc120|190|120|64536|108|64346.001119|0.000000|0.000000|55.000000|55.000000|1877.157914|2.356194|3.054326|0.698132|11.959094|106.446416|81.269375|
20170425_174647|30834|116|12.987013|1|CarroTeste2|1|circulo_r60_xc160_yc120|104|98|136|108|33.526109|0.000000|12.406316|55.000000|42.593684|1453.728502|3.926991|-1.870611|0.485584|8.318126|81.442348|63.930503|
20170425_174647|30836|116|12.987013|1|CarroTeste|1|circulo_r60_xc160_yc120|220|120|64536|108|64316.001119|0.000000|0.000000|55.000000|55.000000|1877.157914|0.785398|3.054326|2.268928|38.867048|134.770578|52.945213|
20170425_174647|30838|116|12.987013|1|CarroTeste3|1|circulo_r60_xc130_yc120|190|120|64536|108|64346.001119|0.000000|0.000000|55.000000|55.000000|1877.157914|0.785398|3.054326|2.268928|38.867048|134.770578|52.945213|
20170425_174647|30912|118|12.987013|1|CarroTeste2|1|circulo_r60_xc160_yc120|111|85|139|105|34.409301|0.000000|16.738849|55.000000|38.261151|1305.858630|-2.231839|-1.643230|0.588609|10.082961|75.906575|54.679288|
20170425_174647|30914|118|12.987013|1|CarroTeste|1|circulo_r60_xc160_yc120|220|120|64536|105|64316.001749|0.000000|0.000000|55.000000|55.000000|1877.157914|-0.785398|3.054326|-2.443461|-41.856801|49.798105|137.917687|
20170425_174647|30916|118|12.987013|1|CarroTeste3|1|circulo_r60_xc130_yc120|190|120|64536|105|64346.001748|0.000000|0.000000|55.000000|55.000000|1877.157914|-0.785398|3.054326|-2.443461|-41.856801|49.798105|137.917687|
20170425_174647|30990|120|12.987013|1|CarroTeste2|1|circulo_r60_xc160_yc120|111|85|139|104|33.837849|0.000000|12.566028|55.000000|42.433972|1448.277522|-2.231839|-1.631801|0.600038|10.278743|83.233606|61.594146|
20170425_174647|30992|120|12.987013|1|CarroTeste|1|circulo_r60_xc160_yc120|220|120|64536|104|64316.001990|0.000000|0.000000|55.000000|55.000000|1877.157914|-0.785398|3.054326|-2.443461|-41.856837|49.798067|137.917725|
20170425_174647|30994|120|12.987013|1|CarroTeste3|1|circulo_r60_xc130_yc120|190|120|64536|104|64346.001989|0.000000|0.000000|55.000000|55.000000|1877.157914|-0.785398|3.054326|-2.443461|-41.856837|49.798067|137.917725|
20170425_174647|31065|122|12.987013|1|CarroTeste2|0|circulo_r60_xc160_yc120|0|0|139|104|0.000000|0.000000|0.000000|0.000000|0.000000|0.000000|0.000000|0.000000|0.000000|0.000000|0.000000|0.000000|
20170425_174647|31066|122|12.987013|1|CarroTeste|0|circulo_r60_xc160_yc120|0|0|64536|104|0.000000|0.000000|0.000000|0.000000|0.000000|0.000000|0.000000|0.000000|0.000000|0.000000|0.000000|0.000000|
20170425_174647|31067|122|12.987013|1|CarroTeste3|0|circulo_r60_xc130_yc120|0|0|64536|104|0.000000|0.000000|0.000000|0.000000|0.000000|0.000000|0.000000|0.000000|0.000000|0.000000|0.000000|0.000000|
20170425_174647|31143|124|12.987013|1|CarroTeste2|0|circulo_r60_xc160_yc120|0|0|139|104|0.000000|0.000000|0.000000|0.000000|0.000000|0.000000|0.000000|0.000000|0.000000|0.000000|0.000000|0.000000|
20170425_174647|31144|124|12.987013|1|CarroTeste|0|circulo_r60_xc160_yc120|0|0|64536|104|0.000000|0.000000|0.000000|0.000000|0.000000|0.000000|0.000000|0.000000|0.000000|0.000000|0.000000|0.000000|
20170425_174647|31146|124|12.987013|1|CarroTeste3|0|circulo_r60_xc130_yc120|0|0|64536|104|0.000000|0.000000|0.000000|0.000000|0.000000|0.000000|0.000000|0.000000|0.000000|0.000000|0.000000|0.000000|
20170425_174647|31222|126|12.987013|1|CarroTeste2|0|circulo_r60_xc160_yc120|0|0|139|104|0.000000|0.000000|0.000000|0.000000|0.000000|0.000000|0.000000|0.000000|0.000000|0.000000|0.000000|0.000000|
20170425_174647|31223|126|12.987013|1|CarroTeste|0|circulo_r60_xc160_yc120|0|0|64536|104|0.000000|0.000000|0.000000|0.000000|0.000000|0.000000|0.000000|0.000000|0.000000|0.000000|0.000000|0.000000|
20170425_174647|31224|126|12.987013|1|CarroTeste3|0|circulo_r60_xc130_yc120|0|0|64536|104|0.000000|0.000000|0.000000|0.000000|0.000000|0.000000|0.000000|0.000000|0.000000|0.000000|0.000000|0.000000|
20170425_174648|31301|128|12.987013|1|CarroTeste2|1|circulo_r60_xc160_yc120|148|61|155|97|36.674242|0.000000|31.675071|55.000000|23.324929|796.083343|-1.735945|-0.934547|0.801398|13.728065|54.254762|25.353572|
20170425_174648|31303|128|12.987013|1|CarroTeste|1|circulo_r60_xc160_yc120|220|120|64536|97|64316.004113|0.000000|0.000000|55.000000|55.000000|1877.157914|-0.785398|3.054326|-2.443461|-41.856837|49.798066|137.917725|
20170425_174648|31305|128|12.987013|1|CarroTeste3|1|circulo_r60_xc130_yc120|190|120|64536|97|64346.004111|0.000000|0.000000|55.000000|55.000000|1877.157914|-0.785398|3.054326|-2.443461|-41.856837|49.798066|137.917725|
20170425_174648|31377|130|12.987013|1|CarroTeste2|0|circulo_r60_xc160_yc120|0|0|155|97|0.000000|0.000000|0.000000|0.000000|0.000000|0.000000|0.000000|0.000000|0.000000|0.000000|0.000000|0.000000|
20170425_174648|31379|130|12.987013|1|CarroTeste|0|circulo_r60_xc160_yc120|0|0|64536|97|0.000000|0.000000|0.000000|0.000000|0.000000|0.000000|0.000000|0.000000|0.000000|0.000000|0.000000|0.000000|
20170425_174648|31380|130|12.987013|1|CarroTeste3|0|circulo_r60_xc130_yc120|0|0|64536|97|0.000000|0.000000|0.000000|0.000000|0.000000|0.000000|0.000000|0.000000|0.000000|0.000000|0.000000|0.000000|
20170425_174648|31454|132|12.987013|1|CarroTeste2|0|circulo_r60_xc160_yc120|0|0|155|97|0.000000|0.000000|0.000000|0.000000|0.000000|0.000000|0.000000|0.000000|0.000000|0.000000|0.000000|0.000000|
20170425_174648|31455|132|12.987013|1|CarroTeste|0|circulo_r60_xc160_yc120|0|0|64536|97|0.000000|0.000000|0.000000|0.000000|0.000000|0.000000|0.000000|0.000000|0.000000|0.000000|0.000000|0.000000|
20170425_174648|31456|132|12.987013|1|CarroTeste3|0|circulo_r60_xc130_yc120|0|0|64536|97|0.000000|0.000000|0.000000|0.000000|0.000000|0.000000|0.000000|0.000000|0.000000|0.000000|0.000000|0.000000|
20170425_174648|31535|134|12.987013|1|CarroTeste2|1|circulo_r60_xc160_yc120|178|63|168|96|34.481879|0.000000|47.759733|55.000000|7.240267|247.111475|-1.304544|-0.369195|0.935349|16.022665|29.221537|-4.510389|
20170425_174648|31537|134|12.987013|1|CarroTeste|1|circulo_r60_xc160_yc120|220|120|64536|96|64316.004478|0.000000|0.000000|55.000000|55.000000|1877.157914|-0.785398|3.054326|-2.443461|-41.856837|49.798066|137.917725|
20170425_174648|31539|134|12.987013|1|CarroTeste3|1|circulo_r60_xc130_yc120|190|120|64536|96|64346.004476|0.000000|0.000000|55.000000|55.000000|1877.157914|-0.785398|3.054326|-2.443461|-41.856837|49.798066|137.917725|
20170425_174648|31613|136|12.987013|1|CarroTeste2|1|circulo_r60_xc160_yc120|191|69|171|97|34.409301|0.000000|46.316247|55.000000|8.683753|296.377740|-1.304544|-0.128983|1.175562|20.137541|36.016298|-6.378524|
20170425_174648|31616|136|12.987013|1|CarroTeste|1|circulo_r60_xc160_yc120|220|120|64536|97|64316.004113|0.000000|0.000000|55.000000|55.000000|1877.157914|-0.785398|3.054326|-2.443461|-41.856837|49.798066|137.917725|
20170425_174648|31619|136|12.987013|1|CarroTeste3|1|circulo_r60_xc130_yc120|190|120|64536|97|64346.004111|0.000000|0.000000|55.000000|55.000000|1877.157914|-0.785398|3.054326|-2.443461|-41.856837|49.798066|137.917725|
20170425_174648|31691|138|12.987013|1|CarroTeste2|1|circulo_r60_xc160_yc120|191|69|172|97|33.837849|0.000000|46.316247|55.000000|8.683753|296.377750|-1.190290|-0.117553|1.072737|18.376131|34.162184|-4.524409|
20170425_174648|31694|138|12.987013|1|CarroTeste|1|circulo_r60_xc160_yc120|220|120|64536|97|64316.004113|0.000000|0.000000|55.000000|55.000000|1877.157914|-0.785398|3.054326|-2.443461|-41.856837|49.798066|137.917725|
20170425_174648|31696|138|12.987013|1|CarroTeste3|1|circulo_r60_xc130_yc120|190|120|64536|97|64346.004111|0.000000|0.000000|55.000000|55.000000|1877.157914|-0.785398|3.054326|-2.443461|-41.856837|49.798066|137.917725|
20170425_174648|31765|140|12.987013|1|CarroTeste2|0|circulo_r60_xc160_yc120|0|0|172|97|0.000000|0.000000|0.000000|0.000000|0.000000|0.000000|0.000000|0.000000|0.000000|0.000000|0.000000|0.000000|
20170425_174648|31766|140|12.987013|1|CarroTeste|0|circulo_r60_xc160_yc120|0|0|64536|97|0.000000|0.000000|0.000000|0.000000|0.000000|0.000000|0.000000|0.000000|0.000000|0.000000|0.000000|0.000000|
20170425_174648|31767|140|12.987013|1|CarroTeste3|0|circulo_r60_xc130_yc120|0|0|64536|97|0.000000|0.000000|0.000000|0.000000|0.000000|0.000000|0.000000|0.000000|0.000000|0.000000|0.000000|0.000000|
20170425_174648|31846|142|12.987013|1|CarroTeste2|1|circulo_r60_xc160_yc120|194|71|175|99|33.837849|0.000000|27.799468|55.000000|27.200532|928.357930|-0.785398|-0.061005|0.724393|12.408965|59.479965|33.355828|
20170425_174648|31848|142|12.987013|1|CarroTeste|1|circulo_r60_xc160_yc120|220|120|64536|99|64316.003428|0.000000|0.000000|55.000000|55.000000|1877.157914|-0.785398|3.054326|-2.443461|-41.856837|49.798066|137.917725|
20170425_174648|31850|142|12.987013|1|CarroTeste3|1|circulo_r60_xc130_yc120|190|120|64536|99|64346.003427|0.000000|0.000000|55.000000|55.000000|1877.157914|-0.785398|3.054326|-2.443461|-41.856837|49.798066|137.917725|
20170425_174648|31921|144|12.987013|1|CarroTeste2|0|circulo_r60_xc160_yc120|0|0|175|99|0.000000|0.000000|0.000000|0.000000|0.000000|0.000000|0.000000|0.000000|0.000000|0.000000|0.000000|0.000000|
20170425_174648|31922|144|12.987013|1|CarroTeste|0|circulo_r60_xc160_yc120|0|0|64536|99|0.000000|0.000000|0.000000|0.000000|0.000000|0.000000|0.000000|0.000000|0.000000|0.000000|0.000000|0.000000|
20170425_174648|31923|144|12.987013|1|CarroTeste3|0|circulo_r60_xc130_yc120|0|0|64536|99|0.000000|0.000000|0.000000|0.000000|0.000000|0.000000|0.000000|0.000000|0.000000|0.000000|0.000000|0.000000|
20170425_174648|32001|146|12.987013|1|CarroTeste2|1|circulo_r60_xc160_yc120|200|76|176|100|33.941125|0.000000|12.268241|55.000000|42.731759|1458.440952|-0.661043|0.068877|0.729920|12.503630|86.083764|59.760332|
20170425_174648|32003|146|12.987013|1|CarroTeste|1|circulo_r60_xc160_yc120|220|120|64536|100|64316.003110|0.000000|0.000000|55.000000|55.000000|1877.157914|-0.785398|3.054326|-2.443461|-41.856837|49.798066|137.917725|
20170425_174648|32005|146|12.987013|1|CarroTeste3|1|circulo_r60_xc130_yc120|190|120|64536|100|64346.003108|0.000000|0.000000|55.000000|55.000000|1877.157914|-0.785398|3.054326|-2.443461|-41.856837|49.798066|137.917725|
20170425_174648|32079|148|12.987013|1|CarroTeste2|1|circulo_r60_xc160_yc120|201|77|178|101|33.241540|0.000000|11.030721|55.000000|43.969279|1500.677809|-0.507099|0.108001|0.615099|10.536744|86.125200|63.942581|
20170425_174648|32081|148|12.987013|1|CarroTeste|1|circulo_r60_xc160_yc120|220|120|64536|101|64316.002806|0.000000|0.000000|55.000000|55.000000|1877.157914|-0.785398|3.054326|-2.443461|-41.856837|49.798066|137.917725|
20170425_174648|32083|148|12.987013|1|CarroTeste3|1|circulo_r60_xc130_yc120|190|120|64536|101|64346.002805|0.000000|0.000000|55.000000|55.000000|1877.157914|-0.785398|3.054326|-2.443461|-41.856837|49.798066|137.917725|
20170425_174648|32157|150|12.987013|1|CarroTeste2|1|circulo_r60_xc160_yc120|202|78|178|102|33.941125|0.000000|11.030721|55.000000|43.969279|1500.677819|-0.380506|0.119142|0.499648|8.559050|84.043417|66.024365|
20170425_174648|32159|150|12.987013|1|CarroTeste|1|circulo_r60_xc160_yc120|220|120|64536|102|64316.002519|0.000000|0.000000|55.000000|55.000000|1877.157914|-0.785398|3.054326|-2.443461|-41.856837|49.798066|137.917725|
20170425_174648|32161|150|12.987013|1|CarroTeste3|1|circulo_r60_xc130_yc120|190|120|64536|102|64346.002518|0.000000|0.000000|55.000000|55.000000|1877.157914|-0.785398|3.054326|-2.443461|-41.856837|49.798066|137.917725|
20170425_174648|32234|152|12.987013|1|CarroTeste2|1|circulo_r60_xc160_yc120|208|85|180|105|34.409301|0.000000|11.030721|55.000000|43.969279|1500.677819|-0.266252|0.260575|0.526827|9.024623|84.533494|65.534288|
20170425_174648|32236|152|12.987013|1|CarroTeste|1|circulo_r60_xc160_yc120|220|120|64536|105|64316.001749|0.000000|0.000000|55.000000|55.000000|1877.157914|-0.785398|3.054326|-2.443461|-41.856837|49.798066|137.917725|
20170425_174648|32238|152|12.987013|1|CarroTeste3|1|circulo_r60_xc130_yc120|190|120|64536|105|64346.001748|0.000000|0.000000|55.000000|55.000000|1877.157914|-0.785398|3.054326|-2.443461|-41.856837|49.798066|137.917725|
20170425_174649|32312|154|12.987013|1|CarroTeste2|1|circulo_r60_xc160_yc120|215|98|181|111|36.400549|0.000000|17.268427|55.000000|37.731573|1287.784051|-0.197396|0.472077|0.669473|11.468167|76.460957|52.317448|
20170425_174649|32314|154|12.987013|1|CarroTeste|1|circulo_r60_xc160_yc120|220|120|64536|111|64316.000630|0.000000|0.000000|55.000000|55.000000|1877.157914|-0.785398|3.054326|-2.443461|-41.856837|49.798066|137.917725|
20170425_174649|32316|154|12.987013|1|CarroTeste3|1|circulo_r60_xc130_yc120|190|120|64536|111|64346.000629|0.000000|0.000000|55.000000|55.000000|1877.157914|-0.785398|3.054326|-2.443461|-41.856837|49.798066|137.917725|
20170425_174649|32388|156|12.987013|1|CarroTeste2|0|circulo_r60_xc160_yc120|0|0|181|111|0.000000|0.000000|0.000000|0.000000|0.000000|0.000000|0.000000|0.000000|0.000000|0.000000|0.000000|0.000000|
20170425_174649|32389|156|12.987013|1|CarroTeste|0|circulo_r60_xc160_yc120|0|0|64536|111|0.000000|0.000000|0.000000|0.000000|0.000000|0.000000|0.000000|0.000000|0.000000|0.000000|0.000000|0.000000|
20170425_174649|32391|156|12.987013|1|CarroTeste3|0|circulo_r60_xc130_yc120|0|0|64536|111|0.000000|0.000000|0.000000|0.000000|0.000000|0.000000|0.000000|0.000000|0.000000|0.000000|0.000000|0.000000|
20170425_174649|32466|158|12.987013|1|CarroTeste2|0|circulo_r60_xc160_yc120|0|0|181|111|0.000000|0.000000|0.000000|0.000000|0.000000|0.000000|0.000000|0.000000|0.000000|0.000000|0.000000|0.000000|
20170425_174649|32467|158|12.987013|1|CarroTeste|0|circulo_r60_xc160_yc120|0|0|64536|111|0.000000|0.000000|0.000000|0.000000|0.000000|0.000000|0.000000|0.000000|0.000000|0.000000|0.000000|0.000000|
20170425_174649|32468|158|12.987013|1|CarroTeste3|0|circulo_r60_xc130_yc120|0|0|64536|111|0.000000|0.000000|0.000000|0.000000|0.000000|0.000000|0.000000|0.000000|0.000000|0.000000|0.000000|0.000000|
20170425_174652|35884|232|22.000000|1|CarroTeste2|1|circulo_r60_xc160_yc120|210|151|179|130|37.443290|0.000000|57.522498|55.000000|-2.522498|-86.317388|0.380506|1.381134|1.000628|17.229819|13.820783|-22.452522|
20170425_174652|35886|232|22.000000|1|CarroTeste|1|circulo_r60_xc160_yc120|220|120|64536|130|64316.000777|0.000000|0.000000|55.000000|55.000000|1882.045664|-0.785398|3.054326|-2.443461|-42.073983|49.813879|138.390687|
20170425_174652|35888|232|22.000000|1|CarroTeste3|1|circulo_r60_xc130_yc120|190|120|64536|130|64346.000777|0.000000|0.000000|55.000000|55.000000|1882.045664|-0.785398|3.054326|-2.443461|-42.073983|49.813879|138.390687|
20170425_174652|35962|234|12.987013|1|CarroTeste2|1|circulo_r60_xc160_yc120|210|151|180|130|36.619667|0.000000|57.522498|55.000000|-2.522498|-86.093210|0.426627|1.397606|0.970979|16.633007|13.203768|-21.813089|
20170425_174652|35964|234|12.987013|1|CarroTeste|1|circulo_r60_xc160_yc120|220|120|64536|130|64316.000777|0.000000|0.000000|55.000000|55.000000|1877.157736|-0.785398|3.054326|-2.443461|-41.856830|49.798066|137.917708|
20170425_174652|35966|234|12.987013|1|CarroTeste3|1|circulo_r60_xc130_yc120|190|120|64536|130|64346.000777|0.000000|0.000000|55.000000|55.000000|1877.157736|-0.785398|3.054326|-2.443461|-41.856830|49.798066|137.917708|
20170425_174652|36038|236|12.987013|1|CarroTeste2|0|circulo_r60_xc160_yc120|0|0|180|130|0.000000|0.000000|0.000000|0.000000|0.000000|0.000000|0.000000|0.000000|0.000000|0.000000|0.000000|0.000000|
20170425_174652|36040|236|12.987013|1|CarroTeste|0|circulo_r60_xc160_yc120|0|0|64536|130|0.000000|0.000000|0.000000|0.000000|0.000000|0.000000|0.000000|0.000000|0.000000|0.000000|0.000000|0.000000|
20170425_174652|36041|236|12.987013|1|CarroTeste3|0|circulo_r60_xc130_yc120|0|0|64536|130|0.000000|0.000000|0.000000|0.000000|0.000000|0.000000|0.000000|0.000000|0.000000|0.000000|0.000000|0.000000|
20170425_174652|36115|238|12.987013|1|CarroTeste2|0|circulo_r60_xc160_yc120|0|0|180|130|0.000000|0.000000|0.000000|0.000000|0.000000|0.000000|0.000000|0.000000|0.000000|0.000000|0.000000|0.000000|
20170425_174652|36117|238|12.987013|1|CarroTeste|0|circulo_r60_xc160_yc120|0|0|64536|130|0.000000|0.000000|0.000000|0.000000|0.000000|0.000000|0.000000|0.000000|0.000000|0.000000|0.000000|0.000000|
20170425_174652|36118|238|12.987013|1|CarroTeste3|0|circulo_r60_xc130_yc120|0|0|64536|130|0.000000|0.000000|0.000000|0.000000|0.000000|0.000000|0.000000|0.000000|0.000000|0.000000|0.000000|0.000000|
20170425_174652|36194|240|12.987013|1|CarroTeste2|0|circulo_r60_xc160_yc120|0|0|180|130|0.000000|0.000000|0.000000|0.000000|0.000000|0.000000|0.000000|0.000000|0.000000|0.000000|0.000000|0.000000|
20170425_174652|36195|240|12.987013|1|CarroTeste|0|circulo_r60_xc160_yc120|0|0|64536|130|0.000000|0.000000|0.000000|0.000000|0.000000|0.000000|0.000000|0.000000|0.000000|0.000000|0.000000|0.000000|
20170425_174652|36196|240|12.987013|1|CarroTeste3|0|circulo_r60_xc130_yc120|0|0|64536|130|0.000000|0.000000|0.000000|0.000000|0.000000|0.000000|0.000000|0.000000|0.000000|0.000000|0.000000|0.000000|
20170425_174653|36273|242|12.987013|1|CarroTeste2|1|circulo_r60_xc160_yc120|210|151|180|131|36.055513|0.000000|54.041188|55.000000|0.958812|32.724349|0.566729|1.408890|0.842160|14.426329|16.821827|-13.549392|
20170425_174653|36275|242|12.987013|1|CarroTeste|1|circulo_r60_xc160_yc120|220|120|64536|131|64316.000941|0.000000|0.000000|55.000000|55.000000|1877.157912|-0.785398|3.054326|-2.443461|-41.856837|49.798066|137.917725|
20170425_174653|36277|242|12.987013|1|CarroTeste3|1|circulo_r60_xc130_yc120|190|120|64536|131|64346.000940|0.000000|0.000000|55.000000|55.000000|1877.157912|-0.785398|3.054326|-2.443461|-41.856837|49.798066|137.917725|
20170425_174653|36349|244|12.987013|1|CarroTeste2|0|circulo_r60_xc160_yc120|0|0|180|131|0.000000|0.000000|0.000000|0.000000|0.000000|0.000000|0.000000|0.000000|0.000000|0.000000|0.000000|0.000000|
20170425_174653|36351|244|12.987013|1|CarroTeste|0|circulo_r60_xc160_yc120|0|0|64536|131|0.000000|0.000000|0.000000|0.000000|0.000000|0.000000|0.000000|0.000000|0.000000|0.000000|0.000000|0.000000|
20170425_174653|36352|244|12.987013|1|CarroTeste3|0|circulo_r60_xc130_yc120|0|0|64536|131|0.000000|0.000000|0.000000|0.000000|0.000000|0.000000|0.000000|0.000000|0.000000|0.000000|0.000000|0.000000|
20170425_174653|36428|246|12.987013|1|CarroTeste2|1|circulo_r60_xc160_yc120|215|141|181|130|35.735137|0.000000|47.803482|55.000000|7.196518|245.618144|0.661043|1.226802|0.565758|9.691524|22.482512|2.079303|
20170425_174653|36430|246|12.987013|1|CarroTeste|1|circulo_r60_xc160_yc120|220|120|64536|130|64316.000777|0.000000|0.000000|55.000000|55.000000|1877.157914|-0.785398|3.054326|-2.443461|-41.856837|49.798066|137.917725|
20170425_174653|36432|246|12.987013|1|CarroTeste3|1|circulo_r60_xc130_yc120|190|120|64536|130|64346.000777|0.000000|0.000000|55.000000|55.000000|1877.157914|-0.785398|3.054326|-2.443461|-41.856837|49.798066|137.917725|
20170425_174653|36505|248|12.987013|1|CarroTeste2|1|circulo_r60_xc160_yc120|210|151|180|130|36.619667|0.000000|5.897886|55.000000|49.102114|1675.861900|0.909753|1.397606|0.487853|8.356999|92.589936|74.996254|
20170425_174653|36507|248|12.987013|1|CarroTeste|1|circulo_r60_xc160_yc120|220|120|64536|130|64316.000777|0.000000|0.000000|55.000000|55.000000|1877.157914|2.356194|3.054326|0.698132|11.959070|106.446390|81.269401|
20170425_174653|36510|248|12.987013|1|CarroTeste3|1|circulo_r60_xc130_yc120|190|120|64536|130|64346.000777|0.000000|0.000000|55.000000|55.000000|1877.157914|2.356194|3.054326|0.698132|11.959070|106.446390|81.269401|
20170425_174653|36582|250|12.987013|1|CarroTeste2|1|circulo_r60_xc160_yc120|215|141|181|130|35.735137|0.000000|5.897886|55.000000|49.102114|1675.862223|0.909753|1.226802|0.317048|5.431086|89.510043|78.076179|
20170425_174653|36584|250|12.987013|1|CarroTeste|1|circulo_r60_xc160_yc120|220|120|64536|130|64316.000777|0.000000|0.000000|55.000000|55.000000|1877.157914|2.356194|3.054326|0.698132|11.959094|106.446416|81.269376|
20170425_174653|36586|250|12.987013|1|CarroTeste3|1|circulo_r60_xc130_yc120|190|120|64536|130|64346.000777|0.000000|0.000000|55.000000|55.000000|1877.157914|2.356194|3.054326|0.698132|11.959094|106.446416|81.269376|
20170425_174653|36660|252|12.987013|1|CarroTeste2|1|circulo_r60_xc160_yc120|210|151|180|131|36.055513|0.000000|6.451322|55.000000|48.548678|1656.973384|1.004067|1.408890|0.404822|6.934665|90.148317|75.549021|
20170425_174653|36662|252|12.987013|1|CarroTeste|1|circulo_r60_xc160_yc120|220|120|64536|131|64316.000941|0.000000|0.000000|55.000000|55.000000|1877.157914|2.356194|3.054326|0.698132|11.959094|106.446416|81.269375|
20170425_174653|36664|252|12.987013|1|CarroTeste3|1|circulo_r60_xc130_yc120|190|120|64536|131|64346.000940|0.000000|0.000000|55.000000|55.000000|1877.157914|2.356194|3.054326|0.698132|11.959094|106.446416|81.269375|
20170425_174653|36737|254|12.987013|1|CarroTeste2|1|circulo_r60_xc160_yc120|210|151|179|132|36.359318|0.000000|6.451322|55.000000|48.548678|1656.973380|1.030377|1.402813|0.372437|6.379893|89.564346|76.132992|
20170425_174653|36739|254|12.987013|1|CarroTeste|1|circulo_r60_xc160_yc120|220|120|64536|132|64316.001119|0.000000|0.000000|55.000000|55.000000|1877.157914|2.356194|3.054326|0.698132|11.959094|106.446416|81.269375|
20170425_174653|36741|254|12.987013|1|CarroTeste3|1|circulo_r60_xc130_yc120|190|120|64536|132|64346.001119|0.000000|0.000000|55.000000|55.000000|1877.157914|2.356194|3.054326|0.698132|11.959094|106.446416|81.269375|
20170425_174653|36815|256|12.987013|1|CarroTeste2|1|circulo_r60_xc160_yc120|208|154|177|133|37.443290|0.000000|8.102847|55.000000|46.897153|1600.606579|1.063698|1.437683|0.373985|6.406414|86.773922|73.286736|
20170425_174653|36817|256|12.987013|1|CarroTeste|1|circulo_r60_xc160_yc120|220|120|64536|133|64316.001314|0.000000|0.000000|55.000000|55.000000|1877.157914|2.356194|3.054326|0.698132|11.959094|106.446416|81.269375|
20170425_174653|36819|256|12.987013|1|CarroTeste3|1|circulo_r60_xc130_yc120|190|120|64536|133|64346.001313|0.000000|0.000000|55.000000|55.000000|1877.157914|2.356194|3.054326|0.698132|11.959094|106.446416|81.269375|
20170425_174653|36890|258|12.987013|1|CarroTeste2|0|circulo_r60_xc160_yc120|0|0|177|133|0.000000|0.000000|0.000000|0.000000|0.000000|0.000000|0.000000|0.000000|0.000000|0.000000|0.000000|0.000000|
20170425_174653|36892|258|12.987013|1|CarroTeste|0|circulo_r60_xc160_yc120|0|0|64536|133|0.000000|0.000000|0.000000|0.000000|0.000000|0.000000|0.000000|0.000000|0.000000|0.000000|0.000000|0.000000|
20170425_174653|36893|258|12.987013|1|CarroTeste3|0|circulo_r60_xc130_yc120|0|0|64536|133|0.000000|0.000000|0.000000|0.000000|0.000000|0.000000|0.000000|0.000000|0.000000|0.000000|0.000000|0.000000|
20170425_174653|36968|260|12.987013|1|CarroTeste2|0|circulo_r60_xc160_yc120|0|0|177|133|0.000000|0.000000|0.000000|0.000000|0.000000|0.000000|0.000000|0.000000|0.000000|0.000000|0.000000|0.000000|
20170425_174653|36969|260|12.987013|1|CarroTeste|0|circulo_r60_xc160_yc120|0|0|64536|133|0.000000|0.000000|0.000000|0.000000|0.000000|0.000000|0.000000|0.000000|0.000000|0.000000|0.000000|0.000000|
20170425_174653|36970|260|12.987013|1|CarroTeste3|0|circulo_r60_xc130_yc120|0|0|64536|133|0.000000|0.000000|0.000000|0.000000|0.000000|0.000000|0.000000|0.000000|0.000000|0.000000|0.000000|0.000000|
20170425_174653|37048|262|12.987013|1|CarroTeste2|1|circulo_r60_xc160_yc120|171|178|163|140|38.832976|0.000000|27.680203|55.000000|27.319797|932.428764|1.304544|2.163871|0.859327|14.720392|62.116588|31.126289|
20170425_174653|37050|262|12.987013|1|CarroTeste|1|circulo_r60_xc160_yc120|220|120|64536|140|64316.003110|0.000000|0.000000|55.000000|55.000000|1877.157914|2.356194|3.054326|0.698132|11.959094|106.446416|81.269375|
20170425_174653|37052|262|12.987013|1|CarroTeste3|1|circulo_r60_xc130_yc120|190|120|64536|140|64346.003108|0.000000|0.000000|55.000000|55.000000|1877.157914|2.356194|3.054326|0.698132|11.959094|106.446416|81.269375|
20170425_174653|37127|264|12.987013|1|CarroTeste2|1|circulo_r60_xc160_yc120|157|179|157|141|38.000000|0.000000|33.917909|55.000000|21.082091|719.534845|1.405648|-3.863894|1.013644|17.363868|54.254498|17.698986|
20170425_174653|37129|264|12.987013|1|CarroTeste|1|circulo_r60_xc160_yc120|220|120|64536|141|64316.003428|0.000000|0.000000|55.000000|55.000000|1877.157914|2.356194|3.054326|0.698132|11.959094|106.446416|81.269375|
20170425_174653|37131|264|12.987013|1|CarroTeste3|1|circulo_r60_xc130_yc120|190|120|64536|141|64346.003427|0.000000|0.000000|55.000000|55.000000|1877.157914|2.356194|3.054326|0.698132|11.959094|106.446416|81.269375|
20170425_174653|37204|266|12.987013|1|CarroTeste2|1|circulo_r60_xc160_yc120|138|175|150|143|34.176015|0.000000|41.755406|55.000000|13.244594|452.039952|1.405648|-3.454405|1.423133|24.378466|48.263541|-3.059546|
20170425_174653|37206|266|12.987013|1|CarroTeste|1|circulo_r60_xc160_yc120|220|120|64536|143|64316.004113|0.000000|0.000000|55.000000|55.000000|1877.157914|2.356194|3.054326|0.698132|11.959094|106.446416|81.269375|
20170425_174653|37208|266|12.987013|1|CarroTeste3|1|circulo_r60_xc130_yc120|190|120|64536|143|64346.004111|0.000000|0.000000|55.000000|55.000000|1877.157914|2.356194|3.054326|0.698132|11.959094|106.446416|81.269375|
20170425_174654|37281|268|12.987013|1|CarroTeste2|1|circulo_r60_xc160_yc120|133|173|147|144|32.202484|0.000000|42.992927|55.000000|12.007073|409.803156|1.570796|-3.333253|1.379136|23.624798|45.358366|-4.378051|
20170425_174654|37284|268|12.987013|1|CarroTeste|1|circulo_r60_xc160_yc120|220|120|64536|144|64316.004478|0.000000|0.000000|55.000000|55.000000|1877.157914|2.356194|3.054326|0.698132|11.959094|106.446416|81.269375|
20170425_174654|37286|268|12.987013|1|CarroTeste3|1|circulo_r60_xc130_yc120|190|120|64536|144|64346.004476|0.000000|0.000000|55.000000|55.000000|1877.157914|2.356194|3.054326|0.698132|11.959094|106.446416|81.269375|
20170425_174654|37360|270|12.987013|1|CarroTeste2|1|circulo_r60_xc160_yc120|128|170|144|144|30.528675|0.000000|26.087796|55.000000|28.912204|986.777549|1.661456|-3.192963|1.428767|24.474977|75.102012|23.575743|
20170425_174654|37362|270|12.987013|1|CarroTeste|1|circulo_r60_xc160_yc120|220|120|64536|144|64316.004478|0.000000|0.000000|55.000000|55.000000|1877.157914|2.356194|3.054326|0.698132|11.959094|106.446416|81.269375|
20170425_174654|37365|270|12.987013|1|CarroTeste3|1|circulo_r60_xc130_yc120|190|120|64536|144|64346.004476|0.000000|0.000000|55.000000|55.000000|1877.157914|2.356194|3.054326|0.698132|11.959094|106.446416|81.269375|
20170425_174654|37437|272|12.987013|1|CarroTeste2|1|circulo_r60_xc160_yc120|125|168|143|144|30.000000|0.000000|19.296654|55.000000|35.703346|1218.560290|1.892547|-3.125840|1.264798|21.666174|83.734513|38.121516|
20170425_174654|37440|272|12.987013|1|CarroTeste|1|circulo_r60_xc160_yc120|220|120|64536|144|64316.004478|0.000000|0.000000|55.000000|55.000000|1877.157914|2.356194|3.054326|0.698132|11.959094|106.446416|81.269375|
20170425_174654|37443|272|12.987013|1|CarroTeste3|1|circulo_r60_xc130_yc120|190|120|64536|144|64346.004476|0.000000|0.000000|55.000000|55.000000|1877.157914|2.356194|3.054326|0.698132|11.959094|106.446416|81.269375|
20170425_174654|37513|274|12.987013|1|CarroTeste2|1|circulo_r60_xc160_yc120|125|168|142|143|30.232433|0.000000|11.459157|55.000000|43.540843|1486.055186|1.997424|-3.130489|1.155272|19.789983|95.134320|53.471198|
20170425_174654|37515|274|12.987013|1|CarroTeste|1|circulo_r60_xc160_yc120|220|120|64536|143|64316.004113|0.000000|0.000000|55.000000|55.000000|1877.157914|2.356194|3.054326|0.698132|11.959094|106.446416|81.269375|
20170425_174654|37517|274|12.987013|1|CarroTeste3|1|circulo_r60_xc130_yc120|190|120|64536|143|64346.004111|0.000000|0.000000|55.000000|55.000000|1877.157914|2.356194|3.054326|0.698132|11.959094|106.446416|81.269375|
20170425_174654|37588|276|12.987013|1|CarroTeste2|0|circulo_r60_xc160_yc120|0|0|142|143|0.000000|0.000000|0.000000|0.000000|0.000000|0.000000|0.000000|0.000000|0.000000|0.000000|0.000000|0.000000|
20170425_174654|37589|276|12.987013|1|CarroTeste|0|circulo_r60_xc160_yc120|0|0|64536|143|0.000000|0.000000|0.000000|0.000000|0.000000|0.000000|0.000000|0.000000|0.000000|0.000000|0.000000|0.000000|
20170425_174654|37591|276|12.987013|1|CarroTeste3|0|circulo_r60_xc130_yc120|0|0|64536|143|0.000000|0.000000|0.000000|0.000000|0.000000|0.000000|0.000000|0.000000|0.000000|0.000000|0.000000|0.000000|
20170425_174654|37667|278|12.987013|1|CarroTeste2|0|circulo_r60_xc160_yc120|0|0|142|143|0.000000|0.000000|0.000000|0.000000|0.000000|0.000000|0.000000|0.000000|0.000000|0.000000|0.000000|0.000000|
20170425_174654|37668|278|12.987013|1|CarroTeste|0|circulo_r60_xc160_yc120|0|0|64536|143|0.000000|0.000000|0.000000|0.000000|0.000000|0.000000|0.000000|0.000000|0.000000|0.000000|0.000000|0.000000|
20170425_174654|37669|278|12.987013|1|CarroTeste3|0|circulo_r60_xc130_yc120|0|0|64536|143|0.000000|0.000000|0.000000|0.000000|0.000000|0.000000|0.000000|0.000000|0.000000|0.000000|0.000000|0.000000|
20170425_174654|37744|280|12.987013|1|CarroTeste2|0|circulo_r60_xc160_yc120|0|0|142|143|0.000000|0.000000|0.000000|0.000000|0.000000|0.000000|0.000000|0.000000|0.000000|0.000000|0.000000|0.000000|
20170425_174654|37745|280|12.987013|1|CarroTeste|0|circulo_r60_xc160_yc120|0|0|64536|143|0.000000|0.000000|0.000000|0.000000|0.000000|0.000000|0.000000|0.000000|0.000000|0.000000|0.000000|0.000000|
20170425_174654|37746|280|12.987013|1|CarroTeste3|0|circulo_r60_xc130_yc120|0|0|64536|143|0.000000|0.000000|0.000000|0.000000|0.000000|0.000000|0.000000|0.000000|0.000000|0.000000|0.000000|0.000000|
20170425_174654|37822|282|12.987013|1|CarroTeste2|0|circulo_r60_xc160_yc120|0|0|142|143|0.000000|0.000000|0.000000|0.000000|0.000000|0.000000|0.000000|0.000000|0.000000|0.000000|0.000000|0.000000|
20170425_174654|37823|282|12.987013|1|CarroTeste|0|circulo_r60_xc160_yc120|0|0|64536|143|0.000000|0.000000|0.000000|0.000000|0.000000|0.000000|0.000000|0.000000|0.000000|0.000000|0.000000|0.000000|
20170425_174654|37824|282|12.987013|1|CarroTeste3|0|circulo_r60_xc130_yc120|0|0|64536|143|0.000000|0.000000|0.000000|0.000000|0.000000|0.000000|0.000000|0.000000|0.000000|0.000000|0.000000|0.000000|
20170425_174654|37901|284|12.987013|1|CarroTeste2|1|circulo_r60_xc160_yc120|103|138|132|128|30.675723|0.000000|31.321108|55.000000|23.678892|808.164151|3.064821|-2.504753|0.713611|12.224270|53.275860|27.540555|
20170425_174654|37904|284|12.987013|1|CarroTeste|1|circulo_r60_xc160_yc120|220|120|64536|128|64316.000498|0.000000|0.000000|55.000000|55.000000|1877.157914|2.356194|3.054326|0.698132|11.959094|106.446416|81.269375|
20170425_174654|37906|284|12.987013|1|CarroTeste3|1|circulo_r60_xc130_yc120|190|120|64536|128|64346.000497|0.000000|0.000000|55.000000|55.000000|1877.157914|2.356194|3.054326|0.698132|11.959094|106.446416|81.269375|
20170425_174654|37979|286|12.987013|1|CarroTeste2|1|circulo_r60_xc160_yc120|102|135|132|126|31.320920|0.000000|29.984995|55.000000|25.015005|853.765698|3.232253|-2.461108|0.589824|10.103780|53.323842|32.052727|
20170425_174654|37981|286|12.987013|1|CarroTeste|1|circulo_r60_xc160_yc120|220|120|64536|126|64316.000280|0.000000|0.000000|55.000000|55.000000|1877.157914|2.356194|3.054326|0.698132|11.959094|106.446416|81.269375|
20170425_174654|37984|286|12.987013|1|CarroTeste3|1|circulo_r60_xc130_yc120|190|120|64536|126|64346.000280|0.000000|0.000000|55.000000|55.000000|1877.157914|2.356194|3.054326|0.698132|11.959094|106.446416|81.269375|
20170425_174654|38057|288|12.987013|1|CarroTeste2|1|circulo_r60_xc160_yc120|100|121|132|121|32.000000|0.000000|35.329445|55.000000|19.670555|671.358908|3.407845|-2.242212|0.633128|10.845581|44.984347|22.151544|
20170425_174654|38059|288|12.987013|1|CarroTeste|1|circulo_r60_xc160_yc120|220|120|64536|121|64316.000008|0.000000|0.000000|55.000000|55.000000|1877.157914|2.356194|3.054326|0.698132|11.959094|106.446416|81.269375|
20170425_174654|38062|288|12.987013|1|CarroTeste3|1|circulo_r60_xc130_yc120|190|120|64536|121|64346.000008|0.000000|0.000000|55.000000|55.000000|1877.157914|2.356194|3.054326|0.698132|11.959094|106.446416|81.269375|
20170425_174654|38132|290|12.987013|1|CarroTeste2|0|circulo_r60_xc160_yc120|0|0|132|121|0.000000|0.000000|0.000000|0.000000|0.000000|0.000000|0.000000|0.000000|0.000000|0.000000|0.000000|0.000000|
20170425_174654|38133|290|12.987013|1|CarroTeste|0|circulo_r60_xc160_yc120|0|0|64536|121|0.000000|0.000000|0.000000|0.000000|0.000000|0.000000|0.000000|0.000000|0.000000|0.000000|0.000000|0.000000|
20170425_174654|38134|290|12.987013|1|CarroTeste3|0|circulo_r60_xc130_yc120|0|0|64536|121|0.000000|0.000000|0.000000|0.000000|0.000000|0.000000|0.000000|0.000000|0.000000|0.000000|0.000000|0.000000|
20170425_174654|38211|292|12.987013|1|CarroTeste2|1|circulo_r60_xc160_yc120|101|108|134|115|33.734256|0.000000|41.890214|55.000000|13.109786|447.438937|3.708322|-2.056986|0.517877|8.871315|31.710174|13.033720|
20170425_174654|38213|292|12.987013|1|CarroTeste|1|circulo_r60_xc160_yc120|220|120|64536|115|64316.000194|0.000000|0.000000|55.000000|55.000000|1877.157914|2.356194|3.054326|0.698132|11.959094|106.446416|81.269375|
20170425_174654|38215|292|12.987013|1|CarroTeste3|1|circulo_r60_xc130_yc120|190|120|64536|115|64346.000194|0.000000|0.000000|55.000000|55.000000|1877.157914|2.356194|3.054326|0.698132|11.959094|106.446416|81.269375|
20170425_174655|38289|294|12.987013|1|CarroTeste2|1|circulo_r60_xc160_yc120|103|101|135|112|33.837849|0.000000|22.028263|55.000000|32.971737|1125.329982|3.816334|-1.927111|0.539741|9.245838|65.998961|46.534037|
20170425_174655|38291|294|12.987013|1|CarroTeste|1|circulo_r60_xc160_yc120|220|120|64536|112|64316.000498|0.000000|0.000000|55.000000|55.000000|1877.157914|2.356194|3.054326|0.698132|11.959094|106.446416|81.269375|
20170425_174655|38293|294|12.987013|1|CarroTeste3|1|circulo_r60_xc130_yc120|190|120|64536|112|64346.000497|0.000000|0.000000|55.000000|55.000000|1877.157914|2.356194|3.054326|0.698132|11.959094|106.446416|81.269375|
20170425_174655|38367|296|12.987013|1|CarroTeste2|1|circulo_r60_xc160_yc120|104|98|137|110|35.114100|0.000000|23.135135|55.000000|31.864865|1087.552449|-2.231839|-1.902370|0.329469|5.643856|60.318524|48.436721|
20170425_174655|38369|296|12.987013|1|CarroTeste|1|circulo_r60_xc160_yc120|220|120|64536|110|64316.000777|0.000000|0.000000|55.000000|55.000000|1877.157914|-0.785398|3.054326|-2.443461|-41.856813|49.798092|137.917699|
20170425_174655|38372|296|12.987013|1|CarroTeste3|1|circulo_r60_xc130_yc120|190|120|64536|110|64346.000777|0.000000|0.000000|55.000000|55.000000|1877.157914|-0.785398|3.054326|-2.443461|-41.856813|49.798092|137.917699|
20170425_174655|38445|298|12.987013|1|CarroTeste2|1|circulo_r60_xc160_yc120|104|98|137|109|34.785054|0.000000|17.790685|55.000000|37.209315|1269.959241|-2.245537|-1.895790|0.349748|5.991230|69.804520|57.191405|
20170425_174655|38447|298|12.987013|1|CarroTeste|1|circulo_r60_xc160_yc120|220|120|64536|109|64316.000941|0.000000|0.000000|55.000000|55.000000|1877.157914|-0.785398|3.054326|-2.443461|-41.856837|49.798066|137.917725|
20170425_174655|38449|298|12.987013|1|CarroTeste3|1|circulo_r60_xc130_yc120|190|120|64536|109|64346.000940|0.000000|0.000000|55.000000|55.000000|1877.157914|-0.785398|3.054326|-2.443461|-41.856837|49.798066|137.917725|
20170425_174655|38523|300|12.987013|1|CarroTeste2|1|circulo_r60_xc160_yc120|109|88|139|108|36.055513|0.000000|12.328006|55.000000|42.671994|1456.401255|-2.245537|-1.732703|0.512834|8.784922|82.067349|63.572776|
20170425_174655|38525|300|12.987013|1|CarroTeste|1|circulo_r60_xc160_yc120|220|120|64536|108|64316.001119|0.000000|0.000000|55.000000|55.000000|1877.157914|-0.785398|3.054326|-2.443461|-41.856837|49.798066|137.917725|
20170425_174655|38527|300|12.987013|1|CarroTeste3|1|circulo_r60_xc130_yc120|190|120|64536|108|64346.001119|0.000000|0.000000|55.000000|55.000000|1877.157914|-0.785398|3.054326|-2.443461|-41.856837|49.798066|137.917725|
20170425_174655|38600|302|12.987013|1|CarroTeste2|1|circulo_r60_xc160_yc120|116|79|143|106|38.183766|0.000000|14.078124|55.000000|40.921876|1396.669532|-1.997424|-1.586773|0.410651|7.034516|77.238230|62.428723|
20170425_174655|38602|302|12.987013|1|CarroTeste|1|circulo_r60_xc160_yc120|220|120|64536|106|64316.001524|0.000000|0.000000|55.000000|55.000000|1877.157914|-0.785398|3.054326|-2.443461|-41.856837|49.798066|137.917725|
20170425_174655|38604|302|12.987013|1|CarroTeste3|1|circulo_r60_xc130_yc120|190|120|64536|106|64346.001523|0.000000|0.000000|55.000000|55.000000|1877.157914|-0.785398|3.054326|-2.443461|-41.856837|49.798066|137.917725|
20170425_174655|38675|304|12.987013|1|CarroTeste2|0|circulo_r60_xc160_yc120|0|0|143|106|0.000000|0.000000|0.000000|0.000000|0.000000|0.000000|0.000000|0.000000|0.000000|0.000000|0.000000|0.000000|
20170425_174655|38676|304|12.987013|1|CarroTeste|0|circulo_r60_xc160_yc120|0|0|64536|106|0.000000|0.000000|0.000000|0.000000|0.000000|0.000000|0.000000|0.000000|0.000000|0.000000|0.000000|0.000000|
20170425_174655|38677|304|12.987013|1|CarroTeste3|0|circulo_r60_xc130_yc120|0|0|64536|106|0.000000|0.000000|0.000000|0.000000|0.000000|0.000000|0.000000|0.000000|0.000000|0.000000|0.000000|0.000000|
20170425_174655|38753|306|12.987013|1|CarroTeste2|0|circulo_r60_xc160_yc120|0|0|143|106|0.000000|0.000000|0.000000|0.000000|0.000000|0.000000|0.000000|0.000000|0.000000|0.000000|0.000000|0.000000|
20170425_174655|38754|306|12.987013|1|CarroTeste|0|circulo_r60_xc160_yc120|0|0|64536|106|0.000000|0.000000|0.000000|0.000000|0.000000|0.000000|0.000000|0.000000|0.000000|0.000000|0.000000|0.000000|
20170425_174655|38755|306|12.987013|1|CarroTeste3|0|circulo_r60_xc130_yc120|0|0|64536|106|0.000000|0.000000|0.000000|0.000000|0.000000|0.000000|0.000000|0.000000|0.000000|0.000000|0.000000|0.000000|
20170425_174655|38830|308|12.987013|1|CarroTeste2|0|circulo_r60_xc160_yc120|0|0|143|106|0.000000|0.000000|0.000000|0.000000|0.000000|0.000000|0.000000|0.000000|0.000000|0.000000|0.000000|0.000000|
20170425_174655|38831|308|12.987013|1|CarroTeste|0|circulo_r60_xc160_yc120|0|0|64536|106|0.000000|0.000000|0.000000|0.000000|0.000000|0.000000|0.000000|0.000000|0.000000|0.000000|0.000000|0.000000|
20170425_174655|38833|308|12.987013|1|CarroTeste3|0|circulo_r60_xc130_yc120|0|0|64536|106|0.000000|0.000000|0.000000|0.000000|0.000000|0.000000|0.000000|0.000000|0.000000|0.000000|0.000000|0.000000|
20170425_174655|38911|310|12.987013|1|CarroTeste2|1|circulo_r60_xc160_yc120|141|63|155|100|39.560081|0.000000|28.224857|55.000000|26.775143|913.839601|-1.892547|-1.111644|0.780903|13.376976|59.773007|31.610953|
20170425_174655|38913|310|12.987013|1|CarroTeste|1|circulo_r60_xc160_yc120|220|120|64536|100|64316.003110|0.000000|0.000000|55.000000|55.000000|1877.157914|-0.785398|3.054326|-2.443461|-41.856837|49.798066|137.917725|
20170425_174655|38916|310|12.987013|1|CarroTeste3|1|circulo_r60_xc130_yc120|190|120|64536|100|64346.003108|0.000000|0.000000|55.000000|55.000000|1877.157914|-0.785398|3.054326|-2.443461|-41.856837|49.798066|137.917725|
20170425_174655|38988|312|12.987013|1|CarroTeste2|1|circulo_r60_xc160_yc120|160|60|160|98|38.000000|0.000000|34.083930|55.000000|20.916070|713.868524|-1.661456|-0.760000|0.901456|15.442074|51.948241|19.438611|
20170425_174655|38990|312|12.987013|1|CarroTeste|1|circulo_r60_xc160_yc120|220|120|64536|98|64316.003763|0.000000|0.000000|55.000000|55.000000|1877.157914|-0.785398|3.054326|-2.443461|-41.856837|49.798066|137.917725|
20170425_174655|38993|312|12.987013|1|CarroTeste3|1|circulo_r60_xc130_yc120|190|120|64536|98|64346.003761|0.000000|0.000000|55.000000|55.000000|1877.157914|-0.785398|3.054326|-2.443461|-41.856837|49.798066|137.917725|
20170425_174655|39064|314|12.987013|1|CarroTeste2|0|circulo_r60_xc160_yc120|0|0|160|98|0.000000|0.000000|0.000000|0.000000|0.000000|0.000000|0.000000|0.000000|0.000000|0.000000|0.000000|0.000000|
20170425_174655|39065|314|12.987013|1|CarroTeste|0|circulo_r60_xc160_yc120|0|0|64536|98|0.000000|0.000000|0.000000|0.000000|0.000000|0.000000|0.000000|0.000000|0.000000|0.000000|0.000000|0.000000|
20170425_174655|39067|314|12.987013|1|CarroTeste3|0|circulo_r60_xc130_yc120|0|0|64536|98|0.000000|0.000000|0.000000|0.000000|0.000000|0.000000|0.000000|0.000000|0.000000|0.000000|0.000000|0.000000|
20170425_174655|39142|316|12.987013|1|CarroTeste2|0|circulo_r60_xc160_yc120|0|0|160|98|0.000000|0.000000|0.000000|0.000000|0.000000|0.000000|0.000000|0.000000|0.000000|0.000000|0.000000|0.000000|
20170425_174655|39143|316|12.987013|1|CarroTeste|0|circulo_r60_xc160_yc120|0|0|64536|98|0.000000|0.000000|0.000000|0.000000|0.000000|0.000000|0.000000|0.000000|0.000000|0.000000|0.000000|0.000000|
20170425_174655|39144|316|12.987013|1|CarroTeste3|0|circulo_r60_xc130_yc120|0|0|64536|98|0.000000|0.000000|0.000000|0.000000|0.000000|0.000000|0.000000|0.000000|0.000000|0.000000|0.000000|0.000000|
20170425_174655|39221|318|12.987013|1|CarroTeste2|1|circulo_r60_xc160_yc120|181|64|169|97|35.114100|0.000000|43.195305|55.000000|11.804695|402.896024|-1.480136|-0.331574|1.148562|19.675038|40.855368|-0.565765|
20170425_174655|39223|318|12.987013|1|CarroTeste|1|circulo_r60_xc160_yc120|220|120|64536|97|64316.004113|0.000000|0.000000|55.000000|55.000000|1877.157914|-0.785398|3.054326|-2.443461|-41.856837|49.798066|137.917725|
20170425_174655|39226|318|12.987013|1|CarroTeste3|1|circulo_r60_xc130_yc120|190|120|64536|97|64346.004111|0.000000|0.000000|55.000000|55.000000|1877.157914|-0.785398|3.054326|-2.443461|-41.856837|49.798066|137.917725|
20170425_174656|39300|320|12.987013|1|CarroTeste2|1|circulo_r60_xc160_yc120|191|69|171|97|34.409301|0.000000|39.892253|55.000000|15.107747|515.629555|-1.373401|-0.128983|1.244418|21.317063|48.220492|3.342464|
20170425_174656|39302|320|12.987013|1|CarroTeste|1|circulo_r60_xc160_yc120|220|120|64536|97|64316.004113|0.000000|0.000000|55.000000|55.000000|1877.157914|-0.785398|3.054326|-2.443461|-41.856837|49.798066|137.917725|
20170425_174656|39304|320|12.987013|1|CarroTeste3|1|circulo_r60_xc130_yc120|190|120|64536|97|64346.004111|0.000000|0.000000|55.000000|55.000000|1877.157914|-0.785398|3.054326|-2.443461|-41.856837|49.798066|137.917725|
20170425_174656|39373|322|12.987013|1|CarroTeste2|0|circulo_r60_xc160_yc120|0|0|171|97|0.000000|0.000000|0.000000|0.000000|0.000000|0.000000|0.000000|0.000000|0.000000|0.000000|0.000000|0.000000|
20170425_174656|39374|322|12.987013|1|CarroTeste|0|circulo_r60_xc160_yc120|0|0|64536|97|0.000000|0.000000|0.000000|0.000000|0.000000|0.000000|0.000000|0.000000|0.000000|0.000000|0.000000|0.000000|
20170425_174656|39375|322|12.987013|1|CarroTeste3|0|circulo_r60_xc130_yc120|0|0|64536|97|0.000000|0.000000|0.000000|0.000000|0.000000|0.000000|0.000000|0.000000|0.000000|0.000000|0.000000|0.000000|
20170425_174656|39452|324|12.987013|1|CarroTeste2|1|circulo_r60_xc160_yc120|194|71|176|98|32.449961|0.000000|28.779287|55.000000|26.220713|894.916625|-1.030377|-0.033247|0.997130|17.080978|62.725808|26.765854|
20170425_174656|39454|324|12.987013|1|CarroTeste|1|circulo_r60_xc160_yc120|220|120|64536|98|64316.003763|0.000000|0.000000|55.000000|55.000000|1877.157914|-0.785398|3.054326|-2.443461|-41.856837|49.798066|137.917725|
20170425_174656|39456|324|12.987013|1|CarroTeste3|1|circulo_r60_xc130_yc120|190|120|64536|98|64346.003761|0.000000|0.000000|55.000000|55.000000|1877.157914|-0.785398|3.054326|-2.443461|-41.856837|49.798066|137.917725|
20170425_174656|39530|326|12.987013|1|CarroTeste2|1|circulo_r60_xc160_yc120|194|71|176|98|32.449961|0.000000|21.584101|55.000000|33.415899|1140.489379|-0.896055|-0.033247|0.862808|14.780031|72.582397|41.466541|
20170425_174656|39532|326|12.987013|1|CarroTeste|1|circulo_r60_xc160_yc120|220|120|64536|98|64316.003763|0.000000|0.000000|55.000000|55.000000|1877.157914|-0.785398|3.054326|-2.443461|-41.856837|49.798066|137.917725|
20170425_174656|39534|326|12.987013|1|CarroTeste3|1|circulo_r60_xc130_yc120|190|120|64536|98|64346.003761|0.000000|0.000000|55.000000|55.000000|1877.157914|-0.785398|3.054326|-2.443461|-41.856837|49.798066|137.917725|
20170425_174656|39612|328|12.987013|1|CarroTeste2|1|circulo_r60_xc160_yc120|200|76|177|99|32.526912|0.000000|11.374637|55.000000|43.625363|1488.939848|-0.661043|0.097161|0.758204|12.988144|88.118723|60.775262|
20170425_174656|39615|328|12.987013|1|CarroTeste|1|circulo_r60_xc160_yc120|220|120|64536|99|64316.003428|0.000000|0.000000|55.000000|55.000000|1877.157914|-0.785398|3.054326|-2.443461|-41.856837|49.798066|137.917725|
20170425_174656|39617|328|12.987013|1|CarroTeste3|1|circulo_r60_xc130_yc120|190|120|64536|99|64346.003427|0.000000|0.000000|55.000000|55.000000|1877.157914|-0.785398|3.054326|-2.443461|-41.856837|49.798066|137.917725|
20170425_174656|39683|330|12.987013|1|CarroTeste2|0|circulo_r60_xc160_yc120|0|0|177|99|0.000000|0.000000|0.000000|0.000000|0.000000|0.000000|0.000000|0.000000|0.000000|0.000000|0.000000|0.000000|
20170425_174656|39685|330|12.987013|1|CarroTeste|0|circulo_r60_xc160_yc120|0|0|64536|99|0.000000|0.000000|0.000000|0.000000|0.000000|0.000000|0.000000|0.000000|0.000000|0.000000|0.000000|0.000000|
20170425_174656|39686|330|12.987013|1|CarroTeste3|0|circulo_r60_xc130_yc120|0|0|64536|99|0.000000|0.000000|0.000000|0.000000|0.000000|0.000000|0.000000|0.000000|0.000000|0.000000|0.000000|0.000000|
20170425_174656|39764|332|12.987013|1|CarroTeste2|1|circulo_r60_xc160_yc120|203|79|180|102|32.526912|0.000000|14.371057|55.000000|40.628943|1386.671699|-0.380506|0.172559|0.553065|9.474092|79.306313|59.360857|
20170425_174656|39766|332|12.987013|1|CarroTeste|1|circulo_r60_xc160_yc120|220|120|64536|102|64316.002519|0.000000|0.000000|55.000000|55.000000|1877.157914|-0.785398|3.054326|-2.443461|-41.856837|49.798066|137.917725|
20170425_174656|39768|332|12.987013|1|CarroTeste3|1|circulo_r60_xc130_yc120|190|120|64536|102|64346.002518|0.000000|0.000000|55.000000|55.000000|1877.157914|-0.785398|3.054326|-2.443461|-41.856837|49.798066|137.917725|
20170425_174656|39839|334|12.987013|1|CarroTeste2|0|circulo_r60_xc160_yc120|0|0|180|102|0.000000|0.000000|0.000000|0.000000|0.000000|0.000000|0.000000|0.000000|0.000000|0.000000|0.000000|0.000000|
20170425_174656|39841|334|12.987013|1|CarroTeste|0|circulo_r60_xc160_yc120|0|0|64536|102|0.000000|0.000000|0.000000|0.000000|0.000000|0.000000|0.000000|0.000000|0.000000|0.000000|0.000000|0.000000|
20170425_174656|39843|334|12.987013|1|CarroTeste3|0|circulo_r60_xc130_yc120|0|0|64536|102|0.000000|0.000000|0.000000|0.000000|0.000000|0.000000|0.000000|0.000000|0.000000|0.000000|0.000000|0.000000|
20170425_174656|39921|336|12.987013|1|CarroTeste2|1|circulo_r60_xc160_yc120|215|98|182|110|35.114100|0.000000|18.576059|55.000000|36.423941|1243.154385|-0.165149|0.497806|0.662955|11.356515|74.111946|50.203492|
20170425_174656|39923|336|12.987013|1|CarroTeste|1|circulo_r60_xc160_yc120|220|120|64536|110|64316.000777|0.000000|0.000000|55.000000|55.000000|1877.157914|-0.785398|3.054326|-2.443461|-41.856837|49.798066|137.917725|
20170425_174656|39926|336|12.987013|1|CarroTeste3|1|circulo_r60_xc130_yc120|190|120|64536|110|64346.000777|0.000000|0.000000|55.000000|55.000000|1877.157914|-0.785398|3.054326|-2.443461|-41.856837|49.798066|137.917725|
20170425_174656|39997|338|12.987013|1|CarroTeste2|1|circulo_r60_xc160_yc120|216|101|183|113|35.114100|0.000000|22.801217|55.000000|32.198783|1098.949116|0.000000|0.548072|0.548072|9.388551|64.830141|45.064771|
20170425_174656|40000|338|12.987013|1|CarroTeste|1|circulo_r60_xc160_yc120|220|120|64536|113|64316.000381|0.000000|0.000000|55.000000|55.000000|1877.157914|-0.785398|3.054326|-2.443461|-41.856837|49.798066|137.917725|
20170425_174656|40002|338|12.987013|1|CarroTeste3|1|circulo_r60_xc130_yc120|190|120|64536|113|64346.000381|0.000000|0.000000|55.000000|55.000000|1877.157914|-0.785398|3.054326|-2.443461|-41.856837|49.798066|137.917725|
20170425_174656|40077|340|12.987013|1|CarroTeste2|1|circulo_r60_xc160_yc120|219|118|183|118|36.000000|0.000000|27.592231|55.000000|27.407769|935.431127|0.090660|0.819380|0.728720|12.483085|59.911646|33.631466|
20170425_174656|40079|340|12.987013|1|CarroTeste|1|circulo_r60_xc160_yc120|220|120|64536|118|64316.000031|0.000000|0.000000|55.000000|55.000000|1877.157914|-0.785398|3.054326|-2.443461|-41.856837|49.798066|137.917725|
20170425_174656|40082|340|12.987013|1|CarroTeste3|1|circulo_r60_xc130_yc120|190|120|64536|118|64346.000031|0.000000|0.000000|55.000000|55.000000|1877.157914|-0.785398|3.054326|-2.443461|-41.856837|49.798066|137.917725|
20170425_174656|40153|342|12.987013|1|CarroTeste2|1|circulo_r60_xc160_yc120|218|131|182|124|36.674242|0.000000|30.050841|55.000000|24.949159|851.518406|0.266252|1.025807|0.759555|13.011286|56.272011|28.879830|
20170425_174656|40155|342|12.987013|1|CarroTeste|1|circulo_r60_xc160_yc120|220|120|64536|124|64316.000124|0.000000|0.000000|55.000000|55.000000|1877.157914|-0.785398|3.054326|-2.443461|-41.856837|49.798066|137.917725|
20170425_174656|40157|342|12.987013|1|CarroTeste3|1|circulo_r60_xc130_yc120|190|120|64536|124|64346.000124|0.000000|0.000000|55.000000|55.000000|1877.157914|-0.785398|3.054326|-2.443461|-41.856837|49.798066|137.917725|
20170425_174656|40230|344|12.987013|1|CarroTeste2|1|circulo_r60_xc160_yc120|217|135|182|125|36.400549|0.000000|20.369088|55.000000|34.630912|1181.957936|0.266252|1.106679|0.840427|14.396636|74.252250|43.943543|
20170425_174656|40232|344|12.987013|1|CarroTeste|1|circulo_r60_xc160_yc120|220|120|64536|125|64316.000194|0.000000|0.000000|55.000000|55.000000|1877.157914|-0.785398|3.054326|-2.443461|-41.856837|49.798066|137.917725|
20170425_174656|40235|344|12.987013|1|CarroTeste3|1|circulo_r60_xc130_yc120|190|120|64536|125|64346.000194|0.000000|0.000000|55.000000|55.000000|1877.157914|-0.785398|3.054326|-2.443461|-41.856837|49.798066|137.917725|
20170425_174657|40307|346|12.987013|1|CarroTeste2|1|circulo_r60_xc160_yc120|215|141|181|129|36.055513|0.000000|21.652862|55.000000|33.347138|1138.142622|0.426627|1.220394|0.793766|13.597335|71.220115|42.594147|
20170425_174657|40309|346|12.987013|1|CarroTeste|1|circulo_r60_xc160_yc120|220|120|64536|129|64316.000630|0.000000|0.000000|55.000000|55.000000|1877.157914|-0.785398|3.054326|-2.443461|-41.856837|49.798066|137.917725|
20170425_174657|40313|346|12.987013|1|CarroTeste3|1|circulo_r60_xc130_yc120|190|120|64536|129|64346.000629|0.000000|0.000000|55.000000|55.000000|1877.157914|-0.785398|3.054326|-2.443461|-41.856837|49.798066|137.917725|
20170425_174657|40387|348|12.987013|1|CarroTeste2|1|circulo_r60_xc160_yc120|210|151|179|132|36.359318|0.000000|19.789722|55.000000|35.210278|1201.731845|0.661043|1.402813|0.741770|12.706632|73.461994|46.711190|
20170425_174657|40389|348|12.987013|1|CarroTeste|1|circulo_r60_xc160_yc120|220|120|64536|132|64316.001119|0.000000|0.000000|55.000000|55.000000|1877.157914|-0.785398|3.054326|-2.443461|-41.856837|49.798066|137.917725|
20170425_174657|40391|348|12.987013|1|CarroTeste3|1|circulo_r60_xc130_yc120|190|120|64536|132|64346.001119|0.000000|0.000000|55.000000|55.000000|1877.157914|-0.785398|3.054326|-2.443461|-41.856837|49.798066|137.917725|
20170425_174657|40466|350|12.987013|1|CarroTeste2|1|circulo_r60_xc160_yc120|208|154|178|134|36.055513|0.000000|14.650105|55.000000|40.349895|1377.147669|0.674741|1.465438|0.790697|13.544758|83.115023|54.599744|
20170425_174657|40468|350|12.987013|1|CarroTeste|1|circulo_r60_xc160_yc120|220|120|64536|134|64316.001524|0.000000|0.000000|55.000000|55.000000|1877.157914|-0.785398|3.054326|-2.443461|-41.856837|49.798066|137.917725|
20170425_174657|40470|350|12.987013|1|CarroTeste3|1|circulo_r60_xc130_yc120|190|120|64536|134|64346.001523|0.000000|0.000000|55.000000|55.000000|1877.157914|-0.785398|3.054326|-2.443461|-41.856837|49.798066|137.917725|
20170425_174657|40542|352|12.987013|1|CarroTeste2|1|circulo_r60_xc160_yc120|200|163|175|138|35.355339|0.000000|19.994555|55.000000|35.005445|1194.740910|0.909753|1.686787|0.777034|13.310698|73.748307|45.725784|
20170425_174657|40544|352|12.987013|1|CarroTeste|1|circulo_r60_xc160_yc120|220|120|64536|138|64316.002519|0.000000|0.000000|55.000000|55.000000|1877.157914|2.356194|3.054326|0.698132|11.959070|106.446390|81.269401|
20170425_174657|40546|352|12.987013|1|CarroTeste3|1|circulo_r60_xc130_yc120|190|120|64536|138|64346.002518|0.000000|0.000000|55.000000|55.000000|1877.157914|2.356194|3.054326|0.698132|11.959070|106.446390|81.269401|
20170425_174657|40620|354|12.987013|1|CarroTeste2|1|circulo_r60_xc160_yc120|191|170|173|140|34.985711|0.000000|18.264719|55.000000|36.735281|1253.780409|1.030377|1.882675|0.852298|14.599988|78.057429|47.320612|
20170425_174657|40623|354|12.987013|1|CarroTeste|1|circulo_r60_xc160_yc120|220|120|64536|140|64316.003110|0.000000|0.000000|55.000000|55.000000|1877.157914|2.356194|3.054326|0.698132|11.959094|106.446416|81.269376|
20170425_174657|40626|354|12.987013|1|CarroTeste3|1|circulo_r60_xc130_yc120|190|120|64536|140|64346.003108|0.000000|0.000000|55.000000|55.000000|1877.157914|2.356194|3.054326|0.698132|11.959094|106.446416|81.269376|
20170425_174657|40695|356|12.987013|1|CarroTeste2|0|circulo_r60_xc160_yc120|0|0|173|140|0.000000|0.000000|0.000000|0.000000|0.000000|0.000000|0.000000|0.000000|0.000000|0.000000|0.000000|0.000000|
20170425_174657|40696|356|12.987013|1|CarroTeste|0|circulo_r60_xc160_yc120|0|0|64536|140|0.000000|0.000000|0.000000|0.000000|0.000000|0.000000|0.000000|0.000000|0.000000|0.000000|0.000000|0.000000|
20170425_174657|40697|356|12.987013|1|CarroTeste3|0|circulo_r60_xc130_yc120|0|0|64536|140|0.000000|0.000000|0.000000|0.000000|0.000000|0.000000|0.000000|0.000000|0.000000|0.000000|0.000000|0.000000|
20170425_174657|40774|358|12.987013|1|CarroTeste2|1|circulo_r60_xc160_yc120|178|176|167|143|34.785054|0.000000|22.410212|55.000000|32.589788|1112.294187|1.144169|2.125449|0.981280|16.809472|73.308891|37.920528|
20170425_174657|40776|358|12.987013|1|CarroTeste|1|circulo_r60_xc160_yc120|220|120|64536|143|64316.004113|0.000000|0.000000|55.000000|55.000000|1877.157914|2.356194|3.054326|0.698132|11.959094|106.446416|81.269375|
20170425_174657|40778|358|12.987013|1|CarroTeste3|1|circulo_r60_xc130_yc120|190|120|64536|143|64346.004111|0.000000|0.000000|55.000000|55.000000|1877.157914|2.356194|3.054326|0.698132|11.959094|106.446416|81.269375|
20170425_174657|40850|360|12.987013|1|CarroTeste2|0|circulo_r60_xc160_yc120|0|0|167|143|0.000000|0.000000|0.000000|0.000000|0.000000|0.000000|0.000000|0.000000|0.000000|0.000000|0.000000|0.000000|
20170425_174657|40851|360|12.987013|1|CarroTeste|0|circulo_r60_xc160_yc120|0|0|64536|143|0.000000|0.000000|0.000000|0.000000|0.000000|0.000000|0.000000|0.000000|0.000000|0.000000|0.000000|0.000000|
20170425_174657|40852|360|12.987013|1|CarroTeste3|0|circulo_r60_xc130_yc120|0|0|64536|143|0.000000|0.000000|0.000000|0.000000|0.000000|0.000000|0.000000|0.000000|0.000000|0.000000|0.000000|0.000000|
20170425_174657|40930|362|12.987013|1|CarroTeste2|1|circulo_r60_xc160_yc120|161|179|161|145|34.000000|0.000000|27.872891|55.000000|27.127109|925.852184|1.480136|2.430177|0.950040|16.274327|63.423480|29.161739|
20170425_174657|40932|362|12.987013|1|CarroTeste|1|circulo_r60_xc160_yc120|220|120|64536|145|64316.004859|0.000000|0.000000|55.000000|55.000000|1877.157914|2.356194|3.054326|0.698132|11.959094|106.446416|81.269375|
20170425_174657|40934|362|12.987013|1|CarroTeste3|1|circulo_r60_xc130_yc120|190|120|64536|145|64346.004857|0.000000|0.000000|55.000000|55.000000|1877.157914|2.356194|3.054326|0.698132|11.959094|106.446416|81.269375|
20170425_174657|41009|364|12.987013|1|CarroTeste2|1|circulo_r60_xc160_yc120|148|178|156|146|32.984845|0.000000|28.005192|55.000000|26.994808|921.336683|1.647568|-3.612794|1.022823|17.521108|64.510106|27.623562|
20170425_174657|41011|364|12.987013|1|CarroTeste|1|circulo_r60_xc160_yc120|220|120|64536|146|64316.005255|0.000000|0.000000|55.000000|55.000000|1877.157914|2.356194|3.054326|0.698132|11.959094|106.446416|81.269375|
20170425_174657|41013|364|12.987013|1|CarroTeste3|1|circulo_r60_xc130_yc120|190|120|64536|146|64346.005253|0.000000|0.000000|55.000000|55.000000|1877.157914|2.356194|3.054326|0.698132|11.959094|106.446416|81.269375|
20170425_174657|41087|366|12.987013|1|CarroTeste2|0|circulo_r60_xc160_yc120|0|0|156|146|0.000000|0.000000|0.000000|0.000000|0.000000|0.000000|0.000000|0.000000|0.000000|0.000000|0.000000|0.000000|
20170425_174657|41088|366|12.987013|1|CarroTeste|0|circulo_r60_xc160_yc120|0|0|64536|146|0.000000|0.000000|0.000000|0.000000|0.000000|0.000000|0.000000|0.000000|0.000000|0.000000|0.000000|0.000000|
20170425_174657|41089|366|12.987013|1|CarroTeste3|0|circulo_r60_xc130_yc120|0|0|64536|146|0.000000|0.000000|0.000000|0.000000|0.000000|0.000000|0.000000|0.000000|0.000000|0.000000|0.000000|0.000000|
20170425_174657|41163|368|12.987013|1|CarroTeste2|1|circulo_r60_xc160_yc120|138|175|149|145|31.953091|0.000000|33.673837|55.000000|21.326163|727.865055|1.997424|-3.409946|0.875815|15.002842|52.185718|20.600788|
20170425_174657|41166|368|12.987013|1|CarroTeste|1|circulo_r60_xc160_yc120|220|120|64536|145|64316.004859|0.000000|0.000000|55.000000|55.000000|1877.157914|2.356194|3.054326|0.698132|11.959094|106.446416|81.269375|
20170425_174657|41167|368|12.987013|1|CarroTeste3|1|circulo_r60_xc130_yc120|190|120|64536|145|64346.004857|0.000000|0.000000|55.000000|55.000000|1877.157914|2.356194|3.054326|0.698132|11.959094|106.446416|81.269375|
20170425_174658|41241|370|12.987013|1|CarroTeste2|1|circulo_r60_xc160_yc120|128|170|146|143|32.449961|0.000000|29.528344|55.000000|25.471656|869.351246|2.137526|-3.231388|0.914272|15.661605|59.953462|26.981662|
20170425_174658|41243|370|12.987013|1|CarroTeste|1|circulo_r60_xc160_yc120|220|120|64536|143|64316.004113|0.000000|0.000000|55.000000|55.000000|1877.157914|2.356194|3.054326|0.698132|11.959094|106.446416|81.269375|
20170425_174658|41245|370|12.987013|1|CarroTeste3|1|circulo_r60_xc130_yc120|190|120|64536|143|64346.004111|0.000000|0.000000|55.000000|55.000000|1877.157914|2.356194|3.054326|0.698132|11.959094|106.446416|81.269375|
20170425_174658|41320|372|12.987013|1|CarroTeste2|1|circulo_r60_xc160_yc120|125|168|144|142|32.202484|0.000000|24.065665|55.000000|30.934335|1055.793250|2.356194|-3.169890|0.757101|12.969248|66.441503|39.137822|
20170425_174658|41322|372|12.987013|1|CarroTeste|1|circulo_r60_xc160_yc120|220|120|64536|142|64316.003763|0.000000|0.000000|55.000000|55.000000|1877.157914|2.356194|3.054326|0.698132|11.959094|106.446416|81.269375|
20170425_174658|41324|372|12.987013|1|CarroTeste3|1|circulo_r60_xc130_yc120|190|120|64536|142|64346.003761|0.000000|0.000000|55.000000|55.000000|1877.157914|2.356194|3.054326|0.698132|11.959094|106.446416|81.269375|
20170425_174658|41397|374|12.987013|1|CarroTeste2|1|circulo_r60_xc160_yc120|125|168|143|142|31.622777|0.000000|18.588914|55.000000|36.411086|1242.715549|2.480549|-3.158296|0.644340|11.037635|73.754341|50.517214|
20170425_174658|41399|374|12.987013|1|CarroTeste|1|circulo_r60_xc160_yc120|220|120|64536|142|64316.003763|0.000000|0.000000|55.000000|55.000000|1877.157914|2.356194|3.054326|0.698132|11.959094|106.446416|81.269375|
20170425_174658|41401|374|12.987013|1|CarroTeste3|1|circulo_r60_xc130_yc120|190|120|64536|142|64346.003761|0.000000|0.000000|55.000000|55.000000|1877.157914|2.356194|3.054326|0.698132|11.959094|106.446416|81.269375|
20170425_174658|41472|376|12.987013|1|CarroTeste2|0|circulo_r60_xc160_yc120|0|0|143|142|0.000000|0.000000|0.000000|0.000000|0.000000|0.000000|0.000000|0.000000|0.000000|0.000000|0.000000|0.000000|
20170425_174658|41473|376|12.987013|1|CarroTeste|0|circulo_r60_xc160_yc120|0|0|64536|142|0.000000|0.000000|0.000000|0.000000|0.000000|0.000000|0.000000|0.000000|0.000000|0.000000|0.000000|0.000000|
20170425_174658|41475|376|12.987013|1|CarroTeste3|0|circulo_r60_xc130_yc120|0|0|64536|142|0.000000|0.000000|0.000000|0.000000|0.000000|0.000000|0.000000|0.000000|0.000000|0.000000|0.000000|0.000000|
20170425_174658|41552|378|12.987013|1|CarroTeste2|1|circulo_r60_xc160_yc120|116|160|139|137|32.526912|0.000000|17.696467|55.000000|37.303533|1273.174954|2.714965|-2.969034|0.599186|10.264147|74.463113|52.854382|
20170425_174658|41555|378|12.987013|1|CarroTeste|1|circulo_r60_xc160_yc120|220|120|64536|137|64316.002247|0.000000|0.000000|55.000000|55.000000|1877.157914|2.356194|3.054326|0.698132|11.959094|106.446416|81.269375|
20170425_174658|41557|378|12.987013|1|CarroTeste3|1|circulo_r60_xc130_yc120|190|120|64536|137|64346.002246|0.000000|0.000000|55.000000|55.000000|1877.157914|2.356194|3.054326|0.698132|11.959094|106.446416|81.269375|
20170425_174658|41631|380|12.987013|1|CarroTeste2|1|circulo_r60_xc160_yc120|109|151|138|133|34.132096|0.000000|18.387977|55.000000|36.612023|1249.573603|2.875341|-2.812642|0.595203|10.195909|73.211216|51.746145|
20170425_174658|41633|380|12.987013|1|CarroTeste|1|circulo_r60_xc160_yc120|220|120|64536|133|64316.001314|0.000000|0.000000|55.000000|55.000000|1877.157914|2.356194|3.054326|0.698132|11.959094|106.446416|81.269375|
20170425_174658|41635|380|12.987013|1|CarroTeste3|1|circulo_r60_xc130_yc120|190|120|64536|133|64346.001313|0.000000|0.000000|55.000000|55.000000|1877.157914|2.356194|3.054326|0.698132|11.959094|106.446416|81.269375|
20170425_174658|41707|382|12.987013|1|CarroTeste2|1|circulo_r60_xc160_yc120|109|151|137|131|34.409301|0.000000|18.387977|55.000000|36.612023|1249.573598|2.976444|-2.818186|0.488556|8.369031|71.288186|53.669174|
20170425_174658|41709|382|12.987013|1|CarroTeste|1|circulo_r60_xc160_yc120|220|120|64536|131|64316.000941|0.000000|0.000000|55.000000|55.000000|1877.157914|2.356194|3.054326|0.698132|11.959094|106.446416|81.269375|
20170425_174658|41711|382|12.987013|1|CarroTeste3|1|circulo_r60_xc130_yc120|190|120|64536|131|64346.000940|0.000000|0.000000|55.000000|55.000000|1877.157914|2.356194|3.054326|0.698132|11.959094|106.446416|81.269375|
20170425_174658|41784|384|12.987013|1|CarroTeste2|0|circulo_r60_xc160_yc120|0|0|137|131|0.000000|0.000000|0.000000|0.000000|0.000000|0.000000|0.000000|0.000000|0.000000|0.000000|0.000000|0.000000|
20170425_174658|41785|384|12.987013|1|CarroTeste|0|circulo_r60_xc160_yc120|0|0|64536|131|0.000000|0.000000|0.000000|0.000000|0.000000|0.000000|0.000000|0.000000|0.000000|0.000000|0.000000|0.000000|
20170425_174658|41786|384|12.987013|1|CarroTeste3|0|circulo_r60_xc130_yc120|0|0|64536|131|0.000000|0.000000|0.000000|0.000000|0.000000|0.000000|0.000000|0.000000|0.000000|0.000000|0.000000|0.000000|
20170425_174658|41863|386|12.987013|1|CarroTeste2|1|circulo_r60_xc160_yc120|101|131|136|123|35.902646|0.000000|27.823948|55.000000|27.176052|927.522641|3.218365|-2.489911|0.574910|9.848282|56.742745|36.009519|
20170425_174658|41865|386|12.987013|1|CarroTeste|1|circulo_r60_xc160_yc120|220|120|64536|123|64316.000070|0.000000|0.000000|55.000000|55.000000|1877.157914|2.356194|3.054326|0.698132|11.959094|106.446416|81.269375|
20170425_174658|41867|386|12.987013|1|CarroTeste3|1|circulo_r60_xc130_yc120|190|120|64536|123|64346.000070|0.000000|0.000000|55.000000|55.000000|1877.157914|2.356194|3.054326|0.698132|11.959094|106.446416|81.269375|
20170425_174658|41939|388|12.987013|1|CarroTeste2|0|circulo_r60_xc160_yc120|0|0|136|123|0.000000|0.000000|0.000000|0.000000|0.000000|0.000000|0.000000|0.000000|0.000000|0.000000|0.000000|0.000000|
20170425_174658|41940|388|12.987013|1|CarroTeste|0|circulo_r60_xc160_yc120|0|0|64536|123|0.000000|0.000000|0.000000|0.000000|0.000000|0.000000|0.000000|0.000000|0.000000|0.000000|0.000000|0.000000|
20170425_174658|41941|388|12.987013|1|CarroTeste3|0|circulo_r60_xc130_yc120|0|0|64536|123|0.000000|0.000000|0.000000|0.000000|0.000000|0.000000|0.000000|0.000000|0.000000|0.000000|0.000000|0.000000|
20170425_174658|42018|390|12.987013|1|CarroTeste2|1|circulo_r60_xc160_yc120|101|108|137|116|36.878178|0.000000|28.716396|55.000000|26.283604|897.063206|3.306741|-2.119864|0.856580|14.673330|60.298771|29.407550|
20170425_174658|42021|390|12.987013|1|CarroTeste|1|circulo_r60_xc160_yc120|220|120|64536|116|64316.000124|0.000000|0.000000|55.000000|55.000000|1877.157914|2.356194|3.054326|0.698132|11.959094|106.446416|81.269375|
20170425_174658|42023|390|12.987013|1|CarroTeste3|1|circulo_r60_xc130_yc120|190|120|64536|116|64346.000124|0.000000|0.000000|55.000000|55.000000|1877.157914|2.356194|3.054326|0.698132|11.959094|106.446416|81.269375|
20170425_174658|42094|392|12.987013|1|CarroTeste2|0|circulo_r60_xc160_yc120|0|0|137|116|0.000000|0.000000|0.000000|0.000000|0.000000|0.000000|0.000000|0.000000|0.000000|0.000000|0.000000|0.000000|
20170425_174658|42096|392|12.987013|1|CarroTeste|0|circulo_r60_xc160_yc120|0|0|64536|116|0.000000|0.000000|0.000000|0.000000|0.000000|0.000000|0.000000|0.000000|0.000000|0.000000|0.000000|0.000000|
20170425_174658|42097|392|12.987013|1|CarroTeste3|0|circulo_r60_xc130_yc120|0|0|64536|116|0.000000|0.000000|0.000000|0.000000|0.000000|0.000000|0.000000|0.000000|0.000000|0.000000|0.000000|0.000000|
20170425_174658|42174|394|12.987013|1|CarroTeste2|1|circulo_r60_xc160_yc120|104|98|138|110|36.055513|0.000000|31.334718|55.000000|23.665282|807.699513|3.407845|-1.921199|0.954142|16.344588|57.589805|23.180146|
20170425_174658|42176|394|12.987013|1|CarroTeste|1|circulo_r60_xc160_yc120|220|120|64536|110|64316.000777|0.000000|0.000000|55.000000|55.000000|1877.157914|2.356194|3.054326|0.698132|11.959094|106.446416|81.269375|
20170425_174658|42178|394|12.987013|1|CarroTeste3|1|circulo_r60_xc130_yc120|190|120|64536|110|64346.000777|0.000000|0.000000|55.000000|55.000000|1877.157914|2.356194|3.054326|0.698132|11.959094|106.446416|81.269375|
20170425_174659|42252|396|12.987013|1|CarroTeste2|1|circulo_r60_xc160_yc120|109|88|139|108|36.055513|0.000000|31.334718|55.000000|23.665282|807.699492|3.708322|-1.732703|0.842161|14.426332|55.570587|25.199362|
20170425_174659|42254|396|12.987013|1|CarroTeste|1|circulo_r60_xc160_yc120|220|120|64536|108|64316.001119|0.000000|0.000000|55.000000|55.000000|1877.157914|2.356194|3.054326|0.698132|11.959094|106.446416|81.269375|
20170425_174659|42256|396|12.987013|1|CarroTeste3|1|circulo_r60_xc130_yc120|190|120|64536|108|64346.001119|0.000000|0.000000|55.000000|55.000000|1877.157914|2.356194|3.054326|0.698132|11.959094|106.446416|81.269375|
20170425_174659|42330|398|12.987013|1|CarroTeste2|1|circulo_r60_xc160_yc120|111|85|141|105|36.055513|0.000000|25.380057|55.000000|29.619943|1010.932882|3.802636|-1.676154|0.804395|13.779403|65.051279|36.042009|
20170425_174659|42332|398|12.987013|1|CarroTeste|1|circulo_r60_xc160_yc120|220|120|64536|105|64316.001749|0.000000|0.000000|55.000000|55.000000|1877.157914|2.356194|3.054326|0.698132|11.959094|106.446416|81.269375|
20170425_174659|42334|398|12.987013|1|CarroTeste3|1|circulo_r60_xc130_yc120|190|120|64536|105|64346.001748|0.000000|0.000000|55.000000|55.000000|1877.157914|2.356194|3.054326|0.698132|11.959094|106.446416|81.269375|
20170425_174659|42408|400|12.987013|1|CarroTeste2|1|circulo_r60_xc160_yc120|117|78|142|103|35.355339|0.000000|18.919953|55.000000|36.080047|1231.417139|3.926991|-1.505071|0.851123|14.579862|76.918080|46.223634|
20170425_174659|42410|400|12.987013|1|CarroTeste|1|circulo_r60_xc160_yc120|220|120|64536|103|64316.002247|0.000000|0.000000|55.000000|55.000000|1877.157914|0.785398|3.054326|2.268928|38.867048|134.770578|52.945213|
20170425_174659|42412|400|12.987013|1|CarroTeste3|1|circulo_r60_xc130_yc120|190|120|64536|103|64346.002246|0.000000|0.000000|55.000000|55.000000|1877.157914|0.785398|3.054326|2.268928|38.867048|134.770578|52.945213|
20170425_174659|42487|402|12.987013|1|CarroTeste2|1|circulo_r60_xc160_yc120|118|77|143|102|35.355339|0.000000|12.682247|55.000000|42.317753|1444.310957|-2.137526|-1.479939|0.657587|11.264560|84.072980|60.358116|
20170425_174659|42489|402|12.987013|1|CarroTeste|1|circulo_r60_xc160_yc120|220|120|64536|102|64316.002519|0.000000|0.000000|55.000000|55.000000|1877.157914|-0.785398|3.054326|-2.443461|-41.856801|49.798105|137.917687|
20170425_174659|42492|402|12.987013|1|CarroTeste3|1|circulo_r60_xc130_yc120|190|120|64536|102|64346.002518|0.000000|0.000000|55.000000|55.000000|1877.157914|-0.785398|3.054326|-2.443461|-41.856801|49.798105|137.917687|
