TimeStamp|Ticks|FrameNum|FPS|LogaDados|Robo|achou|trajetoria|Xd|Yd|Xa|Ya|DistMelhorPonto|velAtual|velDesejada|erroVel|SaidaControleLinear|angAtual|angDesejado|erroAng|SaidaControleAngular|SinalDeControle1|SinalDeControle2|
20170121_105620|43351|1|0,000001|0||0||0|0|0|0||||||||||||
20170121_105620|43485|2|7,407407|0||0||0|0|0|0||||||||||||
20170121_105620|43561|3|13,333333|0||0||0|0|0|0||||||||||||
20170121_105620|43654|4|10,752688|0||0||0|0|0|0||||||||||||
20170121_105620|43748|5|10,752688|0||0||0|0|0|0||||||||||||
20170121_105620|43843|6|10,416667|0||0||0|0|0|0||||||||||||
20170121_105620|43937|7|10,752688|0||0||0|0|0|0||||||||||||
20170121_105620|44056|8|8,403361|0||0||0|0|0|0||||||||||||
20170121_105620|44153|9|10,309278|0||0||0|0|0|0||||||||||||
20170121_105621|44248|10|10,416667|0||0||0|0|0|0||||||||||||
20170121_105621|44345|11|10,416667|0||0||0|0|0|0||||||||||||
20170121_105621|44440|12|10,526316|0||0||0|0|0|0||||||||||||
20170121_105621|44545|13|9,433962|0||0||0|0|0|0||||||||||||
20170121_105621|44632|14|11,627907|0||0||0|0|0|0||||||||||||
20170121_105621|44728|15|10,416667|0||0||0|0|0|0||||||||||||
20170121_105621|44855|16|7,874016|0||0||0|0|0|0||||||||||||
20170121_105621|44953|17|10,204082|0||0||0|0|0|0||||||||||||
20170121_105621|45049|18|10,416667|0||0||0|0|0|0||||||||||||
20170121_105621|45144|19|10,416667|0||0||0|0|0|0||||||||||||
20170121_105622|45240|20|10,526316|0||0||0|0|0|0||||||||||||
20170121_105622|45336|21|10,309278|0||0||0|0|0|0||||||||||||
20170121_105622|45432|22|10,526316|0||0||0|0|0|0||||||||||||
20170121_105622|45528|23|10,416667|0||0||0|0|0|0||||||||||||
20170121_105622|45656|24|7,812500|0||0||0|0|0|0||||||||||||
20170121_105622|45753|25|10,309278|0||0||0|0|0|0||||||||||||
20170121_105622|45848|26|10,416667|0||0||0|0|0|0||||||||||||
20170121_105622|45945|27|10,416667|0||0||0|0|0|0||||||||||||
20170121_105622|46040|28|10,526316|0||0||0|0|0|0||||||||||||
20170121_105622|46136|29|10,416667|0||0||0|0|0|0||||||||||||
20170121_105622|46232|30|10,416667|0||0||0|0|0|0||||||||||||
20170121_105623|46328|31|10,416667|0||0||0|0|0|0||||||||||||
20170121_105623|46455|32|7,874016|0||0||0|0|0|0||||||||||||
20170121_105623|46552|33|10,204082|0||0||0|0|0|0||||||||||||
20170121_105623|46648|34|10,526316|0||0||0|0|0|0||||||||||||
20170121_105623|46748|35|10,000000|0||0||0|0|0|0||||||||||||
20170121_105623|46839|36|10,869565|0||0||0|0|0|0||||||||||||
20170121_105623|46936|37|10,309278|0||0||0|0|0|0||||||||||||
20170121_105623|47031|38|10,526316|0||0||0|0|0|0||||||||||||
20170121_105623|47127|39|10,526316|0||0||0|0|0|0||||||||||||
20170121_105624|47256|40|7,751938|0||0||0|0|0|0||||||||||||
20170121_105624|47352|41|10,309278|0||0||0|0|0|0||||||||||||
20170121_105624|47448|42|10,416667|0||0||0|0|0|0||||||||||||
20170121_105624|47544|43|10,416667|0||0||0|0|0|0||||||||||||
20170121_105624|47641|44|10,526316|0||0||0|0|0|0||||||||||||
20170121_105624|47736|45|10,309278|0||0||0|0|0|0||||||||||||
20170121_105624|47832|46|10,526316|0||0||0|0|0|0||||||||||||
20170121_105624|47927|47|10,416667|0||0||0|0|0|0||||||||||||
20170121_105625|49192|48|0,790514|0||0||0|0|0|0||||||||||||
20170121_105626|49246|49|18,867925|0||0||0|0|0|0||||||||||||
20170121_105626|49336|50|10,989011|0||0||0|0|0|0||||||||||||
20170121_105626|49431|51|10,526316|0||0||0|0|0|0||||||||||||
20170121_105626|49941|52|1,964637|0||0||0|0|0|0||||||||||||
20170121_105626|49994|53|18,518519|0||0||0|0|0|0||||||||||||
20170121_105626|50041|54|21,276596|0||0||0|0|0|0||||||||||||
20170121_105626|50136|55|10,638298|0||0||0|0|0|0||||||||||||
20170121_105626|50231|56|10,526316|0||0||0|0|0|0||||||||||||
20170121_105627|50327|57|10,416667|0||0||0|0|0|0||||||||||||
20170121_105627|50455|58|7,751938|0||0||0|0|0|0||||||||||||
20170121_105627|50553|59|10,309278|0||0||0|0|0|0||||||||||||
20170121_105627|50647|60|10,526316|0||0||0|0|0|0||||||||||||
20170121_105627|50744|61|10,416667|0||0||0|0|0|0||||||||||||
20170121_105627|50840|62|10,416667|0||0||0|0|0|0||||||||||||
20170121_105627|50936|63|10,416667|0||0||0|0|0|0||||||||||||
20170121_105627|51032|64|10,416667|0||0||0|0|0|0||||||||||||
20170121_105627|51128|65|10,416667|0||0||0|0|0|0||||||||||||
20170121_105628|51255|66|7,812500|0||0||0|0|0|0||||||||||||
20170121_105628|51351|67|10,416667|0||0||0|0|0|0||||||||||||
20170121_105628|51448|68|10,416667|0||0||0|0|0|0||||||||||||
20170121_105628|51543|69|10,416667|0||0||0|0|0|0||||||||||||
20170121_105628|51639|70|10,416667|0||0||0|0|0|0||||||||||||
20170121_105628|51737|71|10,309278|0||0||0|0|0|0||||||||||||
20170121_105628|51832|72|10,526316|0||0||0|0|0|0||||||||||||
20170121_105628|51928|73|10,416667|0||0||0|0|0|0||||||||||||
20170121_105628|52055|74|7,874016|0||0||0|0|0|0||||||||||||
20170121_105628|52152|75|10,309278|0||0||0|0|0|0||||||||||||
20170121_105629|52249|76|10,309278|0||0||0|0|0|0||||||||||||
20170121_105629|52343|77|10,526316|0||0||0|0|0|0||||||||||||
20170121_105629|52439|78|10,416667|0||0||0|0|0|0||||||||||||
20170121_105629|52536|79|10,416667|0||0||0|0|0|0||||||||||||
20170121_105629|52631|80|10,416667|0||0||0|0|0|0||||||||||||
20170121_105629|52738|81|10,416667|0||0||0|0|0|0||||||||||||
20170121_105629|52855|82|7,874016|0||0||0|0|0|0||||||||||||
20170121_105629|52951|83|10,309278|0||0||0|0|0|0||||||||||||
20170121_105629|53047|84|10,526316|0||0||0|0|0|0||||||||||||
20170121_105629|53143|85|10,416667|0||0||0|0|0|0||||||||||||
20170121_105630|53240|86|10,309278|0||0||0|0|0|0||||||||||||
20170121_105630|53336|87|10,309278|0||0||0|0|0|0||||||||||||
20170121_105630|53433|88|10,416667|0||0||0|0|0|0||||||||||||
20170121_105630|53528|89|10,526316|0||0||0|0|0|0||||||||||||
20170121_105630|53655|90|7,812500|0||0||0|0|0|0||||||||||||
20170121_105630|53752|91|10,309278|0||0||0|0|0|0||||||||||||
20170121_105630|53848|92|10,416667|0||0||0|0|0|0||||||||||||
20170121_105630|53944|93|10,526316|0||0||0|0|0|0||||||||||||
20170121_105630|54039|94|10,416667|0||0||0|0|0|0||||||||||||
20170121_105630|54136|95|10,416667|0||0||0|0|0|0||||||||||||
20170121_105630|54231|96|10,416667|0||0||0|0|0|0||||||||||||
20170121_105631|54327|97|10,526316|0||0||0|0|0|0||||||||||||
20170121_105631|54455|98|7,751938|0||0||0|0|0|0||||||||||||
20170121_105631|54552|99|10,309278|0||0||0|0|0|0||||||||||||
20170121_105631|54649|100|10,416667|0||0||0|0|0|0||||||||||||
20170121_105631|54744|101|10,526316|0||0||0|0|0|0||||||||||||
20170121_105631|54840|102|10,309278|0||0||0|0|0|0||||||||||||
20170121_105631|55013|103|6,134969|0||0||0|0|0|0||||||||||||
20170121_105631|55140|104|7,299270|0||0||0|0|0|0||||||||||||
20170121_105632|55299|105|6,329114|0||0||0|0|0|0||||||||||||
20170121_105632|55374|106|13,157895|0||0||0|0|0|0||||||||||||
20170121_105632|55448|107|13,698630|0||0||0|0|0|0||||||||||||
20170121_105632|55543|108|10,416667|0||0||0|0|0|0||||||||||||
20170121_105632|55639|109|10,416667|0||0||0|0|0|0||||||||||||
20170121_105632|55735|110|10,416667|0||0||0|0|0|0||||||||||||
20170121_105632|55831|111|10,416667|0||0||0|0|0|0||||||||||||
20170121_105632|55926|112|10,526316|0||0||0|0|0|0||||||||||||
20170121_105632|56056|113|7,751938|0||0||0|0|0|0||||||||||||
20170121_105632|56152|114|10,416667|0||0||0|0|0|0||||||||||||
20170121_105633|56248|115|10,309278|0||0||0|0|0|0||||||||||||
20170121_105633|56344|116|10,526316|0||0||0|0|0|0||||||||||||
20170121_105633|56439|117|10,416667|0||0||0|0|0|0||||||||||||
20170121_105633|56536|118|10,416667|0||0||0|0|0|0||||||||||||
20170121_105633|56631|119|10,416667|0||0||0|0|0|0||||||||||||
20170121_105633|56727|120|10,416667|0||0||0|0|0|0||||||||||||
20170121_105633|56855|121|7,874016|0||0||0|0|0|0||||||||||||
20170121_105633|56951|122|10,309278|0||0||0|0|0|0||||||||||||
20170121_105633|57047|123|10,526316|0||0||0|0|0|0||||||||||||
20170121_105633|57151|124|10,204082|0||0||0|0|0|0||||||||||||
20170121_105634|57243|125|10,416667|0||0||0|0|0|0||||||||||||
20170121_105634|57338|126|10,526316|0||0||0|0|0|0||||||||||||
20170121_105634|57433|127|10,416667|0||0||0|0|0|0||||||||||||
20170121_105634|57529|128|10,416667|0||0||0|0|0|0||||||||||||
20170121_105634|57656|129|7,874016|0||0||0|0|0|0||||||||||||
20170121_105634|57754|130|10,309278|0||0||0|0|0|0||||||||||||
20170121_105634|57850|131|10,416667|0||0||0|0|0|0||||||||||||
20170121_105634|57945|132|10,416667|0||0||0|0|0|0||||||||||||
20170121_105634|58041|133|10,416667|0||0||0|0|0|0||||||||||||
20170121_105634|58136|134|10,416667|0||0||0|0|0|0||||||||||||
20170121_105634|58233|135|10,416667|0||0||0|0|0|0||||||||||||
20170121_105635|58329|136|10,416667|0||0||0|0|0|0||||||||||||
20170121_105635|58456|137|7,874016|0||0||0|0|0|0||||||||||||
20170121_105635|58554|138|10,204082|0||0||0|0|0|0||||||||||||
20170121_105635|58649|139|10,526316|0||0||0|0|0|0||||||||||||
20170121_105635|58746|140|10,309278|0||0||0|0|0|0||||||||||||
20170121_105635|58841|141|10,526316|0||0||0|0|0|0||||||||||||
20170121_105635|58938|142|10,309278|0||0||0|0|0|0||||||||||||
20170121_105635|59034|143|10,526316|0||0||0|0|0|0||||||||||||
20170121_105635|59129|144|10,526316|0||0||0|0|0|0||||||||||||
20170121_105636|59257|145|7,751938|0||0||0|0|0|0||||||||||||
20170121_105636|59358|146|10,204082|0||0||0|0|0|0||||||||||||
20170121_105636|59449|147|10,638298|0||0||0|0|0|0||||||||||||
20170121_105636|59545|148|10,416667|0||0||0|0|0|0||||||||||||
20170121_105636|59641|149|10,416667|0||0||0|0|0|0||||||||||||
20170121_105636|59738|150|10,416667|0||0||0|0|0|0||||||||||||
20170121_105636|59834|151|10,526316|0||0||0|0|0|0||||||||||||
20170121_105636|59929|152|10,309278|0||0||0|0|0|0||||||||||||
20170121_105636|60057|153|7,812500|0||0||0|0|0|0||||||||||||
20170121_105636|60155|154|10,309278|0||0||0|0|0|0||||||||||||
20170121_105637|60250|155|10,526316|0||0||0|0|0|0||||||||||||
20170121_105637|60345|156|10,416667|0||0||0|0|0|0||||||||||||
20170121_105637|60441|157|10,416667|0||0||0|0|0|0||||||||||||
20170121_105637|60538|158|10,416667|0||0||0|0|0|0||||||||||||
20170121_105637|60633|159|10,416667|0||0||0|0|0|0||||||||||||
20170121_105637|60730|160|10,416667|0||0||0|0|0|0||||||||||||
20170121_105637|60857|161|7,812500|0||0||0|0|0|0||||||||||||
20170121_105637|60953|162|10,416667|0||0||0|0|0|0||||||||||||
20170121_105637|61050|163|10,416667|0||0||0|0|0|0||||||||||||
20170121_105637|61145|164|10,416667|0||0||0|0|0|0||||||||||||
20170121_105638|61241|165|10,416667|0||0||0|0|0|0||||||||||||
20170121_105638|61337|166|10,416667|0||0||0|0|0|0||||||||||||
20170121_105638|61434|167|10,416667|0||0||0|0|0|0||||||||||||
20170121_105638|61530|168|10,416667|0||0||0|0|0|0||||||||||||
20170121_105638|61657|169|7,812500|0||0||0|0|0|0||||||||||||
20170121_105638|61755|170|10,309278|0||0||0|0|0|0||||||||||||
20170121_105638|61851|171|10,526316|0||0||0|0|0|0||||||||||||
20170121_105638|61947|172|10,416667|0||0||0|0|0|0||||||||||||
20170121_105638|62042|173|10,416667|0||0||0|0|0|0||||||||||||
20170121_105638|62138|174|10,416667|0||0||0|0|0|0||||||||||||
20170121_105639|62234|175|10,416667|0||0||0|0|0|0||||||||||||
20170121_105639|62335|176|9,803922|0||0||0|0|0|0||||||||||||
20170121_105639|62457|177|8,196721|0||0||0|0|0|0||||||||||||
20170121_105639|62556|178|10,416667|0||0||0|0|0|0||||||||||||
20170121_105639|62649|179|10,416667|0||0||0|0|0|0||||||||||||
20170121_105639|62746|180|10,416667|0||0||0|0|0|0||||||||||||
20170121_105639|62842|181|10,309278|0||0||0|0|0|0||||||||||||
20170121_105639|62937|182|10,526316|0||0||0|0|0|0||||||||||||
20170121_105639|63034|183|10,416667|0||0||0|0|0|0||||||||||||
20170121_105639|63129|184|10,416667|0||0||0|0|0|0||||||||||||
20170121_105640|63257|185|7,812500|0||0||0|0|0|0||||||||||||
20170121_105640|63353|186|10,416667|0||0||0|0|0|0||||||||||||
20170121_105640|63449|187|10,416667|0||0||0|0|0|0||||||||||||
20170121_105640|63546|188|10,416667|0||0||0|0|0|0||||||||||||
20170121_105640|63642|189|10,309278|0||0||0|0|0|0||||||||||||
20170121_105640|63740|190|10,416667|0||0||0|0|0|0||||||||||||
20170121_105640|63834|191|10,526316|0||0||0|0|0|0||||||||||||
20170121_105640|63930|192|10,416667|0||0||0|0|0|0||||||||||||
20170121_105640|64057|193|7,812500|0||0||0|0|0|0||||||||||||
20170121_105640|64155|194|10,416667|0||0||0|0|0|0||||||||||||
20170121_105641|64255|195|10,309278|0||0||0|0|0|0||||||||||||
20170121_105641|64347|196|10,526316|0||0||0|0|0|0||||||||||||
20170121_105641|64442|197|10,416667|0||0||0|0|0|0||||||||||||
20170121_105641|64537|198|10,416667|0||0||0|0|0|0||||||||||||
20170121_105641|64634|199|10,309278|0||0||0|0|0|0||||||||||||
20170121_105641|64731|200|10,526316|0||0||0|0|0|0||||||||||||
20170121_105641|64856|201|7,812500|0||0||0|0|0|0||||||||||||
20170121_105641|64954|202|10,416667|0||0||0|0|0|0||||||||||||
20170121_105641|65050|203|10,309278|0||0||0|0|0|0||||||||||||
20170121_105641|65146|204|10,416667|0||0||0|0|0|0||||||||||||
20170121_105642|65241|205|10,526316|0||0||0|0|0|0||||||||||||
20170121_105642|65338|206|10,309278|0||0||0|0|0|0||||||||||||
20170121_105642|65434|207|10,526316|0||0||0|0|0|0||||||||||||
20170121_105642|65529|208|10,416667|0||0||0|0|0|0||||||||||||
20170121_105642|65657|209|7,812500|0||0||0|0|0|0||||||||||||
20170121_105642|65754|210|10,416667|0||0||0|0|0|0||||||||||||
20170121_105642|65850|211|10,416667|0||0||0|0|0|0||||||||||||
20170121_105642|66113|212|3,831418|0||0||0|0|0|0||||||||||||
20170121_105642|66204|213|10,752688|0||0||0|0|0|0||||||||||||
20170121_105643|66298|214|10,752688|0||0||0|0|0|0||||||||||||
20170121_105643|66392|215|10,526316|0||0||0|0|0|0||||||||||||
20170121_105643|66486|216|10,638298|0||0||0|0|0|0||||||||||||
20170121_105643|66578|217|10,869565|0||0||0|0|0|0||||||||||||
20170121_105643|66649|218|13,888889|0||0||0|0|0|0||||||||||||
20170121_105643|66745|219|10,526316|0||0||0|0|0|0||||||||||||
20170121_105643|66843|220|10,309278|0||0||0|0|0|0||||||||||||
20170121_105643|66938|221|10,416667|0||0||0|0|0|0||||||||||||
20170121_105643|67033|222|10,416667|0||0||0|0|0|0||||||||||||
20170121_105643|67129|223|10,416667|0||0||0|0|0|0||||||||||||
20170121_105644|67256|224|7,874016|0||0||0|0|0|0||||||||||||
20170121_105644|67354|225|10,309278|0||0||0|0|0|0||||||||||||
20170121_105644|67451|226|10,309278|0||0||0|0|0|0||||||||||||
20170121_105644|67546|227|10,526316|0||0||0|0|0|0||||||||||||
20170121_105644|67642|228|10,309278|0||0||0|0|0|0||||||||||||
20170121_105644|67737|229|10,526316|0||0||0|0|0|0||||||||||||
20170121_105644|67834|230|10,416667|0||0||0|0|0|0||||||||||||
20170121_105644|67938|231|9,523810|0||0||0|0|0|0||||||||||||
20170121_105644|68057|232|8,403361|0||0||0|0|0|0||||||||||||
20170121_105644|68154|233|10,416667|0||0||0|0|0|0||||||||||||
20170121_105645|68249|234|10,416667|0||0||0|0|0|0||||||||||||
20170121_105645|68346|235|10,416667|0||0||0|0|0|0||||||||||||
20170121_105645|68442|236|10,416667|0||0||0|0|0|0||||||||||||
20170121_105645|68538|237|10,416667|0||0||0|0|0|0||||||||||||
20170121_105645|68633|238|10,416667|0||0||0|0|0|0||||||||||||
20170121_105645|68730|239|10,416667|0||0||0|0|0|0||||||||||||
20170121_105645|68857|240|7,812500|0||0||0|0|0|0||||||||||||
20170121_105645|68954|241|10,416667|0||0||0|0|0|0||||||||||||
20170121_105645|69049|242|10,416667|0||0||0|0|0|0||||||||||||
20170121_105645|69146|243|10,416667|0||0||0|0|0|0||||||||||||
20170121_105646|69242|244|10,416667|0||0||0|0|0|0||||||||||||
20170121_105646|69338|245|10,416667|0||0||0|0|0|0||||||||||||
20170121_105646|69433|246|10,526316|0||0||0|0|0|0||||||||||||
20170121_105646|69529|247|10,309278|0||0||0|0|0|0||||||||||||
20170121_105646|69657|248|7,812500|0||0||0|0|0|0||||||||||||
20170121_105646|69754|249|10,416667|0||0||0|0|0|0||||||||||||
20170121_105646|69850|250|10,416667|0||0||0|0|0|0||||||||||||
20170121_105646|69946|251|10,416667|0||0||0|0|0|0||||||||||||
20170121_105646|70042|252|10,416667|0||0||0|0|0|0||||||||||||
20170121_105646|70138|253|10,416667|0||0||0|0|0|0||||||||||||
20170121_105647|70234|254|10,416667|0||0||0|0|0|0||||||||||||
20170121_105647|70329|255|10,416667|0||0||0|0|0|0||||||||||||
20170121_105647|70457|256|7,812500|0||0||0|0|0|0||||||||||||
20170121_105647|70561|257|9,523810|0||0||0|0|0|0||||||||||||
20170121_105647|70650|258|11,494253|0||0||0|0|0|0||||||||||||
20170121_105647|70746|259|10,416667|0||0||0|0|0|0||||||||||||
20170121_105647|70841|260|10,416667|0||0||0|0|0|0||||||||||||
20170121_105647|70937|261|10,416667|0||0||0|0|0|0||||||||||||
20170121_105647|71034|262|10,416667|0||0||0|0|0|0||||||||||||
20170121_105647|71130|263|10,416667|0||0||0|0|0|0||||||||||||
20170121_105648|71257|264|7,812500|0||0||0|0|0|0||||||||||||
20170121_105648|71354|265|10,416667|0||0||0|0|0|0||||||||||||
20170121_105648|71450|266|10,416667|0||0||0|0|0|0||||||||||||
20170121_105648|71546|267|10,309278|0||0||0|0|0|0||||||||||||
20170121_105648|71643|268|10,526316|0||0||0|0|0|0||||||||||||
20170121_105648|71739|269|10,416667|0||0||0|0|0|0||||||||||||
20170121_105648|71835|270|10,416667|0||0||0|0|0|0||||||||||||
20170121_105648|71930|271|10,416667|0||0||0|0|0|0||||||||||||
20170121_105648|72057|272|7,812500|0||0||0|0|0|0||||||||||||
20170121_105648|72154|273|10,416667|0||0||0|0|0|0||||||||||||
20170121_105649|72249|274|10,416667|0||0||0|0|0|0||||||||||||
20170121_105649|72346|275|10,416667|0||0||0|0|0|0||||||||||||
20170121_105649|72442|276|10,416667|0||0||0|0|0|0||||||||||||
20170121_105649|72537|277|10,416667|0||0||0|0|0|0||||||||||||
20170121_105649|72634|278|10,416667|0||0||0|0|0|0||||||||||||
20170121_105649|72729|279|10,416667|0||0||0|0|0|0||||||||||||
20170121_105649|72857|280|7,874016|0||0||0|0|0|0||||||||||||
20170121_105649|72953|281|10,309278|0||0||0|0|0|0||||||||||||
20170121_105649|73049|282|10,416667|0||0||0|0|0|0||||||||||||
20170121_105650|73261|283|4,926108|0||0||0|0|0|0||||||||||||
20170121_105650|73339|284|11,764706|0||0||0|0|0|0||||||||||||
20170121_105650|73433|285|10,416667|0||0||0|0|0|0||||||||||||
20170121_105650|73530|286|10,416667|0||0||0|0|0|0||||||||||||
20170121_105650|73658|287|7,874016|0||0||0|0|0|0||||||||||||
20170121_105650|73754|288|10,309278|0||0||0|0|0|0||||||||||||
20170121_105650|73850|289|10,416667|0||0||0|0|0|0||||||||||||
20170121_105650|73946|290|10,416667|0||0||0|0|0|0||||||||||||
20170121_105650|74042|291|10,416667|0||0||0|0|0|0||||||||||||
20170121_105650|74137|292|10,416667|0||0||0|0|0|0||||||||||||
20170121_105650|74234|293|10,416667|0||0||0|0|0|0||||||||||||
20170121_105651|74330|294|10,416667|0||0||0|0|0|0||||||||||||
20170121_105651|74457|295|7,812500|0||0||0|0|0|0||||||||||||
20170121_105651|74554|296|10,309278|0||0||0|0|0|0||||||||||||
20170121_105651|74649|297|10,526316|0||0||0|0|0|0||||||||||||
20170121_105651|74747|298|10,416667|0||0||0|0|0|0||||||||||||
20170121_105651|74842|299|10,416667|0||0||0|0|0|0||||||||||||
20170121_105651|74938|300|10,416667|0||0||0|0|0|0||||||||||||
20170121_105651|75033|301|10,416667|0||0||0|0|0|0||||||||||||
20170121_105651|75128|302|10,416667|0||0||0|0|0|0||||||||||||
20170121_105652|75256|303|7,874016|0||0||0|0|0|0||||||||||||
20170121_105652|75353|304|10,309278|0||0||0|0|0|0||||||||||||
20170121_105652|75451|305|10,416667|0||0||0|0|0|0||||||||||||
20170121_105652|75546|306|10,416667|0||0||0|0|0|0||||||||||||
20170121_105652|75642|307|10,416667|0||0||0|0|0|0||||||||||||
20170121_105652|75746|308|9,615385|0||0||0|0|0|0||||||||||||
20170121_105652|75832|309|11,363636|0||0||0|0|0|0||||||||||||
20170121_105652|75930|310|10,416667|0||0||0|0|0|0||||||||||||
20170121_105652|76060|311|7,751938|0||0||0|0|0|0||||||||||||
20170121_105652|76154|312|10,526316|0||0||0|0|0|0||||||||||||
20170121_105653|76250|313|10,416667|0||0||0|0|0|0||||||||||||
20170121_105653|76347|314|10,416667|0||0||0|0|0|0||||||||||||
20170121_105653|76442|315|10,416667|0||0||0|0|0|0||||||||||||
20170121_105653|76539|316|10,416667|0||0||0|0|0|0||||||||||||
20170121_105653|76633|317|10,416667|0||0||0|0|0|0||||||||||||
20170121_105653|76731|318|10,416667|0||0||0|0|0|0||||||||||||
20170121_105653|76857|319|7,812500|0||0||0|0|0|0||||||||||||
20170121_105653|76954|320|10,416667|0||0||0|0|0|0||||||||||||
20170121_105653|77050|321|10,416667|0||0||0|0|0|0||||||||||||
20170121_105653|77146|322|10,416667|0||0||0|0|0|0||||||||||||
20170121_105654|77244|323|10,204082|0||0||0|0|0|0||||||||||||
20170121_105654|77338|324|10,638298|0||0||0|0|0|0||||||||||||
20170121_105654|77435|325|10,416667|0||0||0|0|0|0||||||||||||
20170121_105654|77531|326|10,416667|0||0||0|0|0|0||||||||||||
20170121_105654|77657|327|7,812500|0||0||0|0|0|0||||||||||||
20170121_105654|77753|328|10,416667|0||0||0|0|0|0||||||||||||
20170121_105654|77851|329|10,416667|0||0||0|0|0|0||||||||||||
20170121_105654|77946|330|10,416667|0||0||0|0|0|0||||||||||||
20170121_105654|78043|331|10,526316|0||0||0|0|0|0||||||||||||
20170121_105654|78139|332|10,309278|0||0||0|0|0|0||||||||||||
20170121_105654|78233|333|10,416667|0||0||0|0|0|0||||||||||||
20170121_105655|78329|334|10,416667|0||0||0|0|0|0||||||||||||
20170121_105655|78459|335|7,751938|0||0||0|0|0|0||||||||||||
20170121_105655|78554|336|10,526316|0||0||0|0|0|0||||||||||||
20170121_105655|78650|337|10,416667|0||0||0|0|0|0||||||||||||
20170121_105655|78745|338|10,416667|0||0||0|0|0|0||||||||||||
20170121_105655|78843|339|10,416667|0||0||0|0|0|0||||||||||||
20170121_105655|78939|340|10,416667|0||0||0|0|0|0||||||||||||
20170121_105655|79033|341|10,416667|0||0||0|0|0|0||||||||||||
20170121_105655|79130|342|10,526316|0||0||0|0|0|0||||||||||||
20170121_105656|79257|343|7,751938|0||0||0|0|0|0||||||||||||
20170121_105656|79354|344|10,309278|0||0||0|0|0|0||||||||||||
20170121_105656|79451|345|10,526316|0||0||0|0|0|0||||||||||||
20170121_105656|79547|346|10,416667|0||0||0|0|0|0||||||||||||
20170121_105656|79642|347|10,416667|0||0||0|0|0|0||||||||||||
20170121_105656|79739|348|10,416667|0||0||0|0|0|0||||||||||||
20170121_105656|79834|349|10,416667|0||0||0|0|0|0||||||||||||
20170121_105656|79929|350|10,416667|0||0||0|0|0|0||||||||||||
20170121_105656|80057|351|7,812500|0||0||0|0|0|0||||||||||||
20170121_105656|80155|352|10,416667|0||0||0|0|0|0||||||||||||
20170121_105657|80251|353|10,416667|0||0||0|0|0|0||||||||||||
20170121_105657|80347|354|10,416667|0||0||0|0|0|0||||||||||||
20170121_105657|80442|355|10,416667|0||0||0|0|0|0||||||||||||
20170121_105657|80538|356|10,416667|0||0||0|0|0|0||||||||||||
20170121_105657|80632|357|10,526316|0||0||0|0|0|0||||||||||||
20170121_105657|80730|358|10,416667|0||0||0|0|0|0||||||||||||
20170121_105657|80857|359|7,751938|0||0||0|0|0|0||||||||||||
20170121_105657|80954|360|10,416667|0||0||0|0|0|0||||||||||||
20170121_105657|81050|361|10,416667|0||0||0|0|0|0||||||||||||
20170121_105657|81147|362|10,416667|0||0||0|0|0|0||||||||||||
20170121_105658|81241|363|10,416667|0||0||0|0|0|0||||||||||||
20170121_105658|81337|364|10,526316|0||0||0|0|0|0||||||||||||
20170121_105658|81434|365|10,416667|0||0||0|0|0|0||||||||||||
20170121_105658|81530|366|10,416667|0||0||0|0|0|0||||||||||||
20170121_105658|81657|367|7,751938|0||0||0|0|0|0||||||||||||
20170121_105658|81753|368|10,416667|0||0||0|0|0|0||||||||||||
20170121_105658|81850|369|10,416667|0||0||0|0|0|0||||||||||||
20170121_105658|81946|370|10,416667|0||0||0|0|0|0||||||||||||
20170121_105658|82041|371|10,416667|0||0||0|0|0|0||||||||||||
20170121_105658|82138|372|10,416667|0||0||0|0|0|0||||||||||||
20170121_105659|82235|373|10,416667|0||0||0|0|0|0||||||||||||
20170121_105659|82328|374|10,526316|0||0||0|0|0|0||||||||||||
20170121_105659|82457|375|7,751938|0||0||0|0|0|0||||||||||||
20170121_105659|82555|376|10,416667|0||0||0|0|0|0||||||||||||
20170121_105659|82650|377|10,416667|0||0||0|0|0|0||||||||||||
20170121_105659|82745|378|10,416667|0||0||0|0|0|0||||||||||||
20170121_105659|82842|379|10,526316|0||0||0|0|0|0||||||||||||
20170121_105659|82938|380|10,204082|0||0||0|0|0|0||||||||||||
20170121_105659|83034|381|10,526316|0||0||0|0|0|0||||||||||||
20170121_105659|83130|382|10,526316|0||0||0|0|0|0||||||||||||
20170121_105700|83257|383|7,751938|0||0||0|0|0|0||||||||||||
20170121_105700|83354|384|10,416667|0||0||0|0|0|0||||||||||||
20170121_105700|83450|385|10,416667|0||0||0|0|0|0||||||||||||
20170121_105700|83547|386|10,309278|0||0||0|0|0|0||||||||||||
20170121_105700|83643|387|10,526316|0||0||0|0|0|0||||||||||||
20170121_105700|83740|388|10,416667|0||0||0|0|0|0||||||||||||
20170121_105700|83833|389|10,526316|0||0||0|0|0|0||||||||||||
20170121_105700|83930|390|10,416667|0||0||0|0|0|0||||||||||||
20170121_105700|84059|391|7,751938|0||0||0|0|0|0||||||||||||
20170121_105700|84154|392|10,416667|0||0||0|0|0|0||||||||||||
20170121_105701|84250|393|10,416667|0||0||0|0|0|0||||||||||||
20170121_105701|84347|394|10,416667|0||0||0|0|0|0||||||||||||
20170121_105701|84442|395|10,526316|0||0||0|0|0|0||||||||||||
20170121_105701|84538|396|10,309278|0||0||0|0|0|0||||||||||||
20170121_105701|84634|397|10,416667|0||0||0|0|0|0||||||||||||
20170121_105701|84730|398|10,416667|0||0||0|0|0|0||||||||||||
20170121_105701|84858|399|7,812500|0||0||0|0|0|0||||||||||||
20170121_105701|84953|400|10,416667|0||0||0|0|0|0||||||||||||
20170121_105701|85050|401|10,416667|0||0||0|0|0|0||||||||||||
20170121_105701|85147|402|10,416667|0||0||0|0|0|0||||||||||||
20170121_105702|85242|403|10,416667|0||0||0|0|0|0||||||||||||
20170121_105702|85339|404|10,416667|0||0||0|0|0|0||||||||||||
20170121_105702|85433|405|10,526316|0||0||0|0|0|0||||||||||||
20170121_105702|85528|406|10,416667|0||0||0|0|0|0||||||||||||
20170121_105702|85657|407|7,751938|0||0||0|0|0|0||||||||||||
20170121_105702|85754|408|10,416667|0||0||0|0|0|0||||||||||||
20170121_105702|85850|409|10,416667|0||0||0|0|0|0||||||||||||
20170121_105702|85947|410|10,309278|0||0||0|0|0|0||||||||||||
20170121_105702|86042|411|10,526316|0||0||0|0|0|0||||||||||||
20170121_105702|86137|412|10,416667|0||0||0|0|0|0||||||||||||
20170121_105703|86236|413|10,416667|0||0||0|0|0|0||||||||||||
20170121_105703|86329|414|10,526316|0||0||0|0|0|0||||||||||||
20170121_105703|86457|415|7,751938|0||0||0|0|0|0||||||||||||
20170121_105703|86555|416|10,416667|0||0||0|0|0|0||||||||||||
20170121_105703|86651|417|10,416667|0||0||0|0|0|0||||||||||||
20170121_105703|86746|418|10,416667|0||0||0|0|0|0||||||||||||
20170121_105703|86841|419|10,526316|0||0||0|0|0|0||||||||||||
20170121_105703|86938|420|10,416667|0||0||0|0|0|0||||||||||||
20170121_105703|87032|421|10,416667|0||0||0|0|0|0||||||||||||
20170121_105703|87129|422|10,416667|0||0||0|0|0|0||||||||||||
20170121_105704|87257|423|7,751938|0||0||0|0|0|0||||||||||||
20170121_105704|87354|424|10,416667|0||0||0|0|0|0||||||||||||
20170121_105704|87451|425|10,416667|0||0||0|0|0|0||||||||||||
20170121_105704|87546|426|10,416667|0||0||0|0|0|0||||||||||||
20170121_105704|87643|427|10,416667|0||0||0|0|0|0||||||||||||
20170121_105704|87738|428|10,416667|0||0||0|0|0|0||||||||||||
20170121_105704|87834|429|10,526316|0||0||0|0|0|0||||||||||||
20170121_105704|87930|430|10,416667|0||0||0|0|0|0||||||||||||
20170121_105704|88057|431|7,751938|0||0||0|0|0|0||||||||||||
20170121_105704|88154|432|10,416667|0||0||0|0|0|0||||||||||||
20170121_105705|88251|433|10,309278|0||0||0|0|0|0||||||||||||
20170121_105705|88347|434|10,526316|0||0||0|0|0|0||||||||||||
20170121_105705|88441|435|10,526316|0||0||0|0|0|0||||||||||||
20170121_105705|88538|436|10,309278|0||0||0|0|0|0||||||||||||
20170121_105705|88634|437|10,526316|0||0||0|0|0|0||||||||||||
20170121_105705|88729|438|10,416667|0||0||0|0|0|0||||||||||||
20170121_105705|88857|439|7,751938|0||0||0|0|0|0||||||||||||
20170121_105705|88954|440|10,416667|0||0||0|0|0|0||||||||||||
20170121_105705|89049|441|10,416667|0||0||0|0|0|0||||||||||||
20170121_105705|89146|442|10,526316|0||0||0|0|0|0||||||||||||
20170121_105706|89242|443|10,309278|0||0||0|0|0|0||||||||||||
20170121_105706|89338|444|10,416667|0||0||0|0|0|0||||||||||||
20170121_105706|89433|445|10,416667|0||0||0|0|0|0||||||||||||
20170121_105706|89530|446|10,416667|0||0||0|0|0|0||||||||||||
20170121_105706|89657|447|7,812500|0||0||0|0|0|0||||||||||||
20170121_105706|89754|448|10,416667|0||0||0|0|0|0||||||||||||
20170121_105706|89851|449|10,309278|0||0||0|0|0|0||||||||||||
20170121_105706|89946|450|10,526316|0||0||0|0|0|0||||||||||||
20170121_105706|90042|451|10,416667|0||0||0|0|0|0||||||||||||
20170121_105706|90137|452|10,526316|0||0||0|0|0|0||||||||||||
20170121_105706|90234|453|10,309278|0||0||0|0|0|0||||||||||||
20170121_105707|90330|454|10,526316|0||0||0|0|0|0||||||||||||
20170121_105707|90457|455|7,751938|0||0||0|0|0|0||||||||||||
20170121_105707|90554|456|10,416667|0||0||0|0|0|0||||||||||||
20170121_105707|90650|457|10,416667|0||0||0|0|0|0||||||||||||
20170121_105707|90747|458|10,416667|0||0||0|0|0|0||||||||||||
20170121_105707|90843|459|10,416667|0||0||0|0|0|0||||||||||||
20170121_105707|90938|460|10,416667|0||0||0|0|0|0||||||||||||
20170121_105707|91034|461|10,526316|0||0||0|0|0|0||||||||||||
20170121_105707|91130|462|10,416667|0||0||0|0|0|0||||||||||||
20170121_105708|91257|463|7,751938|0||0||0|0|0|0||||||||||||
20170121_105708|91355|464|10,416667|0||0||0|0|0|0||||||||||||
20170121_105708|91450|465|10,416667|0||0||0|0|0|0||||||||||||
20170121_105708|91547|466|10,416667|0||0||0|0|0|0||||||||||||
20170121_105708|91641|467|10,526316|0||0||0|0|0|0||||||||||||
20170121_105708|91738|468|10,309278|0||0||0|0|0|0||||||||||||
20170121_105708|91834|469|10,526316|0||0||0|0|0|0||||||||||||
20170121_105708|91929|470|10,416667|0||0||0|0|0|0||||||||||||
20170121_105708|92057|471|7,751938|0||0||0|0|0|0||||||||||||
20170121_105708|92155|472|10,416667|0||0||0|0|0|0||||||||||||
20170121_105709|92250|473|10,416667|0||0||0|0|0|0||||||||||||
20170121_105709|92346|474|10,416667|0||0||0|0|0|0||||||||||||
20170121_105709|92442|475|10,416667|0||0||0|0|0|0||||||||||||
20170121_105709|92538|476|10,416667|0||0||0|0|0|0||||||||||||
20170121_105709|92634|477|10,416667|0||0||0|0|0|0||||||||||||
20170121_105709|92731|478|10,416667|0||0||0|0|0|0||||||||||||
20170121_105709|92857|479|7,812500|0||0||0|0|0|0||||||||||||
20170121_105709|92954|480|10,416667|0||0||0|0|0|0||||||||||||
20170121_105709|93049|481|10,416667|0||0||0|0|0|0||||||||||||
20170121_105709|93146|482|10,416667|0||0||0|0|0|0||||||||||||
20170121_105710|93242|483|10,416667|0||0||0|0|0|0||||||||||||
20170121_105710|93338|484|10,416667|0||0||0|0|0|0||||||||||||
20170121_105710|93434|485|10,526316|0||0||0|0|0|0||||||||||||
20170121_105710|93530|486|10,416667|0||0||0|0|0|0||||||||||||
20170121_105710|93657|487|7,751938|0||0||0|0|0|0||||||||||||
20170121_105710|93754|488|10,416667|0||0||0|0|0|0||||||||||||
20170121_105710|93850|489|10,416667|0||0||0|0|0|0||||||||||||
20170121_105710|93946|490|10,309278|0||0||0|0|0|0||||||||||||
20170121_105710|94042|491|10,526316|0||0||0|0|0|0||||||||||||
20170121_105710|94139|492|10,416667|0||0||0|0|0|0||||||||||||
20170121_105711|94234|493|10,416667|0||0||0|0|0|0||||||||||||
20170121_105711|94330|494|10,526316|0||0||0|0|0|0||||||||||||
20170121_105711|94457|495|7,751938|0||0||0|0|0|0||||||||||||
20170121_105711|94553|496|10,526316|0||0||0|0|0|0||||||||||||
20170121_105711|94651|497|10,309278|0||0||0|0|0|0||||||||||||
20170121_105711|94745|498|10,526316|0||0||0|0|0|0||||||||||||
20170121_105711|94841|499|10,309278|0||0||0|0|0|0||||||||||||
20170121_105711|94938|500|10,416667|0||0||0|0|0|0||||||||||||
20170121_105711|95032|501|10,526316|0||0||0|0|0|0||||||||||||
20170121_105711|95129|502|10,416667|0||0||0|0|0|0||||||||||||
20170121_105712|95257|503|7,751938|0||0||0|0|0|0||||||||||||
20170121_105712|95353|504|10,416667|0||0||0|0|0|0||||||||||||
20170121_105712|95449|505|10,416667|0||0||0|0|0|0||||||||||||
20170121_105712|95546|506|10,416667|0||0||0|0|0|0||||||||||||
20170121_105712|95642|507|10,416667|0||0||0|0|0|0||||||||||||
20170121_105712|95738|508|10,416667|0||0||0|0|0|0||||||||||||
20170121_105712|95834|509|10,526316|0||0||0|0|0|0||||||||||||
20170121_105712|95928|510|10,416667|0||0||0|0|0|0||||||||||||
20170121_105712|96057|511|7,751938|0||0||0|0|0|0||||||||||||
20170121_105712|96153|512|10,526316|0||0||0|0|0|0||||||||||||
20170121_105713|96251|513|10,309278|0||0||0|0|0|0||||||||||||
20170121_105713|96345|514|10,526316|0||0||0|0|0|0||||||||||||
20170121_105713|96441|515|10,416667|0||0||0|0|0|0||||||||||||
20170121_105713|96539|516|10,309278|0||0||0|0|0|0||||||||||||
20170121_105713|96634|517|10,416667|0||0||0|0|0|0||||||||||||
20170121_105713|96731|518|10,416667|0||0||0|0|0|0||||||||||||
20170121_105713|96857|519|7,812500|0||0||0|0|0|0||||||||||||
20170121_105713|96954|520|10,416667|0||0||0|0|0|0||||||||||||
20170121_105713|97051|521|10,416667|0||0||0|0|0|0||||||||||||
20170121_105713|97146|522|10,416667|0||0||0|0|0|0||||||||||||
20170121_105714|97243|523|10,416667|0||0||0|0|0|0||||||||||||
20170121_105714|97338|524|10,416667|0||0||0|0|0|0||||||||||||
20170121_105714|97433|525|10,416667|0||0||0|0|0|0||||||||||||
20170121_105714|97530|526|10,526316|0||0||0|0|0|0||||||||||||
20170121_105714|97657|527|7,751938|0||0||0|0|0|0||||||||||||
20170121_105714|97754|528|10,526316|0||0||0|0|0|0||||||||||||
20170121_105714|97850|529|10,309278|0||0||0|0|0|0||||||||||||
20170121_105714|97946|530|10,416667|0||0||0|0|0|0||||||||||||
20170121_105714|98040|531|10,526316|0||0||0|0|0|0||||||||||||
20170121_105714|98139|532|10,204082|0||0||0|0|0|0||||||||||||
20170121_105714|98234|533|10,526316|0||0||0|0|0|0||||||||||||
20170121_105715|98329|534|10,416667|0||0||0|0|0|0||||||||||||
20170121_105715|98457|535|7,812500|0||0||0|0|0|0||||||||||||
20170121_105715|98555|536|10,416667|0||0||0|0|0|0||||||||||||
20170121_105715|98650|537|10,416667|0||0||0|0|0|0||||||||||||
20170121_105715|98747|538|10,416667|0||0||0|0|0|0||||||||||||
20170121_105715|98842|539|10,416667|0||0||0|0|0|0||||||||||||
20170121_105715|98938|540|10,416667|0||0||0|0|0|0||||||||||||
20170121_105715|99034|541|10,416667|0||0||0|0|0|0||||||||||||
20170121_105715|99129|542|10,526316|0||0||0|0|0|0||||||||||||
20170121_105716|99257|543|7,751938|0||0||0|0|0|0||||||||||||
20170121_105716|99355|544|10,416667|0||0||0|0|0|0||||||||||||
20170121_105716|99451|545|10,416667|0||0||0|0|0|0||||||||||||
20170121_105716|99546|546|10,416667|0||0||0|0|0|0||||||||||||
20170121_105716|99642|547|10,416667|0||0||0|0|0|0||||||||||||
20170121_105716|99738|548|10,416667|0||0||0|0|0|0||||||||||||
20170121_105716|99833|549|10,526316|0||0||0|0|0|0||||||||||||
20170121_105716|99931|550|10,309278|0||0||0|0|0|0||||||||||||
20170121_105716|100057|551|7,874016|0||0||0|0|0|0||||||||||||
20170121_105716|100153|552|10,309278|0||0||0|0|0|0||||||||||||
20170121_105717|100251|553|10,416667|0||0||0|0|0|0||||||||||||
20170121_105717|100346|554|10,416667|0||0||0|0|0|0||||||||||||
20170121_105717|100442|555|10,416667|0||0||0|0|0|0||||||||||||
20170121_105717|100538|556|10,416667|0||0||0|0|0|0||||||||||||
20170121_105717|100633|557|10,526316|0||0||0|0|0|0||||||||||||
20170121_105717|100729|558|10,416667|0||0||0|0|0|0||||||||||||
20170121_105717|100858|559|7,812500|0||0||0|0|0|0||||||||||||
20170121_105717|100954|560|10,309278|0||0||0|0|0|0||||||||||||
20170121_105717|101051|561|10,416667|0||0||0|0|0|0||||||||||||
20170121_105717|101146|562|10,416667|0||0||0|0|0|0||||||||||||
20170121_105718|101242|563|10,416667|0||0||0|0|0|0||||||||||||
20170121_105718|101338|564|10,416667|0||0||0|0|0|0||||||||||||
20170121_105718|101432|565|10,526316|0||0||0|0|0|0||||||||||||
20170121_105718|101529|566|10,416667|0||0||0|0|0|0||||||||||||
20170121_105720|103611|567|0,480307|0||0||0|0|0|0||||||||||||
20170121_105720|103704|568|10,752688|0||0||0|0|0|0||||||||||||
20170121_105720|103799|569|10,638298|0||0||0|0|0|0||||||||||||
20170121_105720|103892|570|10,752688|0||0||0|0|0|0||||||||||||
20170121_105720|103985|571|10,638298|0||0||0|0|0|0||||||||||||
20170121_105720|104080|572|10,638298|0||0||0|0|0|0||||||||||||
20170121_105720|104172|573|10,752688|0||0||0|0|0|0||||||||||||
20170121_105721|104267|574|10,416667|0||0||0|0|0|0||||||||||||
20170121_105721|104360|575|10,752688|0||0||0|0|0|0||||||||||||
20170121_105721|104453|576|10,869565|0||0||0|0|0|0||||||||||||
20170121_105721|104549|577|10,526316|0||0||0|0|0|0||||||||||||
20170121_105721|104641|578|10,752688|0||0||0|0|0|0||||||||||||
20170121_105721|104736|579|10,752688|0||0||0|0|0|0||||||||||||
20170121_105721|104857|580|8,130081|0||0||0|0|0|0||||||||||||
20170121_105721|104960|581|10,309278|0||0||0|0|0|0||||||||||||
20170121_105721|105050|582|10,526316|0||0||0|0|0|0||||||||||||
20170121_105721|105145|583|10,416667|0||0||0|0|0|0||||||||||||
20170121_105722|105243|584|10,416667|0||0||0|0|0|0||||||||||||
20170121_105722|105338|585|10,416667|0||0||0|0|0|0||||||||||||
20170121_105722|105435|586|10,309278|0||0||0|0|0|0||||||||||||
20170121_105722|105530|587|10,416667|0||0||0|0|0|0||||||||||||
20170121_105722|105657|588|7,812500|0||0||0|0|0|0||||||||||||
20170121_105722|105755|589|10,416667|0||0||0|0|0|0||||||||||||
20170121_105722|105851|590|10,416667|0||0||0|0|0|0||||||||||||
20170121_105722|105947|591|10,416667|0||0||0|0|0|0||||||||||||
20170121_105722|106041|592|10,416667|0||0||0|0|0|0||||||||||||
20170121_105722|106138|593|10,416667|0||0||0|0|0|0||||||||||||
20170121_105723|106234|594|10,526316|0||0||0|0|0|0||||||||||||
20170121_105723|106329|595|10,416667|0||0||0|0|0|0||||||||||||
20170121_105723|106457|596|7,812500|0||0||0|0|0|0||||||||||||
20170121_105723|106554|597|10,309278|0||0||0|0|0|0||||||||||||
20170121_105723|106650|598|10,526316|0||0||0|0|0|0||||||||||||
20170121_105723|106746|599|10,416667|0||0||0|0|0|0||||||||||||
20170121_105723|106843|600|10,309278|0||0||0|0|0|0||||||||||||
20170121_105723|106938|601|10,416667|0||0||0|0|0|0||||||||||||
20170121_105723|107034|602|10,526316|0||0||0|0|0|0||||||||||||
20170121_105723|107129|603|10,309278|0||0||0|0|0|0||||||||||||
20170121_105724|107260|604|7,812500|0||0||0|0|0|0||||||||||||
20170121_105724|107356|605|10,416667|0||0||0|0|0|0||||||||||||
20170121_105724|107452|606|10,416667|0||0||0|0|0|0||||||||||||
20170121_105724|107547|607|10,416667|0||0||0|0|0|0||||||||||||
20170121_105724|107644|608|10,416667|0||0||0|0|0|0||||||||||||
20170121_105724|107739|609|10,416667|0||0||0|0|0|0||||||||||||
20170121_105724|107835|610|10,526316|0||0||0|0|0|0||||||||||||
20170121_105724|107929|611|10,416667|0||0||0|0|0|0||||||||||||
20170121_105724|108057|612|7,751938|0||0||0|0|0|0||||||||||||
20170121_105724|108154|613|10,416667|0||0||0|0|0|0||||||||||||
20170121_105725|108251|614|10,309278|0||0||0|0|0|0||||||||||||
20170121_105725|108345|615|10,526316|0||0||0|0|0|0||||||||||||
20170121_105725|108441|616|10,526316|0||0||0|0|0|0||||||||||||
20170121_105725|108538|617|10,416667|0||0||0|0|0|0||||||||||||
20170121_105725|108634|618|10,416667|0||0||0|0|0|0||||||||||||
20170121_105725|108731|619|10,416667|0||0||0|0|0|0||||||||||||
20170121_105725|108857|620|7,751938|0||0||0|0|0|0||||||||||||
20170121_105725|108955|621|10,416667|0||0||0|0|0|0||||||||||||
20170121_105725|109051|622|10,416667|0||0||0|0|0|0||||||||||||
20170121_105725|109145|623|10,526316|0||0||0|0|0|0||||||||||||
20170121_105726|109243|624|10,416667|0||0||0|0|0|0||||||||||||
20170121_105726|109339|625|10,309278|0||0||0|0|0|0||||||||||||
20170121_105726|109434|626|10,526316|0||0||0|0|0|0||||||||||||
20170121_105726|109529|627|10,416667|0||0||0|0|0|0||||||||||||
20170121_105726|109657|628|7,812500|0||0||0|0|0|0||||||||||||
20170121_105726|109755|629|10,309278|0||0||0|0|0|0||||||||||||
20170121_105726|109849|630|10,416667|0||0||0|0|0|0||||||||||||
20170121_105726|109947|631|10,416667|0||0||0|0|0|0||||||||||||
20170121_105726|110042|632|10,416667|0||0||0|0|0|0||||||||||||
20170121_105726|110139|633|10,416667|0||0||0|0|0|0||||||||||||
20170121_105727|110234|634|10,416667|0||0||0|0|0|0||||||||||||
20170121_105727|110330|635|10,526316|0||0||0|0|0|0||||||||||||
20170121_105727|110457|636|7,812500|0||0||0|0|0|0||||||||||||
20170121_105727|110554|637|10,416667|0||0||0|0|0|0||||||||||||
20170121_105727|110651|638|10,416667|0||0||0|0|0|0||||||||||||
20170121_105727|110747|639|10,309278|0||0||0|0|0|0||||||||||||
20170121_105727|110842|640|10,416667|0||0||0|0|0|0||||||||||||
20170121_105727|110937|641|10,416667|0||0||0|0|0|0||||||||||||
20170121_105727|111033|642|10,526316|0||0||0|0|0|0||||||||||||
20170121_105727|111130|643|10,416667|0||0||0|0|0|0||||||||||||
20170121_105728|111258|644|7,751938|0||0||0|0|0|0||||||||||||
20170121_105728|111355|645|10,416667|0||0||0|0|0|0||||||||||||
20170121_105728|111450|646|10,416667|0||0||0|0|0|0||||||||||||
20170121_105728|111547|647|10,416667|0||0||0|0|0|0||||||||||||
20170121_105728|111642|648|10,416667|0||0||0|0|0|0||||||||||||
20170121_105728|111738|649|10,416667|0||0||0|0|0|0||||||||||||
20170121_105728|111835|650|10,526316|0||0||0|0|0|0||||||||||||
20170121_105728|111929|651|10,416667|0||0||0|0|0|0||||||||||||
20170121_105728|112056|652|7,812500|0||0||0|0|0|0||||||||||||
20170121_105728|112154|653|10,416667|0||0||0|0|0|0||||||||||||
20170121_105729|112251|654|10,309278|0||0||0|0|0|0||||||||||||
20170121_105729|112346|655|10,526316|0||0||0|0|0|0||||||||||||
20170121_105729|112442|656|10,416667|0||0||0|0|0|0||||||||||||
20170121_105729|112539|657|10,309278|0||0||0|0|0|0||||||||||||
20170121_105729|112633|658|10,416667|0||0||0|0|0|0||||||||||||
20170121_105729|112731|659|10,416667|0||0||0|0|0|0||||||||||||
20170121_105729|112857|660|7,874016|0||0||0|0|0|0||||||||||||
20170121_105729|112953|661|10,416667|0||0||0|0|0|0||||||||||||
20170121_105729|113051|662|10,309278|0||0||0|0|0|0||||||||||||
20170121_105729|113147|663|10,416667|0||0||0|0|0|0||||||||||||
20170121_105730|113243|664|10,416667|0||0||0|0|0|0||||||||||||
20170121_105730|113338|665|10,416667|0||0||0|0|0|0||||||||||||
20170121_105730|113433|666|10,526316|0||0||0|0|0|0||||||||||||
20170121_105730|113529|667|10,416667|0||0||0|0|0|0||||||||||||
20170121_105730|113657|668|7,812500|0||0||0|0|0|0||||||||||||
20170121_105730|113755|669|10,309278|0||0||0|0|0|0||||||||||||
20170121_105730|113851|670|10,416667|0||0||0|0|0|0||||||||||||
20170121_105730|113946|671|10,526316|0||0||0|0|0|0||||||||||||
20170121_105730|114042|672|10,416667|0||0||0|0|0|0||||||||||||
20170121_105730|114139|673|10,416667|0||0||0|0|0|0||||||||||||
20170121_105731|114235|674|10,309278|0||0||0|0|0|0||||||||||||
20170121_105731|114330|675|10,526316|0||0||0|0|0|0||||||||||||
20170121_105731|114457|676|7,812500|0||0||0|0|0|0||||||||||||
20170121_105731|114555|677|10,309278|0||0||0|0|0|0||||||||||||
20170121_105731|114651|678|10,416667|0||0||0|0|0|0||||||||||||
20170121_105731|114746|679|10,526316|0||0||0|0|0|0||||||||||||
20170121_105731|114842|680|10,416667|0||0||0|0|0|0||||||||||||
20170121_105731|114938|681|10,416667|0||0||0|0|0|0||||||||||||
20170121_105731|115033|682|10,416667|0||0||0|0|0|0||||||||||||
20170121_105731|115130|683|10,416667|0||0||0|0|0|0||||||||||||
20170121_105732|115257|684|7,812500|0||0||0|0|0|0||||||||||||
20170121_105732|115354|685|10,416667|0||0||0|0|0|0||||||||||||
20170121_105732|115450|686|10,309278|0||0||0|0|0|0||||||||||||
20170121_105732|115546|687|10,526316|0||0||0|0|0|0||||||||||||
20170121_105732|115641|688|10,416667|0||0||0|0|0|0||||||||||||
20170121_105732|115738|689|10,416667|0||0||0|0|0|0||||||||||||
20170121_105732|115835|690|10,309278|0||0||0|0|0|0||||||||||||
20170121_105732|115931|691|10,416667|0||0||0|0|0|0||||||||||||
20170121_105732|116057|692|7,874016|0||0||0|0|0|0||||||||||||
20170121_105732|116155|693|10,309278|0||0||0|0|0|0||||||||||||
20170121_105733|116251|694|10,416667|0||0||0|0|0|0||||||||||||
20170121_105733|116347|695|10,416667|0||0||0|0|0|0||||||||||||
20170121_105733|116442|696|10,526316|0||0||0|0|0|0||||||||||||
20170121_105733|116538|697|10,416667|0||0||0|0|0|0||||||||||||
20170121_105733|116634|698|10,416667|0||0||0|0|0|0||||||||||||
20170121_105733|116730|699|10,416667|0||0||0|0|0|0||||||||||||
20170121_105733|116857|700|7,812500|0||0||0|0|0|0||||||||||||
20170121_105733|116954|701|10,416667|0||0||0|0|0|0||||||||||||
20170121_105733|117049|702|10,416667|0||0||0|0|0|0||||||||||||
20170121_105733|117147|703|10,416667|0||0||0|0|0|0||||||||||||
20170121_105734|117241|704|10,309278|0||0||0|0|0|0||||||||||||
20170121_105734|117339|705|10,416667|0||0||0|0|0|0||||||||||||
20170121_105734|117435|706|10,416667|0||0||0|0|0|0||||||||||||
20170121_105734|117530|707|10,416667|0||0||0|0|0|0||||||||||||
20170121_105734|117657|708|7,874016|0||0||0|0|0|0||||||||||||
20170121_105734|117754|709|10,309278|0||0||0|0|0|0||||||||||||
20170121_105734|117849|710|10,416667|0||0||0|0|0|0||||||||||||
20170121_105734|117946|711|10,526316|0||0||0|0|0|0||||||||||||
20170121_105734|118042|712|10,309278|0||0||0|0|0|0||||||||||||
20170121_105734|118137|713|10,526316|0||0||0|0|0|0||||||||||||
20170121_105734|118234|714|10,416667|0||0||0|0|0|0||||||||||||
20170121_105735|118330|715|10,416667|0||0||0|0|0|0||||||||||||
20170121_105735|118457|716|7,812500|0||0||0|0|0|0||||||||||||
20170121_105735|118553|717|10,309278|0||0||0|0|0|0||||||||||||
20170121_105735|118651|718|10,526316|0||0||0|0|0|0||||||||||||
20170121_105735|118747|719|10,416667|0||0||0|0|0|0||||||||||||
20170121_105735|118842|720|10,309278|0||0||0|0|0|0||||||||||||
20170121_105735|118938|721|10,416667|0||0||0|0|0|0||||||||||||
20170121_105735|119032|722|10,526316|0||0||0|0|0|0||||||||||||
20170121_105735|119130|723|10,416667|0||0||0|0|0|0||||||||||||
20170121_105736|119256|724|7,812500|0||0||0|0|0|0||||||||||||
20170121_105736|119353|725|10,416667|0||0||0|0|0|0||||||||||||
20170121_105736|119450|726|10,309278|0||0||0|0|0|0||||||||||||
20170121_105736|119549|727|10,101010|0||0||0|0|0|0||||||||||||
20170121_105736|119643|728|10,752688|0||0||0|0|0|0||||||||||||
20170121_105736|119738|729|10,416667|0||0||0|0|0|0||||||||||||
20170121_105736|119834|730|10,526316|0||0||0|0|0|0||||||||||||
20170121_105736|119930|731|10,416667|0||0||0|0|0|0||||||||||||
20170121_105736|120057|732|7,812500|0||0||0|0|0|0||||||||||||
20170121_105736|120154|733|10,416667|0||0||0|0|0|0||||||||||||
20170121_105737|120249|734|10,416667|0||0||0|0|0|0||||||||||||
20170121_105737|120347|735|10,416667|0||0||0|0|0|0||||||||||||
20170121_105737|120441|736|10,416667|0||0||0|0|0|0||||||||||||
20170121_105737|120538|737|10,416667|0||0||0|0|0|0||||||||||||
20170121_105737|120634|738|10,309278|0||0||0|0|0|0||||||||||||
20170121_105737|120731|739|10,416667|0||0||0|0|0|0||||||||||||
20170121_105737|120857|740|7,874016|0||0||0|0|0|0||||||||||||
20170121_105737|120955|741|10,309278|0||0||0|0|0|0||||||||||||
20170121_105737|121049|742|10,526316|0||0||0|0|0|0||||||||||||
20170121_105737|121146|743|10,309278|0||0||0|0|0|0||||||||||||
20170121_105738|121244|744|10,416667|0||0||0|0|0|0||||||||||||
20170121_105738|121338|745|10,526316|0||0||0|0|0|0||||||||||||
20170121_105738|121434|746|10,416667|0||0||0|0|0|0||||||||||||
20170121_105738|121529|747|10,416667|0||0||0|0|0|0||||||||||||
20170121_105738|121657|748|7,812500|0||0||0|0|0|0||||||||||||
20170121_105738|121755|749|10,309278|0||0||0|0|0|0||||||||||||
20170121_105738|121850|750|10,526316|0||0||0|0|0|0||||||||||||
20170121_105738|121945|751|10,416667|0||0||0|0|0|0||||||||||||
20170121_105738|122041|752|10,416667|0||0||0|0|0|0||||||||||||
20170121_105738|122138|753|10,416667|0||0||0|0|0|0||||||||||||
20170121_105738|122234|754|10,416667|0||0||0|0|0|0||||||||||||
20170121_105739|122330|755|10,309278|0||0||0|0|0|0||||||||||||
20170121_105739|122457|756|7,812500|0||0||0|0|0|0||||||||||||
20170121_105739|122553|757|10,526316|0||0||0|0|0|0||||||||||||
20170121_105739|122649|758|10,309278|0||0||0|0|0|0||||||||||||
20170121_105739|122748|759|10,416667|0||0||0|0|0|0||||||||||||
20170121_105739|122843|760|10,416667|0||0||0|0|0|0||||||||||||
20170121_105739|122938|761|10,416667|0||0||0|0|0|0||||||||||||
20170121_105739|123034|762|10,526316|0||0||0|0|0|0||||||||||||
20170121_105739|123130|763|10,416667|0||0||0|0|0|0||||||||||||
20170121_105740|123258|764|7,812500|0||0||0|0|0|0||||||||||||
20170121_105740|123354|765|10,416667|0||0||0|0|0|0||||||||||||
20170121_105740|123449|766|10,416667|0||0||0|0|0|0||||||||||||
20170121_105740|123546|767|10,309278|0||0||0|0|0|0||||||||||||
20170121_105740|123642|768|10,416667|0||0||0|0|0|0||||||||||||
20170121_105740|123740|769|10,416667|0||0||0|0|0|0||||||||||||
20170121_105740|123834|770|10,526316|0||0||0|0|0|0||||||||||||
20170121_105740|123930|771|10,416667|0||0||0|0|0|0||||||||||||
20170121_105740|124057|772|7,812500|0||0||0|0|0|0||||||||||||
20170121_105740|124154|773|10,309278|0||0||0|0|0|0||||||||||||
20170121_105741|124250|774|10,526316|0||0||0|0|0|0||||||||||||
20170121_105741|124346|775|10,416667|0||0||0|0|0|0||||||||||||
20170121_105741|124442|776|10,416667|0||0||0|0|0|0||||||||||||
20170121_105741|124538|777|10,416667|0||0||0|0|0|0||||||||||||
20170121_105741|124634|778|10,416667|0||0||0|0|0|0||||||||||||
20170121_105741|124730|779|10,416667|0||0||0|0|0|0||||||||||||
20170121_105741|124857|780|7,751938|0||0||0|0|0|0||||||||||||
20170121_105741|124954|781|10,526316|0||0||0|0|0|0||||||||||||
20170121_105741|125050|782|10,309278|0||0||0|0|0|0||||||||||||
20170121_105741|125146|783|10,416667|0||0||0|0|0|0||||||||||||
20170121_105742|125243|784|10,416667|0||0||0|0|0|0||||||||||||
20170121_105742|125338|785|10,526316|0||0||0|0|0|0||||||||||||
20170121_105742|125433|786|10,416667|0||0||0|0|0|0||||||||||||
20170121_105742|125530|787|10,416667|0||0||0|0|0|0||||||||||||
20170121_105742|125656|788|7,812500|0||0||0|0|0|0||||||||||||
20170121_105742|125753|789|10,416667|0||0||0|0|0|0||||||||||||
20170121_105742|125849|790|10,416667|0||0||0|0|0|0||||||||||||
20170121_105742|125947|791|10,309278|0||0||0|0|0|0||||||||||||
20170121_105742|126043|792|10,416667|0||0||0|0|0|0||||||||||||
20170121_105742|126138|793|10,526316|0||0||0|0|0|0||||||||||||
20170121_105743|126235|794|10,309278|0||0||0|0|0|0||||||||||||
20170121_105743|126330|795|10,526316|0||0||0|0|0|0||||||||||||
20170121_105743|126457|796|7,812500|0||0||0|0|0|0||||||||||||
20170121_105743|126554|797|10,309278|0||0||0|0|0|0||||||||||||
20170121_105743|126650|798|10,526316|0||0||0|0|0|0||||||||||||
20170121_105743|126746|799|10,309278|0||0||0|0|0|0||||||||||||
20170121_105743|126842|800|10,526316|0||0||0|0|0|0||||||||||||
20170121_105743|126938|801|10,416667|0||0||0|0|0|0||||||||||||
20170121_105743|127033|802|10,416667|0||0||0|0|0|0||||||||||||
20170121_105743|127131|803|10,309278|0||0||0|0|0|0||||||||||||
20170121_105744|127257|804|7,874016|0||0||0|0|0|0||||||||||||
20170121_105744|127355|805|10,309278|0||0||0|0|0|0||||||||||||
20170121_105744|127450|806|10,526316|0||0||0|0|0|0||||||||||||
20170121_105744|127546|807|10,309278|0||0||0|0|0|0||||||||||||
20170121_105744|127642|808|10,416667|0||0||0|0|0|0||||||||||||
20170121_105744|127739|809|10,416667|0||0||0|0|0|0||||||||||||
20170121_105744|127833|810|10,526316|0||0||0|0|0|0||||||||||||
20170121_105744|127929|811|10,416667|0||0||0|0|0|0||||||||||||
20170121_105744|128057|812|7,812500|0||0||0|0|0|0||||||||||||
20170121_105744|128154|813|10,416667|0||0||0|0|0|0||||||||||||
20170121_105745|128250|814|10,416667|0||0||0|0|0|0||||||||||||
20170121_105745|128345|815|10,309278|0||0||0|0|0|0||||||||||||
20170121_105745|128442|816|10,416667|0||0||0|0|0|0||||||||||||
20170121_105745|128537|817|10,526316|0||0||0|0|0|0||||||||||||
20170121_105745|128633|818|10,416667|0||0||0|0|0|0||||||||||||
20170121_105745|128730|819|10,416667|0||0||0|0|0|0||||||||||||
20170121_105745|128857|820|7,812500|0||0||0|0|0|0||||||||||||
20170121_105745|128953|821|10,309278|0||0||0|0|0|0||||||||||||
20170121_105745|129050|822|10,526316|0||0||0|0|0|0||||||||||||
20170121_105745|129145|823|10,309278|0||0||0|0|0|0||||||||||||
20170121_105746|129243|824|10,416667|0||0||0|0|0|0||||||||||||
20170121_105746|129337|825|10,526316|0||0||0|0|0|0||||||||||||
20170121_105746|129433|826|10,416667|0||0||0|0|0|0||||||||||||
20170121_105746|129529|827|10,416667|0||0||0|0|0|0||||||||||||
20170121_105746|129657|828|7,812500|0||0||0|0|0|0||||||||||||
20170121_105746|129754|829|10,309278|0||0||0|0|0|0||||||||||||
20170121_105746|129851|830|10,416667|0||0||0|0|0|0||||||||||||
20170121_105746|129946|831|10,416667|0||0||0|0|0|0||||||||||||
20170121_105746|130042|832|10,416667|0||0||0|0|0|0||||||||||||
20170121_105746|130138|833|10,416667|0||0||0|0|0|0||||||||||||
20170121_105746|130234|834|10,526316|0||0||0|0|0|0||||||||||||
20170121_105747|130329|835|10,416667|0||0||0|0|0|0||||||||||||
20170121_105747|130457|836|7,812500|0||0||0|0|0|0||||||||||||
20170121_105747|130553|837|10,309278|0||0||0|0|0|0||||||||||||
20170121_105747|130650|838|10,526316|0||0||0|0|0|0||||||||||||
20170121_105747|130746|839|10,416667|0||0||0|0|0|0||||||||||||
20170121_105747|130842|840|10,416667|0||0||0|0|0|0||||||||||||
20170121_105747|130936|841|10,416667|0||0||0|0|0|0||||||||||||
20170121_105747|131034|842|10,309278|0||0||0|0|0|0||||||||||||
20170121_105747|131130|843|10,526316|0||0||0|0|0|0||||||||||||
20170121_105748|131257|844|7,751938|0||0||0|0|0|0||||||||||||
20170121_105748|131354|845|10,416667|0||0||0|0|0|0||||||||||||
20170121_105748|131450|846|10,416667|0||0||0|0|0|0||||||||||||
20170121_105748|131547|847|10,416667|0||0||0|0|0|0||||||||||||
20170121_105748|131641|848|10,526316|0||0||0|0|0|0||||||||||||
20170121_105748|131739|849|10,309278|0||0||0|0|0|0||||||||||||
20170121_105748|131833|850|10,526316|0||0||0|0|0|0||||||||||||
20170121_105748|131930|851|10,416667|0||0||0|0|0|0||||||||||||
20170121_105748|132057|852|7,812500|0||0||0|0|0|0||||||||||||
20170121_105748|132154|853|10,416667|0||0||0|0|0|0||||||||||||
20170121_105749|132249|854|10,416667|0||0||0|0|0|0||||||||||||
20170121_105749|132346|855|10,309278|0||0||0|0|0|0||||||||||||
20170121_105749|132441|856|10,526316|0||0||0|0|0|0||||||||||||
20170121_105749|132537|857|10,416667|0||0||0|0|0|0||||||||||||
20170121_105749|132633|858|10,526316|0||0||0|0|0|0||||||||||||
20170121_105749|132729|859|10,416667|0||0||0|0|0|0||||||||||||
20170121_105749|132856|860|7,751938|0||0||0|0|0|0||||||||||||
20170121_105749|132953|861|10,416667|0||0||0|0|0|0||||||||||||
20170121_105749|133050|862|10,309278|0||0||0|0|0|0||||||||||||
20170121_105749|133146|863|10,416667|0||0||0|0|0|0||||||||||||
20170121_105750|133242|864|10,526316|0||0||0|0|0|0||||||||||||
20170121_105750|133338|865|10,309278|0||0||0|0|0|0||||||||||||
20170121_105750|133434|866|10,526316|0||0||0|0|0|0||||||||||||
20170121_105750|133530|867|10,416667|0||0||0|0|0|0||||||||||||
20170121_105750|133657|868|7,812500|0||0||0|0|0|0||||||||||||
20170121_105750|133754|869|10,416667|0||0||0|0|0|0||||||||||||
20170121_105750|133850|870|10,416667|0||0||0|0|0|0||||||||||||
20170121_105750|133946|871|10,416667|0||0||0|0|0|0||||||||||||
20170121_105750|134041|872|10,416667|0||0||0|0|0|0||||||||||||
20170121_105750|134139|873|10,309278|0||0||0|0|0|0||||||||||||
20170121_105751|134234|874|10,526316|0||0||0|0|0|0||||||||||||
20170121_105751|134330|875|10,416667|0||0||0|0|0|0||||||||||||
20170121_105751|134456|876|7,812500|0||0||0|0|0|0||||||||||||
20170121_105751|134554|877|10,416667|0||0||0|0|0|0||||||||||||
20170121_105751|134649|878|10,416667|0||0||0|0|0|0||||||||||||
20170121_105751|134747|879|10,309278|0||0||0|0|0|0||||||||||||
20170121_105751|134842|880|10,526316|0||0||0|0|0|0||||||||||||
20170121_105751|134937|881|10,416667|0||0||0|0|0|0||||||||||||
20170121_105751|135034|882|10,416667|0||0||0|0|0|0||||||||||||
20170121_105751|135130|883|10,416667|0||0||0|0|0|0||||||||||||
20170121_105752|135257|884|7,812500|0||0||0|0|0|0||||||||||||
20170121_105752|135354|885|10,416667|0||0||0|0|0|0||||||||||||
20170121_105752|135450|886|10,416667|0||0||0|0|0|0||||||||||||
20170121_105752|135546|887|10,309278|0||0||0|0|0|0||||||||||||
20170121_105752|135642|888|10,526316|0||0||0|0|0|0||||||||||||
20170121_105752|135738|889|10,416667|0||0||0|0|0|0||||||||||||
20170121_105752|135834|890|10,416667|0||0||0|0|0|0||||||||||||
20170121_105752|135929|891|10,416667|0||0||0|0|0|0||||||||||||
20170121_105752|136058|892|7,751938|0||0||0|0|0|0||||||||||||
20170121_105752|136154|893|10,526316|0||0||0|0|0|0||||||||||||
20170121_105753|136249|894|10,416667|0||0||0|0|0|0||||||||||||
20170121_105753|136346|895|10,309278|0||0||0|0|0|0||||||||||||
20170121_105753|136442|896|10,416667|0||0||0|0|0|0||||||||||||
20170121_105753|136538|897|10,526316|0||0||0|0|0|0||||||||||||
20170121_105753|136633|898|10,416667|0||0||0|0|0|0||||||||||||
20170121_105753|136730|899|10,416667|0||0||0|0|0|0||||||||||||
20170121_105753|136857|900|7,812500|0||0||0|0|0|0||||||||||||
20170121_105753|136953|901|10,416667|0||0||0|0|0|0||||||||||||
20170121_105753|137049|902|10,416667|0||0||0|0|0|0||||||||||||
20170121_105753|137147|903|10,309278|0||0||0|0|0|0||||||||||||
20170121_105754|137242|904|10,526316|0||0||0|0|0|0||||||||||||
20170121_105754|137338|905|10,416667|0||0||0|0|0|0||||||||||||
20170121_105754|137434|906|10,416667|0||0||0|0|0|0||||||||||||
20170121_105754|137530|907|10,416667|0||0||0|0|0|0||||||||||||
20170121_105754|137657|908|7,812500|0||0||0|0|0|0||||||||||||
20170121_105754|137754|909|10,416667|0||0||0|0|0|0||||||||||||
20170121_105754|137850|910|10,309278|0||0||0|0|0|0||||||||||||
20170121_105754|137946|911|10,526316|0||0||0|0|0|0||||||||||||
20170121_105754|138042|912|10,416667|0||0||0|0|0|0||||||||||||
20170121_105754|138138|913|10,309278|0||0||0|0|0|0||||||||||||
20170121_105755|138235|914|10,416667|0||0||0|0|0|0||||||||||||
20170121_105755|138330|915|10,526316|0||0||0|0|0|0||||||||||||
20170121_105755|138457|916|7,812500|0||0||0|0|0|0||||||||||||
20170121_105755|138554|917|10,416667|0||0||0|0|0|0||||||||||||
20170121_105755|138649|918|10,416667|0||0||0|0|0|0||||||||||||
20170121_105755|138747|919|10,309278|0||0||0|0|0|0||||||||||||
20170121_105755|138842|920|10,416667|0||0||0|0|0|0||||||||||||
20170121_105755|138937|921|10,526316|0||0||0|0|0|0||||||||||||
20170121_105755|139034|922|10,309278|0||0||0|0|0|0||||||||||||
20170121_105755|139130|923|10,526316|0||0||0|0|0|0||||||||||||
20170121_105756|139257|924|7,812500|0||0||0|0|0|0||||||||||||
20170121_105756|139353|925|10,416667|0||0||0|0|0|0||||||||||||
20170121_105756|139448|926|10,416667|0||0||0|0|0|0||||||||||||
20170121_105756|139546|927|10,309278|0||0||0|0|0|0||||||||||||
20170121_105756|139643|928|10,416667|0||0||0|0|0|0||||||||||||
20170121_105756|139739|929|10,416667|0||0||0|0|0|0||||||||||||
20170121_105756|139834|930|10,526316|0||0||0|0|0|0||||||||||||
20170121_105756|139929|931|10,416667|0||0||0|0|0|0||||||||||||
20170121_105756|140057|932|7,812500|0||0||0|0|0|0||||||||||||
20170121_105756|140154|933|10,416667|0||0||0|0|0|0||||||||||||
20170121_105757|140251|934|10,309278|0||0||0|0|0|0||||||||||||
20170121_105757|140346|935|10,416667|0||0||0|0|0|0||||||||||||
20170121_105757|140442|936|10,416667|0||0||0|0|0|0||||||||||||
20170121_105757|140537|937|10,526316|0||0||0|0|0|0||||||||||||
20170121_105757|140634|938|10,416667|0||0||0|0|0|0||||||||||||
20170121_105757|140730|939|10,309278|0||0||0|0|0|0||||||||||||
20170121_105757|140857|940|7,874016|0||0||0|0|0|0||||||||||||
20170121_105757|140954|941|10,416667|0||0||0|0|0|0||||||||||||
20170121_105757|141050|942|10,309278|0||0||0|0|0|0||||||||||||
20170121_105757|141146|943|10,526316|0||0||0|0|0|0||||||||||||
20170121_105758|141241|944|10,416667|0||0||0|0|0|0||||||||||||
20170121_105758|141338|945|10,416667|0||0||0|0|0|0||||||||||||
20170121_105758|141433|946|10,416667|0||0||0|0|0|0||||||||||||
20170121_105758|141530|947|10,416667|0||0||0|0|0|0||||||||||||
20170121_105758|141657|948|7,812500|0||0||0|0|0|0||||||||||||
20170121_105758|141754|949|10,416667|0||0||0|0|0|0||||||||||||
20170121_105758|141851|950|10,204082|0||0||0|0|0|0||||||||||||
20170121_105758|141947|951|10,526316|0||0||0|0|0|0||||||||||||
20170121_105758|142042|952|10,416667|0||0||0|0|0|0||||||||||||
20170121_105758|142137|953|10,526316|0||0||0|0|0|0||||||||||||
20170121_105758|142234|954|10,309278|0||0||0|0|0|0||||||||||||
20170121_105759|142330|955|10,526316|0||0||0|0|0|0||||||||||||
20170121_105759|142457|956|7,812500|0||0||0|0|0|0||||||||||||
20170121_105759|142554|957|10,309278|0||0||0|0|0|0||||||||||||
20170121_105759|142649|958|10,416667|0||0||0|0|0|0||||||||||||
20170121_105759|142747|959|10,416667|0||0||0|0|0|0||||||||||||
20170121_105759|142842|960|10,526316|0||0||0|0|0|0||||||||||||
20170121_105759|142938|961|10,416667|0||0||0|0|0|0||||||||||||
20170121_105759|143033|962|10,416667|0||0||0|0|0|0||||||||||||
20170121_105759|143129|963|10,416667|0||0||0|0|0|0||||||||||||
20170121_105800|143257|964|7,812500|0||0||0|0|0|0||||||||||||
20170121_105800|143354|965|10,416667|0||0||0|0|0|0||||||||||||
20170121_105800|143450|966|10,416667|0||0||0|0|0|0||||||||||||
20170121_105800|143547|967|10,309278|0||0||0|0|0|0||||||||||||
20170121_105800|143643|968|10,416667|0||0||0|0|0|0||||||||||||
20170121_105800|143738|969|10,416667|0||0||0|0|0|0||||||||||||
20170121_105800|143834|970|10,526316|0||0||0|0|0|0||||||||||||
20170121_105800|143930|971|10,416667|0||0||0|0|0|0||||||||||||
20170121_105800|144057|972|7,812500|0||0||0|0|0|0||||||||||||
20170121_105800|144154|973|10,416667|0||0||0|0|0|0||||||||||||
20170121_105801|144251|974|10,309278|0||0||0|0|0|0||||||||||||
20170121_105801|144346|975|10,526316|0||0||0|0|0|0||||||||||||
20170121_105801|144442|976|10,416667|0||0||0|0|0|0||||||||||||
20170121_105801|144538|977|10,416667|0||0||0|0|0|0||||||||||||
20170121_105801|144633|978|10,416667|0||0||0|0|0|0||||||||||||
20170121_105801|144729|979|10,416667|0||0||0|0|0|0||||||||||||
20170121_105801|144857|980|7,812500|0||0||0|0|0|0||||||||||||
20170121_105801|144953|981|10,416667|0||0||0|0|0|0||||||||||||
20170121_105801|145049|982|10,416667|0||0||0|0|0|0||||||||||||
20170121_105801|145147|983|10,309278|0||0||0|0|0|0||||||||||||
20170121_105802|145242|984|10,416667|0||0||0|0|0|0||||||||||||
20170121_105802|145337|985|10,526316|0||0||0|0|0|0||||||||||||
20170121_105802|145433|986|10,416667|0||0||0|0|0|0||||||||||||
20170121_105802|145529|987|10,416667|0||0||0|0|0|0||||||||||||
20170121_105802|145659|988|7,751938|0||0||0|0|0|0||||||||||||
20170121_105802|145754|989|10,526316|0||0||0|0|0|0||||||||||||
20170121_105802|145849|990|10,416667|0||0||0|0|0|0||||||||||||
20170121_105802|145945|991|10,416667|0||0||0|0|0|0||||||||||||
20170121_105802|146041|992|10,416667|0||0||0|0|0|0||||||||||||
20170121_105802|146138|993|10,416667|0||0||0|0|0|0||||||||||||
20170121_105802|146233|994|10,416667|0||0||0|0|0|0||||||||||||
20170121_105803|146329|995|10,416667|0||0||0|0|0|0||||||||||||
20170121_105803|146457|996|7,812500|0||0||0|0|0|0||||||||||||
20170121_105803|146553|997|10,309278|0||0||0|0|0|0||||||||||||
20170121_105803|146650|998|10,416667|0||0||0|0|0|0||||||||||||
20170121_105803|146746|999|10,416667|0||0||0|0|0|0||||||||||||
20170121_105803|146841|1000|10,416667|0||0||0|0|0|0||||||||||||
20170121_105803|146938|1001|10,526316|0||0||0|0|0|0||||||||||||
20170121_105803|147034|1002|10,416667|0||0||0|0|0|0||||||||||||
20170121_105803|147129|1003|10,416667|0||0||0|0|0|0||||||||||||
20170121_105804|147257|1004|7,812500|0||0||0|0|0|0||||||||||||
20170121_105804|147354|1005|10,416667|0||0||0|0|0|0||||||||||||
20170121_105804|147450|1006|10,416667|0||0||0|0|0|0||||||||||||
20170121_105804|147546|1007|10,416667|0||0||0|0|0|0||||||||||||
20170121_105804|147641|1008|10,416667|0||0||0|0|0|0||||||||||||
20170121_105804|147736|1009|10,526316|0||0||0|0|0|0||||||||||||
20170121_105804|147834|1010|10,309278|0||0||0|0|0|0||||||||||||
20170121_105804|147930|1011|10,416667|0||0||0|0|0|0||||||||||||
20170121_105804|148057|1012|7,812500|0||0||0|0|0|0||||||||||||
20170121_105804|148154|1013|10,309278|0||0||0|0|0|0||||||||||||
20170121_105805|148249|1014|10,526316|0||0||0|0|0|0||||||||||||
20170121_105805|148347|1015|10,309278|0||0||0|0|0|0||||||||||||
20170121_105805|148442|1016|10,526316|0||0||0|0|0|0||||||||||||
20170121_105805|148538|1017|10,416667|0||0||0|0|0|0||||||||||||
20170121_105805|148633|1018|10,416667|0||0||0|0|0|0||||||||||||
20170121_105805|148729|1019|10,416667|0||0||0|0|0|0||||||||||||
20170121_105805|148856|1020|7,812500|0||0||0|0|0|0||||||||||||
20170121_105805|148952|1021|10,416667|0||0||0|0|0|0||||||||||||
20170121_105805|149049|1022|10,416667|0||0||0|0|0|0||||||||||||
20170121_105805|149144|1023|10,416667|0||0||0|0|0|0||||||||||||
20170121_105806|149242|1024|10,416667|0||0||0|0|0|0||||||||||||
20170121_105806|149337|1025|10,309278|0||0||0|0|0|0||||||||||||
20170121_105806|149432|1026|10,526316|0||0||0|0|0|0||||||||||||
20170121_105806|149528|1027|10,416667|0||0||0|0|0|0||||||||||||
20170121_105806|149656|1028|7,812500|0||0||0|0|0|0||||||||||||
20170121_105806|149753|1029|10,309278|0||0||0|0|0|0||||||||||||
20170121_105806|149849|1030|10,526316|0||0||0|0|0|0||||||||||||
20170121_105806|149945|1031|10,416667|0||0||0|0|0|0||||||||||||
20170121_105806|150041|1032|10,416667|0||0||0|0|0|0||||||||||||
20170121_105806|150137|1033|10,309278|0||0||0|0|0|0||||||||||||
20170121_105806|150233|1034|10,526316|0||0||0|0|0|0||||||||||||
20170121_105807|150328|1035|10,526316|0||0||0|0|0|0||||||||||||
20170121_105807|150456|1036|7,751938|0||0||0|0|0|0||||||||||||
20170121_105807|150554|1037|10,309278|0||0||0|0|0|0||||||||||||
20170121_105807|150650|1038|10,416667|0||0||0|0|0|0||||||||||||
20170121_105807|150744|1039|10,416667|0||0||0|0|0|0||||||||||||
20170121_105807|150841|1040|10,526316|0||0||0|0|0|0||||||||||||
20170121_105807|150937|1041|10,416667|0||0||0|0|0|0||||||||||||
20170121_105807|151032|1042|10,416667|0||0||0|0|0|0||||||||||||
20170121_105807|151128|1043|10,416667|0||0||0|0|0|0||||||||||||
20170121_105808|151256|1044|7,812500|0||0||0|0|0|0||||||||||||
20170121_105808|151353|1045|10,416667|0||0||0|0|0|0||||||||||||
20170121_105808|151449|1046|10,309278|0||0||0|0|0|0||||||||||||
20170121_105808|151545|1047|10,416667|0||0||0|0|0|0||||||||||||
20170121_105808|151641|1048|10,526316|0||0||0|0|0|0||||||||||||
20170121_105808|151739|1049|10,309278|0||0||0|0|0|0||||||||||||
20170121_105808|151833|1050|10,526316|0||0||0|0|0|0||||||||||||
20170121_105808|151928|1051|10,416667|0||0||0|0|0|0||||||||||||
20170121_105808|152056|1052|7,812500|0||0||0|0|0|0||||||||||||
20170121_105808|152153|1053|10,309278|0||0||0|0|0|0||||||||||||
20170121_105809|152248|1054|10,526316|0||0||0|0|0|0||||||||||||
20170121_105809|152345|1055|10,416667|0||0||0|0|0|0||||||||||||
20170121_105809|152440|1056|10,416667|0||0||0|0|0|0||||||||||||
20170121_105809|152537|1057|10,416667|0||0||0|0|0|0||||||||||||
20170121_105809|152631|1058|10,416667|0||0||0|0|0|0||||||||||||
20170121_105809|152728|1059|10,526316|0||0||0|0|0|0||||||||||||
20170121_105809|152856|1060|7,751938|0||0||0|0|0|0||||||||||||
20170121_105809|152952|1061|10,416667|0||0||0|0|0|0||||||||||||
20170121_105809|153049|1062|10,416667|0||0||0|0|0|0||||||||||||
20170121_105809|153145|1063|10,309278|0||0||0|0|0|0||||||||||||
20170121_105810|153242|1064|10,416667|0||0||0|0|0|0||||||||||||
20170121_105810|153336|1065|10,526316|0||0||0|0|0|0||||||||||||
20170121_105810|153433|1066|10,416667|0||0||0|0|0|0||||||||||||
20170121_105810|153529|1067|10,416667|0||0||0|0|0|0||||||||||||
20170121_105810|153656|1068|7,812500|0||0||0|0|0|0||||||||||||
20170121_105810|153753|1069|10,416667|0||0||0|0|0|0||||||||||||
20170121_105810|153848|1070|10,309278|0||0||0|0|0|0||||||||||||
20170121_105810|153944|1071|10,526316|0||0||0|0|0|0||||||||||||
20170121_105810|154040|1072|10,416667|0||0||0|0|0|0||||||||||||
20170121_105810|154136|1073|10,416667|0||0||0|0|0|0||||||||||||
20170121_105810|154233|1074|10,416667|0||0||0|0|0|0||||||||||||
20170121_105811|154328|1075|10,416667|0||0||0|0|0|0||||||||||||
20170121_105811|154456|1076|7,812500|0||0||0|0|0|0||||||||||||
20170121_105811|154553|1077|10,309278|0||0||0|0|0|0||||||||||||
20170121_105811|154648|1078|10,526316|0||0||0|0|0|0||||||||||||
20170121_105811|154746|1079|10,309278|0||0||0|0|0|0||||||||||||
20170121_105811|154840|1080|10,638298|0||0||0|0|0|0||||||||||||
20170121_105811|154937|1081|10,309278|0||0||0|0|0|0||||||||||||
20170121_105811|155032|1082|10,416667|0||0||0|0|0|0||||||||||||
20170121_105811|155129|1083|10,416667|0||0||0|0|0|0||||||||||||
20170121_105812|155256|1084|7,812500|0||0||0|0|0|0||||||||||||
20170121_105812|155353|1085|10,416667|0||0||0|0|0|0||||||||||||
20170121_105812|155449|1086|10,416667|0||0||0|0|0|0||||||||||||
20170121_105812|155544|1087|10,416667|0||0||0|0|0|0||||||||||||
20170121_105812|155640|1088|10,416667|0||0||0|0|0|0||||||||||||
20170121_105812|155737|1089|10,416667|0||0||0|0|0|0||||||||||||
20170121_105812|155832|1090|10,416667|0||0||0|0|0|0||||||||||||
20170121_105812|155928|1091|10,526316|0||0||0|0|0|0||||||||||||
20170121_105812|156055|1092|7,812500|0||0||0|0|0|0||||||||||||
20170121_105812|156152|1093|10,309278|0||0||0|0|0|0||||||||||||
20170121_105813|156249|1094|10,416667|0||0||0|0|0|0||||||||||||
20170121_105813|156345|1095|10,309278|0||0||0|0|0|0||||||||||||
20170121_105813|156441|1096|10,416667|0||0||0|0|0|0||||||||||||
20170121_105813|156537|1097|10,416667|0||0||0|0|0|0||||||||||||
20170121_105813|156633|1098|10,526316|0||0||0|0|0|0||||||||||||
20170121_105813|156729|1099|10,416667|0||0||0|0|0|0||||||||||||
20170121_105813|156856|1100|7,812500|0||0||0|0|0|0||||||||||||
20170121_105813|156952|1101|10,416667|0||0||0|0|0|0||||||||||||
20170121_105813|157049|1102|10,309278|0||0||0|0|0|0||||||||||||
20170121_105813|157145|1103|10,526316|0||0||0|0|0|0||||||||||||
20170121_105814|157241|1104|10,416667|0||0||0|0|0|0||||||||||||
20170121_105814|157336|1105|10,309278|0||0||0|0|0|0||||||||||||
20170121_105814|157433|1106|10,526316|0||0||0|0|0|0||||||||||||
20170121_105814|157528|1107|10,416667|0||0||0|0|0|0||||||||||||
20170121_105814|157655|1108|7,874016|0||0||0|0|0|0||||||||||||
20170121_105814|157753|1109|10,309278|0||0||0|0|0|0||||||||||||
20170121_105814|157849|1110|10,416667|0||0||0|0|0|0||||||||||||
20170121_105814|157946|1111|10,309278|0||0||0|0|0|0||||||||||||
20170121_105814|158039|1112|10,526316|0||0||0|0|0|0||||||||||||
20170121_105814|158136|1113|10,416667|0||0||0|0|0|0||||||||||||
20170121_105814|158233|1114|10,416667|0||0||0|0|0|0||||||||||||
20170121_105815|158328|1115|10,416667|0||0||0|0|0|0||||||||||||
20170121_105815|158457|1116|7,812500|0||0||0|0|0|0||||||||||||
20170121_105815|158553|1117|10,416667|0||0||0|0|0|0||||||||||||
20170121_105815|158649|1118|10,416667|0||0||0|0|0|0||||||||||||
20170121_105815|158744|1119|10,416667|0||0||0|0|0|0||||||||||||
20170121_105815|158840|1120|10,416667|0||0||0|0|0|0||||||||||||
20170121_105815|158936|1121|10,416667|0||0||0|0|0|0||||||||||||
20170121_105815|159032|1122|10,416667|0||0||0|0|0|0||||||||||||
20170121_105815|159128|1123|10,416667|0||0||0|0|0|0||||||||||||
20170121_105816|159256|1124|7,812500|0||0||0|0|0|0||||||||||||
20170121_105816|159354|1125|10,309278|0||0||0|0|0|0||||||||||||
20170121_105816|159449|1126|10,416667|0||0||0|0|0|0||||||||||||
20170121_105816|159545|1127|10,416667|0||0||0|0|0|0||||||||||||
20170121_105816|159640|1128|10,526316|0||0||0|0|0|0||||||||||||
20170121_105816|159738|1129|10,309278|0||0||0|0|0|0||||||||||||
20170121_105816|159833|1130|10,526316|0||0||0|0|0|0||||||||||||
20170121_105816|159928|1131|10,416667|0||0||0|0|0|0||||||||||||
20170121_105816|160055|1132|7,874016|0||0||0|0|0|0||||||||||||
20170121_105816|160153|1133|10,309278|0||0||0|0|0|0||||||||||||
20170121_105817|160249|1134|10,416667|0||0||0|0|0|0||||||||||||
20170121_105817|160345|1135|10,416667|0||0||0|0|0|0||||||||||||
20170121_105817|160441|1136|10,416667|0||0||0|0|0|0||||||||||||
20170121_105817|160537|1137|10,416667|0||0||0|0|0|0||||||||||||
20170121_105817|160632|1138|10,416667|0||0||0|0|0|0||||||||||||
20170121_105817|160729|1139|10,416667|0||0||0|0|0|0||||||||||||
20170121_105817|160856|1140|7,874016|0||0||0|0|0|0||||||||||||
20170121_105817|160954|1141|10,204082|0||0||0|0|0|0||||||||||||
20170121_105817|161049|1142|10,526316|0||0||0|0|0|0||||||||||||
20170121_105817|161146|1143|10,309278|0||0||0|0|0|0||||||||||||
20170121_105818|161241|1144|10,526316|0||0||0|0|0|0||||||||||||
20170121_105818|161337|1145|10,309278|0||0||0|0|0|0||||||||||||
20170121_105818|161433|1146|10,526316|0||0||0|0|0|0||||||||||||
20170121_105818|161529|1147|10,416667|0||0||0|0|0|0||||||||||||
20170121_105818|161656|1148|7,812500|0||0||0|0|0|0||||||||||||
20170121_105818|161753|1149|10,416667|0||0||0|0|0|0||||||||||||
20170121_105818|161848|1150|10,416667|0||0||0|0|0|0||||||||||||
20170121_105818|161945|1151|10,416667|0||0||0|0|0|0||||||||||||
20170121_105818|162041|1152|10,416667|0||0||0|0|0|0||||||||||||
20170121_105818|162137|1153|10,416667|0||0||0|0|0|0||||||||||||
20170121_105818|162233|1154|10,416667|0||0||0|0|0|0||||||||||||
20170121_105819|162329|1155|10,416667|0||0||0|0|0|0||||||||||||
20170121_105819|162456|1156|7,874016|0||0||0|0|0|0||||||||||||
20170121_105819|162553|1157|10,204082|0||0||0|0|0|0||||||||||||
20170121_105819|162650|1158|10,526316|0||0||0|0|0|0||||||||||||
20170121_105819|162745|1159|10,416667|0||0||0|0|0|0||||||||||||
20170121_105819|162841|1160|10,526316|0||0||0|0|0|0||||||||||||
20170121_105819|162936|1161|10,309278|0||0||0|0|0|0||||||||||||
20170121_105819|163033|1162|10,416667|0||0||0|0|0|0||||||||||||
20170121_105819|163129|1163|10,526316|0||0||0|0|0|0||||||||||||
20170121_105820|163257|1164|7,812500|0||0||0|0|0|0||||||||||||
20170121_105820|163352|1165|10,309278|0||0||0|0|0|0||||||||||||
20170121_105820|163449|1166|10,416667|0||0||0|0|0|0||||||||||||
20170121_105820|163545|1167|10,416667|0||0||0|0|0|0||||||||||||
20170121_105820|163640|1168|10,309278|0||0||0|0|0|0||||||||||||
20170121_105820|163737|1169|10,526316|0||0||0|0|0|0||||||||||||
20170121_105820|163844|1170|9,259259|0||0||0|0|0|0||||||||||||
20170121_105820|163939|1171|10,752688|0||0||0|0|0|0||||||||||||
20170121_105820|164056|1172|8,474576|0||0||0|0|0|0||||||||||||
20170121_105820|164154|1173|10,309278|0||0||0|0|0|0||||||||||||
20170121_105821|164249|1174|10,309278|0||0||0|0|0|0||||||||||||
20170121_105821|164345|1175|10,526316|0||0||0|0|0|0||||||||||||
20170121_105821|164451|1176|9,259259|0||0||0|0|0|0||||||||||||
20170121_105821|164536|1177|11,904762|0||0||0|0|0|0||||||||||||
20170121_105821|164632|1178|10,416667|0||0||0|0|0|0||||||||||||
20170121_105821|164729|1179|10,416667|0||0||0|0|0|0||||||||||||
20170121_105821|164856|1180|7,812500|0||0||0|0|0|0||||||||||||
20170121_105821|164952|1181|10,526316|0||0||0|0|0|0||||||||||||
20170121_105821|165050|1182|10,204082|0||0||0|0|0|0||||||||||||
20170121_105821|165145|1183|10,526316|0||0||0|0|0|0||||||||||||
20170121_105822|165240|1184|10,526316|0||0||0|0|0|0||||||||||||
20170121_105822|165337|1185|10,309278|0||0||0|0|0|0||||||||||||
20170121_105822|165431|1186|10,416667|0||0||0|0|0|0||||||||||||
20170121_105822|165526|1187|10,526316|0||0||0|0|0|0||||||||||||
20170121_105822|165654|1188|7,812500|0||0||0|0|0|0||||||||||||
20170121_105822|165751|1189|10,309278|0||0||0|0|0|0||||||||||||
20170121_105822|165848|1190|10,309278|0||0||0|0|0|0||||||||||||
20170121_105822|165943|1191|10,526316|0||0||0|0|0|0||||||||||||
20170121_105822|166039|1192|10,309278|0||0||0|0|0|0||||||||||||
20170121_105822|166135|1193|10,416667|0||0||0|0|0|0||||||||||||
20170121_105822|166232|1194|10,309278|0||0||0|0|0|0||||||||||||
20170121_105823|166327|1195|10,638298|0||0||0|0|0|0||||||||||||
20170121_105823|166454|1196|7,874016|0||0||0|0|0|0||||||||||||
20170121_105823|166551|1197|10,309278|0||0||0|0|0|0||||||||||||
20170121_105823|166647|1198|10,309278|0||0||0|0|0|0||||||||||||
20170121_105823|166744|1199|10,526316|0||0||0|0|0|0||||||||||||
20170121_105823|166838|1200|10,416667|0||0||0|0|0|0||||||||||||
20170121_105823|166936|1201|10,309278|0||0||0|0|0|0||||||||||||
20170121_105823|167030|1202|10,638298|0||0||0|0|0|0||||||||||||
20170121_105823|167127|1203|10,309278|0||0||0|0|0|0||||||||||||
20170121_105824|167254|1204|7,874016|0||0||0|0|0|0||||||||||||
20170121_105824|167350|1205|10,309278|0||0||0|0|0|0||||||||||||
20170121_105824|167448|1206|10,309278|0||0||0|0|0|0||||||||||||
20170121_105824|167544|1207|10,416667|0||0||0|0|0|0||||||||||||
20170121_105824|167639|1208|10,526316|0||0||0|0|0|0||||||||||||
20170121_105824|167735|1209|10,416667|0||0||0|0|0|0||||||||||||
20170121_105824|167831|1210|10,416667|0||0||0|0|0|0||||||||||||
20170121_105824|167927|1211|10,416667|0||0||0|0|0|0||||||||||||
20170121_105824|168054|1212|7,874016|0||0||0|0|0|0||||||||||||
20170121_105824|168153|1213|10,204082|0||0||0|0|0|0||||||||||||
20170121_105825|168249|1214|10,416667|0||0||0|0|0|0||||||||||||
20170121_105825|168344|1215|10,526316|0||0||0|0|0|0||||||||||||
20170121_105825|168441|1216|10,416667|0||0||0|0|0|0||||||||||||
20170121_105825|168537|1217|10,416667|0||0||0|0|0|0||||||||||||
20170121_105825|168633|1218|10,416667|0||0||0|0|0|0||||||||||||
20170121_105825|168730|1219|10,416667|0||0||0|0|0|0||||||||||||
20170121_105825|168856|1220|7,812500|0||0||0|0|0|0||||||||||||
20170121_105825|168954|1221|10,309278|0||0||0|0|0|0||||||||||||
20170121_105825|169048|1222|10,526316|0||0||0|0|0|0||||||||||||
20170121_105825|169143|1223|10,416667|0||0||0|0|0|0||||||||||||
20170121_105826|169241|1224|10,416667|0||0||0|0|0|0||||||||||||
20170121_105826|169336|1225|10,416667|0||0||0|0|0|0||||||||||||
20170121_105826|169432|1226|10,526316|0||0||0|0|0|0||||||||||||
20170121_105826|169528|1227|10,309278|0||0||0|0|0|0||||||||||||
20170121_105826|169655|1228|7,874016|0||0||0|0|0|0||||||||||||
20170121_105826|169753|1229|10,309278|0||0||0|0|0|0||||||||||||
20170121_105826|169849|1230|10,416667|0||0||0|0|0|0||||||||||||
20170121_105826|169944|1231|10,416667|0||0||0|0|0|0||||||||||||
20170121_105826|170042|1232|10,309278|0||0||0|0|0|0||||||||||||
20170121_105826|170135|1233|10,526316|0||0||0|0|0|0||||||||||||
20170121_105826|170233|1234|10,416667|0||0||0|0|0|0||||||||||||
20170121_105827|170329|1235|10,416667|0||0||0|0|0|0||||||||||||
20170121_105827|170455|1236|7,874016|0||0||0|0|0|0||||||||||||
20170121_105827|170553|1237|10,309278|0||0||0|0|0|0||||||||||||
20170121_105827|170649|1238|10,416667|0||0||0|0|0|0||||||||||||
20170121_105827|170745|1239|10,416667|0||0||0|0|0|0||||||||||||
20170121_105827|170840|1240|10,416667|0||0||0|0|0|0||||||||||||
20170121_105827|170936|1241|10,416667|0||0||0|0|0|0||||||||||||
20170121_105827|171032|1242|10,526316|0||0||0|0|0|0||||||||||||
20170121_105827|171128|1243|10,309278|0||0||0|0|0|0||||||||||||
20170121_105828|171256|1244|7,812500|0||0||0|0|0|0||||||||||||
20170121_105828|171353|1245|10,416667|0||0||0|0|0|0||||||||||||
20170121_105828|171449|1246|10,309278|0||0||0|0|0|0||||||||||||
20170121_105828|171545|1247|10,526316|0||0||0|0|0|0||||||||||||
20170121_105828|171642|1248|10,309278|0||0||0|0|0|0||||||||||||
20170121_105828|171737|1249|10,416667|0||0||0|0|0|0||||||||||||
20170121_105828|171833|1250|10,526316|0||0||0|0|0|0||||||||||||
20170121_105828|171929|1251|10,416667|0||0||0|0|0|0||||||||||||
20170121_105828|172056|1252|7,812500|0||0||0|0|0|0||||||||||||
20170121_105828|172153|1253|10,309278|0||0||0|0|0|0||||||||||||
20170121_105829|172250|1254|10,526316|0||0||0|0|0|0||||||||||||
20170121_105829|172345|1255|10,309278|0||0||0|0|0|0||||||||||||
20170121_105829|172441|1256|10,526316|0||0||0|0|0|0||||||||||||
20170121_105829|172537|1257|10,416667|0||0||0|0|0|0||||||||||||
20170121_105829|172632|1258|10,416667|0||0||0|0|0|0||||||||||||
20170121_105829|172728|1259|10,416667|0||0||0|0|0|0||||||||||||
20170121_105829|172856|1260|7,812500|0||0||0|0|0|0||||||||||||
20170121_105829|172954|1261|10,309278|0||0||0|0|0|0||||||||||||
20170121_105829|173049|1262|10,526316|0||0||0|0|0|0||||||||||||
20170121_105829|173144|1263|10,416667|0||0||0|0|0|0||||||||||||
20170121_105830|173241|1264|10,309278|0||0||0|0|0|0||||||||||||
20170121_105830|173337|1265|10,526316|0||0||0|0|0|0||||||||||||
20170121_105830|173432|1266|10,526316|0||0||0|0|0|0||||||||||||
20170121_105830|173529|1267|10,309278|0||0||0|0|0|0||||||||||||
20170121_105830|173656|1268|7,812500|0||0||0|0|0|0||||||||||||
20170121_105830|173753|1269|10,416667|0||0||0|0|0|0||||||||||||
20170121_105830|173849|1270|10,416667|0||0||0|0|0|0||||||||||||
20170121_105830|173945|1271|10,416667|0||0||0|0|0|0||||||||||||
20170121_105830|174041|1272|10,416667|0||0||0|0|0|0||||||||||||
20170121_105830|174137|1273|10,416667|0||0||0|0|0|0||||||||||||
20170121_105830|174232|1274|10,416667|0||0||0|0|0|0||||||||||||
20170121_105831|174328|1275|10,526316|0||0||0|0|0|0||||||||||||
20170121_105831|174456|1276|7,751938|0||0||0|0|0|0||||||||||||
20170121_105831|174552|1277|10,526316|0||0||0|0|0|0||||||||||||
20170121_105831|174648|1278|10,309278|0||0||0|0|0|0||||||||||||
20170121_105831|174745|1279|10,416667|0||0||0|0|0|0||||||||||||
20170121_105831|174840|1280|10,416667|0||0||0|0|0|0||||||||||||
20170121_105831|174937|1281|10,416667|0||0||0|0|0|0||||||||||||
20170121_105831|175032|1282|10,526316|0||0||0|0|0|0||||||||||||
20170121_105831|175127|1283|10,309278|0||0||0|0|0|0||||||||||||
20170121_105832|175256|1284|7,812500|0||0||0|0|0|0||||||||||||
20170121_105832|175352|1285|10,416667|0||0||0|0|0|0||||||||||||
20170121_105832|175449|1286|10,416667|0||0||0|0|0|0||||||||||||
20170121_105832|175544|1287|10,416667|0||0||0|0|0|0||||||||||||
20170121_105832|175641|1288|10,416667|0||0||0|0|0|0||||||||||||
20170121_105832|175736|1289|10,526316|0||0||0|0|0|0||||||||||||
20170121_105832|175833|1290|10,309278|0||0||0|0|0|0||||||||||||
20170121_105832|175928|1291|10,526316|0||0||0|0|0|0||||||||||||
20170121_105832|176056|1292|7,751938|0||0||0|0|0|0||||||||||||
20170121_105832|176153|1293|10,416667|0||0||0|0|0|0||||||||||||
20170121_105833|176249|1294|10,309278|0||0||0|0|0|0||||||||||||
20170121_105833|176345|1295|10,416667|0||0||0|0|0|0||||||||||||
20170121_105833|176442|1296|10,416667|0||0||0|0|0|0||||||||||||
20170121_105833|176537|1297|10,416667|0||0||0|0|0|0||||||||||||
