TimeStamp|Ticks|FrameNum|FPS|LogaDados|Robo|achou|trajetoria|Xd|Yd|Xa|Ya|DistMelhorPonto|velAtual|velAtualDerivSuja|velDesejada|erroVel|SaidaControleLinear|angAtual|angDesejado|erroAng|SaidaControleAngular|SinalDeControle1|SinalDeControle2|
20170610_150321|34443|178|22.000000|1|Caçula|1|circulo_r60_xc160_yc120|0|0|203|137|0.000000|0.000000|0.000000|0.000000|0.000000|-777.315678|203.000000|172.176838|-30.823162|0.000000|-38.865784|-38.865784|
20170610_150321|34450|178|22.000000|1|CarroTeste2|0|circulo_r60_xc160_yc120|0|0|0|0|0.000000|0.000000|0.000000|0.000000|0.000000|0.000000|0.000000|0.000000|0.000000|0.000000|0.000000|0.000000|
20170610_150321|34452|178|22.000000|1|CarroTeste|0|circulo_r60_xc160_yc120|0|0|0|0|0.000000|0.000000|0.000000|0.000000|0.000000|0.000000|0.000000|0.000000|0.000000|0.000000|0.000000|0.000000|
20170610_150321|34515|180|12.987013|1|Caçula|1|circulo_r60_xc160_yc120|0|0|203|137|0.000000|0.000000|0.000000|0.000000|0.000000|-755.980112|203.000000|172.916467|-30.083533|0.000000|-37.799006|-37.799006|
20170610_150321|34521|180|12.987013|1|CarroTeste2|0|circulo_r60_xc160_yc120|0|0|0|0|0.000000|0.000000|0.000000|0.000000|0.000000|0.000000|0.000000|0.000000|0.000000|0.000000|0.000000|0.000000|
20170610_150321|34527|180|12.987013|1|CarroTeste|0|circulo_r60_xc160_yc120|0|0|0|0|0.000000|0.000000|0.000000|0.000000|0.000000|0.000000|0.000000|0.000000|0.000000|0.000000|0.000000|0.000000|
20170610_150321|34603|182|12.987013|1|Caçula|1|circulo_r60_xc160_yc120|0|0|203|137|0.000000|0.000000|0.000000|0.000000|0.000000|-733.589496|203.000000|173.807481|-29.192519|0.000000|-36.679475|-36.679475|
20170610_150321|34612|182|12.987013|1|CarroTeste2|0|circulo_r60_xc160_yc120|0|0|0|0|0.000000|0.000000|0.000000|0.000000|0.000000|0.000000|0.000000|0.000000|0.000000|0.000000|0.000000|0.000000|
20170610_150321|34618|182|12.987013|1|CarroTeste|0|circulo_r60_xc160_yc120|0|0|0|0|0.000000|0.000000|0.000000|0.000000|0.000000|0.000000|0.000000|0.000000|0.000000|0.000000|0.000000|0.000000|
20170610_150322|34691|184|10.526316|1|Caçula|1|circulo_r60_xc160_yc120|0|0|204|137|0.000000|0.000000|0.000000|0.000000|0.000000|-735.993755|204.000000|174.683300|-29.316700|0.000000|-36.799688|-36.799688|
20170610_150322|34697|184|10.526316|1|CarroTeste2|0|circulo_r60_xc160_yc120|0|0|0|0|0.000000|0.000000|0.000000|0.000000|0.000000|0.000000|0.000000|0.000000|0.000000|0.000000|0.000000|0.000000|
20170610_150322|34707|184|10.526316|1|CarroTeste|0|circulo_r60_xc160_yc120|0|0|0|0|0.000000|0.000000|0.000000|0.000000|0.000000|0.000000|0.000000|0.000000|0.000000|0.000000|0.000000|0.000000|
20170610_150322|34775|186|12.987013|1|Caçula|1|circulo_r60_xc160_yc120|0|0|205|137|0.000000|0.000000|0.000000|0.000000|0.000000|-741.209537|205.000000|175.504249|-29.495751|0.000000|-37.060477|-37.060477|
20170610_150322|34781|186|12.987013|1|CarroTeste2|0|circulo_r60_xc160_yc120|0|0|0|0|0.000000|0.000000|0.000000|0.000000|0.000000|0.000000|0.000000|0.000000|0.000000|0.000000|0.000000|0.000000|
20170610_150322|34787|186|12.987013|1|CarroTeste|0|circulo_r60_xc160_yc120|0|0|0|0|0.000000|0.000000|0.000000|0.000000|0.000000|0.000000|0.000000|0.000000|0.000000|0.000000|0.000000|0.000000|
20170610_150322|34881|188|12.987013|1|Caçula|1|circulo_r60_xc160_yc120|0|0|207|137|0.000000|0.000000|0.000000|0.000000|0.000000|-765.995372|207.000000|176.517919|-30.482081|0.000000|-38.299769|-38.299769|
20170610_150322|34887|188|12.987013|1|CarroTeste2|0|circulo_r60_xc160_yc120|0|0|0|0|0.000000|0.000000|0.000000|0.000000|0.000000|0.000000|0.000000|0.000000|0.000000|0.000000|0.000000|0.000000|
20170610_150322|34893|188|12.987013|1|CarroTeste|0|circulo_r60_xc160_yc120|0|0|0|0|0.000000|0.000000|0.000000|0.000000|0.000000|0.000000|0.000000|0.000000|0.000000|0.000000|0.000000|0.000000|
20170610_150322|34923|190|12.987013|1|Caçula|1|circulo_r60_xc160_yc120|0|0|209|137|0.000000|0.000000|0.000000|0.000000|0.000000|-806.576935|209.000000|176.903013|-32.096987|0.000000|-40.328847|-40.328847|
20170610_150322|34930|190|12.987013|1|CarroTeste2|0|circulo_r60_xc160_yc120|0|0|0|0|0.000000|0.000000|0.000000|0.000000|0.000000|0.000000|0.000000|0.000000|0.000000|0.000000|0.000000|0.000000|
20170610_150322|34936|190|12.987013|1|CarroTeste|0|circulo_r60_xc160_yc120|0|0|0|0|0.000000|0.000000|0.000000|0.000000|0.000000|0.000000|0.000000|0.000000|0.000000|0.000000|0.000000|0.000000|
20170610_150322|35006|192|12.987013|1|Caçula|1|circulo_r60_xc160_yc120|0|0|211|137|0.000000|0.000000|0.000000|0.000000|0.000000|-837.328696|211.000000|177.679275|-33.320725|0.000000|-41.866435|-41.866435|
20170610_150322|35013|192|12.987013|1|CarroTeste2|0|circulo_r60_xc160_yc120|0|0|0|0|0.000000|0.000000|0.000000|0.000000|0.000000|0.000000|0.000000|0.000000|0.000000|0.000000|0.000000|0.000000|
20170610_150322|35015|192|12.987013|1|CarroTeste|0|circulo_r60_xc160_yc120|0|0|0|0|0.000000|0.000000|0.000000|0.000000|0.000000|0.000000|0.000000|0.000000|0.000000|0.000000|0.000000|0.000000|
20170610_150322|35085|194|12.987013|1|Caçula|1|circulo_r60_xc160_yc120|0|0|213|137|0.000000|0.000000|0.000000|0.000000|0.000000|-869.872291|213.000000|178.384233|-34.615767|0.000000|-43.493615|-43.493615|
20170610_150322|35091|194|12.987013|1|CarroTeste2|0|circulo_r60_xc160_yc120|0|0|0|0|0.000000|0.000000|0.000000|0.000000|0.000000|0.000000|0.000000|0.000000|0.000000|0.000000|0.000000|0.000000|
20170610_150322|35097|194|12.987013|1|CarroTeste|0|circulo_r60_xc160_yc120|0|0|0|0|0.000000|0.000000|0.000000|0.000000|0.000000|0.000000|0.000000|0.000000|0.000000|0.000000|0.000000|0.000000|
20170610_150322|35160|196|12.987013|1|Caçula|1|circulo_r60_xc160_yc120|0|0|215|137|0.000000|0.000000|0.000000|0.000000|0.000000|-903.254200|215.000000|179.055830|-35.944170|0.000000|-45.162710|-45.162710|
20170610_150322|35166|196|12.987013|1|CarroTeste2|0|circulo_r60_xc160_yc120|0|0|0|0|0.000000|0.000000|0.000000|0.000000|0.000000|0.000000|0.000000|0.000000|0.000000|0.000000|0.000000|0.000000|
20170610_150322|35175|196|12.987013|1|CarroTeste|0|circulo_r60_xc160_yc120|0|0|0|0|0.000000|0.000000|0.000000|0.000000|0.000000|0.000000|0.000000|0.000000|0.000000|0.000000|0.000000|0.000000|
20170610_150322|35237|198|12.987013|1|Caçula|1|circulo_r60_xc160_yc120|0|0|217|137|0.000000|0.000000|0.000000|0.000000|0.000000|-936.814968|217.000000|179.720310|-37.279690|0.000000|-46.840748|-46.840748|
20170610_150322|35243|198|12.987013|1|CarroTeste2|0|circulo_r60_xc160_yc120|0|0|0|0|0.000000|0.000000|0.000000|0.000000|0.000000|0.000000|0.000000|0.000000|0.000000|0.000000|0.000000|0.000000|
20170610_150322|35248|198|12.987013|1|CarroTeste|0|circulo_r60_xc160_yc120|0|0|0|0|0.000000|0.000000|0.000000|0.000000|0.000000|0.000000|0.000000|0.000000|0.000000|0.000000|0.000000|0.000000|
20170610_150322|35316|200|12.987013|1|Caçula|1|circulo_r60_xc160_yc120|0|0|219|137|0.000000|0.000000|0.000000|0.000000|0.000000|-970.167626|219.000000|180.393072|-38.606928|0.000000|-48.508381|-48.508381|
20170610_150322|35322|200|12.987013|1|CarroTeste2|0|circulo_r60_xc160_yc120|0|0|0|0|0.000000|0.000000|0.000000|0.000000|0.000000|0.000000|0.000000|0.000000|0.000000|0.000000|0.000000|0.000000|
20170610_150322|35328|200|12.987013|1|CarroTeste|0|circulo_r60_xc160_yc120|0|0|0|0|0.000000|0.000000|0.000000|0.000000|0.000000|0.000000|0.000000|0.000000|0.000000|0.000000|0.000000|0.000000|
20170610_150322|35391|202|12.987013|1|Caçula|1|circulo_r60_xc160_yc120|0|0|222|136|0.000000|0.000000|0.000000|0.000000|0.000000|-1030.129301|222.000000|181.006952|-40.993048|0.000000|-51.506465|-51.506465|
20170610_150322|35397|202|12.987013|1|CarroTeste2|0|circulo_r60_xc160_yc120|0|0|0|0|0.000000|0.000000|0.000000|0.000000|0.000000|0.000000|0.000000|0.000000|0.000000|0.000000|0.000000|0.000000|
20170610_150322|35403|202|12.987013|1|CarroTeste|0|circulo_r60_xc160_yc120|0|0|0|0|0.000000|0.000000|0.000000|0.000000|0.000000|0.000000|0.000000|0.000000|0.000000|0.000000|0.000000|0.000000|
20170610_150322|35473|204|12.987013|1|Caçula|1|circulo_r60_xc160_yc120|0|0|225|136|0.000000|0.000000|0.000000|0.000000|0.000000|-1089.331202|225.000000|181.651067|-43.348933|0.000000|-54.466560|-54.466560|
20170610_150322|35479|204|12.987013|1|CarroTeste2|0|circulo_r60_xc160_yc120|0|0|0|0|0.000000|0.000000|0.000000|0.000000|0.000000|0.000000|0.000000|0.000000|0.000000|0.000000|0.000000|0.000000|
20170610_150322|35488|204|12.987013|1|CarroTeste|0|circulo_r60_xc160_yc120|0|0|0|0|0.000000|0.000000|0.000000|0.000000|0.000000|0.000000|0.000000|0.000000|0.000000|0.000000|0.000000|0.000000|
20170610_150322|35551|206|12.987013|1|Caçula|1|circulo_r60_xc160_yc120|0|0|227|136|0.000000|0.000000|0.000000|0.000000|0.000000|-1124.482513|227.000000|182.252253|-44.747747|0.000000|-56.224126|-56.224126|
20170610_150322|35556|206|12.987013|1|CarroTeste2|0|circulo_r60_xc160_yc120|0|0|0|0|0.000000|0.000000|0.000000|0.000000|0.000000|0.000000|0.000000|0.000000|0.000000|0.000000|0.000000|0.000000|
20170610_150322|35562|206|12.987013|1|CarroTeste|0|circulo_r60_xc160_yc120|0|0|0|0|0.000000|0.000000|0.000000|0.000000|0.000000|0.000000|0.000000|0.000000|0.000000|0.000000|0.000000|0.000000|
20170610_150322|35627|208|12.987013|1|Caçula|1|circulo_r60_xc160_yc120|0|0|229|136|0.000000|0.000000|0.000000|0.000000|0.000000|-1160.486128|229.000000|182.819522|-46.180478|0.000000|-58.024306|-58.024306|
20170610_150322|35632|208|12.987013|1|CarroTeste2|0|circulo_r60_xc160_yc120|0|0|0|0|0.000000|0.000000|0.000000|0.000000|0.000000|0.000000|0.000000|0.000000|0.000000|0.000000|0.000000|0.000000|
20170610_150322|35638|208|12.987013|1|CarroTeste|0|circulo_r60_xc160_yc120|0|0|0|0|0.000000|0.000000|0.000000|0.000000|0.000000|0.000000|0.000000|0.000000|0.000000|0.000000|0.000000|0.000000|
20170610_150323|35706|210|12.987013|1|Caçula|1|circulo_r60_xc160_yc120|0|0|232|135|0.000000|0.000000|0.000000|0.000000|0.000000|-1221.555508|232.000000|183.389323|-48.610677|0.000000|-61.077775|-61.077775|
20170610_150323|35712|210|12.987013|1|CarroTeste2|0|circulo_r60_xc160_yc120|0|0|0|0|0.000000|0.000000|0.000000|0.000000|0.000000|0.000000|0.000000|0.000000|0.000000|0.000000|0.000000|0.000000|
20170610_150323|35717|210|12.987013|1|CarroTeste|0|circulo_r60_xc160_yc120|0|0|0|0|0.000000|0.000000|0.000000|0.000000|0.000000|0.000000|0.000000|0.000000|0.000000|0.000000|0.000000|0.000000|
20170610_150323|35781|212|12.987013|1|Caçula|1|circulo_r60_xc160_yc120|0|0|235|135|0.000000|0.000000|0.000000|0.000000|0.000000|-1283.832065|235.000000|183.911084|-51.088916|0.000000|-64.191603|-64.191603|
20170610_150323|35787|212|12.987013|1|CarroTeste2|0|circulo_r60_xc160_yc120|0|0|0|0|0.000000|0.000000|0.000000|0.000000|0.000000|0.000000|0.000000|0.000000|0.000000|0.000000|0.000000|0.000000|
20170610_150323|35793|212|12.987013|1|CarroTeste|0|circulo_r60_xc160_yc120|0|0|0|0|0.000000|0.000000|0.000000|0.000000|0.000000|0.000000|0.000000|0.000000|0.000000|0.000000|0.000000|0.000000|
20170610_150323|35859|214|12.987013|1|Caçula|1|circulo_r60_xc160_yc120|0|0|239|135|0.000000|0.000000|0.000000|0.000000|0.000000|-1371.223200|239.000000|184.433435|-54.566565|0.000000|-68.561160|-68.561160|
20170610_150323|35867|214|12.987013|1|CarroTeste2|0|circulo_r60_xc160_yc120|0|0|0|0|0.000000|0.000000|0.000000|0.000000|0.000000|0.000000|0.000000|0.000000|0.000000|0.000000|0.000000|0.000000|
20170610_150323|35872|214|12.987013|1|CarroTeste|0|circulo_r60_xc160_yc120|0|0|0|0|0.000000|0.000000|0.000000|0.000000|0.000000|0.000000|0.000000|0.000000|0.000000|0.000000|0.000000|0.000000|
20170610_150323|35936|216|12.987013|1|Caçula|1|circulo_r60_xc160_yc120|0|0|243|135|0.000000|0.000000|0.000000|0.000000|0.000000|-1459.303278|243.000000|184.928369|-58.071631|0.000000|-72.965164|-72.965164|
20170610_150323|35942|216|12.987013|1|CarroTeste2|0|circulo_r60_xc160_yc120|0|0|0|0|0.000000|0.000000|0.000000|0.000000|0.000000|0.000000|0.000000|0.000000|0.000000|0.000000|0.000000|0.000000|
20170610_150323|35947|216|12.987013|1|CarroTeste|0|circulo_r60_xc160_yc120|0|0|0|0|0.000000|0.000000|0.000000|0.000000|0.000000|0.000000|0.000000|0.000000|0.000000|0.000000|0.000000|0.000000|
20170610_150323|36014|218|12.987013|1|Caçula|1|circulo_r60_xc160_yc120|0|0|245|135|0.000000|0.000000|0.000000|0.000000|0.000000|-1497.501294|245.000000|185.408314|-59.591686|0.000000|-74.875065|-74.875065|
20170610_150323|36019|218|12.987013|1|CarroTeste2|0|circulo_r60_xc160_yc120|0|0|0|0|0.000000|0.000000|0.000000|0.000000|0.000000|0.000000|0.000000|0.000000|0.000000|0.000000|0.000000|0.000000|
20170610_150323|36025|218|12.987013|1|CarroTeste|0|circulo_r60_xc160_yc120|0|0|0|0|0.000000|0.000000|0.000000|0.000000|0.000000|0.000000|0.000000|0.000000|0.000000|0.000000|0.000000|0.000000|
20170610_150323|36091|220|12.987013|1|Caçula|1|circulo_r60_xc160_yc120|0|0|249|134|0.000000|0.000000|0.000000|0.000000|0.000000|-1586.510091|249.000000|185.866291|-63.133709|0.000000|-79.325505|-79.325505|
20170610_150323|36097|220|12.987013|1|CarroTeste2|0|circulo_r60_xc160_yc120|0|0|0|0|0.000000|0.000000|0.000000|0.000000|0.000000|0.000000|0.000000|0.000000|0.000000|0.000000|0.000000|0.000000|
20170610_150323|36103|220|12.987013|1|CarroTeste|0|circulo_r60_xc160_yc120|0|0|0|0|0.000000|0.000000|0.000000|0.000000|0.000000|0.000000|0.000000|0.000000|0.000000|0.000000|0.000000|0.000000|
20170610_150323|36167|222|12.987013|1|Caçula|1|circulo_r60_xc160_yc120|0|0|253|134|0.000000|0.000000|0.000000|0.000000|0.000000|-1676.491406|253.000000|186.285567|-66.714433|0.000000|-83.824570|-83.824570|
20170610_150323|36173|222|12.987013|1|CarroTeste2|0|circulo_r60_xc160_yc120|0|0|0|0|0.000000|0.000000|0.000000|0.000000|0.000000|0.000000|0.000000|0.000000|0.000000|0.000000|0.000000|0.000000|
20170610_150323|36180|222|12.987013|1|CarroTeste|0|circulo_r60_xc160_yc120|0|0|0|0|0.000000|0.000000|0.000000|0.000000|0.000000|0.000000|0.000000|0.000000|0.000000|0.000000|0.000000|0.000000|
20170610_150323|36248|224|12.987013|1|Caçula|1|circulo_r60_xc160_yc120|0|0|255|133|0.000000|0.000000|0.000000|0.000000|0.000000|-1715.964416|255.000000|186.714775|-68.285225|0.000000|-85.798221|-85.798221|
20170610_150323|36254|224|12.987013|1|CarroTeste2|0|circulo_r60_xc160_yc120|0|0|0|0|0.000000|0.000000|0.000000|0.000000|0.000000|0.000000|0.000000|0.000000|0.000000|0.000000|0.000000|0.000000|
20170610_150323|36259|224|12.987013|1|CarroTeste|0|circulo_r60_xc160_yc120|0|0|0|0|0.000000|0.000000|0.000000|0.000000|0.000000|0.000000|0.000000|0.000000|0.000000|0.000000|0.000000|0.000000|
20170610_150323|36324|226|12.987013|1|Caçula|1|circulo_r60_xc160_yc120|0|0|261|133|0.000000|0.000000|0.000000|0.000000|0.000000|-1857.189670|261.000000|187.094846|-73.905154|0.000000|-92.859483|-92.859483|
20170610_150323|36333|226|12.987013|1|CarroTeste2|0|circulo_r60_xc160_yc120|0|0|0|0|0.000000|0.000000|0.000000|0.000000|0.000000|0.000000|0.000000|0.000000|0.000000|0.000000|0.000000|0.000000|
20170610_150323|36338|226|12.987013|1|CarroTeste|0|circulo_r60_xc160_yc120|0|0|0|0|0.000000|0.000000|0.000000|0.000000|0.000000|0.000000|0.000000|0.000000|0.000000|0.000000|0.000000|0.000000|
20170610_150323|36401|228|12.987013|1|Caçula|1|circulo_r60_xc160_yc120|0|0|263|132|0.000000|0.000000|0.000000|0.000000|0.000000|-1898.341793|263.000000|187.457235|-75.542765|0.000000|-94.917090|-94.917090|
20170610_150323|36407|228|12.987013|1|CarroTeste2|0|circulo_r60_xc160_yc120|0|0|0|0|0.000000|0.000000|0.000000|0.000000|0.000000|0.000000|0.000000|0.000000|0.000000|0.000000|0.000000|0.000000|
20170610_150323|36412|228|12.987013|1|CarroTeste|0|circulo_r60_xc160_yc120|0|0|0|0|0.000000|0.000000|0.000000|0.000000|0.000000|0.000000|0.000000|0.000000|0.000000|0.000000|0.000000|0.000000|
20170610_150330|43078|371|22.000000|1|Caçula|1|circulo_r60_xc160_yc120|0|0|149|141|0.000000|0.000000|0.000000|0.000000|0.000000|-106.158665|149.000000|144.790454|-4.209546|0.000000|-5.307933|-5.307933|
20170610_150330|43084|371|22.000000|1|CarroTeste2|0|circulo_r60_xc160_yc120|0|0|0|0|0.000000|0.000000|0.000000|0.000000|0.000000|0.000000|0.000000|0.000000|0.000000|0.000000|0.000000|0.000000|
20170610_150330|43089|371|22.000000|1|CarroTeste|0|circulo_r60_xc160_yc120|0|0|0|0|0.000000|0.000000|0.000000|0.000000|0.000000|0.000000|0.000000|0.000000|0.000000|0.000000|0.000000|0.000000|
20170610_150330|43156|373|12.987013|1|Caçula|1|circulo_r60_xc160_yc120|0|0|148|141|0.000000|0.000000|0.000000|0.000000|0.000000|-99.593766|148.000000|144.036758|-3.963242|0.000000|-4.979688|-4.979688|
20170610_150330|43162|373|12.987013|1|CarroTeste2|0|circulo_r60_xc160_yc120|0|0|0|0|0.000000|0.000000|0.000000|0.000000|0.000000|0.000000|0.000000|0.000000|0.000000|0.000000|0.000000|0.000000|
20170610_150330|43168|373|12.987013|1|CarroTeste|0|circulo_r60_xc160_yc120|0|0|0|0|0.000000|0.000000|0.000000|0.000000|0.000000|0.000000|0.000000|0.000000|0.000000|0.000000|0.000000|0.000000|
20170610_150330|43230|375|12.987013|1|Caçula|1|circulo_r60_xc160_yc120|0|0|149|141|0.000000|0.000000|0.000000|0.000000|0.000000|-142.607710|149.000000|143.325057|-5.674943|0.000000|-7.130385|-7.130385|
20170610_150330|43236|375|12.987013|1|CarroTeste2|0|circulo_r60_xc160_yc120|0|0|0|0|0.000000|0.000000|0.000000|0.000000|0.000000|0.000000|0.000000|0.000000|0.000000|0.000000|0.000000|0.000000|
20170610_150330|43242|375|12.987013|1|CarroTeste|0|circulo_r60_xc160_yc120|0|0|0|0|0.000000|0.000000|0.000000|0.000000|0.000000|0.000000|0.000000|0.000000|0.000000|0.000000|0.000000|0.000000|
20170610_150330|43309|377|12.987013|1|Caçula|1|circulo_r60_xc160_yc120|0|0|149|141|0.000000|0.000000|0.000000|0.000000|0.000000|-160.852138|149.000000|142.599037|-6.400963|0.000000|-8.042607|-8.042607|
20170610_150330|43315|377|12.987013|1|CarroTeste2|0|circulo_r60_xc160_yc120|0|0|0|0|0.000000|0.000000|0.000000|0.000000|0.000000|0.000000|0.000000|0.000000|0.000000|0.000000|0.000000|0.000000|
20170610_150330|43316|377|12.987013|1|CarroTeste|0|circulo_r60_xc160_yc120|0|0|0|0|0.000000|0.000000|0.000000|0.000000|0.000000|0.000000|0.000000|0.000000|0.000000|0.000000|0.000000|0.000000|
20170610_150330|43386|379|12.987013|1|Caçula|1|circulo_r60_xc160_yc120|0|0|149|141|0.000000|0.000000|0.000000|0.000000|0.000000|-178.491896|149.000000|141.897079|-7.102921|0.000000|-8.924595|-8.924595|
20170610_150330|43392|379|12.987013|1|CarroTeste2|0|circulo_r60_xc160_yc120|0|0|0|0|0.000000|0.000000|0.000000|0.000000|0.000000|0.000000|0.000000|0.000000|0.000000|0.000000|0.000000|0.000000|
20170610_150330|43398|379|12.987013|1|CarroTeste|0|circulo_r60_xc160_yc120|0|0|0|0|0.000000|0.000000|0.000000|0.000000|0.000000|0.000000|0.000000|0.000000|0.000000|0.000000|0.000000|0.000000|
20170610_150330|43463|381|12.987013|1|Caçula|1|circulo_r60_xc160_yc120|0|0|149|141|0.000000|0.000000|0.000000|0.000000|0.000000|-195.748350|149.000000|141.210375|-7.789625|0.000000|-9.787417|-9.787417|
20170610_150330|43470|381|12.987013|1|CarroTeste2|0|circulo_r60_xc160_yc120|0|0|0|0|0.000000|0.000000|0.000000|0.000000|0.000000|0.000000|0.000000|0.000000|0.000000|0.000000|0.000000|0.000000|
20170610_150330|43476|381|12.987013|1|CarroTeste|0|circulo_r60_xc160_yc120|0|0|0|0|0.000000|0.000000|0.000000|0.000000|0.000000|0.000000|0.000000|0.000000|0.000000|0.000000|0.000000|0.000000|
20170610_150330|43543|383|12.987013|1|Caçula|1|circulo_r60_xc160_yc120|0|0|149|142|0.000000|0.000000|0.000000|0.000000|0.000000|-213.255540|149.000000|140.513692|-8.486308|0.000000|-10.662777|-10.662777|
20170610_150330|43552|383|12.987013|1|CarroTeste2|0|circulo_r60_xc160_yc120|0|0|0|0|0.000000|0.000000|0.000000|0.000000|0.000000|0.000000|0.000000|0.000000|0.000000|0.000000|0.000000|0.000000|
20170610_150330|43557|383|12.987013|1|CarroTeste|0|circulo_r60_xc160_yc120|0|0|0|0|0.000000|0.000000|0.000000|0.000000|0.000000|0.000000|0.000000|0.000000|0.000000|0.000000|0.000000|0.000000|
20170610_150330|43622|385|12.987013|1|Caçula|1|circulo_r60_xc160_yc120|0|0|149|142|0.000000|0.000000|0.000000|0.000000|0.000000|-230.106900|149.000000|139.843108|-9.156892|0.000000|-11.505345|-11.505345|
20170610_150330|43627|385|12.987013|1|CarroTeste2|0|circulo_r60_xc160_yc120|0|0|0|0|0.000000|0.000000|0.000000|0.000000|0.000000|0.000000|0.000000|0.000000|0.000000|0.000000|0.000000|0.000000|
20170610_150330|43633|385|12.987013|1|CarroTeste|0|circulo_r60_xc160_yc120|0|0|0|0|0.000000|0.000000|0.000000|0.000000|0.000000|0.000000|0.000000|0.000000|0.000000|0.000000|0.000000|0.000000|
20170610_150331|43699|387|12.987013|1|Caçula|1|circulo_r60_xc160_yc120|0|0|148|142|0.000000|0.000000|0.000000|0.000000|0.000000|-220.970061|148.000000|139.206700|-8.793300|0.000000|-11.048503|-11.048503|
20170610_150331|43706|387|12.987013|1|CarroTeste2|0|circulo_r60_xc160_yc120|0|0|0|0|0.000000|0.000000|0.000000|0.000000|0.000000|0.000000|0.000000|0.000000|0.000000|0.000000|0.000000|0.000000|
20170610_150331|43711|387|12.987013|1|CarroTeste|0|circulo_r60_xc160_yc120|0|0|0|0|0.000000|0.000000|0.000000|0.000000|0.000000|0.000000|0.000000|0.000000|0.000000|0.000000|0.000000|0.000000|
20170610_150331|43779|389|12.820513|1|Caçula|1|circulo_r60_xc160_yc120|0|0|149|142|0.000000|0.000000|0.000000|0.000000|0.000000|-262.231284|149.000000|138.564061|-10.435939|0.000000|-13.111564|-13.111564|
20170610_150331|43785|389|12.820513|1|CarroTeste2|0|circulo_r60_xc160_yc120|0|0|0|0|0.000000|0.000000|0.000000|0.000000|0.000000|0.000000|0.000000|0.000000|0.000000|0.000000|0.000000|0.000000|
20170610_150331|43791|389|12.820513|1|CarroTeste|0|circulo_r60_xc160_yc120|0|0|0|0|0.000000|0.000000|0.000000|0.000000|0.000000|0.000000|0.000000|0.000000|0.000000|0.000000|0.000000|0.000000|
20170610_150331|43853|391|12.987013|1|Caçula|1|circulo_r60_xc160_yc120|0|0|149|142|0.000000|0.000000|0.000000|0.000000|0.000000|-276.943622|149.000000|137.979283|-11.020717|0.000000|-13.847181|-13.847181|
20170610_150331|43859|391|12.987013|1|CarroTeste2|0|circulo_r60_xc160_yc120|0|0|0|0|0.000000|0.000000|0.000000|0.000000|0.000000|0.000000|0.000000|0.000000|0.000000|0.000000|0.000000|0.000000|
20170610_150331|43865|391|12.987013|1|CarroTeste|0|circulo_r60_xc160_yc120|0|0|0|0|0.000000|0.000000|0.000000|0.000000|0.000000|0.000000|0.000000|0.000000|0.000000|0.000000|0.000000|0.000000|
20170610_150331|43932|393|12.987013|1|Caçula|1|circulo_r60_xc160_yc120|0|0|149|142|0.000000|0.000000|0.000000|0.000000|0.000000|-291.757112|149.000000|137.389794|-11.610206|0.000000|-14.587856|-14.587856|
20170610_150331|43937|393|12.987013|1|CarroTeste2|0|circulo_r60_xc160_yc120|0|0|0|0|0.000000|0.000000|0.000000|0.000000|0.000000|0.000000|0.000000|0.000000|0.000000|0.000000|0.000000|0.000000|
20170610_150331|43943|393|12.987013|1|CarroTeste|0|circulo_r60_xc160_yc120|0|0|0|0|0.000000|0.000000|0.000000|0.000000|0.000000|0.000000|0.000000|0.000000|0.000000|0.000000|0.000000|0.000000|
20170610_150331|44009|395|12.987013|1|Caçula|1|circulo_r60_xc160_yc120|0|0|149|142|0.000000|0.000000|0.000000|0.000000|0.000000|-305.898890|149.000000|136.827035|-12.172965|0.000000|-15.294944|-15.294944|
20170610_150331|44014|395|12.987013|1|CarroTeste2|0|circulo_r60_xc160_yc120|0|0|0|0|0.000000|0.000000|0.000000|0.000000|0.000000|0.000000|0.000000|0.000000|0.000000|0.000000|0.000000|0.000000|
20170610_150331|44019|395|12.987013|1|CarroTeste|0|circulo_r60_xc160_yc120|0|0|0|0|0.000000|0.000000|0.000000|0.000000|0.000000|0.000000|0.000000|0.000000|0.000000|0.000000|0.000000|0.000000|
20170610_150331|44086|397|12.987013|1|Caçula|0|circulo_r60_xc160_yc120|0|0|149|142|0.000000|0.000000|0.000000|0.000000|0.000000|0.000000|0.000000|0.000000|0.000000|0.000000|0.000000|0.000000|
20170610_150331|44091|397|12.987013|1|CarroTeste2|0|circulo_r60_xc160_yc120|0|0|0|0|0.000000|0.000000|0.000000|0.000000|0.000000|0.000000|0.000000|0.000000|0.000000|0.000000|0.000000|0.000000|
20170610_150331|44097|397|12.987013|1|CarroTeste|0|circulo_r60_xc160_yc120|0|0|0|0|0.000000|0.000000|0.000000|0.000000|0.000000|0.000000|0.000000|0.000000|0.000000|0.000000|0.000000|0.000000|
20170610_150331|44165|399|12.987013|1|Caçula|1|circulo_r60_xc160_yc120|0|0|150|142|0.000000|0.000000|0.000000|0.000000|0.000000|-358.163085|150.000000|135.747230|-14.252770|0.000000|-17.908154|-17.908154|
20170610_150331|44171|399|12.987013|1|CarroTeste2|0|circulo_r60_xc160_yc120|0|0|0|0|0.000000|0.000000|0.000000|0.000000|0.000000|0.000000|0.000000|0.000000|0.000000|0.000000|0.000000|0.000000|
20170610_150331|44176|399|12.987013|1|CarroTeste|0|circulo_r60_xc160_yc120|0|0|0|0|0.000000|0.000000|0.000000|0.000000|0.000000|0.000000|0.000000|0.000000|0.000000|0.000000|0.000000|0.000000|
20170610_150331|44243|401|12.987013|1|Caçula|1|circulo_r60_xc160_yc120|0|0|151|142|0.000000|0.000000|0.000000|0.000000|0.000000|-396.075206|151.000000|135.238552|-15.761448|0.000000|-19.803760|-19.803760|
20170610_150331|44249|401|12.987013|1|CarroTeste2|0|circulo_r60_xc160_yc120|0|0|0|0|0.000000|0.000000|0.000000|0.000000|0.000000|0.000000|0.000000|0.000000|0.000000|0.000000|0.000000|0.000000|
20170610_150331|44255|401|12.987013|1|CarroTeste|0|circulo_r60_xc160_yc120|0|0|0|0|0.000000|0.000000|0.000000|0.000000|0.000000|0.000000|0.000000|0.000000|0.000000|0.000000|0.000000|0.000000|
20170610_150331|44320|403|12.987013|1|Caçula|1|circulo_r60_xc160_yc120|0|0|151|142|0.000000|0.000000|0.000000|0.000000|0.000000|-408.166432|151.000000|134.757392|-16.242608|0.000000|-20.408322|-20.408322|
20170610_150331|44326|403|12.987013|1|CarroTeste2|0|circulo_r60_xc160_yc120|0|0|0|0|0.000000|0.000000|0.000000|0.000000|0.000000|0.000000|0.000000|0.000000|0.000000|0.000000|0.000000|0.000000|
20170610_150331|44332|403|12.987013|1|CarroTeste|0|circulo_r60_xc160_yc120|0|0|0|0|0.000000|0.000000|0.000000|0.000000|0.000000|0.000000|0.000000|0.000000|0.000000|0.000000|0.000000|0.000000|
20170610_150331|44402|405|12.987013|1|Caçula|1|circulo_r60_xc160_yc120|0|0|151|142|0.000000|0.000000|0.000000|0.000000|0.000000|-420.454905|151.000000|134.268384|-16.731616|0.000000|-21.022745|-21.022745|
20170610_150331|44408|405|12.987013|1|CarroTeste2|0|circulo_r60_xc160_yc120|0|0|0|0|0.000000|0.000000|0.000000|0.000000|0.000000|0.000000|0.000000|0.000000|0.000000|0.000000|0.000000|0.000000|
20170610_150331|44413|405|12.987013|1|CarroTeste|0|circulo_r60_xc160_yc120|0|0|0|0|0.000000|0.000000|0.000000|0.000000|0.000000|0.000000|0.000000|0.000000|0.000000|0.000000|0.000000|0.000000|
20170610_150331|44477|407|12.987013|1|Caçula|1|circulo_r60_xc160_yc120|0|0|151|142|0.000000|0.000000|0.000000|0.000000|0.000000|-431.153631|151.000000|133.842638|-17.157362|0.000000|-21.557682|-21.557682|
20170610_150331|44483|407|12.987013|1|CarroTeste2|0|circulo_r60_xc160_yc120|0|0|0|0|0.000000|0.000000|0.000000|0.000000|0.000000|0.000000|0.000000|0.000000|0.000000|0.000000|0.000000|0.000000|
20170610_150331|44489|407|12.987013|1|CarroTeste|0|circulo_r60_xc160_yc120|0|0|0|0|0.000000|0.000000|0.000000|0.000000|0.000000|0.000000|0.000000|0.000000|0.000000|0.000000|0.000000|0.000000|
20170610_150331|44556|409|12.987013|1|Caçula|1|circulo_r60_xc160_yc120|0|0|152|141|0.000000|0.000000|0.000000|0.000000|0.000000|-466.983931|152.000000|133.416804|-18.583196|0.000000|-23.349197|-23.349197|
20170610_150331|44562|409|12.987013|1|CarroTeste2|0|circulo_r60_xc160_yc120|0|0|0|0|0.000000|0.000000|0.000000|0.000000|0.000000|0.000000|0.000000|0.000000|0.000000|0.000000|0.000000|0.000000|
20170610_150331|44567|409|12.987013|1|CarroTeste|0|circulo_r60_xc160_yc120|0|0|0|0|0.000000|0.000000|0.000000|0.000000|0.000000|0.000000|0.000000|0.000000|0.000000|0.000000|0.000000|0.000000|
20170610_150331|44634|411|12.987013|1|Caçula|1|circulo_r60_xc160_yc120|0|0|153|141|0.000000|0.000000|0.000000|0.000000|0.000000|-502.097537|153.000000|133.019491|-19.980509|0.000000|-25.104877|-25.104877|
20170610_150331|44642|411|12.987013|1|CarroTeste2|0|circulo_r60_xc160_yc120|0|0|0|0|0.000000|0.000000|0.000000|0.000000|0.000000|0.000000|0.000000|0.000000|0.000000|0.000000|0.000000|0.000000|
20170610_150331|44647|411|12.987013|1|CarroTeste|0|circulo_r60_xc160_yc120|0|0|0|0|0.000000|0.000000|0.000000|0.000000|0.000000|0.000000|0.000000|0.000000|0.000000|0.000000|0.000000|0.000000|
20170610_150332|44710|413|12.987013|1|Caçula|1|circulo_r60_xc160_yc120|0|0|155|141|0.000000|0.000000|0.000000|0.000000|0.000000|-561.520716|155.000000|132.654800|-22.345200|0.000000|-28.076036|-28.076036|
20170610_150332|44716|413|12.987013|1|CarroTeste2|0|circulo_r60_xc160_yc120|0|0|0|0|0.000000|0.000000|0.000000|0.000000|0.000000|0.000000|0.000000|0.000000|0.000000|0.000000|0.000000|0.000000|
20170610_150332|44721|413|12.987013|1|CarroTeste|0|circulo_r60_xc160_yc120|0|0|0|0|0.000000|0.000000|0.000000|0.000000|0.000000|0.000000|0.000000|0.000000|0.000000|0.000000|0.000000|0.000000|
20170610_150332|44791|415|12.987013|1|Caçula|1|circulo_r60_xc160_yc120|0|0|155|141|0.000000|0.000000|0.000000|0.000000|0.000000|-570.666974|155.000000|132.290833|-22.709167|0.000000|-28.533349|-28.533349|
20170610_150332|44797|415|12.987013|1|CarroTeste2|0|circulo_r60_xc160_yc120|0|0|0|0|0.000000|0.000000|0.000000|0.000000|0.000000|0.000000|0.000000|0.000000|0.000000|0.000000|0.000000|0.000000|
20170610_150332|44803|415|12.987013|1|CarroTeste|0|circulo_r60_xc160_yc120|0|0|0|0|0.000000|0.000000|0.000000|0.000000|0.000000|0.000000|0.000000|0.000000|0.000000|0.000000|0.000000|0.000000|
20170610_150332|44866|417|12.987013|1|Caçula|1|circulo_r60_xc160_yc120|0|0|157|140|0.000000|0.000000|0.000000|0.000000|0.000000|-628.815760|157.000000|131.976855|-25.023145|0.000000|-31.440788|-31.440788|
20170610_150332|44872|417|12.987013|1|CarroTeste2|0|circulo_r60_xc160_yc120|0|0|0|0|0.000000|0.000000|0.000000|0.000000|0.000000|0.000000|0.000000|0.000000|0.000000|0.000000|0.000000|0.000000|
20170610_150332|44878|417|12.987013|1|CarroTeste|0|circulo_r60_xc160_yc120|0|0|0|0|0.000000|0.000000|0.000000|0.000000|0.000000|0.000000|0.000000|0.000000|0.000000|0.000000|0.000000|0.000000|
20170610_150332|44949|419|12.987013|1|Caçula|1|circulo_r60_xc160_yc120|0|0|158|140|0.000000|0.000000|0.000000|0.000000|0.000000|-662.020338|158.000000|131.655510|-26.344490|0.000000|-33.101017|-33.101017|
20170610_150332|44955|419|12.987013|1|CarroTeste2|0|circulo_r60_xc160_yc120|0|0|0|0|0.000000|0.000000|0.000000|0.000000|0.000000|0.000000|0.000000|0.000000|0.000000|0.000000|0.000000|0.000000|
20170610_150332|44960|419|12.987013|1|CarroTeste|0|circulo_r60_xc160_yc120|0|0|0|0|0.000000|0.000000|0.000000|0.000000|0.000000|0.000000|0.000000|0.000000|0.000000|0.000000|0.000000|0.000000|
20170610_150332|45022|421|12.987013|1|Caçula|1|circulo_r60_xc160_yc120|0|0|159|139|0.000000|0.000000|0.000000|0.000000|0.000000|-693.675885|159.000000|131.395807|-27.604193|0.000000|-34.683794|-34.683794|
20170610_150332|45027|421|12.987013|1|CarroTeste2|0|circulo_r60_xc160_yc120|0|0|0|0|0.000000|0.000000|0.000000|0.000000|0.000000|0.000000|0.000000|0.000000|0.000000|0.000000|0.000000|0.000000|
20170610_150332|45033|421|12.987013|1|CarroTeste|0|circulo_r60_xc160_yc120|0|0|0|0|0.000000|0.000000|0.000000|0.000000|0.000000|0.000000|0.000000|0.000000|0.000000|0.000000|0.000000|0.000000|
20170610_150332|45104|423|12.987013|1|Caçula|1|circulo_r60_xc160_yc120|0|0|161|139|0.000000|0.000000|0.000000|0.000000|0.000000|-750.615993|161.000000|131.129927|-29.870073|0.000000|-37.530800|-37.530800|
20170610_150332|45109|423|12.987013|1|CarroTeste2|0|circulo_r60_xc160_yc120|0|0|0|0|0.000000|0.000000|0.000000|0.000000|0.000000|0.000000|0.000000|0.000000|0.000000|0.000000|0.000000|0.000000|
20170610_150332|45114|423|12.987013|1|CarroTeste|0|circulo_r60_xc160_yc120|0|0|0|0|0.000000|0.000000|0.000000|0.000000|0.000000|0.000000|0.000000|0.000000|0.000000|0.000000|0.000000|0.000000|
20170610_150332|45182|425|12.987013|1|Caçula|1|circulo_r60_xc160_yc120|0|0|163|138|0.000000|0.000000|0.000000|0.000000|0.000000|-806.586929|163.000000|130.902615|-32.097385|0.000000|-40.329346|-40.329346|
20170610_150332|45188|425|12.987013|1|CarroTeste2|0|circulo_r60_xc160_yc120|0|0|0|0|0.000000|0.000000|0.000000|0.000000|0.000000|0.000000|0.000000|0.000000|0.000000|0.000000|0.000000|0.000000|
20170610_150332|45195|425|12.987013|1|CarroTeste|0|circulo_r60_xc160_yc120|0|0|0|0|0.000000|0.000000|0.000000|0.000000|0.000000|0.000000|0.000000|0.000000|0.000000|0.000000|0.000000|0.000000|
20170610_150332|45256|427|12.987013|1|Caçula|1|circulo_r60_xc160_yc120|0|0|163|138|0.000000|0.000000|0.000000|0.000000|0.000000|-811.421867|163.000000|130.710213|-32.289787|0.000000|-40.571093|-40.571093|
20170610_150332|45261|427|12.987013|1|CarroTeste2|0|circulo_r60_xc160_yc120|0|0|0|0|0.000000|0.000000|0.000000|0.000000|0.000000|0.000000|0.000000|0.000000|0.000000|0.000000|0.000000|0.000000|
20170610_150332|45267|427|12.987013|1|CarroTeste|0|circulo_r60_xc160_yc120|0|0|0|0|0.000000|0.000000|0.000000|0.000000|0.000000|0.000000|0.000000|0.000000|0.000000|0.000000|0.000000|0.000000|
20170610_150332|45336|429|12.987013|1|Caçula|1|circulo_r60_xc160_yc120|0|0|165|137|0.000000|0.000000|0.000000|0.000000|0.000000|-866.316148|165.000000|130.525746|-34.474254|0.000000|-43.315807|-43.315807|
20170610_150332|45342|429|12.987013|1|CarroTeste2|0|circulo_r60_xc160_yc120|0|0|0|0|0.000000|0.000000|0.000000|0.000000|0.000000|0.000000|0.000000|0.000000|0.000000|0.000000|0.000000|0.000000|
20170610_150332|45349|429|12.987013|1|CarroTeste|0|circulo_r60_xc160_yc120|0|0|0|0|0.000000|0.000000|0.000000|0.000000|0.000000|0.000000|0.000000|0.000000|0.000000|0.000000|0.000000|0.000000|
20170610_150332|45414|431|12.987013|1|Caçula|1|circulo_r60_xc160_yc120|0|0|169|136|0.000000|0.000000|0.000000|0.000000|0.000000|-970.600022|169.000000|130.375865|-38.624135|0.000000|-48.530001|-48.530001|
20170610_150332|45419|431|12.987013|1|CarroTeste2|0|circulo_r60_xc160_yc120|0|0|0|0|0.000000|0.000000|0.000000|0.000000|0.000000|0.000000|0.000000|0.000000|0.000000|0.000000|0.000000|0.000000|
20170610_150332|45424|431|12.987013|1|CarroTeste|0|circulo_r60_xc160_yc120|0|0|0|0|0.000000|0.000000|0.000000|0.000000|0.000000|0.000000|0.000000|0.000000|0.000000|0.000000|0.000000|0.000000|
20170610_150332|45491|433|12.987013|1|Caçula|1|circulo_r60_xc160_yc120|0|0|169|136|0.000000|0.000000|0.000000|0.000000|0.000000|-973.739182|169.000000|130.250945|-38.749055|0.000000|-48.686959|-48.686959|
20170610_150332|45496|433|12.987013|1|CarroTeste2|0|circulo_r60_xc160_yc120|0|0|0|0|0.000000|0.000000|0.000000|0.000000|0.000000|0.000000|0.000000|0.000000|0.000000|0.000000|0.000000|0.000000|
20170610_150332|45503|433|12.987013|1|CarroTeste|0|circulo_r60_xc160_yc120|0|0|0|0|0.000000|0.000000|0.000000|0.000000|0.000000|0.000000|0.000000|0.000000|0.000000|0.000000|0.000000|0.000000|
20170610_150332|45574|435|12.987013|1|Caçula|1|circulo_r60_xc160_yc120|0|0|171|136|0.000000|0.000000|0.000000|0.000000|0.000000|-1026.676189|171.000000|130.144366|-40.855634|0.000000|-51.333809|-51.333809|
20170610_150332|45579|435|12.987013|1|CarroTeste2|0|circulo_r60_xc160_yc120|0|0|0|0|0.000000|0.000000|0.000000|0.000000|0.000000|0.000000|0.000000|0.000000|0.000000|0.000000|0.000000|0.000000|
20170610_150332|45585|435|12.987013|1|CarroTeste|0|circulo_r60_xc160_yc120|0|0|0|0|0.000000|0.000000|0.000000|0.000000|0.000000|0.000000|0.000000|0.000000|0.000000|0.000000|0.000000|0.000000|
20170610_150332|45648|437|12.987013|1|Caçula|1|circulo_r60_xc160_yc120|0|0|174|135|0.000000|0.000000|0.000000|0.000000|0.000000|-1103.832860|174.000000|130.073987|-43.926013|0.000000|-55.191643|-55.191643|
20170610_150333|45654|437|12.987013|1|CarroTeste2|0|circulo_r60_xc160_yc120|0|0|0|0|0.000000|0.000000|0.000000|0.000000|0.000000|0.000000|0.000000|0.000000|0.000000|0.000000|0.000000|0.000000|
20170610_150333|45655|437|12.987013|1|CarroTeste|0|circulo_r60_xc160_yc120|0|0|0|0|0.000000|0.000000|0.000000|0.000000|0.000000|0.000000|0.000000|0.000000|0.000000|0.000000|0.000000|0.000000|
20170610_150333|45722|439|12.987013|1|Caçula|1|circulo_r60_xc160_yc120|0|0|176|135|0.000000|0.000000|0.000000|0.000000|0.000000|-1155.274933|176.000000|130.026897|-45.973103|0.000000|-57.763747|-57.763747|
20170610_150333|45728|439|12.987013|1|CarroTeste2|0|circulo_r60_xc160_yc120|0|0|0|0|0.000000|0.000000|0.000000|0.000000|0.000000|0.000000|0.000000|0.000000|0.000000|0.000000|0.000000|0.000000|
20170610_150333|45732|439|12.987013|1|CarroTeste|0|circulo_r60_xc160_yc120|0|0|0|0|0.000000|0.000000|0.000000|0.000000|0.000000|0.000000|0.000000|0.000000|0.000000|0.000000|0.000000|0.000000|
20170610_150333|45802|441|12.987013|1|Caçula|1|circulo_r60_xc160_yc120|0|0|179|134|0.000000|0.000000|0.000000|0.000000|0.000000|-1231.282934|179.000000|130.002229|-48.997771|0.000000|-61.564147|-61.564147|
20170610_150333|45808|441|12.987013|1|CarroTeste2|0|circulo_r60_xc160_yc120|0|0|0|0|0.000000|0.000000|0.000000|0.000000|0.000000|0.000000|0.000000|0.000000|0.000000|0.000000|0.000000|0.000000|
20170610_150333|45815|441|12.987013|1|CarroTeste|0|circulo_r60_xc160_yc120|0|0|0|0|0.000000|0.000000|0.000000|0.000000|0.000000|0.000000|0.000000|0.000000|0.000000|0.000000|0.000000|0.000000|
20170610_150333|45878|443|12.987013|1|Caçula|1|circulo_r60_xc160_yc120|0|0|183|133|0.000000|0.000000|0.000000|0.000000|0.000000|-1331.754256|183.000000|130.004065|-52.995935|0.000000|-66.587713|-66.587713|
20170610_150333|45884|443|12.987013|1|CarroTeste2|0|circulo_r60_xc160_yc120|0|0|0|0|0.000000|0.000000|0.000000|0.000000|0.000000|0.000000|0.000000|0.000000|0.000000|0.000000|0.000000|0.000000|
20170610_150333|45891|443|12.987013|1|CarroTeste|0|circulo_r60_xc160_yc120|0|0|0|0|0.000000|0.000000|0.000000|0.000000|0.000000|0.000000|0.000000|0.000000|0.000000|0.000000|0.000000|0.000000|
20170610_150333|45958|445|12.987013|1|Caçula|1|circulo_r60_xc160_yc120|0|0|183|133|0.000000|0.000000|0.000000|0.000000|0.000000|-1331.037257|183.000000|130.032597|-52.967403|0.000000|-66.551863|-66.551863|
20170610_150333|45963|445|12.987013|1|CarroTeste2|0|circulo_r60_xc160_yc120|0|0|0|0|0.000000|0.000000|0.000000|0.000000|0.000000|0.000000|0.000000|0.000000|0.000000|0.000000|0.000000|0.000000|
20170610_150333|45964|445|12.987013|1|CarroTeste|0|circulo_r60_xc160_yc120|0|0|0|0|0.000000|0.000000|0.000000|0.000000|0.000000|0.000000|0.000000|0.000000|0.000000|0.000000|0.000000|0.000000|
20170610_150333|46038|447|12.987013|1|Caçula|1|circulo_r60_xc160_yc120|0|0|188|132|0.000000|0.000000|0.000000|0.000000|0.000000|-1455.282168|188.000000|130.088385|-57.911615|0.000000|-72.764108|-72.764108|
20170610_150333|46043|447|12.987013|1|CarroTeste2|0|circulo_r60_xc160_yc120|0|0|0|0|0.000000|0.000000|0.000000|0.000000|0.000000|0.000000|0.000000|0.000000|0.000000|0.000000|0.000000|0.000000|
20170610_150333|46045|447|12.987013|1|CarroTeste|0|circulo_r60_xc160_yc120|0|0|0|0|0.000000|0.000000|0.000000|0.000000|0.000000|0.000000|0.000000|0.000000|0.000000|0.000000|0.000000|0.000000|
20170610_150333|46111|449|12.987013|1|Caçula|1|circulo_r60_xc160_yc120|0|0|191|131|0.000000|0.000000|0.000000|0.000000|0.000000|-1528.794436|191.000000|130.163032|-60.836968|0.000000|-76.439722|-76.439722|
20170610_150333|46118|449|12.987013|1|CarroTeste2|0|circulo_r60_xc160_yc120|0|0|0|0|0.000000|0.000000|0.000000|0.000000|0.000000|0.000000|0.000000|0.000000|0.000000|0.000000|0.000000|0.000000|
20170610_150333|46124|449|12.987013|1|CarroTeste|0|circulo_r60_xc160_yc120|0|0|0|0|0.000000|0.000000|0.000000|0.000000|0.000000|0.000000|0.000000|0.000000|0.000000|0.000000|0.000000|0.000000|
20170610_150333|46190|451|12.987013|1|Caçula|1|circulo_r60_xc160_yc120|0|0|194|130|0.000000|0.000000|0.000000|0.000000|0.000000|-1601.512829|194.000000|130.269271|-63.730729|0.000000|-80.075641|-80.075641|
20170610_150333|46197|451|12.987013|1|CarroTeste2|0|circulo_r60_xc160_yc120|0|0|0|0|0.000000|0.000000|0.000000|0.000000|0.000000|0.000000|0.000000|0.000000|0.000000|0.000000|0.000000|0.000000|
20170610_150333|46202|451|12.987013|1|CarroTeste|0|circulo_r60_xc160_yc120|0|0|0|0|0.000000|0.000000|0.000000|0.000000|0.000000|0.000000|0.000000|0.000000|0.000000|0.000000|0.000000|0.000000|
20170610_150333|46276|453|12.987013|1|Caçula|1|circulo_r60_xc160_yc120|0|0|199|129|0.000000|0.000000|0.000000|0.000000|0.000000|-1723.500190|199.000000|130.414896|-68.585104|0.000000|-86.175010|-86.175010|
20170610_150333|46282|453|12.987013|1|CarroTeste2|0|circulo_r60_xc160_yc120|0|0|0|0|0.000000|0.000000|0.000000|0.000000|0.000000|0.000000|0.000000|0.000000|0.000000|0.000000|0.000000|0.000000|
20170610_150333|46288|453|12.987013|1|CarroTeste|0|circulo_r60_xc160_yc120|0|0|0|0|0.000000|0.000000|0.000000|0.000000|0.000000|0.000000|0.000000|0.000000|0.000000|0.000000|0.000000|0.000000|
20170610_150333|46345|455|12.987013|1|Caçula|1|circulo_r60_xc160_yc120|0|0|203|127|0.000000|0.000000|0.000000|0.000000|0.000000|-1820.516383|203.000000|130.554226|-72.445774|0.000000|-91.025819|-91.025819|
20170610_150333|46351|455|12.987013|1|CarroTeste2|0|circulo_r60_xc160_yc120|0|0|0|0|0.000000|0.000000|0.000000|0.000000|0.000000|0.000000|0.000000|0.000000|0.000000|0.000000|0.000000|0.000000|
20170610_150333|46357|455|12.987013|1|CarroTeste|0|circulo_r60_xc160_yc120|0|0|0|0|0.000000|0.000000|0.000000|0.000000|0.000000|0.000000|0.000000|0.000000|0.000000|0.000000|0.000000|0.000000|
20170610_150333|46426|457|12.987013|1|Caçula|1|circulo_r60_xc160_yc120|0|0|205|127|0.000000|0.000000|0.000000|0.000000|0.000000|-1866.026285|205.000000|130.743201|-74.256799|0.000000|-93.301314|-93.301314|
20170610_150333|46432|457|12.987013|1|CarroTeste2|0|circulo_r60_xc160_yc120|0|0|0|0|0.000000|0.000000|0.000000|0.000000|0.000000|0.000000|0.000000|0.000000|0.000000|0.000000|0.000000|0.000000|
20170610_150333|46437|457|12.987013|1|CarroTeste|0|circulo_r60_xc160_yc120|0|0|0|0|0.000000|0.000000|0.000000|0.000000|0.000000|0.000000|0.000000|0.000000|0.000000|0.000000|0.000000|0.000000|
20170610_150333|46502|459|12.987013|1|Caçula|1|circulo_r60_xc160_yc120|0|0|211|125|0.000000|0.000000|0.000000|0.000000|0.000000|-2011.723366|211.000000|130.945320|-80.054680|0.000000|-100.586168|-100.586168|
20170610_150333|46508|459|12.987013|1|CarroTeste2|0|circulo_r60_xc160_yc120|0|0|0|0|0.000000|0.000000|0.000000|0.000000|0.000000|0.000000|0.000000|0.000000|0.000000|0.000000|0.000000|0.000000|
20170610_150333|46513|459|12.987013|1|CarroTeste|0|circulo_r60_xc160_yc120|0|0|0|0|0.000000|0.000000|0.000000|0.000000|0.000000|0.000000|0.000000|0.000000|0.000000|0.000000|0.000000|0.000000|
20170610_150333|46580|461|12.987013|1|Caçula|1|circulo_r60_xc160_yc120|0|0|217|123|0.000000|0.000000|0.000000|0.000000|0.000000|-2156.742437|217.000000|131.174419|-85.825581|0.000000|-107.837122|-107.837122|
20170610_150333|46586|461|12.987013|1|CarroTeste2|0|circulo_r60_xc160_yc120|0|0|0|0|0.000000|0.000000|0.000000|0.000000|0.000000|0.000000|0.000000|0.000000|0.000000|0.000000|0.000000|0.000000|
20170610_150333|46591|461|12.987013|1|CarroTeste|0|circulo_r60_xc160_yc120|0|0|0|0|0.000000|0.000000|0.000000|0.000000|0.000000|0.000000|0.000000|0.000000|0.000000|0.000000|0.000000|0.000000|
20170610_150334|46659|463|12.987013|1|Caçula|1|circulo_r60_xc160_yc120|0|0|219|122|0.000000|0.000000|0.000000|0.000000|0.000000|-2200.373340|219.000000|131.438168|-87.561832|0.000000|-110.018667|-110.018667|
20170610_150334|46666|463|12.987013|1|CarroTeste2|0|circulo_r60_xc160_yc120|0|0|0|0|0.000000|0.000000|0.000000|0.000000|0.000000|0.000000|0.000000|0.000000|0.000000|0.000000|0.000000|0.000000|
20170610_150334|46672|463|12.987013|1|CarroTeste|0|circulo_r60_xc160_yc120|0|0|0|0|0.000000|0.000000|0.000000|0.000000|0.000000|0.000000|0.000000|0.000000|0.000000|0.000000|0.000000|0.000000|
20170610_150334|46735|465|12.987013|1|Caçula|1|circulo_r60_xc160_yc120|0|0|226|120|0.000000|0.000000|0.000000|0.000000|0.000000|-2369.283005|226.000000|131.716563|-94.283437|0.000000|-118.464150|-118.464150|
20170610_150334|46741|465|12.987013|1|CarroTeste2|0|circulo_r60_xc160_yc120|0|0|0|0|0.000000|0.000000|0.000000|0.000000|0.000000|0.000000|0.000000|0.000000|0.000000|0.000000|0.000000|0.000000|
20170610_150334|46747|465|12.987013|1|CarroTeste|0|circulo_r60_xc160_yc120|0|0|0|0|0.000000|0.000000|0.000000|0.000000|0.000000|0.000000|0.000000|0.000000|0.000000|0.000000|0.000000|0.000000|
20170610_150334|46814|467|12.987013|1|Caçula|1|circulo_r60_xc160_yc120|0|0|233|116|0.000000|0.000000|0.000000|0.000000|0.000000|-2537.491265|233.000000|132.022870|-100.977130|0.000000|-126.874563|-126.874563|
20170610_150334|46821|467|12.987013|1|CarroTeste2|0|circulo_r60_xc160_yc120|0|0|0|0|0.000000|0.000000|0.000000|0.000000|0.000000|0.000000|0.000000|0.000000|0.000000|0.000000|0.000000|0.000000|
20170610_150334|46826|467|12.987013|1|CarroTeste|0|circulo_r60_xc160_yc120|0|0|0|0|0.000000|0.000000|0.000000|0.000000|0.000000|0.000000|0.000000|0.000000|0.000000|0.000000|0.000000|0.000000|
20170610_150334|46892|469|12.987013|1|Caçula|1|circulo_r60_xc160_yc120|0|0|235|115|0.000000|0.000000|0.000000|0.000000|0.000000|-2579.444831|235.000000|132.353367|-102.646633|0.000000|-128.972242|-128.972242|
20170610_150334|46898|469|12.987013|1|CarroTeste2|0|circulo_r60_xc160_yc120|0|0|0|0|0.000000|0.000000|0.000000|0.000000|0.000000|0.000000|0.000000|0.000000|0.000000|0.000000|0.000000|0.000000|
20170610_150334|46903|469|12.987013|1|CarroTeste|0|circulo_r60_xc160_yc120|0|0|0|0|0.000000|0.000000|0.000000|0.000000|0.000000|0.000000|0.000000|0.000000|0.000000|0.000000|0.000000|0.000000|
20170610_150334|46971|471|12.987013|1|Caçula|1|circulo_r60_xc160_yc120|0|0|243|112|0.000000|0.000000|0.000000|0.000000|0.000000|-2771.455869|243.000000|132.712464|-110.287536|0.000000|-138.572793|-138.572793|
20170610_150334|46976|471|12.987013|1|CarroTeste2|0|circulo_r60_xc160_yc120|0|0|0|0|0.000000|0.000000|0.000000|0.000000|0.000000|0.000000|0.000000|0.000000|0.000000|0.000000|0.000000|0.000000|
20170610_150334|46982|471|12.987013|1|CarroTeste|0|circulo_r60_xc160_yc120|0|0|0|0|0.000000|0.000000|0.000000|0.000000|0.000000|0.000000|0.000000|0.000000|0.000000|0.000000|0.000000|0.000000|
20170610_150334|47046|473|12.987013|1|Caçula|1|circulo_r60_xc160_yc120|0|0|251|108|0.000000|0.000000|0.000000|0.000000|0.000000|-2963.360915|251.000000|133.075779|-117.924221|0.000000|-148.168046|-148.168046|
20170610_150334|47051|473|12.987013|1|CarroTeste2|0|circulo_r60_xc160_yc120|0|0|0|0|0.000000|0.000000|0.000000|0.000000|0.000000|0.000000|0.000000|0.000000|0.000000|0.000000|0.000000|0.000000|
20170610_150334|47057|473|12.987013|1|CarroTeste|0|circulo_r60_xc160_yc120|0|0|0|0|0.000000|0.000000|0.000000|0.000000|0.000000|0.000000|0.000000|0.000000|0.000000|0.000000|0.000000|0.000000|
