TimeStamp|Ticks|FrameNum|FPS|Robo|achou|trajetoria|Xd|Yd|Xa|Ya|DistMelhorPonto|velAtual|velDesejada|erroVel|angAtual|angDesejado|erroAng|
20170115_121612|34314|1|1.18739e-006||0|||0|0|0|0|-9.25596e+061|-9.25596e+061|-9.25596e+061|-9.25596e+061|-9.25596e+061|-9.25596e+061|-9.25596e+061|
20170115_121612|34495|2|4.29185||0|||0|0|0|0|-9.25596e+061|-9.25596e+061|-9.25596e+061|-9.25596e+061|-9.25596e+061|-9.25596e+061|-9.25596e+061|
20170115_121612|34654|3|6.62252||0|||0|0|0|0|-9.25596e+061|-9.25596e+061|-9.25596e+061|-9.25596e+061|-9.25596e+061|-9.25596e+061|-9.25596e+061|
20170115_121613|34807|4|6.21118||0|||0|0|0|0|-9.25596e+061|-9.25596e+061|-9.25596e+061|-9.25596e+061|-9.25596e+061|-9.25596e+061|-9.25596e+061|
20170115_121613|34981|5|5.68182||0|||0|0|0|0|-9.25596e+061|-9.25596e+061|-9.25596e+061|-9.25596e+061|-9.25596e+061|-9.25596e+061|-9.25596e+061|
20170115_121613|35143|6|6.21118||0|||0|0|0|0|-9.25596e+061|-9.25596e+061|-9.25596e+061|-9.25596e+061|-9.25596e+061|-9.25596e+061|-9.25596e+061|
20170115_121613|35319|7|5.71429||0|||0|0|0|0|-9.25596e+061|-9.25596e+061|-9.25596e+061|-9.25596e+061|-9.25596e+061|-9.25596e+061|-9.25596e+061|
20170115_121613|35491|8|6.21118||0|||0|0|0|0|-9.25596e+061|-9.25596e+061|-9.25596e+061|-9.25596e+061|-9.25596e+061|-9.25596e+061|-9.25596e+061|
20170115_121613|35638|9|6.28931||0|||0|0|0|0|-9.25596e+061|-9.25596e+061|-9.25596e+061|-9.25596e+061|-9.25596e+061|-9.25596e+061|-9.25596e+061|
20170115_121614|35813|10|5.71429||0|||0|0|0|0|-9.25596e+061|-9.25596e+061|-9.25596e+061|-9.25596e+061|-9.25596e+061|-9.25596e+061|-9.25596e+061|
20170115_121614|35975|11|6.21118||0|||0|0|0|0|-9.25596e+061|-9.25596e+061|-9.25596e+061|-9.25596e+061|-9.25596e+061|-9.25596e+061|-9.25596e+061|
20170115_121614|36151|12|5.71429||0|||0|0|0|0|-9.25596e+061|-9.25596e+061|-9.25596e+061|-9.25596e+061|-9.25596e+061|-9.25596e+061|-9.25596e+061|
20170115_121614|36316|13|6.21118||0|||0|0|0|0|-9.25596e+061|-9.25596e+061|-9.25596e+061|-9.25596e+061|-9.25596e+061|-9.25596e+061|-9.25596e+061|
20170115_121614|36478|14|6.17284||0|||0|0|0|0|-9.25596e+061|-9.25596e+061|-9.25596e+061|-9.25596e+061|-9.25596e+061|-9.25596e+061|-9.25596e+061|
20170115_121614|36648|15|5.74713||0|||0|0|0|0|-9.25596e+061|-9.25596e+061|-9.25596e+061|-9.25596e+061|-9.25596e+061|-9.25596e+061|-9.25596e+061|
20170115_121615|36823|16|6.25||0|||0|0|0|0|-9.25596e+061|-9.25596e+061|-9.25596e+061|-9.25596e+061|-9.25596e+061|-9.25596e+061|-9.25596e+061|
20170115_121615|36992|17|5.64972||0|||0|0|0|0|-9.25596e+061|-9.25596e+061|-9.25596e+061|-9.25596e+061|-9.25596e+061|-9.25596e+061|-9.25596e+061|
20170115_121615|37141|18|6.32911||0|||0|0|0|0|-9.25596e+061|-9.25596e+061|-9.25596e+061|-9.25596e+061|-9.25596e+061|-9.25596e+061|-9.25596e+061|
20170115_121615|37309|19|6.17284||0|||0|0|0|0|-9.25596e+061|-9.25596e+061|-9.25596e+061|-9.25596e+061|-9.25596e+061|-9.25596e+061|-9.25596e+061|
20170115_121615|37484|20|5.71429||0|||0|0|0|0|-9.25596e+061|-9.25596e+061|-9.25596e+061|-9.25596e+061|-9.25596e+061|-9.25596e+061|-9.25596e+061|
20170115_121615|37645|21|6.25||0|||0|0|0|0|-9.25596e+061|-9.25596e+061|-9.25596e+061|-9.25596e+061|-9.25596e+061|-9.25596e+061|-9.25596e+061|
20170115_121616|37816|22|5.68182||0|||0|0|0|0|-9.25596e+061|-9.25596e+061|-9.25596e+061|-9.25596e+061|-9.25596e+061|-9.25596e+061|-9.25596e+061|
20170115_121616|37977|23|6.21118||0|||0|0|0|0|-9.25596e+061|-9.25596e+061|-9.25596e+061|-9.25596e+061|-9.25596e+061|-9.25596e+061|-9.25596e+061|
20170115_121616|38153|24|5.71429||0|||0|0|0|0|-9.25596e+061|-9.25596e+061|-9.25596e+061|-9.25596e+061|-9.25596e+061|-9.25596e+061|-9.25596e+061|
20170115_121616|38317|25|6.28931||0|||0|0|0|0|-9.25596e+061|-9.25596e+061|-9.25596e+061|-9.25596e+061|-9.25596e+061|-9.25596e+061|-9.25596e+061|
20170115_121616|38487|26|6.21118||0|||0|0|0|0|-9.25596e+061|-9.25596e+061|-9.25596e+061|-9.25596e+061|-9.25596e+061|-9.25596e+061|-9.25596e+061|
20170115_121617|38671|27|5.68182||0|||0|0|0|0|-9.25596e+061|-9.25596e+061|-9.25596e+061|-9.25596e+061|-9.25596e+061|-9.25596e+061|-9.25596e+061|
20170115_121617|38818|28|6.25||0|||0|0|0|0|-9.25596e+061|-9.25596e+061|-9.25596e+061|-9.25596e+061|-9.25596e+061|-9.25596e+061|-9.25596e+061|
20170115_121617|38994|29|5.68182||0|||0|0|0|0|-9.25596e+061|-9.25596e+061|-9.25596e+061|-9.25596e+061|-9.25596e+061|-9.25596e+061|-9.25596e+061|
20170115_121617|39157|30|6.25||0|||0|0|0|0|-9.25596e+061|-9.25596e+061|-9.25596e+061|-9.25596e+061|-9.25596e+061|-9.25596e+061|-9.25596e+061|
20170115_121617|39320|31|6.28931||0|||0|0|0|0|-9.25596e+061|-9.25596e+061|-9.25596e+061|-9.25596e+061|-9.25596e+061|-9.25596e+061|-9.25596e+061|
20170115_121617|39502|32|5.64972||0|||0|0|0|0|-9.25596e+061|-9.25596e+061|-9.25596e+061|-9.25596e+061|-9.25596e+061|-9.25596e+061|-9.25596e+061|
20170115_121617|39659|33|6.28931||0|||0|0|0|0|-9.25596e+061|-9.25596e+061|-9.25596e+061|-9.25596e+061|-9.25596e+061|-9.25596e+061|-9.25596e+061|
20170115_121618|39829|34|5.64972||0|||0|0|0|0|-9.25596e+061|-9.25596e+061|-9.25596e+061|-9.25596e+061|-9.25596e+061|-9.25596e+061|-9.25596e+061|
20170115_121618|39983|35|6.25||0|||0|0|0|0|-9.25596e+061|-9.25596e+061|-9.25596e+061|-9.25596e+061|-9.25596e+061|-9.25596e+061|-9.25596e+061|
20170115_121618|40166|36|5.68182||0|||0|0|0|0|-9.25596e+061|-9.25596e+061|-9.25596e+061|-9.25596e+061|-9.25596e+061|-9.25596e+061|-9.25596e+061|
20170115_121618|40324|37|6.25||0|||0|0|0|0|-9.25596e+061|-9.25596e+061|-9.25596e+061|-9.25596e+061|-9.25596e+061|-9.25596e+061|-9.25596e+061|
20170115_121618|40482|38|6.25||0|||0|0|0|0|-9.25596e+061|-9.25596e+061|-9.25596e+061|-9.25596e+061|-9.25596e+061|-9.25596e+061|-9.25596e+061|
20170115_121618|40656|39|5.68182||0|||0|0|0|0|-9.25596e+061|-9.25596e+061|-9.25596e+061|-9.25596e+061|-9.25596e+061|-9.25596e+061|-9.25596e+061|
20170115_121619|40833|40|6.21118||0|||0|0|0|0|-9.25596e+061|-9.25596e+061|-9.25596e+061|-9.25596e+061|-9.25596e+061|-9.25596e+061|-9.25596e+061|
20170115_121619|41024|41|5.71429||0|||0|0|0|0|-9.25596e+061|-9.25596e+061|-9.25596e+061|-9.25596e+061|-9.25596e+061|-9.25596e+061|-9.25596e+061|
20170115_121619|41193|42|6.25||0|||0|0|0|0|-9.25596e+061|-9.25596e+061|-9.25596e+061|-9.25596e+061|-9.25596e+061|-9.25596e+061|-9.25596e+061|
20170115_121619|41322|43|6.25||0|||0|0|0|0|-9.25596e+061|-9.25596e+061|-9.25596e+061|-9.25596e+061|-9.25596e+061|-9.25596e+061|-9.25596e+061|
20170115_121619|41524|44|5.68182||0|||0|0|0|0|-9.25596e+061|-9.25596e+061|-9.25596e+061|-9.25596e+061|-9.25596e+061|-9.25596e+061|-9.25596e+061|
20170115_121620|41683|45|6.28931||0|||0|0|0|0|-9.25596e+061|-9.25596e+061|-9.25596e+061|-9.25596e+061|-9.25596e+061|-9.25596e+061|-9.25596e+061|
20170115_121620|41831|46|5.64972||0|||0|0|0|0|-9.25596e+061|-9.25596e+061|-9.25596e+061|-9.25596e+061|-9.25596e+061|-9.25596e+061|-9.25596e+061|
20170115_121620|41991|47|6.21118||0|||0|0|0|0|-9.25596e+061|-9.25596e+061|-9.25596e+061|-9.25596e+061|-9.25596e+061|-9.25596e+061|-9.25596e+061|
20170115_121620|42207|48|5.74713||0|||0|0|0|0|-9.25596e+061|-9.25596e+061|-9.25596e+061|-9.25596e+061|-9.25596e+061|-9.25596e+061|-9.25596e+061|
20170115_121620|42339|49|6.17284||0|||0|0|0|0|-9.25596e+061|-9.25596e+061|-9.25596e+061|-9.25596e+061|-9.25596e+061|-9.25596e+061|-9.25596e+061|
20170115_121620|42490|50|6.32911||0|||0|0|0|0|-9.25596e+061|-9.25596e+061|-9.25596e+061|-9.25596e+061|-9.25596e+061|-9.25596e+061|-9.25596e+061|
20170115_121621|42673|51|5.64972||0|||0|0|0|0|-9.25596e+061|-9.25596e+061|-9.25596e+061|-9.25596e+061|-9.25596e+061|-9.25596e+061|-9.25596e+061|
20170115_121621|43270|52|1.63399||0|||0|0|0|0|-9.25596e+061|-9.25596e+061|-9.25596e+061|-9.25596e+061|-9.25596e+061|-9.25596e+061|-9.25596e+061|
20170115_121621|43377|53|10.6383||0|||0|0|0|0|-9.25596e+061|-9.25596e+061|-9.25596e+061|-9.25596e+061|-9.25596e+061|-9.25596e+061|-9.25596e+061|
20170115_121621|43503|54|7.87402||0|||0|0|0|0|-9.25596e+061|-9.25596e+061|-9.25596e+061|-9.25596e+061|-9.25596e+061|-9.25596e+061|-9.25596e+061|
20170115_121621|43665|55|6.28931||0|||0|0|0|0|-9.25596e+061|-9.25596e+061|-9.25596e+061|-9.25596e+061|-9.25596e+061|-9.25596e+061|-9.25596e+061|
20170115_121622|43836|56|5.68182||0|||0|0|0|0|-9.25596e+061|-9.25596e+061|-9.25596e+061|-9.25596e+061|-9.25596e+061|-9.25596e+061|-9.25596e+061|
20170115_121622|43998|57|6.21118||0|||0|0|0|0|-9.25596e+061|-9.25596e+061|-9.25596e+061|-9.25596e+061|-9.25596e+061|-9.25596e+061|-9.25596e+061|
20170115_121622|44172|58|5.71429||0|||0|0|0|0|-9.25596e+061|-9.25596e+061|-9.25596e+061|-9.25596e+061|-9.25596e+061|-9.25596e+061|-9.25596e+061|
20170115_121622|44345|59|6.21118||0|||0|0|0|0|-9.25596e+061|-9.25596e+061|-9.25596e+061|-9.25596e+061|-9.25596e+061|-9.25596e+061|-9.25596e+061|
20170115_121622|44490|60|6.25||0|||0|0|0|0|-9.25596e+061|-9.25596e+061|-9.25596e+061|-9.25596e+061|-9.25596e+061|-9.25596e+061|-9.25596e+061|
20170115_121623|44667|61|5.71429||0|||0|0|0|0|-9.25596e+061|-9.25596e+061|-9.25596e+061|-9.25596e+061|-9.25596e+061|-9.25596e+061|-9.25596e+061|
20170115_121623|44823|62|6.28931||0|||0|0|0|0|-9.25596e+061|-9.25596e+061|-9.25596e+061|-9.25596e+061|-9.25596e+061|-9.25596e+061|-9.25596e+061|
20170115_121623|45005|63|5.68182||0|||0|0|0|0|-9.25596e+061|-9.25596e+061|-9.25596e+061|-9.25596e+061|-9.25596e+061|-9.25596e+061|-9.25596e+061|
20170115_121623|45162|64|6.25||0|||0|0|0|0|-9.25596e+061|-9.25596e+061|-9.25596e+061|-9.25596e+061|-9.25596e+061|-9.25596e+061|-9.25596e+061|
20170115_121623|45325|65|6.21118||0|||0|0|0|0|-9.25596e+061|-9.25596e+061|-9.25596e+061|-9.25596e+061|-9.25596e+061|-9.25596e+061|-9.25596e+061|
20170115_121623|45516|66|5.58659||0|||0|0|0|0|-9.25596e+061|-9.25596e+061|-9.25596e+061|-9.25596e+061|-9.25596e+061|-9.25596e+061|-9.25596e+061|
