TimeStamp|Ticks|FrameNum|FPS|LogaDados|Robo|achou|trajetoria|Xd|Yd|Xa|Ya|DistMelhorPonto|velAtual|velDesejada|erroVel|SaidaControleLinear|angAtual|angDesejado|erroAng|SaidaControleAngular|SinalDeControle1|SinalDeControle2|
20170128_115643|23951|1|0,000001|0||0||0|0|0|0||||||||||||
20170128_115643|24119|2|5,586592|0||0||0|0|0|0||||||||||||
20170128_115643|24222|3|10,309278|0||0||0|0|0|0||||||||||||
20170128_115643|24325|4|10,752688|0||0||0|0|0|0||||||||||||
20170128_115643|24452|5|7,042254|0||0||0|0|0|0||||||||||||
20170128_115643|24544|6|10,869565|0||0||0|0|0|0||||||||||||
20170128_115644|24640|7|10,526316|0||0||0|0|0|0||||||||||||
20170128_115644|24750|8|10,752688|0||0||0|0|0|0||||||||||||
20170128_115644|24877|9|7,142857|0||0||0|0|0|0||||||||||||
20170128_115644|24969|10|10,638298|0||0||0|0|0|0||||||||||||
20170128_115644|25072|11|10,638298|0||0||0|0|0|0||||||||||||
20170128_115644|25158|12|10,526316|0||0||0|0|0|0||||||||||||
20170128_115644|25254|13|10,752688|0||0||0|0|0|0||||||||||||
20170128_115644|25343|14|10,869565|0||0||0|0|0|0||||||||||||
20170128_115644|25437|15|10,526316|0||0||0|0|0|0||||||||||||
20170128_115644|25534|16|10,526316|0||0||0|0|0|0||||||||||||
20170128_115645|25625|17|10,752688|0||0||0|0|0|0||||||||||||
20170128_115645|25721|18|10,752688|0||0||0|0|0|0||||||||||||
20170128_115645|25815|19|10,526316|0||0||0|0|0|0||||||||||||
20170128_115645|25920|20|10,752688|0||0||0|0|0|0||||||||||||
20170128_115645|26048|21|7,142857|0||0||0|0|0|0||||||||||||
20170128_115645|26139|22|10,526316|0||0||0|0|0|0||||||||||||
20170128_115645|26232|23|10,638298|0||0||0|0|0|0||||||||||||
20170128_115645|26325|24|10,752688|0||0||0|0|0|0||||||||||||
20170128_115645|26427|25|10,752688|0||0||0|0|0|0||||||||||||
20170128_115645|26539|26|10,526316|0||0||0|0|0|0||||||||||||
20170128_115646|26649|27|7,092199|0||0||0|0|0|0||||||||||||
20170128_115646|26753|28|10,752688|0||0||0|0|0|0||||||||||||
20170128_115646|26854|29|10,638298|0||0||0|0|0|0||||||||||||
20170128_115646|26964|30|10,638298|0||0||0|0|0|0||||||||||||
20170128_115646|27081|31|7,092199|0||0||0|0|0|0||||||||||||
20170128_115646|27178|32|10,869565|0||0||0|0|0|0||||||||||||
20170128_115646|27278|33|10,638298|0||0||0|0|0|0||||||||||||
20170128_115646|27460|34|7,042254|0||0||0|0|0|0||||||||||||
20170128_115646|27550|35|7,142857|0||0||0|0|0|0||||||||||||
20170128_115647|27640|36|10,638298|0||0||0|0|0|0||||||||||||
20170128_115647|27737|37|10,752688|0||0||0|0|0|0||||||||||||
20170128_115647|27834|38|10,526316|0||0||0|0|0|0||||||||||||
20170128_115647|27963|39|10,869565|0||0||0|0|0|0||||||||||||
20170128_115647|28069|40|7,142857|0||0||0|0|0|0||||||||||||
20170128_115647|28158|41|10,526316|0||0||0|0|0|0||||||||||||
20170128_115647|28333|42|10,638298|0||0||0|0|0|0||||||||||||
20170128_115647|28456|43|5,347594|0||0||0|0|0|0||||||||||||
20170128_115648|28581|44|7,092199|0||0||0|0|0|0||||||||||||
20170128_115648|28668|45|10,752688|0||0||0|0|0|0||||||||||||
20170128_115648|28767|46|10,526316|0||0||0|0|0|0||||||||||||
20170128_115648|28855|47|10,752688|0||0||0|0|0|0||||||||||||
20170128_115648|28956|48|10,752688|0||0||0|0|0|0||||||||||||
20170128_115648|29043|49|10,526316|0||0||0|0|0|0||||||||||||
20170128_115648|29137|50|10,752688|0||0||0|0|0|0||||||||||||
20170128_115648|29234|51|10,638298|0||0||0|0|0|0||||||||||||
20170128_115648|29327|52|10,638298|0||0||0|0|0|0||||||||||||
20170128_115648|29422|53|10,752688|0||0||0|0|0|0||||||||||||
20170128_115648|29516|54|10,638298|0||0||0|0|0|0||||||||||||
20170128_115649|29608|55|10,752688|0||0||0|0|0|0||||||||||||
20170128_115649|29704|56|10,526316|0||0||0|0|0|0||||||||||||
20170128_115649|29795|57|10,638298|0||0||0|0|0|0||||||||||||
20170128_115649|29949|58|7,142857|0||0||0|0|0|0||||||||||||
20170128_115649|30076|59|7,142857|0||0||0|0|0|0||||||||||||
20170128_115649|30180|60|10,752688|0||0||0|0|0|0||||||||||||
20170128_115649|30262|61|10,526316|0||0||0|0|0|0||||||||||||
20170128_115649|30350|62|10,638298|0||0||0|0|0|0||||||||||||
20170128_115649|30465|63|10,526316|0||0||0|0|0|0||||||||||||
20170128_115650|30590|64|7,194245|0||0||0|0|0|0||||||||||||
20170128_115650|30684|65|10,638298|0||0||0|0|0|0||||||||||||
20170128_115650|30774|66|10,526316|0||0||0|0|0|0||||||||||||
20170128_115650|30866|67|10,869565|0||0||0|0|0|0||||||||||||
20170128_115650|30962|68|10,526316|0||0||0|0|0|0||||||||||||
20170128_115650|31075|69|10,526316|0||0||0|0|0|0||||||||||||
20170128_115650|31199|70|7,142857|0||0||0|0|0|0||||||||||||
20170128_115650|31306|71|10,752688|0||0||0|0|0|0||||||||||||
20170128_115650|31398|72|10,869565|0||0||0|0|0|0||||||||||||
20170128_115650|31486|73|10,526316|0||0||0|0|0|0||||||||||||
20170128_115651|31578|74|10,526316|0||0||0|0|0|0||||||||||||
20170128_115651|31671|75|10,526316|0||0||0|0|0|0||||||||||||
20170128_115651|31769|76|10,989011|0||0||0|0|0|0||||||||||||
20170128_115651|31854|77|10,416667|0||0||0|0|0|0||||||||||||
20170128_115651|31947|78|10,989011|0||0||0|0|0|0||||||||||||
20170128_115651|32058|79|10,416667|0||0||0|0|0|0||||||||||||
20170128_115651|32194|80|7,142857|0||0||0|0|0|0||||||||||||
20170128_115651|32312|81|10,869565|0||0||0|0|0|0||||||||||||
20170128_115651|32436|82|7,092199|0||0||0|0|0|0||||||||||||
20170128_115652|32577|83|7,092199|0||0||0|0|0|0||||||||||||
20170128_115652|32699|84|7,142857|0||0||0|0|0|0||||||||||||
20170128_115652|32796|85|10,638298|0||0||0|0|0|0||||||||||||
20170128_115652|32895|86|11,764706|0||0||0|0|0|0||||||||||||
20170128_115652|32988|87|9,615385|0||0||0|0|0|0||||||||||||
20170128_115652|33082|88|10,638298|0||0||0|0|0|0||||||||||||
20170128_115652|33194|89|10,869565|0||0||0|0|0|0||||||||||||
20170128_115652|33271|90|10,638298|0||0||0|0|0|0||||||||||||
20170128_115652|33369|91|10,526316|0||0||0|0|0|0||||||||||||
20170128_115652|33488|92|10,752688|0||0||0|0|0|0||||||||||||
20170128_115653|33585|93|8,064516|0||0||0|0|0|0||||||||||||
20170128_115653|33679|94|12,345679|0||0||0|0|0|0||||||||||||
20170128_115653|33748|95|10,869565|0||0||0|0|0|0||||||||||||
20170128_115653|33826|96|12,500000|0||0||0|0|0|0||||||||||||
20170128_115653|33918|97|10,989011|0||0||0|0|0|0||||||||||||
20170128_115653|34020|98|10,309278|0||0||0|0|0|0||||||||||||
20170128_115653|34106|99|10,869565|0||0||0|0|0|0||||||||||||
20170128_115653|34204|100|10,752688|0||0||0|0|0|0||||||||||||
20170128_115653|34292|101|10,638298|0||0||0|0|0|0||||||||||||
20170128_115653|34375|102|14,492754|0||0||0|0|0|0||||||||||||
20170128_115653|34480|103|8,928571|0||0||0|0|0|0||||||||||||
20170128_115654|34569|104|11,111111|0||0||0|0|0|0||||||||||||
20170128_115654|34646|105|12,820513|0||0||0|0|0|0||||||||||||
20170128_115654|34740|106|12,987013|0||0||0|0|0|0||||||||||||
20170128_115654|34858|107|7,407407|0||0||0|0|0|0||||||||||||
20170128_115654|34951|108|10,638298|0||0||0|0|0|0||||||||||||
20170128_115654|35063|109|10,526316|0||0||0|0|0|0||||||||||||
20170128_115654|35184|110|7,092199|0||0||0|0|0|0||||||||||||
20170128_115654|35276|111|10,869565|0||0||0|0|0|0||||||||||||
20170128_115654|35370|112|10,638298|0||0||0|0|0|0||||||||||||
20170128_115654|35474|113|10,638298|0||0||0|0|0|0||||||||||||
20170128_115655|35570|114|10,526316|0||0||0|0|0|0||||||||||||
20170128_115655|35652|115|10,638298|0||0||0|0|0|0||||||||||||
20170128_115655|35752|116|10,000000|0||0||0|0|0|0||||||||||||
20170128_115655|35891|117|7,092199|0||0||0|0|0|0||||||||||||
20170128_115655|35966|118|13,698630|0||0||0|0|0|0||||||||||||
20170128_115655|36059|119|12,345679|0||0||0|0|0|0||||||||||||
20170128_115655|36145|120|11,235955|0||0||0|0|0|0||||||||||||
20170128_115655|36227|121|12,820513|0||0||0|0|0|0||||||||||||
20170128_115655|36309|122|10,638298|0||0||0|0|0|0||||||||||||
20170128_115655|36410|123|10,752688|0||0||0|0|0|0||||||||||||
20170128_115655|36500|124|10,752688|0||0||0|0|0|0||||||||||||
20170128_115656|36592|125|10,638298|0||0||0|0|0|0||||||||||||
20170128_115656|36677|126|10,638298|0||0||0|0|0|0||||||||||||
20170128_115656|36775|127|10,752688|0||0||0|0|0|0||||||||||||
20170128_115656|36874|128|10,526316|0||0||0|0|0|0||||||||||||
20170128_115656|36961|129|10,869565|0||0||0|0|0|0||||||||||||
20170128_115656|37064|130|10,638298|0||0||0|0|0|0||||||||||||
20170128_115656|37150|131|10,638298|0||0||0|0|0|0||||||||||||
20170128_115656|37238|132|10,638298|0||0||0|0|0|0||||||||||||
20170128_115656|37337|133|10,638298|0||0||0|0|0|0||||||||||||
20170128_115656|37435|134|10,638298|0||0||0|0|0|0||||||||||||
20170128_115656|37523|135|10,752688|0||0||0|0|0|0||||||||||||
20170128_115657|37626|136|10,638298|0||0||0|0|0|0||||||||||||
20170128_115657|37710|137|10,752688|0||0||0|0|0|0||||||||||||
20170128_115657|37803|138|10,526316|0||0||0|0|0|0||||||||||||
20170128_115657|37905|139|10,638298|0||0||0|0|0|0||||||||||||
20170128_115657|37992|140|10,752688|0||0||0|0|0|0||||||||||||
20170128_115657|38105|141|10,101010|0||0||0|0|0|0||||||||||||
20170128_115657|38189|142|11,235955|0||0||0|0|0|0||||||||||||
20170128_115657|38276|143|10,638298|0||0||0|0|0|0||||||||||||
20170128_115657|38367|144|10,752688|0||0||0|0|0|0||||||||||||
20170128_115657|38508|145|10,638298|0||0||0|0|0|0||||||||||||
20170128_115658|38638|146|7,092199|0||0||0|0|0|0||||||||||||
20170128_115658|38775|147|7,246377|0||0||0|0|0|0||||||||||||
20170128_115658|38837|148|10,416667|0||0||0|0|0|0||||||||||||
20170128_115658|38900|149|15,873016|0||0||0|0|0|0||||||||||||
20170128_115658|38975|150|12,987013|0||0||0|0|0|0||||||||||||
20170128_115658|39126|151|7,194245|0||0||0|0|0|0||||||||||||
20170128_115658|39219|152|10,416667|0||0||0|0|0|0||||||||||||
20170128_115658|39314|153|10,752688|0||0||0|0|0|0||||||||||||
20170128_115658|39400|154|10,526316|0||0||0|0|0|0||||||||||||
20170128_115658|39493|155|10,869565|0||0||0|0|0|0||||||||||||
20170128_115659|39591|156|10,416667|0||0||0|0|0|0||||||||||||
20170128_115659|39677|157|10,752688|0||0||0|0|0|0||||||||||||
20170128_115659|39778|158|10,869565|0||0||0|0|0|0||||||||||||
20170128_115659|39873|159|10,526316|0||0||0|0|0|0||||||||||||
20170128_115659|39962|160|10,638298|0||0||0|0|0|0||||||||||||
20170128_115659|40065|161|10,526316|0||0||0|0|0|0||||||||||||
20170128_115659|40156|162|10,869565|0||0||0|0|0|0||||||||||||
20170128_115659|40280|163|10,752688|0||0||0|0|0|0||||||||||||
20170128_115659|40391|164|7,142857|0||0||0|0|0|0||||||||||||
20170128_115659|40526|165|10,638298|0||0||0|0|0|0||||||||||||
20170128_115700|40615|166|7,142857|0||0||0|0|0|0||||||||||||
20170128_115700|40718|167|10,526316|0||0||0|0|0|0||||||||||||
20170128_115700|40817|168|10,309278|0||0||0|0|0|0||||||||||||
20170128_115700|40902|169|10,869565|0||0||0|0|0|0||||||||||||
20170128_115700|41020|170|10,869565|0||0||0|0|0|0||||||||||||
20170128_115700|41132|171|7,042254|0||0||0|0|0|0||||||||||||
20170128_115700|41228|172|10,869565|0||0||0|0|0|0||||||||||||
20170128_115700|41332|173|10,526316|0||0||0|0|0|0||||||||||||
20170128_115700|41425|174|10,638298|0||0||0|0|0|0||||||||||||
20170128_115700|41511|175|10,752688|0||0||0|0|0|0||||||||||||
20170128_115701|41608|176|10,526316|0||0||0|0|0|0||||||||||||
20170128_115701|41713|177|10,752688|0||0||0|0|0|0||||||||||||
20170128_115701|41793|178|10,638298|0||0||0|0|0|0||||||||||||
20170128_115701|41887|179|10,638298|0||0||0|0|0|0||||||||||||
20170128_115701|41979|180|10,869565|0||0||0|0|0|0||||||||||||
20170128_115701|42086|181|10,526316|0||0||0|0|0|0||||||||||||
20170128_115703|44189|182|10,638298|0|CarroTeste|1|circulo_r68_xc160_yc120|185|57|176|78|22,847319|4,565845|89,000000|84,434155|287,539469|0,000000|-2,980508|-2,980508|-16,766752|-3,272239|32,026186|
20170128_115703|44276|183|0,474158|0|CarroTeste|1|circulo_r68_xc160_yc120|185|57|175|78|23,259407|0,474383|89,000000|88,525617|309,085356|0,165149|-2,984629|3,133407|17,247852|33,609902|-2,701366|
20170128_115703|44373|184|10,638298|0|CarroTeste|1|circulo_r68_xc160_yc120|185|57|176|78|22,847319|10,416667|89,000000|78,583333|284,141087|0,090660|-2,980508|-3,071168|-17,162827|-3,859080|32,273188|
20170128_115703|44464|185|10,752688|0|CarroTeste|1|circulo_r68_xc160_yc120|185|57|176|78|22,847319|0,000000|89,000000|89,000000|327,423770|0,090660|-2,980508|-3,071168|-17,472168|-2,020568|34,762945|
20170128_115704|44564|186|10,526316|0|CarroTeste|1|circulo_r68_xc160_yc120|185|57|176|78|22,847319|0,000000|89,000000|89,000000|336,304119|0,000000|-2,980508|-2,980508|-17,268906|-1,362590|34,993001|
20170128_115704|44653|187|10,869565|0|CarroTeste|1|circulo_r68_xc160_yc120|185|57|176|78|22,847319|0,000000|89,000000|89,000000|345,239619|0,090660|-2,980508|-3,071168|-18,078629|-1,768155|36,292117|
20170128_115704|44747|188|10,638298|0|CarroTeste|1|circulo_r68_xc160_yc120|185|57|175|78|23,259407|10,638298|89,000000|78,361702|317,969168|0,076772|-2,984629|-3,061401|-18,329953|-3,396230|35,193146|
20170128_115704|44842|189|10,526316|0|CarroTeste|1|circulo_r68_xc160_yc120|185|57|175|78|23,259407|0,000000|89,000000|89,000000|361,946489|0,165149|-2,984629|3,133407|16,033198|34,974376|1,220273|
20170128_115704|44935|190|10,526316|0|CarroTeste|1|circulo_r68_xc160_yc120|185|57|175|78|23,259407|0,000000|89,000000|89,000000|370,856363|0,076772|-2,984629|-3,061401|-18,319375|-0,740735|37,826371|
20170128_115704|45030|191|10,869565|0|CarroTeste|1|circulo_r68_xc160_yc120|185|57|175|78|23,259407|0,000000|89,000000|89,000000|379,779388|0,165149|-2,984629|3,133407|16,042497|35,875808|2,102131|
20170128_115704|45119|192|10,869565|0|CarroTeste|1|circulo_r68_xc160_yc120|185|57|176|78|22,847319|11,363636|89,000000|77,636364|350,074303|0,000000|-2,980508|-2,980508|-17,864661|-1,301192|36,308622|
20170128_115704|45215|193|10,416667|0|CarroTeste|1|circulo_r68_xc160_yc120|185|57|175|78|23,259407|10,309278|89,000000|78,690722|361,393399|0,165149|-2,984629|3,133407|16,057131|34,971914|1,167426|
20170128_115704|45311|194|10,752688|0|CarroTeste|1|circulo_r68_xc160_yc120|185|57|176|78|22,847319|10,526316|89,000000|78,473684|368,530407|0,090660|-2,523562|-2,614222|-15,795158|1,800038|35,053002|
20170128_115704|45406|195|10,638298|0|CarroTeste|1|circulo_r68_xc160_yc120|185|57|175|78|23,259407|10,526316|89,000000|78,473684|376,559634|0,076772|-2,984629|-3,061401|-18,590241|-0,740694|38,396657|
20170128_115704|45493|196|10,638298|0|CarroTeste|1|circulo_r68_xc160_yc120|185|57|176|78|22,847319|11,363636|89,000000|77,636364|381,477101|0,000000|-2,980508|-2,980508|-18,439660|-0,336314|38,484024|
20170128_115705|45593|197|10,752688|0|CarroTeste|1|circulo_r68_xc160_yc120|185|57|175|78|23,259407|10,101010|89,000000|78,898990|393,639076|0,076772|-2,984629|-3,061401|-19,220100|-0,549731|39,913638|
20170128_115705|45689|198|10,526316|0|CarroTeste|1|circulo_r68_xc160_yc120|185|57|175|78|23,259407|0,000000|89,000000|89,000000|435,736900|0,076772|-2,984629|-3,061401|-19,519590|1,239908|42,333782|
20170128_115705|45779|199|10,638298|0|CarroTeste|1|circulo_r68_xc160_yc120|185|57|175|78|23,259407|0,000000|89,000000|89,000000|444,462709|0,165149|-2,984629|3,133407|14,979571|37,991105|6,455166|
20170128_115705|45868|200|10,869565|0|CarroTeste|1|circulo_r68_xc160_yc120|185|57|175|78|23,259407|0,000000|89,000000|89,000000|453,160352|0,165149|-2,984629|3,133407|15,285787|38,748320|6,567715|
20170128_115705|45964|201|10,638298|0|CarroTeste|1|circulo_r68_xc160_yc120|185|57|175|78|23,259407|0,000000|89,000000|89,000000|461,844543|0,165149|-2,984629|3,133407|15,589904|39,502652|6,681802|
20170128_115705|46060|202|10,526316|0|CarroTeste|1|circulo_r68_xc160_yc120|185|57|176|78|22,847319|10,752688|89,000000|78,247312|434,129527|0,000000|-2,980508|-2,980508|-18,476808|2,257205|41,155748|
20170128_115705|46151|203|10,638298|0|CarroTeste|1|circulo_r68_xc160_yc120|185|57|175|78|23,259407|10,638298|89,000000|78,361702|442,076378|0,076772|-2,984629|-3,061401|-19,218277|1,874053|42,333585|
20170128_115705|46246|204|10,869565|0|CarroTeste|1|circulo_r68_xc160_yc120|185|57|175|78|23,259407|0,000000|89,000000|89,000000|485,913670|0,165149|-2,984629|3,133407|15,344356|40,447638|8,143729|
20170128_115705|46334|205|10,638298|0|CarroTeste|1|circulo_r68_xc160_yc120|185|57|176|78|22,847319|11,235955|89,000000|77,764045|456,250616|0,090660|-2,980508|-3,071168|-19,269648|2,528690|43,096371|
20170128_115705|46431|206|10,638298|0|CarroTeste|1|circulo_r68_xc160_yc120|185|57|175|78|23,259407|10,309278|89,000000|78,690722|466,920745|0,165149|-2,984629|3,133407|15,349334|39,503231|7,188843|
20170128_115705|46526|207|10,638298|0|CarroTeste|1|circulo_r68_xc160_yc120|185|57|175|78|23,259407|0,000000|89,000000|89,000000|509,651864|0,165149|-2,984629|3,133407|15,653463|41,959923|9,005263|
20170128_115706|46620|208|10,752688|0|CarroTeste|1|circulo_r68_xc160_yc120|185|57|176|78|22,847319|10,638298|89,000000|78,361702|482,024501|0,090660|-2,980508|-3,071168|-18,960495|4,142809|44,059641|
20170128_115706|46716|209|10,416667|0|CarroTeste|1|circulo_r68_xc160_yc120|185|57|176|78|22,847319|0,000000|89,000000|89,000000|525,822945|0,090660|-2,980508|-3,071168|-19,255505|6,022195|46,560100|
20170128_115706|46810|210|10,752688|0|CarroTeste|1|circulo_r68_xc160_yc120|185|57|176|78|22,847319|0,000000|89,000000|89,000000|534,442035|0,090660|-2,980508|-3,071168|-19,553717|6,139242|47,304962|
20170128_115706|46901|211|10,752688|0|CarroTeste|1|circulo_r68_xc160_yc120|185|57|176|78|22,847319|0,000000|89,000000|89,000000|543,044468|0,090660|-2,980508|-3,071168|-19,849759|6,257739|48,046707|
20170128_115706|46994|212|10,752688|0|CarroTeste|1|circulo_r68_xc160_yc120|185|57|176|78|22,847319|0,000000|89,000000|89,000000|551,670203|0,090660|-2,980508|-3,071168|-20,148972|6,374066|48,792955|
20170128_115706|47090|213|10,526316|0|CarroTeste|1|circulo_r68_xc160_yc120|185|57|176|78|22,847319|0,000000|89,000000|89,000000|560,269981|0,090660|-2,980508|-3,071168|-20,444957|6,492491|49,534507|
20170128_115706|47181|214|10,752688|0|CarroTeste|1|circulo_r68_xc160_yc120|185|57|176|78|22,847319|0,000000|89,000000|89,000000|569,491519|0,090660|-2,980508|-3,071168|-20,834003|6,544046|50,405106|
20170128_115706|47278|215|10,638298|0|CarroTeste|1|circulo_r68_xc160_yc120|185|57|175|78|23,259407|10,309278|89,000000|78,690722|542,650017|0,076772|-2,984629|-3,061401|-21,066604|4,957128|49,307873|
20170128_115706|47371|216|10,638298|0|CarroTeste|1|circulo_r68_xc160_yc120|185|57|176|78|22,847319|10,752688|89,000000|78,247312|548,506227|0,000000|-2,980508|-2,980508|-20,894917|5,430661|49,419961|
20170128_115706|47466|217|10,752688|0|CarroTeste|1|circulo_r68_xc160_yc120|185|57|175|78|23,259407|10,638298|89,000000|78,361702|556,245155|0,165149|-2,984629|3,133407|13,413539|41,931773|13,692743|
20170128_115707|47561|218|10,526316|0|CarroTeste|1|circulo_r68_xc160_yc120|185|57|176|78|22,847319|10,526316|89,000000|78,473684|563,951284|0,090660|-2,980508|-3,071168|-21,392588|5,679051|50,716078|
20170128_115707|47653|219|10,752688|0|CarroTeste|1|circulo_r68_xc160_yc120|185|57|176|78|22,847319|0,000000|89,000000|89,000000|607,240895|0,000000|-2,980508|-2,980508|-21,168817|8,079079|52,645010|
20170128_115707|47746|220|10,638298|0|CarroTeste|1|circulo_r68_xc160_yc120|185|57|176|78|22,847319|0,000000|89,000000|89,000000|615,592414|0,000000|-2,980508|-2,980508|-21,449249|8,201464|53,357778|
20170128_115707|47839|221|10,638298|0|CarroTeste|1|circulo_r68_xc160_yc120|185|57|175|78|23,259407|10,752688|89,000000|78,247312|587,243753|0,076772|-2,984629|-3,061401|-22,187241|6,007197|52,717179|
20170128_115707|47929|222|10,752688|0|CarroTeste|1|circulo_r68_xc160_yc120|185|57|176|78|22,847319|10,989011|89,000000|78,010989|593,762639|0,000000|-2,980508|-2,980508|-22,015415|6,514011|52,862253|
20170128_115707|48027|223|10,869565|0|CarroTeste|1|circulo_r68_xc160_yc120|185|57|176|78|22,847319|0,000000|89,000000|89,000000|638,577705|0,000000|-2,980508|-2,980508|-22,294781|8,460695|55,397076|
20170128_115707|48120|224|10,416667|0|CarroTeste|1|circulo_r68_xc160_yc120|185|57|175|78|23,259407|10,752688|89,000000|78,247312|610,223260|0,076772|-2,984629|-3,061401|-23,031774|6,267190|54,755136|
20170128_115707|48214|225|10,638298|0|CarroTeste|1|circulo_r68_xc160_yc120|185|57|175|78|23,259407|0,000000|89,000000|89,000000|654,247059|0,076772|-2,984629|-3,061401|-23,317699|8,167406|57,257300|
20170128_115707|48310|226|10,752688|0|CarroTeste|1|circulo_r68_xc160_yc120|185|57|175|78|23,259407|0,000000|89,000000|89,000000|662,598905|0,165149|-2,984629|3,133407|11,439564|45,171592|21,088298|
20170128_115707|48399|227|10,638298|0|CarroTeste|1|circulo_r68_xc160_yc120|185|57|175|78|23,259407|0,000000|89,000000|89,000000|670,940962|0,076772|-2,984629|-3,061401|-23,312072|9,008024|58,086072|
20170128_115707|48492|228|10,638298|0|CarroTeste|1|circulo_r68_xc160_yc120|185|57|175|78|23,259407|0,000000|89,000000|89,000000|679,276118|0,076772|-2,984629|-3,061401|-23,597998|9,123808|58,803804|
20170128_115708|48592|229|10,526316|0|CarroTeste|1|circulo_r68_xc160_yc120|185|57|175|78|23,259407|0,000000|89,000000|89,000000|687,621062|0,076772|-2,984629|-3,061401|-23,885045|9,238900|59,523206|
20170128_115708|48681|230|10,869565|0|CarroTeste|1|circulo_r68_xc160_yc120|185|57|176|78|22,847319|11,111111|89,000000|77,888889|658,059363|0,000000|-2,980508|-2,980508|-23,716506|7,938225|57,867712|
20170128_115708|48783|231|10,416667|0|CarroTeste|1|circulo_r68_xc160_yc120|185|57|176|78|22,847319|0,000000|89,000000|89,000000|703,250658|0,000000|-2,980508|-2,980508|-23,991829|9,907975|60,417090|
20170128_115708|48865|232|10,989011|0|CarroTeste|1|circulo_r68_xc160_yc120|185|57|175|78|23,259407|12,195122|89,000000|76,804878|670,003032|0,165149|-2,984629|3,133407|10,313435|44,356400|22,643904|
20170128_115708|48963|233|10,526316|0|CarroTeste|1|circulo_r68_xc160_yc120|185|57|175|78|23,259407|0,000000|89,000000|89,000000|718,821036|0,165149|-2,984629|3,133407|10,607120|47,106441|24,775662|
20170128_115708|49061|234|10,638298|0|CarroTeste|1|circulo_r68_xc160_yc120|185|57|176|78|22,847319|10,309278|89,000000|78,690722|691,979375|0,090660|-2,980508|-3,071168|-24,200050|9,125231|60,072706|
20170128_115708|49156|235|10,869565|0|CarroTeste|1|circulo_r68_xc160_yc120|185|57|176|78|22,847319|0,000000|89,000000|89,000000|734,538155|0,090660|-2,980508|-3,071168|-24,487901|10,950169|62,503646|
20170128_115708|49244|236|10,638298|0|CarroTeste|1|circulo_r68_xc160_yc120|185|57|176|78|22,847319|0,000000|89,000000|89,000000|742,879842|0,090660|-2,523562|-2,614222|-22,190691|13,785370|60,502614|
20170128_115708|49336|237|10,752688|0|CarroTeste|1|circulo_r68_xc160_yc120|185|57|176|78|22,847319|0,000000|89,000000|89,000000|751,228433|0,090660|-2,980508|-3,071168|-25,021801|11,222683|63,900160|
20170128_115708|49436|238|10,526316|0|CarroTeste|1|circulo_r68_xc160_yc120|185|57|175|78|23,259407|10,101010|89,000000|78,898990|725,087888|0,165149|-2,984629|3,133407|9,792351|46,562132|25,946657|
20170128_115708|49529|239|10,526316|0|CarroTeste|1|circulo_r68_xc160_yc120|185|57|176|78|22,847319|10,638298|89,000000|78,361702|730,637111|0,090660|-2,980508|-3,071168|-25,012834|10,202556|62,861155|
20170128_115709|49617|240|10,869565|0|CarroTeste|1|circulo_r68_xc160_yc120|185|57|175|78|23,259407|11,363636|89,000000|77,636364|735,535214|0,165149|-2,984629|3,133407|9,800061|47,092615|26,460907|
20170128_115709|49710|241|10,752688|0|CarroTeste|1|circulo_r68_xc160_yc120|185|57|175|78|23,259407|0,000000|89,000000|89,000000|781,590198|0,165149|-2,984629|3,133407|10,093542|49,704291|28,454728|
20170128_115709|49810|242|10,526316|0|CarroTeste|1|circulo_r68_xc160_yc120|185|57|176|78|22,847319|10,101010|89,000000|78,898990|755,439858|0,090660|-2,980508|-3,071168|-24,715950|11,755203|63,788783|
20170128_115709|49899|243|10,752688|0|CarroTeste|1|circulo_r68_xc160_yc120|185|57|175|78|23,259407|11,111111|89,000000|77,888889|759,387493|0,076772|-2,984629|-3,061401|-24,948544|11,707749|64,231000|
20170128_115709|49990|244|10,638298|0|CarroTeste|1|circulo_r68_xc160_yc120|185|57|176|78|22,847319|10,869565|89,000000|78,130435|767,517993|0,000000|-2,980508|-2,980508|-24,778821|12,292930|64,458870|
20170128_115709|50086|245|10,638298|0|CarroTeste|1|circulo_r68_xc160_yc120|185|57|176|78|22,847319|0,000000|89,000000|89,000000|811,927801|0,000000|-2,980508|-2,980508|-25,057082|14,220514|66,972266|
20170128_115709|50178|246|10,526316|0|CarroTeste|1|circulo_r68_xc160_yc120|185|57|175|78|23,259407|10,752688|89,000000|78,247312|783,566933|0,076772|-2,984629|-3,061401|-25,793065|12,027752|66,328941|
20170128_115709|50324|247|7,194245|0|CarroTeste|1|circulo_r68_xc160_yc120|185|57|176|78|22,847319|6,849315|89,000000|82,150685|804,033366|0,000000|-2,980508|-2,980508|-25,592531|13,262162|67,141175|
20170128_115709|50416|248|10,638298|0|CarroTeste|1|circulo_r68_xc160_yc120|185|57|175|78|23,259407|10,869565|89,000000|78,130435|798,100164|0,165149|-2,984629|3,133407|8,648546|49,008741|30,801276|
20170128_115709|50510|249|10,526316|0|CarroTeste|1|circulo_r68_xc160_yc120|185|57|175|78|23,259407|0,000000|89,000000|89,000000|842,573811|0,076772|-2,984629|-3,061401|-26,033711|14,724784|69,532597|
20170128_115710|50604|250|10,869565|0|CarroTeste|1|circulo_r68_xc160_yc120|185|57|175|78|23,259407|0,000000|89,000000|89,000000|851,016094|0,076772|-2,984629|-3,061401|-26,324909|14,840373|70,261236|
20170128_115710|50698|251|10,638298|0|CarroTeste|1|circulo_r68_xc160_yc120|185|57|176|78|22,847319|10,526316|89,000000|78,473684|823,549577|0,000000|-2,523562|-2,523562|-23,577847|16,358692|65,996265|
20170128_115710|50797|252|10,416667|0|CarroTeste|1|circulo_r68_xc160_yc120|185|57|175|78|23,259407|10,204082|89,000000|78,795918|832,071753|0,076772|-2,984629|-3,061401|-26,852076|13,338244|69,868932|
20170128_115710|50886|253|10,752688|0|CarroTeste|1|circulo_r68_xc160_yc120|185|57|176|78|22,847319|11,111111|89,000000|77,888889|836,449125|0,090660|-2,980508|-3,071168|-27,197472|13,193538|70,451374|
20170128_115710|50979|254|10,752688|0|CarroTeste|1|circulo_r68_xc160_yc120|185|57|175|78|23,259407|10,752688|89,000000|78,247312|845,049852|0,165149|-2,984629|3,133407|7,542777|50,192258|34,312727|
20170128_115710|51078|255|10,526316|0|CarroTeste|1|circulo_r68_xc160_yc120|185|57|175|78|23,259407|0,000000|89,000000|89,000000|889,145972|0,165149|-2,984629|3,133407|7,840960|52,710941|36,203656|
20170128_115710|51165|256|10,869565|0|CarroTeste|1|circulo_r68_xc160_yc120|185|57|175|78|23,259407|0,000000|89,000000|89,000000|897,597980|0,076772|-2,984629|-3,061401|-26,841236|16,625966|73,133832|
20170128_115710|51309|257|7,042254|0|CarroTeste|1|circulo_r68_xc160_yc120|185|57|176|78|22,847319|7,042254|89,000000|81,957746|881,810007|0,000000|-2,980508|-2,980508|-26,642281|16,045993|72,135007|
20170128_115710|51401|258|10,638298|0|CarroTeste|1|circulo_r68_xc160_yc120|185|57|175|78|23,259407|10,638298|89,000000|78,361702|877,409097|0,076772|-2,984629|-3,061401|-27,383824|15,045377|72,695533|
20170128_115710|51497|259|10,869565|0|CarroTeste|1|circulo_r68_xc160_yc120|185|57|175|78|23,259407|0,000000|89,000000|89,000000|921,186576|0,076772|-2,519441|-2,596213|-25,057110|19,683423|72,435234|
20170128_115711|51596|260|10,526316|0|CarroTeste|1|circulo_r68_xc160_yc120|185|57|175|78|23,259407|0,000000|89,000000|89,000000|929,709419|0,165149|-2,984629|3,133407|6,990730|53,844134|39,126808|
20170128_115711|51689|261|10,526316|0|CarroTeste|1|circulo_r68_xc160_yc120|185|57|175|78|23,259407|0,000000|89,000000|89,000000|938,211927|0,076772|-2,984629|-3,061401|-27,624760|17,831901|75,989291|
20170128_115711|51776|262|10,869565|0|CarroTeste|1|circulo_r68_xc160_yc120|185|57|175|78|23,259407|0,000000|89,000000|89,000000|946,770649|0,165149|-2,984629|3,133407|6,998314|54,705179|39,971886|
20170128_115711|51874|263|10,638298|0|CarroTeste|1|circulo_r68_xc160_yc120|185|57|175|78|23,259407|0,000000|89,000000|89,000000|955,269825|0,165149|-2,984629|3,133407|7,295077|55,442520|40,084463|
20170128_115711|51968|264|10,638298|0|CarroTeste|1|circulo_r68_xc160_yc120|185|57|175|78|23,259407|0,000000|89,000000|89,000000|963,805654|0,076772|-2,984629|-3,061401|-27,319899|19,432494|76,948072|
20170128_115711|52063|265|10,526316|0|CarroTeste|1|circulo_r68_xc160_yc120|185|57|175|78|23,259407|0,000000|89,000000|89,000000|972,325262|0,076772|-2,984629|-3,061401|-27,612185|19,550805|77,681722|
20170128_115711|52156|266|10,752688|0|CarroTeste|1|circulo_r68_xc160_yc120|185|57|175|78|23,259407|0,000000|89,000000|89,000000|980,847535|0,076772|-2,519441|-2,596213|-25,282864|22,428836|75,655918|
20170128_115711|52251|267|10,638298|0|CarroTeste|1|circulo_r68_xc160_yc120|185|57|176|78|22,847319|10,526316|89,000000|78,473684|953,508006|0,000000|-2,980508|-2,980508|-27,697535|18,520099|76,830701|
20170128_115711|52343|268|10,638298|0|CarroTeste|1|circulo_r68_xc160_yc120|185|57|176|78|22,847319|0,000000|89,000000|89,000000|996,896178|0,090660|-2,523562|-2,614222|-25,918116|22,562581|77,127037|
20170128_115711|52440|269|10,638298|0|CarroTeste|1|circulo_r68_xc160_yc120|185|57|175|78|23,259407|10,309278|89,000000|78,690722|970,305939|0,076772|-2,984629|-3,061401|-28,689848|18,315456|78,715138|
20170128_115711|52530|270|10,638298|0|CarroTeste|1|circulo_r68_xc160_yc120|185|57|176|78|22,847319|10,989011|89,000000|78,010989|975,539345|0,000000|-2,980508|-2,980508|-28,528425|18,747046|78,806889|
20170128_115712|52616|271|10,989011|0|CarroTeste|1|circulo_r68_xc160_yc120|185|57|175|78|23,259407|11,764706|89,000000|77,235294|980,378244|0,165149|-2,984629|3,133407|5,645243|54,961274|43,076551|
20170128_115712|52718|272|10,638298|0|CarroTeste|1|circulo_r68_xc160_yc120|185|57|175|78|23,259407|0,000000|89,000000|89,000000|1027,864453|0,165149|-2,984629|3,133407|5,944382|57,650467|45,135979|
20170128_115712|52808|273|10,416667|0|CarroTeste|1|circulo_r68_xc160_yc120|185|57|175|78|23,259407|0,000000|89,000000|89,000000|1036,387213|0,076772|-2,984629|-3,061401|-28,668577|21,641911|81,996811|
20170128_115712|52904|274|10,869565|0|CarroTeste|1|circulo_r68_xc160_yc120|185|57|175|78|23,259407|0,000000|89,000000|89,000000|1044,926281|0,076772|-2,984629|-3,061401|-28,963105|21,758835|82,733793|
20170128_115712|52997|275|10,638298|0|CarroTeste|1|circulo_r68_xc160_yc120|185|57|175|78|23,259407|0,000000|89,000000|89,000000|1053,455344|0,076772|-2,984629|-3,061401|-29,256486|21,876466|83,469068|
20170128_115712|53101|276|10,526316|0|CarroTeste|1|circulo_r68_xc160_yc120|185|57|175|78|23,259407|0,000000|89,000000|89,000000|1061,977774|0,076772|-2,984629|-3,061401|-29,548869|21,994816|84,202962|
20170128_115712|53230|277|7,246377|0|CarroTeste|1|circulo_r68_xc160_yc120|185|57|175|78|23,259407|0,000000|89,000000|89,000000|1070,316471|0,076772|-2,984629|-3,061401|-29,813168|22,133541|84,898106|
20170128_115712|53325|278|10,638298|0|CarroTeste|1|circulo_r68_xc160_yc120|185|57|175|78|23,259407|0,000000|89,000000|89,000000|1079,138953|0,165149|-2,984629|3,133407|4,774991|58,983254|48,930641|
20170128_115712|53422|279|10,526316|0|CarroTeste|1|circulo_r68_xc160_yc120|185|57|176|78|22,847319|10,309278|89,000000|78,690722|1052,527404|0,000000|-2,980508|-2,980508|-29,383169|21,696718|83,556023|
20170128_115712|53517|280|10,526316|0|CarroTeste|1|circulo_r68_xc160_yc120|185|57|175|78|23,259407|10,526316|89,000000|78,473684|1059,330268|0,076772|-2,984629|-3,061401|-30,124754|21,256246|84,676781|
20170128_115713|53629|281|10,638298|0|CarroTeste|1|circulo_r68_xc160_yc120|185|57|176|78|22,847319|9,090909|89,000000|79,909091|1071,731341|0,090660|-2,980508|-3,071168|-30,471169|21,511652|85,661482|
20170128_115713|53744|282|7,246377|0|CarroTeste|1|circulo_r68_xc160_yc120|185|57|175|78|23,259407|8,547009|89,000000|80,452991|1081,068950|0,165149|-2,984629|3,133407|4,167512|58,440302|49,666593|
20170128_115713|53847|283|10,416667|0|CarroTeste|1|circulo_r68_xc160_yc120|185|57|176|78|22,847319|9,708738|89,000000|79,291262|1084,911500|0,000000|-2,980508|-2,980508|-29,921745|22,749001|85,742149|
20170128_115713|53939|284|10,638298|0|CarroTeste|1|circulo_r68_xc160_yc120|185|57|176|78|22,847319|0,000000|89,000000|89,000000|1125,653719|0,090660|-2,980508|-3,071168|-30,719638|23,946224|88,619148|
20170128_115713|54037|285|10,752688|0|CarroTeste|1|circulo_r68_xc160_yc120|185|57|176|78|22,847319|0,000000|89,000000|89,000000|1134,284095|0,090660|-2,980508|-3,071168|-31,017451|24,064256|89,364154|
20170128_115713|54127|286|10,752688|0|CarroTeste|1|circulo_r68_xc160_yc120|185|57|176|78|22,847319|0,000000|89,000000|89,000000|1142,927744|0,000000|-2,980508|-2,980508|-30,807258|24,717694|89,575080|
20170128_115713|54220|287|10,526316|0|CarroTeste|1|circulo_r68_xc160_yc120|185|57|175|78|23,259407|10,869565|89,000000|78,130435|1114,517637|0,076772|-2,984629|-3,061401|-31,548102|22,517353|88,934411|
20170128_115713|54313|288|10,416667|0|CarroTeste|1|circulo_r68_xc160_yc120|185|57|175|78|23,259407|0,000000|89,000000|89,000000|1159,309640|0,165149|-2,984629|3,133407|3,029534|61,154465|54,776499|
20170128_115713|54406|289|11,111111|0|CarroTeste|1|circulo_r68_xc160_yc120|185|57|176|78|22,847319|10,752688|89,000000|78,247312|1131,237308|0,090660|-2,980508|-3,071168|-31,633564|23,263376|89,860354|
20170128_115713|54501|290|10,526316|0|CarroTeste|1|circulo_r68_xc160_yc120|185|57|175|78|23,259407|10,526316|89,000000|78,473684|1139,491003|0,165149|-2,984629|3,133407|3,037120|60,171519|53,777581|
20170128_115714|54593|291|10,752688|0|CarroTeste|1|circulo_r68_xc160_yc120|185|57|175|78|23,259407|0,000000|89,000000|89,000000|1182,904041|0,165149|-2,984629|3,133407|3,339846|62,660830|55,629574|
20170128_115714|54690|292|10,526316|0|CarroTeste|1|circulo_r68_xc160_yc120|185|57|175|78|23,259407|0,000000|89,000000|89,000000|1191,437957|0,165149|-2,984629|3,133407|3,640298|63,403791|55,740005|
20170128_115714|54790|293|10,638298|0|CarroTeste|1|circulo_r68_xc160_yc120|185|57|176|78|22,847319|10,101010|89,000000|78,898990|1165,537716|0,090660|-2,980508|-3,071168|-31,023265|25,620817|90,932954|
20170128_115714|54922|294|7,246377|0|CarroTeste|1|circulo_r68_xc160_yc120|185|57|175|78|23,259407|7,518797|89,000000|81,481203|1181,724866|0,165149|-2,984629|3,133407|3,613065|62,889470|55,283017|
20170128_115714|55018|295|10,526316|0|CarroTeste|1|circulo_r68_xc160_yc120|185|57|176|78|22,847319|10,416667|89,000000|78,583333|1179,752235|0,090660|-2,980508|-3,071168|-30,982835|26,374100|91,601123|
20170128_115714|55110|296|10,526316|0|CarroTeste|1|circulo_r68_xc160_yc120|185|57|176|78|22,847319|0,000000|89,000000|89,000000|1222,847368|0,090660|-2,980508|-3,071168|-31,280762|28,215250|94,069486|
20170128_115714|55209|297|10,638298|0|CarroTeste|1|circulo_r68_xc160_yc120|185|57|176|78|22,847319|0,000000|89,000000|89,000000|1231,474332|0,090660|-2,980508|-3,071168|-31,577668|28,334065|94,813368|
20170128_115714|55349|298|7,194245|0|CarroTeste|1|circulo_r68_xc160_yc120|185|57|176|78|22,847319|0,000000|89,000000|89,000000|1239,910398|0,000000|-2,980508|-2,980508|-31,336041|29,010214|94,980826|
20170128_115714|55482|299|7,042254|0|CarroTeste|1|circulo_r68_xc160_yc120|185|57|175|78|23,259407|7,462687|89,000000|81,537313|1223,055958|0,165149|-2,984629|3,133407|2,664717|63,957763|58,347833|
20170128_115715|55581|300|10,638298|0|CarroTeste|1|circulo_r68_xc160_yc120|185|57|175|78|23,259407|0,000000|89,000000|89,000000|1256,524802|0,165149|-2,984629|3,133407|2,975642|65,958495|59,693985|
20170128_115715|55675|301|10,638298|0|CarroTeste|1|circulo_r68_xc160_yc120|185|57|175|78|23,259407|0,000000|89,000000|89,000000|1265,356185|0,076772|-2,984629|-3,061401|-31,428899|30,184757|96,350861|
20170128_115715|55766|302|10,869565|0|CarroTeste|1|circulo_r68_xc160_yc120|185|57|175|78|23,259407|0,000000|89,000000|89,000000|1274,180721|0,165149|-2,984629|3,133407|2,981706|66,847674|60,570398|
20170128_115715|55904|303|7,142857|0|CarroTeste|1|circulo_r68_xc160_yc120|185|57|175|78|23,259407|0,000000|89,000000|89,000000|1282,816230|0,076772|-2,984629|-3,061401|-31,389706|31,099016|97,182607|
20170128_115715|56049|304|7,092199|0|CarroTeste|1|circulo_r68_xc160_yc120|185|57|176|78|22,847319|6,993007|89,000000|82,006993|1267,813757|0,090660|-2,980508|-3,071168|-31,722289|29,998804|96,782572|
20170128_115715|56190|305|7,142857|0|CarroTeste|1|circulo_r68_xc160_yc120|185|57|175|78|23,259407|7,042254|89,000000|81,957746|1275,777712|0,076772|-2,984629|-3,061401|-31,946672|30,160810|97,416961|
20170128_115715|56282|306|10,526316|0|CarroTeste|1|circulo_r68_xc160_yc120|185|57|176|78|22,847319|10,869565|89,000000|78,130435|1271,202838|0,090660|-2,980508|-3,071168|-32,314638|29,544733|97,575551|
20170128_115715|56375|307|10,638298|0|CarroTeste|1|circulo_r68_xc160_yc120|185|57|175|78|23,259407|10,869565|89,000000|78,130435|1279,238110|0,076772|-2,984629|-3,061401|-32,576828|29,670507|98,253304|
20170128_115715|56468|308|10,638298|0|CarroTeste|1|circulo_r68_xc160_yc120|185|57|175|78|23,259407|0,000000|89,000000|89,000000|1324,343926|0,076772|-2,984629|-3,061401|-32,921151|31,563353|100,871040|
20170128_115716|56562|309|10,638298|0|CarroTeste|1|circulo_r68_xc160_yc120|185|57|175|78|23,259407|0,000000|89,000000|89,000000|1333,385842|0,076772|-2,984629|-3,061401|-33,232173|31,688057|101,650527|
20170128_115716|56656|310|10,752688|0|CarroTeste|1|circulo_r68_xc160_yc120|185|57|176|78|22,847319|10,309278|89,000000|78,690722|1307,428488|0,090660|-2,980508|-3,071168|-33,599722|30,003296|100,739553|
20170128_115716|56749|311|10,752688|0|CarroTeste|1|circulo_r68_xc160_yc120|185|57|175|78|23,259407|10,869565|89,000000|78,130435|1313,525428|0,165149|-2,984629|3,133407|0,734725|66,449666|64,902877|
20170128_115716|56843|312|10,526316|0|CarroTeste|1|circulo_r68_xc160_yc120|185|57|176|78|22,847319|10,638298|89,000000|78,361702|1322,231219|0,000000|-2,980508|-2,980508|-33,088406|31,281660|100,941462|
20170128_115716|56937|313|10,638298|0|CarroTeste|1|circulo_r68_xc160_yc120|185|57|175|78|23,259407|10,638298|89,000000|78,361702|1330,351832|0,076772|-2,984629|-3,061401|-33,872462|30,862368|102,172816|
20170128_115716|57034|314|10,638298|0|CarroTeste|1|circulo_r68_xc160_yc120|185|57|175|78|23,259407|0,000000|89,000000|89,000000|1374,382290|0,076772|-2,984629|-3,061401|-34,181681|32,738397|104,699832|
20170128_115716|57178|315|7,194245|0|CarroTeste|1|circulo_r68_xc160_yc120|185|57|175|78|23,259407|0,000000|89,000000|89,000000|1383,114234|0,165149|-2,984629|3,133407|0,136337|69,299224|69,012199|
20170128_115716|57267|316|10,526316|0|CarroTeste|1|circulo_r68_xc160_yc120|185|57|176|78|22,847319|11,235955|89,000000|77,764045|1353,968865|0,000000|-2,980508|-2,980508|-33,686884|32,238565|103,158322|
20170128_115716|57359|317|10,752688|0|CarroTeste|1|circulo_r68_xc160_yc120|185|57|175|78|23,259407|10,989011|89,000000|78,010989|1362,700596|0,165149|-2,984629|3,133407|0,149581|68,292484|67,977576|
20170128_115716|57453|318|10,752688|0|CarroTeste|1|circulo_r68_xc160_yc120|185|57|175|78|23,259407|0,000000|89,000000|89,000000|1407,952241|0,076772|-2,984629|-3,061401|-34,125048|34,476509|106,318715|
20170128_115716|57546|319|10,638298|0|CarroTeste|1|circulo_r68_xc160_yc120|185|57|176|78|22,847319|10,752688|89,000000|78,247312|1380,470233|0,000000|-2,980508|-2,980508|-33,985706|33,249083|104,797940|
20170128_115717|57640|320|10,638298|0|CarroTeste|1|circulo_r68_xc160_yc120|185|57|176|78|22,847319|0,000000|89,000000|89,000000|1424,895460|0,000000|-2,980508|-2,980508|-34,283734|35,156632|107,332914|
20170128_115717|57733|321|10,526316|0|CarroTeste|1|circulo_r68_xc160_yc120|185|57|175|78|23,259407|10,638298|89,000000|78,361702|1397,800132|0,076772|-2,984629|-3,061401|-35,037965|33,007937|106,772076|
20170128_115717|57827|322|10,638298|0|CarroTeste|1|circulo_r68_xc160_yc120|185|57|175|78|23,259407|0,000000|89,000000|89,000000|1441,877663|0,165149|-2,984629|3,133407|-0,759517|71,294392|72,893375|
20170128_115717|57924|323|10,869565|0|CarroTeste|1|circulo_r68_xc160_yc120|185|57|175|78|23,259407|0,000000|89,000000|89,000000|1450,934534|0,076772|-2,984629|-3,061401|-35,032551|35,670357|109,423096|
20170128_115717|58067|324|7,092199|0|CarroTeste|1|circulo_r68_xc160_yc120|185|57|175|78|23,259407|0,000000|89,000000|89,000000|1459,764355|0,165149|-2,984629|3,133407|-0,780666|72,166464|73,809972|
20170128_115717|58204|325|7,092199|0|CarroTeste|1|circulo_r68_xc160_yc120|185|57|175|78|23,259407|0,000000|89,000000|89,000000|1468,889271|0,076772|-2,984629|-3,061401|-34,988994|36,613944|110,274984|
20170128_115717|58296|326|10,752688|0|CarroTeste|1|circulo_r68_xc160_yc120|185|57|175|78|23,259407|0,000000|89,000000|89,000000|1478,039926|0,165149|-2,984629|3,133407|-0,772789|73,088534|74,715458|
20170128_115717|58388|327|10,638298|0|CarroTeste|1|circulo_r68_xc160_yc120|185|57|175|78|23,259407|0,000000|89,000000|89,000000|1487,177403|0,076772|-2,984629|-3,061401|-34,984812|37,532752|111,184988|
20170128_115717|58487|328|10,526316|0|CarroTeste|1|circulo_r68_xc160_yc120|185|57|176|78|22,847319|10,204082|89,000000|78,795918|1461,664926|0,000000|-2,980508|-2,980508|-34,846876|36,402324|109,764169|
20170128_115718|58583|329|10,638298|0|CarroTeste|1|circulo_r68_xc160_yc120|185|57|175|78|23,259407|10,416667|89,000000|78,583333|1469,197245|0,076772|-2,984629|-3,061401|-35,633876|35,950519|110,969206|
20170128_115718|58672|330|10,869565|0|CarroTeste|1|circulo_r68_xc160_yc120|185|57|175|78|23,259407|0,000000|89,000000|89,000000|1512,763107|0,076772|-2,984629|-3,061401|-35,978163|37,766405|113,509906|
20170128_115718|58764|331|10,526316|0|CarroTeste|1|circulo_r68_xc160_yc120|185|57|175|78|23,259407|0,000000|89,000000|89,000000|1521,673435|0,076772|-2,984629|-3,061401|-36,283888|37,890104|114,277239|
20170128_115718|58857|332|10,526316|0|CarroTeste|1|circulo_r68_xc160_yc120|185|57|176|78|22,847319|10,752688|89,000000|78,247312|1494,043025|0,090660|-2,980508|-3,071168|-36,644369|36,129130|113,275172|
20170128_115718|58951|333|10,752688|0|CarroTeste|1|circulo_r68_xc160_yc120|185|57|175|78|23,259407|10,638298|89,000000|78,361702|1502,271030|0,165149|-2,984629|3,133407|-2,240660|72,754962|77,472141|
20170128_115718|59046|334|10,869565|0|CarroTeste|1|circulo_r68_xc160_yc120|185|57|175|78|23,259407|0,000000|89,000000|89,000000|1546,497671|0,076772|-2,984629|-3,061401|-36,615260|38,782504|115,867263|
20170128_115718|59136|335|10,638298|0|CarroTeste|1|circulo_r68_xc160_yc120|185|57|175|78|23,259407|0,000000|89,000000|89,000000|1555,522544|0,165149|-2,984629|3,133407|-2,163935|75,498300|80,053954|
20170128_115718|59234|336|10,638298|0|CarroTeste|1|circulo_r68_xc160_yc120|185|57|175|78|23,259407|0,000000|89,000000|89,000000|1564,447749|0,165149|-2,984629|3,133407|-1,825127|76,301201|80,143574|
20170128_115718|59328|337|10,526316|0|CarroTeste|1|circulo_r68_xc160_yc120|185|57|175|78|23,259407|0,000000|89,000000|89,000000|1573,073742|0,165149|-2,984629|3,133407|-1,521433|77,052178|80,255196|
20170128_115718|59432|338|10,752688|0|CarroTeste|1|circulo_r68_xc160_yc120|185|57|175|78|23,259407|0,000000|89,000000|89,000000|1581,706443|0,076772|-2,984629|-3,061401|-36,067669|41,119354|117,051290|
20170128_115719|59562|339|7,142857|0|CarroTeste|1|circulo_r68_xc160_yc120|185|57|175|78|23,259407|0,000000|89,000000|89,000000|1590,125380|0,165149|-2,984629|3,133407|-1,545069|77,879880|81,132658|
20170128_115719|59656|340|10,526316|0|CarroTeste|1|circulo_r68_xc160_yc120|185|57|175|78|23,259407|0,000000|89,000000|89,000000|1598,837030|0,076772|-2,984629|-3,061401|-36,025315|42,020467|117,863236|
20170128_115719|59749|341|10,869565|0|CarroTeste|1|circulo_r68_xc160_yc120|185|57|175|78|23,259407|0,000000|89,000000|89,000000|1607,565052|0,165149|-2,984629|3,133407|-1,538077|78,759224|81,997281|
20170128_115719|59848|342|10,416667|0|CarroTeste|1|circulo_r68_xc160_yc120|185|57|175|78|23,259407|0,000000|89,000000|89,000000|1616,263568|0,076772|-2,984629|-3,061401|-36,016429|42,901147|118,725210|
20170128_115719|59941|343|10,752688|0|CarroTeste|1|circulo_r68_xc160_yc120|185|57|175|78|23,259407|0,000000|89,000000|89,000000|1625,003986|0,076772|-2,984629|-3,061401|-36,318635|43,020056|119,480342|
20170128_115719|60029|344|10,752688|0|CarroTeste|1|circulo_r68_xc160_yc120|185|57|175|78|23,259407|0,000000|89,000000|89,000000|1633,731663|0,076772|-2,984629|-3,061401|-36,619634|43,139599|120,233567|
20170128_115719|60177|345|7,092199|0|CarroTeste|1|circulo_r68_xc160_yc120|185|57|175|78|23,259407|0,000000|89,000000|89,000000|1642,244769|0,076772|-2,984629|-3,061401|-36,888101|43,282658|120,941819|
20170128_115719|60266|346|10,526316|0|CarroTeste|1|circulo_r68_xc160_yc120|185|57|175|78|23,259407|0,000000|89,000000|89,000000|1651,253800|0,165149|-2,984629|3,133407|-2,436376|79,998083|85,127296|
20170128_115719|60359|347|10,752688|0|CarroTeste|1|circulo_r68_xc160_yc120|185|57|176|78|22,847319|10,869565|89,000000|78,130435|1622,998404|0,090660|-2,980508|-3,071168|-36,970606|42,233492|120,066348|
20170128_115719|60453|348|10,752688|0|CarroTeste|1|circulo_r68_xc160_yc120|185|57|175|78|23,259407|10,526316|89,000000|78,473684|1631,819452|0,076772|-2,984629|-3,061401|-37,216577|42,415628|120,766318|
20170128_115719|60543|349|10,752688|0|CarroTeste|1|circulo_r68_xc160_yc120|185|57|175|78|23,259407|0,000000|89,000000|89,000000|1675,330090|0,165149|-2,984629|3,133407|-2,727870|80,895063|86,637946|
20170128_115720|60637|350|10,638298|0|CarroTeste|1|circulo_r68_xc160_yc120|185|57|176|78|22,847319|10,638298|89,000000|78,361702|1647,842382|0,000000|-2,980508|-2,980508|-36,755249|43,702382|121,081856|
20170128_115720|60741|351|10,638298|0|CarroTeste|1|circulo_r68_xc160_yc120|185|57|175|78|23,259407|9,708738|89,000000|79,291262|1658,681472|0,076772|-2,984629|-3,061401|-37,501465|43,458847|122,409300|
20170128_115720|60833|352|10,638298|0|CarroTeste|1|circulo_r68_xc160_yc120|185|57|175|78|23,259407|0,000000|89,000000|89,000000|1699,496236|0,165149|-2,984629|3,133407|-3,011741|81,804558|88,145065|
20170128_115720|60921|353|10,752688|0|CarroTeste|1|circulo_r68_xc160_yc120|185|57|175|78|23,259407|0,000000|89,000000|89,000000|1708,217344|0,076772|-2,984629|-3,061401|-37,496528|45,940837|124,880897|
20170128_115720|61014|354|10,526316|0|CarroTeste|1|circulo_r68_xc160_yc120|185|57|175|78|23,259407|0,000000|89,000000|89,000000|1716,908723|0,165149|-2,984629|3,133407|-3,006659|82,680532|89,010341|
20170128_115720|61108|355|10,638298|0|CarroTeste|1|circulo_r68_xc160_yc120|185|57|175|78|23,259407|0,000000|89,000000|89,000000|1725,836375|0,076772|-2,984629|-3,061401|-37,517583|46,799626|125,784012|
20170128_115720|61209|356|10,638298|0|CarroTeste|1|circulo_r68_xc160_yc120|185|57|175|78|23,259407|0,000000|89,000000|89,000000|1734,669462|0,165149|-2,984629|3,133407|-2,931766|83,647403|89,819543|
20170128_115720|61346|357|7,142857|0|CarroTeste|1|circulo_r68_xc160_yc120|185|57|176|78|22,847319|7,246377|89,000000|81,753623|1718,308761|0,000000|-2,980508|-2,980508|-37,058304|46,906697|124,924179|
20170128_115720|61432|358|10,752688|0|CarroTeste|1|circulo_r68_xc160_yc120|185|57|175|78|23,259407|11,494253|89,000000|77,505747|1711,771965|0,165149|-2,984629|3,133407|-2,952168|82,481053|88,696143|
20170128_115720|61531|359|10,416667|0|CarroTeste|1|circulo_r68_xc160_yc120|185|57|175|78|23,259407|0,000000|89,000000|89,000000|1758,419200|0,076772|-2,984629|-3,061401|-37,498700|48,448644|127,393276|
20170128_115721|61625|360|10,869565|0|CarroTeste|1|circulo_r68_xc160_yc120|185|57|175|78|23,259407|0,000000|89,000000|89,000000|1767,058453|0,165149|-2,984629|3,133407|-2,944187|85,253779|91,452067|
20170128_115721|61728|361|10,752688|0|CarroTeste|1|circulo_r68_xc160_yc120|185|57|175|78|23,259407|0,000000|89,000000|89,000000|1775,671057|0,165149|-2,984629|3,133407|-2,641786|86,002725|91,564381|
20170128_115721|61858|362|7,092199|0|CarroTeste|1|circulo_r68_xc160_yc120|185|57|175|78|23,259407|0,000000|89,000000|89,000000|1784,093247|0,165149|-2,984629|3,133407|-2,369417|86,710540|91,698785|
20170128_115721|61949|363|10,638298|0|CarroTeste|1|circulo_r68_xc160_yc120|185|57|175|78|23,259407|0,000000|89,000000|89,000000|1792,815905|0,165149|-2,984629|3,133407|-2,061532|87,470761|91,810829|
20170128_115721|62049|364|10,752688|0|CarroTeste|1|circulo_r68_xc160_yc120|185|57|175|78|23,259407|0,000000|89,000000|89,000000|1801,528977|0,165149|-2,984629|3,133407|-1,754773|88,229320|91,923578|
20170128_115721|62139|365|10,638298|0|CarroTeste|1|circulo_r68_xc160_yc120|185|57|176|78|22,847319|10,989011|89,000000|78,010989|1772,830282|0,000000|-2,980508|-2,980508|-35,783191|50,974997|126,308031|
20170128_115721|62237|366|10,638298|0|CarroTeste|1|circulo_r68_xc160_yc120|185|57|176|78|22,847319|0,000000|89,000000|89,000000|1817,871454|0,000000|-2,980508|-2,980508|-36,075195|52,919683|128,867462|
20170128_115721|62331|367|10,526316|0|CarroTeste|1|circulo_r68_xc160_yc120|185|57|175|78|23,259407|10,638298|89,000000|78,361702|1790,380398|0,076772|-2,984629|-3,061401|-36,820465|50,760635|128,277404|
20170128_115721|62422|368|10,869565|0|CarroTeste|1|circulo_r68_xc160_yc120|185|57|176|78|22,847319|10,989011|89,000000|78,010989|1796,884237|0,090660|-2,523562|-2,614222|-34,612081|53,410442|126,277982|
20170128_115721|62512|369|10,638298|0|CarroTeste|1|circulo_r68_xc160_yc120|185|57|175|78|23,259407|11,111111|89,000000|77,888889|1804,100119|0,076772|-2,984629|-3,061401|-37,378461|50,859257|129,550755|
20170128_115722|62611|370|10,638298|0|CarroTeste|1|circulo_r68_xc160_yc120|185|57|175|78|23,259407|0,000000|89,000000|89,000000|1849,746907|0,076772|-2,984629|-3,061401|-37,709312|52,793332|132,181359|
20170128_115722|62705|371|10,752688|0|CarroTeste|1|circulo_r68_xc160_yc120|185|57|175|78|23,259407|0,000000|89,000000|89,000000|1858,381210|0,076772|-2,984629|-3,061401|-38,007868|52,910777|132,927344|
20170128_115722|62792|372|10,638298|0|CarroTeste|1|circulo_r68_xc160_yc120|185|57|176|78|22,847319|11,363636|89,000000|77,636364|1828,282407|0,000000|-2,980508|-2,980508|-37,847042|51,575128|131,253113|
20170128_115722|62887|373|10,638298|0|CarroTeste|1|circulo_r68_xc160_yc120|185|57|175|78|23,259407|10,638298|89,000000|78,361702|1838,284474|0,076772|-2,984629|-3,061401|-38,592829|51,290192|132,538255|
20170128_115722|62984|374|10,526316|0|CarroTeste|1|circulo_r68_xc160_yc120|185|57|176|78|22,847319|10,309278|89,000000|78,690722|1846,978690|0,090660|-2,980508|-3,071168|-38,942110|51,357239|133,340630|
20170128_115722|63077|375|10,638298|0|CarroTeste|1|circulo_r68_xc160_yc120|185|57|176|78|22,847319|0,000000|89,000000|89,000000|1889,704008|0,000000|-2,980508|-2,980508|-38,728566|53,718289|135,252112|
20170128_115722|63172|376|10,869565|0|CarroTeste|1|circulo_r68_xc160_yc120|185|57|175|78|23,259407|10,416667|89,000000|78,583333|1863,050660|0,076772|-2,984629|-3,061401|-39,506073|51,567193|134,737873|
20170128_115722|63265|377|10,638298|0|CarroTeste|1|circulo_r68_xc160_yc120|185|57|176|78|22,847319|10,752688|89,000000|78,247312|1869,437412|0,000000|-2,980508|-2,980508|-39,344276|52,056843|134,886899|
20170128_115722|63353|378|10,752688|0|CarroTeste|1|circulo_r68_xc160_yc120|185|57|176|78|22,847319|0,000000|89,000000|89,000000|1913,575098|0,000000|-2,980508|-2,980508|-39,629627|53,963358|137,394152|
20170128_115722|63507|379|7,042254|0|CarroTeste|1|circulo_r68_xc160_yc120|185|57|176|78|22,847319|0,000000|89,000000|89,000000|1921,877046|0,090660|-2,980508|-3,071168|-40,392903|53,575007|138,612698|
20170128_115723|63638|380|7,142857|0|CarroTeste|1|circulo_r68_xc160_yc120|185|57|175|78|23,259407|7,633588|89,000000|81,366412|1904,306616|0,165149|-2,984629|3,133407|-5,814975|89,094304|101,336357|
20170128_115723|63780|381|7,092199|0|CarroTeste|1|circulo_r68_xc160_yc120|185|57|175|78|23,259407|0,000000|89,000000|89,000000|1938,051244|0,165149|-2,984629|3,133407|-5,540195|91,070778|102,734346|
20170128_115723|63874|382|10,638298|0|CarroTeste|1|circulo_r68_xc160_yc120|185|57|176|78|22,847319|10,752688|89,000000|78,247312|1910,298157|0,000000|-2,523562|-2,523562|-36,939758|56,630952|134,398864|
20170128_115723|63968|383|10,752688|0|CarroTeste|1|circulo_r68_xc160_yc120|185|57|175|78|23,259407|10,638298|89,000000|78,361702|1918,444433|0,266252|-2,984629|3,032304|-6,045510|89,558526|102,285917|
20170128_115723|64059|384|10,638298|0|CarroTeste|1|circulo_r68_xc160_yc120|185|57|175|78|23,259407|0,000000|89,000000|89,000000|1962,379290|0,076772|-2,984629|-3,061401|-39,904311|56,114426|140,123503|
20170128_115723|64157|385|10,638298|0|CarroTeste|1|circulo_r68_xc160_yc120|185|57|176|78|22,847319|10,416667|89,000000|78,583333|1935,774688|0,090660|-2,523562|-2,614222|-37,701780|57,102650|136,474819|
20170128_115723|64285|386|8,474576|0|CarroTeste|1|circulo_r68_xc160_yc120|185|57|176|78|22,847319|0,000000|89,000000|89,000000|1978,860427|0,090660|-2,523562|-2,614222|-37,944326|59,001625|138,884417|
20170128_115723|64410|387|8,130081|0|CarroTeste|1|circulo_r68_xc160_yc120|185|57|175|78|23,259407|7,936508|89,000000|81,063492|1960,623951|0,076772|-2,519441|-2,596213|-38,085393|57,941309|138,121086|
20170128_115723|64529|388|8,196721|0|CarroTeste|1|circulo_r68_xc160_yc120|185|57|176|78|22,847319|8,333333|89,000000|80,666667|1967,478851|0,000000|-2,523562|-2,523562|-37,947762|58,428929|138,318956|
20170128_115724|64622|389|10,752688|0|CarroTeste|1|circulo_r68_xc160_yc120|185|57|176|78|22,847319|0,000000|89,000000|89,000000|2003,883311|0,000000|-2,523562|-2,523562|-38,200588|59,983020|140,405311|
20170128_115724|64719|390|9,523810|0|CarroTeste|1|circulo_r68_xc160_yc120|185|57|175|78|23,259407|10,309278|89,000000|78,690722|1977,716582|0,165149|-2,984629|3,133407|-6,808753|91,718720|106,052938|
20170128_115724|64819|391|10,416667|0|CarroTeste|1|circulo_r68_xc160_yc120|185|57|175|78|23,259407|0,000000|89,000000|89,000000|2020,630112|0,165149|-2,984629|3,133407|-6,498009|94,191496|107,871516|
20170128_115724|64958|392|7,142857|0|CarroTeste|1|circulo_r68_xc160_yc120|185|57|175|78|23,259407|0,000000|89,000000|89,000000|2029,382714|0,076772|-2,984629|-3,061401|-40,789028|58,533316|144,404955|
20170128_115724|65146|393|5,347594|0|CarroTeste|1|circulo_r68_xc160_yc120|185|57|175|78|23,259407|0,000000|89,000000|89,000000|2038,347233|0,076772|-2,984629|-3,061401|-41,085398|58,669574|145,165149|
20170128_115724|65353|394|5,319149|0|CarroTeste|1|circulo_r68_xc160_yc120|185|57|176|78|22,847319|4,830918|89,000000|84,169082|2030,785945|0,090660|-2,980508|-3,071168|-41,406590|57,953412|145,125182|
20170128_115724|65525|395|5,347594|0|CarroTeste|1|circulo_r68_xc160_yc120|185|57|176|78|22,847319|0,000000|89,000000|89,000000|2055,650836|0,090660|-2,980508|-3,071168|-41,679394|58,909495|146,655589|
20170128_115725|65769|396|4,273504|0|CarroTeste|1|circulo_r68_xc160_yc120|185|57|176|78|22,847319|0,000000|89,000000|89,000000|2064,764863|0,090660|-2,980508|-3,071168|-41,950003|59,080344|147,396142|
20170128_115725|65986|397|4,255319|0|CarroTeste|1|circulo_r68_xc160_yc120|185|57|176|78|22,847319|0,000000|89,000000|89,000000|2074,098048|0,000000|-2,980508|-2,980508|-41,728563|59,780099|147,629706|
20170128_115725|66166|398|5,376344|0|CarroTeste|1|circulo_r68_xc160_yc120|185|57|176|78|22,847319|0,000000|89,000000|89,000000|2083,722433|0,000000|-2,980508|-2,980508|-42,016397|59,958335|148,413909|
20170128_115725|66273|399|10,638298|0|CarroTeste|1|circulo_r68_xc160_yc120|185|57|175|78|23,259407|9,345794|89,000000|79,654206|2062,211018|0,165149|-2,984629|3,133407|-8,759795|93,889714|112,331388|
20170128_115725|66363|400|10,416667|0|CarroTeste|1|circulo_r68_xc160_yc120|185|57|175|78|23,259407|0,000000|89,000000|89,000000|2102,782082|0,165149|-2,984629|3,133407|-8,407060|96,289568|113,988641|
20170128_115725|66457|401|10,752688|0|CarroTeste|1|circulo_r68_xc160_yc120|185|57|175|78|23,259407|0,000000|89,000000|89,000000|2112,869911|0,165149|-2,984629|3,133407|-8,051094|97,168660|114,118332|
20170128_115725|66549|402|10,752688|0|CarroTeste|1|circulo_r68_xc160_yc120|185|57|176|78|22,847319|10,989011|89,000000|78,010989|2085,832895|0,090660|-2,980508|-3,071168|-41,784292|60,308178|148,275111|
20170128_115726|66656|403|10,526316|0|CarroTeste|1|circulo_r68_xc160_yc120|185|57|176|78|22,847319|0,000000|89,000000|89,000000|2131,776141|0,090660|-2,980508|-3,071168|-42,131099|62,240282|150,937333|
20170128_115726|66779|404|7,194245|0|CarroTeste|1|circulo_r68_xc160_yc120|185|57|175|78|23,259407|8,064516|89,000000|80,935484|2114,469657|0,076772|-2,984629|-3,061401|-42,395938|61,096179|150,350787|
20170128_115726|66874|405|10,526316|0|CarroTeste|1|circulo_r68_xc160_yc120|185|57|175|78|23,259407|0,000000|89,000000|89,000000|2150,977165|0,165149|-2,984629|3,133407|-8,774266|98,312789|116,784928|
20170128_115726|66969|406|10,526316|0|CarroTeste|1|circulo_r68_xc160_yc120|185|57|176|78|22,847319|10,526316|89,000000|78,473684|2125,651139|0,000000|-2,980508|-2,980508|-41,943125|62,131899|150,433215|
20170128_115726|67064|407|10,752688|0|CarroTeste|1|circulo_r68_xc160_yc120|185|57|176|78|22,847319|0,000000|89,000000|89,000000|2170,183612|0,000000|-2,980508|-2,980508|-42,284240|63,999454|153,018907|
20170128_115726|67157|408|10,869565|0|CarroTeste|1|circulo_r68_xc160_yc120|185|57|175|78|23,259407|10,869565|89,000000|78,130435|2143,723373|0,165149|-2,984629|3,133407|-9,099078|97,608192|116,764146|
20170128_115726|67253|409|10,638298|0|CarroTeste|1|circulo_r68_xc160_yc120|185|57|175|78|23,259407|0,000000|89,000000|89,000000|2189,372068|0,076772|-2,984629|-3,061401|-42,711559|64,509067|154,428140|
20170128_115726|67343|410|10,416667|0|CarroTeste|1|circulo_r68_xc160_yc120|185|57|176|78|22,847319|11,111111|89,000000|77,888889|2162,224385|0,000000|-2,980508|-2,980508|-42,647383|63,219237|153,003202|
20170128_115726|67449|411|10,752688|0|CarroTeste|1|circulo_r68_xc160_yc120|185|57|175|78|23,259407|9,433962|89,000000|79,566038|2176,876923|0,165149|-2,984629|3,133407|-9,368670|98,982088|118,705604|
20170128_115727|67584|412|7,246377|0|CarroTeste|1|circulo_r68_xc160_yc120|185|57|175|78|23,259407|0,000000|89,000000|89,000000|2217,666765|0,076772|-2,984629|-3,061401|-43,111300|65,503022|156,263655|
20170128_115727|67689|413|10,416667|0|CarroTeste|1|circulo_r68_xc160_yc120|185|57|175|78|23,259407|0,000000|89,000000|89,000000|2227,607611|0,076772|-2,984629|-3,061401|-43,451719|65,641728|157,119033|
20170128_115727|67814|414|7,092199|0|CarroTeste|1|circulo_r68_xc160_yc120|185|57|175|78|23,259407|0,000000|89,000000|89,000000|2237,387217|0,165149|-2,984629|3,133407|-9,735720|101,621235|122,117487|
20170128_115727|67904|415|10,869565|0|CarroTeste|1|circulo_r68_xc160_yc120|185|57|176|78|22,847319|10,989011|89,000000|78,010989|2210,377748|0,000000|-2,980508|-2,980508|-42,965189|65,292372|155,745402|
20170128_115727|67997|416|10,526316|0|CarroTeste|1|circulo_r68_xc160_yc120|185|57|176|78|22,847319|0,000000|89,000000|89,000000|2256,325740|0,000000|-2,980508|-2,980508|-43,301980|67,235255|158,397319|
20170128_115727|68140|417|7,092199|0|CarroTeste|1|circulo_r68_xc160_yc120|185|57|175|78|23,259407|7,042254|89,000000|81,957746|2242,568815|0,165149|-2,984629|3,133407|-10,067007|101,531591|122,725290|
20170128_115727|68234|418|10,752688|0|CarroTeste|1|circulo_r68_xc160_yc120|185|57|175|78|23,259407|0,000000|89,000000|89,000000|2275,812965|0,165149|-2,984629|3,133407|-9,687047|103,593757|123,987540|
20170128_115727|68337|419|10,526316|0|CarroTeste|1|circulo_r68_xc160_yc120|185|57|175|78|23,259407|0,000000|89,000000|89,000000|2285,971347|0,076772|-2,519441|-2,596213|-40,844190|71,304683|157,292452|
20170128_115727|68424|420|10,526316|0|CarroTeste|1|circulo_r68_xc160_yc120|185|57|175|78|23,259407|0,000000|89,000000|89,000000|2295,918903|0,165149|-2,519441|-2,684590|-41,619347|70,986105|158,605785|
20170128_115727|68518|421|10,989011|0|CarroTeste|1|circulo_r68_xc160_yc120|185|57|175|78|23,259407|0,000000|89,000000|89,000000|2305,958894|0,165149|-2,984629|3,133407|-9,893263|104,883983|125,711906|
20170128_115728|68608|422|10,752688|0|CarroTeste|1|circulo_r68_xc160_yc120|185|57|175|78|23,259407|0,000000|89,000000|89,000000|2315,890193|0,165149|-2,984629|3,133407|-9,541249|105,751089|125,837930|
20170128_115728|68716|423|10,416667|0|CarroTeste|1|circulo_r68_xc160_yc120|185|57|176|78|22,847319|9,259259|89,000000|79,740741|2294,643088|0,090660|-2,980508|-3,071168|-43,393280|69,055017|160,409292|
20170128_115728|68853|424|7,352941|0|CarroTeste|1|circulo_r68_xc160_yc120|185|57|175|78|23,259407|7,352941|89,000000|81,647059|2309,953715|0,076772|-2,984629|-3,061401|-43,694457|69,503520|161,491852|
20170128_115728|68987|425|6,993007|0|CarroTeste|1|circulo_r68_xc160_yc120|185|57|176|78|22,847319|7,407407|89,000000|81,592593|2318,764132|0,090660|-2,980508|-3,071168|-44,097212|69,520088|162,356325|
20170128_115728|69094|426|10,869565|0|CarroTeste|1|circulo_r68_xc160_yc120|185|57|175|78|23,259407|9,345794|89,000000|79,654206|2321,320896|0,076772|-2,984629|-3,061401|-44,424543|69,303367|162,828723|
20170128_115728|69216|427|7,092199|0|CarroTeste|1|circulo_r68_xc160_yc120|185|57|176|78|22,847319|8,130081|89,000000|80,869919|2334,058610|0,090660|-2,980508|-3,071168|-44,829338|69,514153|163,891708|
20170128_115728|69326|428|10,416667|0|CarroTeste|1|circulo_r68_xc160_yc120|185|57|175|78|23,259407|9,174312|89,000000|79,825688|2339,349694|0,165149|-2,984629|3,133407|-10,657268|105,749308|128,185662|
20170128_115728|69455|429|7,194245|0|CarroTeste|1|circulo_r68_xc160_yc120|185|57|176|78|22,847319|7,812500|89,000000|81,187500|2352,308322|0,090660|-2,980508|-3,071168|-44,899594|70,352685|164,878147|
20170128_115728|69546|430|10,638298|0|CarroTeste|1|circulo_r68_xc160_yc120|185|57|175|78|23,259407|10,752688|89,000000|78,247312|2350,666242|0,076772|-2,984629|-3,061401|-45,160524|69,995918|165,070706|
20170128_115729|69642|431|10,638298|0|CarroTeste|1|circulo_r68_xc160_yc120|185|57|176|78|22,847319|10,526316|89,000000|78,473684|2359,480329|0,090660|-2,980508|-3,071168|-45,531279|70,046354|165,901679|
20170128_115729|69734|432|10,526316|0|CarroTeste|1|circulo_r68_xc160_yc120|185|57|176|78|22,847319|0,000000|89,000000|89,000000|2403,247712|0,000000|-2,980508|-2,980508|-45,339114|72,437001|167,887770|
20170128_115729|69843|433|10,752688|0|CarroTeste|1|circulo_r68_xc160_yc120|185|57|175|78|23,259407|9,174312|89,000000|79,825688|2381,249512|0,165149|-2,984629|3,133407|-11,568217|106,885405|131,239546|
20170128_115729|69924|434|10,752688|0|CarroTeste|1|circulo_r68_xc160_yc120|185|57|175|78|23,259407|0,000000|89,000000|89,000000|2420,596676|0,165149|-2,984629|3,133407|-11,244419|109,193604|132,866064|
20170128_115729|70020|435|10,526316|0|CarroTeste|1|circulo_r68_xc160_yc120|185|57|176|78|22,847319|10,526316|89,000000|78,473684|2394,165187|0,000000|-2,980508|-2,980508|-45,032337|72,305799|167,110720|
20170128_115729|70125|436|10,638298|0|CarroTeste|1|circulo_r68_xc160_yc120|185|57|175|78|23,259407|9,433962|89,000000|79,566038|2405,845114|0,076772|-2,984629|-3,061401|-45,787516|72,094869|168,489642|
20170128_115729|70251|437|7,142857|0|CarroTeste|1|circulo_r68_xc160_yc120|185|57|176|78|22,847319|7,874016|89,000000|81,125984|2419,043571|0,000000|-2,980508|-2,980508|-45,617434|72,933826|168,970531|
20170128_115729|70347|438|10,638298|0|CarroTeste|1|circulo_r68_xc160_yc120|185|57|176|78|22,847319|0,000000|89,000000|89,000000|2454,085700|0,000000|-2,980508|-2,980508|-45,922229|74,365096|171,043474|
20170128_115729|70437|439|10,752688|0|CarroTeste|1|circulo_r68_xc160_yc120|185|57|176|78|22,847319|0,000000|89,000000|89,000000|2463,213269|0,000000|-2,980508|-2,980508|-46,227119|74,500537|171,820789|
20170128_115729|70531|440|10,752688|0|CarroTeste|1|circulo_r68_xc160_yc120|185|57|176|78|22,847319|0,000000|89,000000|89,000000|2472,357179|0,090660|-2,980508|-3,071168|-47,039456|74,102641|173,133077|
20170128_115730|70626|441|10,638298|0|CarroTeste|1|circulo_r68_xc160_yc120|185|57|175|78|23,259407|10,526316|89,000000|78,473684|2445,774868|0,165149|-2,984629|3,133407|-12,767365|108,849412|135,728075|
20170128_115730|70721|442|10,638298|0|CarroTeste|1|circulo_r68_xc160_yc120|185|57|175|78|23,259407|0,000000|89,000000|89,000000|2489,545126|0,165149|-2,984629|3,133407|-12,447045|111,375103|137,579410|
20170128_115730|70864|443|7,042254|0|CarroTeste|1|circulo_r68_xc160_yc120|185|57|175|78|23,259407|0,000000|89,000000|89,000000|2498,664693|0,076772|-2,984629|-3,061401|-46,656542|75,821085|174,045384|
20170128_115730|71005|444|7,246377|0|CarroTeste|1|circulo_r68_xc160_yc120|185|57|176|78|22,847319|7,092199|89,000000|81,907801|2483,569994|0,000000|-2,980508|-2,980508|-46,492891|75,238614|173,118386|
20170128_115730|71142|445|7,042254|0|CarroTeste|1|circulo_r68_xc160_yc120|185|57|176|78|22,847319|0,000000|89,000000|89,000000|2516,122643|0,000000|-2,980508|-2,980508|-46,801701|76,541183|175,071081|
20170128_115730|71287|446|7,194245|0|CarroTeste|1|circulo_r68_xc160_yc120|185|57|175|78|23,259407|6,896552|89,000000|82,103448|2501,780593|0,165149|-2,984629|3,133407|-13,122008|111,276390|138,901670|
20170128_115730|71424|447|7,042254|0|CarroTeste|1|circulo_r68_xc160_yc120|185|57|175|78|23,259407|0,000000|89,000000|89,000000|2533,597834|0,076772|-2,984629|-3,061401|-47,169426|77,027864|176,331919|
20170128_115730|71523|448|10,638298|0|CarroTeste|1|circulo_r68_xc160_yc120|185|57|175|78|23,259407|0,000000|89,000000|89,000000|2543,250141|0,165149|-2,984629|3,133407|-13,117732|113,354368|140,970646|
20170128_115741|82303|449|7,042254|0|CarroTeste|1|circulo_r68_xc160_yc120|185|57|175|78|23,259407|0,000000|89,000000|89,000000|2552,400015|0,165149|-2,984629|3,133407|-12,821698|114,123476|141,116525|
20170128_115744|84757|450|0,093188|0|CarroTeste|1|circulo_r68_xc160_yc120|185|57|175|78|23,259407|0,000000|89,000000|89,000000|2561,325567|0,076772|-2,984629|-3,061401|-46,740646|78,865598|177,266959|
20170128_115746|87394|451|0,410341|0|CarroTeste|1|circulo_r68_xc160_yc120|185|57|175|78|23,259407|0,000000|89,000000|89,000000|2570,644827|0,076772|-2,984629|-3,061401|-46,991649|79,067347|177,997136|
20170128_115751|91881|452|0,374251|0|CarroTeste|1|circulo_r68_xc160_yc120|185|57|175|78|23,259407|0,000000|89,000000|89,000000|2580,336624|0,076772|-2,984629|-3,061401|-47,252023|79,277859|178,755803|
20170128_115753|94023|453|0,224467|0|CarroTeste|1|circulo_r68_xc160_yc120|185|57|175|78|23,259407|0,000000|89,000000|89,000000|2590,482605|0,076772|-2,984629|-3,061401|-47,528600|79,494024|179,554236|
20170128_115755|96381|454|0,463607|0|CarroTeste|1|circulo_r68_xc160_yc120|185|57|175|77|22,360680|0,464253|89,000000|88,535747|2599,576085|0,165149|-2,975642|-3,140791|-48,255365|79,183683|180,773925|
20170128_115758|98572|455|0,426439|0|CarroTeste|1|circulo_r68_xc160_yc120|185|57|175|78|23,259407|0,426076|89,000000|88,573924|2610,900956|0,076772|-2,984629|-3,061401|-48,176347|79,833103|181,256992|
20170128_120013|234212|456|0,454339|0|CarroTeste|1|circulo_r68_xc160_yc120|185|57|175|78|23,259407|0,000000|89,000000|89,000000|2623,905906|0,165149|-2,984629|3,133407|-15,293801|115,096557|147,294033|
20170128_120016|236623|457|0,007372|0|CarroTeste|1|circulo_r68_xc160_yc120|185|57|176|78|22,847319|0,007372|89,000000|88,992628|2635,755919|0,090660|-2,523562|-2,614222|-45,629745|83,756484|179,819107|
20170128_120047|268279|458|0,418410|0|CarroTeste|1|circulo_r68_xc160_yc120|185|57|175|78|23,259407|0,417711|89,000000|88,582289|2647,023405|0,076772|-2,984629|-3,061401|-48,341135|81,465765|183,236576|
20170128_120051|271860|459|0,031559|0|CarroTeste|1|circulo_r68_xc160_yc120|185|57|176|78|22,847319|0,031559|89,000000|88,968441|2661,271658|0,090660|-2,980508|-3,071168|-48,769083|81,727705|184,399461|
20170128_120051|271946|460|0,280584|0|CarroTeste|1|circulo_r68_xc160_yc120|185|57|176|78|22,847319|0,000000|89,000000|89,000000|2675,188835|0,000000|-2,980508|-2,980508|-48,719550|82,475704|185,043179|
20170128_120051|272040|461|10,638298|0|CarroTeste|1|circulo_r68_xc160_yc120|185|57|176|78|22,847319|0,000000|89,000000|89,000000|2689,598514|0,090660|-2,980508|-3,071168|-49,680653|82,184501|186,775351|
20170128_120051|272138|462|10,526316|0|CarroTeste|1|circulo_r68_xc160_yc120|185|57|176|78|22,847319|0,000000|89,000000|89,000000|2704,007017|0,000000|-2,980508|-2,980508|-49,698565|82,886071|187,514631|
20170128_120051|272230|463|10,869565|0|CarroTeste|1|circulo_r68_xc160_yc120|185|57|175|78|23,259407|10,869565|89,000000|78,130435|2682,049597|0,076772|-2,984629|-3,061401|-50,610864|80,827885|187,377074|
20170128_120051|272325|464|10,526316|0|CarroTeste|1|circulo_r68_xc160_yc120|185|57|175|78|23,259407|0,000000|89,000000|89,000000|2731,060923|0,076772|-2,984629|-3,061401|-51,104285|82,759061|190,347031|
20170128_120051|272413|465|10,989011|0|CarroTeste|1|circulo_r68_xc160_yc120|185|57|175|78|23,259407|0,000000|89,000000|89,000000|2745,472750|0,076772|-2,984629|-3,061401|-51,601647|82,956113|191,591162|
20170128_120051|272507|466|10,526316|0|CarroTeste|1|circulo_r68_xc160_yc120|185|57|175|78|23,259407|0,000000|89,000000|89,000000|2759,864299|0,165149|-2,984629|3,133407|-19,394438|117,578016|158,408413|
20170128_120052|272601|467|10,638298|0|CarroTeste|1|circulo_r68_xc160_yc120|185|57|175|78|23,259407|0,000000|89,000000|89,000000|2774,255848|0,076772|-2,984629|-3,061401|-51,590004|84,407525|193,018060|
20170128_120052|272696|468|10,638298|0|CarroTeste|1|circulo_r68_xc160_yc120|185|57|176|78|22,847319|10,526316|89,000000|78,473684|2753,454268|0,090660|-2,980508|-3,071168|-52,162208|82,765125|192,580302|
20170128_120052|272787|469|10,752688|0|CarroTeste|1|circulo_r68_xc160_yc120|185|57|176|78|22,847319|0,000000|89,000000|89,000000|2801,153358|0,000000|-2,980508|-2,980508|-52,171403|85,140401|194,974935|
20170128_120052|272928|470|7,142857|0|CarroTeste|1|circulo_r68_xc160_yc120|185|57|175|78|23,259407|7,092199|89,000000|81,907801|2791,498385|0,076772|-2,984629|-3,061401|-53,045814|83,737220|195,412619|
20170128_120115|296356|471|10,416667|0|CarroTeste|1|circulo_r68_xc160_yc120|185|57|175|78|23,259407|0,000000|89,000000|89,000000|2828,476311|0,165149|-2,519441|-2,684590|-51,549536|87,161145|195,686486|
20170128_120115|296507|472|0,042586|0|CarroTeste|1|circulo_r68_xc160_yc120|185|57|175|78|23,259407|0,000000|89,000000|89,000000|2842,828805|0,165149|-2,519441|-2,684590|-51,918464|87,490425|196,792455|
20170128_120116|296602|473|10,416667|0|CarroTeste|1|circulo_r68_xc160_yc120|185|57|175|78|23,259407|0,000000|89,000000|89,000000|2858,090328|0,076772|-2,519441|-2,596213|-51,913219|88,259022|197,550011|
20170128_120116|296697|474|10,638298|0|CarroTeste|1|circulo_r68_xc160_yc120|185|57|175|78|23,259407|0,000000|89,000000|89,000000|2873,381116|0,165149|-2,519441|-2,684590|-52,845251|88,042475|199,295637|
20170128_120116|296789|475|10,869565|0|CarroTeste|1|circulo_r68_xc160_yc120|185|57|176|78|22,847319|10,869565|89,000000|78,130435|2852,010351|0,000000|-2,523562|-2,523562|-52,471144|87,367733|197,833302|
20170128_120116|296881|476|10,638298|0|CarroTeste|1|circulo_r68_xc160_yc120|185|57|175|78|23,259407|10,869565|89,000000|78,130435|2864,937484|0,076772|-2,519441|-2,596213|-53,292564|87,149437|199,344311|
20170128_120116|296978|477|10,526316|0|CarroTeste|1|circulo_r68_xc160_yc120|185|57|175|78|23,259407|0,000000|89,000000|89,000000|2914,011650|0,076772|-2,519441|-2,596213|-53,733725|89,138766|202,262399|
20170128_120116|297074|478|10,752688|0|CarroTeste|1|circulo_r68_xc160_yc120|185|57|175|78|23,259407|0,000000|89,000000|89,000000|2928,235273|0,165149|-2,519441|-2,684590|-54,638271|88,897793|203,925734|
20170128_120116|297163|479|10,752688|0|CarroTeste|1|circulo_r68_xc160_yc120|185|57|175|78|23,259407|0,000000|89,000000|89,000000|2942,142332|0,165149|-2,519441|-2,684590|-55,058454|89,150849|205,063385|
20170128_120116|297255|480|10,638298|0|CarroTeste|1|circulo_r68_xc160_yc120|185|57|175|78|23,259407|0,000000|89,000000|89,000000|2956,100856|0,165149|-2,519441|-2,684590|-55,501213|89,382713|206,227373|
20170128_120716|656683|481|7,352941|0|CarroTeste|1|circulo_r68_xc160_yc120|185|57|175|78|23,259407|0,000000|89,000000|89,000000|2969,900375|0,076772|-2,984629|-3,061401|-57,966729|87,477409|209,512629|
20170128_120716|656795|482|0,002782|0|CarroTeste|1|circulo_r68_xc160_yc120|185|57|175|78|23,259407|0,000000|89,000000|89,000000|2983,067837|0,165149|-2,519441|-2,684590|-56,411804|89,772545|208,534239|
20170128_120716|656868|483|14,285714|0|CarroTeste|1|circulo_r68_xc160_yc120|185|57|175|78|23,259407|0,000000|89,000000|89,000000|2996,639427|0,165149|-2,519441|-2,684590|-56,905156|89,931806|209,732136|
20170128_120716|656948|484|12,658228|0|CarroTeste|1|circulo_r68_xc160_yc120|185|57|175|78|23,259407|0,000000|89,000000|89,000000|3009,429961|0,076772|-2,519441|-2,596213|-56,889736|90,587564|210,355432|
20170128_120716|657026|485|12,658228|0|CarroTeste|1|circulo_r68_xc160_yc120|185|57|176|78|22,847319|12,820513|89,000000|76,179487|2978,491289|0,090660|-2,980508|-3,071168|-59,891650|85,880721|211,968408|
20170128_120716|657118|486|10,989011|0|CarroTeste|1|circulo_r68_xc160_yc120|185|57|176|78|22,847319|0,000000|89,000000|89,000000|3031,612241|0,090660|-2,980508|-3,071168|-60,364687|88,038836|215,122388|
20170128_120716|657208|487|10,638298|0|CarroTeste|1|circulo_r68_xc160_yc120|185|57|175|78|23,259407|11,111111|89,000000|77,888889|3005,275209|0,165149|-2,984629|3,133407|-26,827067|122,024743|178,502778|
20170128_120716|657305|488|10,526316|0|CarroTeste|1|circulo_r68_xc160_yc120|185|57|176|78|22,847319|10,204082|89,000000|78,795918|3017,790987|0,090660|-2,980508|-3,071168|-60,548146|87,154658|214,624440|
20170128_120716|657396|489|10,638298|0|CarroTeste|1|circulo_r68_xc160_yc120|185|57|175|78|23,259407|10,989011|89,000000|78,010989|3024,360230|0,165149|-2,984629|3,133407|-26,623970|123,192780|179,243243|
20170128_120716|657490|490|10,869565|0|CarroTeste|1|circulo_r68_xc160_yc120|185|57|176|78|22,847319|10,752688|89,000000|78,247312|3034,041011|0,090660|-2,980508|-3,071168|-60,737019|87,768346|215,635756|
20170128_120717|657587|491|10,752688|0|CarroTeste|1|circulo_r68_xc160_yc120|185|57|176|78|22,847319|0,000000|89,000000|89,000000|3079,197830|0,000000|-2,980508|-2,980508|-60,639459|90,128882|217,790901|
20170128_120717|657682|492|10,416667|0|CarroTeste|1|circulo_r68_xc160_yc120|185|57|175|78|23,259407|10,752688|89,000000|78,247312|3051,526145|0,076772|-2,984629|-3,061401|-61,388083|87,957271|217,195343|
20170128_120717|657824|493|7,246377|0|CarroTeste|1|circulo_r68_xc160_yc120|185|57|175|78|23,259407|0,000000|89,000000|89,000000|3095,713004|0,076772|-2,984629|-3,061401|-61,665207|89,874905|219,696395|
20170128_120717|657916|494|10,526316|0|CarroTeste|1|circulo_r68_xc160_yc120|185|57|175|78|23,259407|0,000000|89,000000|89,000000|3104,686208|0,165149|-2,984629|3,133407|-27,362143|126,432055|184,036566|
20170128_120717|658009|495|10,526316|0|CarroTeste|1|circulo_r68_xc160_yc120|185|57|175|78|23,259407|0,000000|89,000000|89,000000|3113,688800|0,165149|-2,984629|3,133407|-27,045190|127,215819|184,153061|
20170128_120717|658106|496|10,416667|0|CarroTeste|1|circulo_r68_xc160_yc120|185|57|176|78|22,847319|10,101010|89,000000|78,898990|3088,351196|0,000000|-2,980508|-2,980508|-60,880760|90,332548|218,502571|
20170128_120717|658198|497|10,752688|0|CarroTeste|1|circulo_r68_xc160_yc120|185|57|175|78|23,259407|10,869565|89,000000|78,130435|3093,747742|0,076772|-2,519441|-2,596213|-59,038140|92,541976|216,832799|
20170128_120717|658292|498|10,869565|0|CarroTeste|1|circulo_r68_xc160_yc120|185|57|176|78|22,847319|10,869565|89,000000|78,130435|3101,671191|0,090660|-2,980508|-3,071168|-61,956116|89,866594|220,300525|
20170128_120717|658381|499|10,752688|0|CarroTeste|1|circulo_r68_xc160_yc120|185|57|176|78|22,847319|0,000000|89,000000|89,000000|3146,505258|0,090660|-2,523562|-2,614222|-59,715017|94,467349|220,183177|
20170128_120717|658479|500|10,416667|0|CarroTeste|1|circulo_r68_xc160_yc120|185|57|176|78|22,847319|0,000000|89,000000|89,000000|3155,488971|0,000000|-2,523562|-2,523562|-59,470513|95,173908|220,374989|
20170128_120718|658571|501|10,869565|0|CarroTeste|1|circulo_r68_xc160_yc120|185|57|176|78|22,847319|0,000000|89,000000|89,000000|3164,712132|0,000000|-2,523562|-2,523562|-59,753142|95,337562|221,133652|
20170128_120718|658666|502|10,752688|0|CarroTeste|1|circulo_r68_xc160_yc120|185|57|175|78|23,259407|10,416667|89,000000|78,583333|3138,226736|0,165149|-2,984629|3,133407|-28,342792|127,076819|186,745855|
20170128_120718|658759|503|10,416667|0|CarroTeste|1|circulo_r68_xc160_yc120|185|57|175|78|23,259407|0,000000|89,000000|89,000000|3182,089013|0,165149|-2,519441|-2,684590|-60,676890|95,234039|222,974862|
20170128_120718|658826|504|16,129032|0|CarroTeste|1|circulo_r68_xc160_yc120|185|57|176|78|22,847319|14,925373|89,000000|74,074627|3140,141761|0,090660|-2,980508|-3,071168|-63,163046|90,519671|223,494505|
20170128_120718|658898|505|12,987013|0|CarroTeste|1|circulo_r68_xc160_yc120|185|57|176|78|22,847319|0,000000|89,000000|89,000000|3198,212313|0,090660|-2,980508|-3,071168|-63,475875|93,093904|226,727327|
20170128_120718|658992|506|10,416667|0|CarroTeste|1|circulo_r68_xc160_yc120|185|57|175|78|23,259407|10,869565|89,000000|78,130435|3169,504044|0,165149|-2,519441|-2,684590|-61,577456|93,656827|223,293578|
20170128_120718|659059|507|15,873016|0|CarroTeste|1|circulo_r68_xc160_yc120|185|57|175|78|23,259407|0,000000|89,000000|89,000000|3214,276940|0,165149|-2,519441|-2,684590|-61,872108|95,585311|225,842383|
20170128_120718|659133|508|13,333333|0|CarroTeste|1|circulo_r68_xc160_yc120|185|57|176|78|22,847319|13,333333|89,000000|75,666667|3177,169557|0,090660|-2,523562|-2,614222|-61,744569|93,864194|223,852762|
20170128_120718|659231|509|10,526316|0|CarroTeste|1|circulo_r68_xc160_yc120|185|57|176|78|22,847319|0,000000|89,000000|89,000000|3229,685930|0,000000|-2,980508|-2,980508|-64,061667|94,050962|228,917631|
20170128_120718|659320|510|10,638298|0|CarroTeste|1|circulo_r68_xc160_yc120|185|57|176|78|22,847319|0,000000|89,000000|89,000000|3237,890460|0,090660|-2,523562|-2,614222|-62,257990|96,359796|227,429250|
20170128_120718|659412|511|10,869565|0|CarroTeste|1|circulo_r68_xc160_yc120|185|57|176|78|22,847319|0,000000|89,000000|89,000000|3246,118918|0,090660|-2,980508|-3,071168|-65,093271|93,786712|230,825180|
20170128_120718|659507|512|10,638298|0|CarroTeste|1|circulo_r68_xc160_yc120|185|57|176|78|22,847319|0,000000|89,000000|89,000000|3254,529246|0,090660|-2,523562|-2,614222|-62,809495|96,611204|228,841721|
20170128_120719|659601|513|10,638298|0|CarroTeste|1|circulo_r68_xc160_yc120|185|57|175|78|23,259407|10,752688|89,000000|78,247312|3226,480984|0,165149|-2,519441|-2,684590|-63,532189|94,448060|228,200039|
20170128_120719|659695|514|10,638298|0|CarroTeste|1|circulo_r68_xc160_yc120|185|57|175|78|23,259407|0,000000|89,000000|89,000000|3270,022254|0,165149|-2,519441|-2,684590|-63,741077|96,405242|230,596984|
20170128_120719|659789|515|10,638298|0|CarroTeste|1|circulo_r68_xc160_yc120|185|57|176|78|22,847319|10,638298|89,000000|78,361702|3241,455319|0,090660|-2,523562|-2,614222|-63,564472|95,162794|228,982738|
20170128_120719|659881|516|10,869565|0|CarroTeste|1|circulo_r68_xc160_yc120|185|57|175|78|23,259407|10,869565|89,000000|78,130435|3247,620508|0,076772|-2,519441|-2,596213|-63,683549|95,345709|229,416341|
20170128_120719|659973|517|10,638298|0|CarroTeste|1|circulo_r68_xc160_yc120|185|57|175|78|23,259407|0,000000|89,000000|89,000000|3291,852803|0,076772|-2,519441|-2,596213|-63,915808|97,312841|231,872439|
20170128_120719|660071|518|10,309278|0|CarroTeste|1|circulo_r68_xc160_yc120|185|57|175|78|23,259407|0,000000|89,000000|89,000000|3299,894421|0,076772|-2,519441|-2,596213|-64,148473|97,470011|232,519431|
20170128_120719|660164|519|10,869565|0|CarroTeste|1|circulo_r68_xc160_yc120|185|57|175|78|23,259407|0,000000|89,000000|89,000000|3307,985464|0,076772|-2,519441|-2,596213|-64,386496|97,624014|233,174533|
20170128_120719|660258|520|10,638298|0|CarroTeste|1|circulo_r68_xc160_yc120|185|57|175|78|23,259407|0,000000|89,000000|89,000000|3316,047139|0,076772|-2,519441|-2,596213|-64,621662|97,779554|233,825160|
20170128_120719|660352|521|10,752688|0|CarroTeste|1|circulo_r68_xc160_yc120|185|57|175|78|23,259407|0,000000|89,000000|89,000000|3324,101570|0,165149|-2,519441|-2,684590|-65,358852|97,406286|235,003871|
20170128_120719|660447|522|10,526316|0|CarroTeste|1|circulo_r68_xc160_yc120|185|57|175|78|23,259407|0,000000|89,000000|89,000000|3332,151970|0,165149|-2,519441|-2,684590|-65,600320|97,554629|235,660568|
20170128_120719|660541|523|10,638298|0|CarroTeste|1|circulo_r68_xc160_yc120|185|57|175|78|23,259407|0,000000|89,000000|89,000000|3340,235474|0,076772|-2,984629|-3,061401|-67,989755|95,443609|238,579938|
20170128_120720|660603|524|16,949153|0|CarroTeste|1|circulo_r68_xc160_yc120|185|57|175|78|23,259407|0,000000|89,000000|89,000000|3348,907710|0,076772|-2,984629|-3,061401|-68,354686|95,493083|239,397688|
20170128_120720|660684|525|12,048193|0|CarroTeste|1|circulo_r68_xc160_yc120|185|57|175|78|23,259407|0,000000|89,000000|89,000000|3356,846250|0,165149|-2,984629|3,133407|-33,181255|132,914675|202,769950|
20170128_120720|660776|526|10,989011|0|CarroTeste|1|circulo_r68_xc160_yc120|185|57|175|78|23,259407|0,000000|89,000000|89,000000|3364,683970|0,076772|-2,519441|-2,596213|-65,704271|99,071807|237,396590|
20170128_120720|660868|527|10,752688|0|CarroTeste|1|circulo_r68_xc160_yc120|185|57|176|78|22,847319|10,869565|89,000000|78,130435|3335,230842|0,090660|-2,523562|-2,614222|-66,037447|97,248439|236,274645|
20170128_120720|660967|528|10,416667|0|CarroTeste|1|circulo_r68_xc160_yc120|185|57|175|78|23,259407|10,101010|89,000000|78,898990|3344,686616|0,076772|-2,519441|-2,596213|-66,160590|97,591604|236,877058|
20170128_120720|661058|529|10,752688|0|CarroTeste|1|circulo_r68_xc160_yc120|185|57|175|78|23,259407|0,000000|89,000000|89,000000|3386,227042|0,165149|-2,519441|-2,684590|-66,893100|98,897561|239,725143|
20170128_120720|661146|530|10,869565|0|CarroTeste|1|circulo_r68_xc160_yc120|185|57|175|78|23,259407|0,000000|89,000000|89,000000|3394,035181|0,076772|-2,519441|-2,596213|-66,623369|99,571896|239,831622|
20170128_120720|661243|531|10,638298|0|CarroTeste|1|circulo_r68_xc160_yc120|185|57|175|78|23,259407|0,000000|89,000000|89,000000|3401,847399|0,165149|-2,519441|-2,684590|-67,358566|99,188615|240,996125|
20170128_120720|661340|532|10,526316|0|CarroTeste|1|circulo_r68_xc160_yc120|185|57|175|78|23,259407|0,000000|89,000000|89,000000|3409,618857|0,165149|-2,519441|-2,684590|-67,590917|99,332608|241,629278|
20170128_120720|661487|533|6,666667|0|CarroTeste|1|circulo_r68_xc160_yc120|185|57|176|78|22,847319|6,849315|89,000000|82,150685|3393,696582|0,090660|-2,523562|-2,614222|-67,391842|98,746048|240,623611|
20170128_120721|661574|534|11,494253|0|CarroTeste|1|circulo_r68_xc160_yc120|185|57|176|78|22,847319|0,000000|89,000000|89,000000|3424,513889|0,090660|-2,523562|-2,614222|-67,631969|100,034147|242,417242|
