TimeStamp|Ticks|FrameNum|FPS|LogaDados|Robo|achou|trajetoria|Xd|Yd|Xa|Ya|DistMelhorPonto|velAtual|velAtualDerivSuja|velDesejada|erroVel|SaidaControleLinear|angAtual|angDesejado|erroAng|SaidaControleAngular|SinalDeControle1|SinalDeControle2|
20170128_200443|26420|128|0,037867|1|CarroTeste|0|circulo_r68_xc160_yc120|0|0|0|0|11,000000|0,000000|0,000000|0,000000|0,000000|0,000000|0,000000|0,000000|0,000000|0,000000|0,000000|58,000000|
20170128_200443|26426|128|0,037867|1|CarroTeste2|0|circulo_r68_xc160_yc120|0|0|0|0|11,000000|0,000000|0,000000|0,000000|0,000000|0,000000|0,000000|0,000000|0,000000|0,000000|0,000000|58,000000|
20170128_200443|26440|130|35,714286|1|CarroTeste|0|circulo_r68_xc160_yc120|0|0|0|0|0,000000|0,000000|0,000000|0,000000|0,000000|0,000000|0,000000|0,000000|0,000000|0,000000|0,000000|0,000000|
20170128_200443|26445|130|35,714286|1|CarroTeste2|0|circulo_r68_xc160_yc120|0|0|0|0|0,000000|0,000000|0,000000|0,000000|0,000000|0,000000|0,000000|0,000000|0,000000|0,000000|0,000000|0,000000|
20170128_200443|26487|132|21,739130|1|CarroTeste|0|circulo_r68_xc160_yc120|0|0|0|0|0,000000|0,000000|0,000000|0,000000|0,000000|0,000000|0,000000|0,000000|0,000000|0,000000|0,000000|0,000000|
20170128_200443|26494|132|21,739130|1|CarroTeste2|0|circulo_r68_xc160_yc120|0|0|0|0|0,000000|0,000000|0,000000|0,000000|0,000000|0,000000|0,000000|0,000000|0,000000|0,000000|0,000000|0,000000|
20170128_200443|26551|134|15,625000|1|CarroTeste|0|circulo_r68_xc160_yc120|0|0|0|0|0,000000|0,000000|0,000000|0,000000|0,000000|0,000000|0,000000|0,000000|0,000000|0,000000|0,000000|0,000000|
20170128_200443|26557|134|15,625000|1|CarroTeste2|0|circulo_r68_xc160_yc120|0|0|0|0|0,000000|0,000000|0,000000|0,000000|0,000000|0,000000|0,000000|0,000000|0,000000|0,000000|0,000000|0,000000|
20170128_200443|26584|136|32,258065|1|CarroTeste|0|circulo_r68_xc160_yc120|0|0|0|0|0,000000|0,000000|0,000000|0,000000|0,000000|0,000000|0,000000|0,000000|0,000000|0,000000|0,000000|0,000000|
20170128_200443|26590|136|32,258065|1|CarroTeste2|0|circulo_r68_xc160_yc120|0|0|0|0|0,000000|0,000000|0,000000|0,000000|0,000000|0,000000|0,000000|0,000000|0,000000|0,000000|0,000000|0,000000|
20170128_200443|26648|138|16,129032|1|CarroTeste|0|circulo_r68_xc160_yc120|0|0|0|0|0,000000|0,000000|0,000000|0,000000|0,000000|0,000000|0,000000|0,000000|0,000000|0,000000|0,000000|0,000000|
20170128_200443|26654|138|16,129032|1|CarroTeste2|0|circulo_r68_xc160_yc120|0|0|0|0|0,000000|0,000000|0,000000|0,000000|0,000000|0,000000|0,000000|0,000000|0,000000|0,000000|0,000000|0,000000|
20170128_200443|26681|140|32,258065|1|CarroTeste|0|circulo_r68_xc160_yc120|0|0|0|0|0,000000|0,000000|0,000000|0,000000|0,000000|0,000000|0,000000|0,000000|0,000000|0,000000|0,000000|0,000000|
20170128_200443|26687|140|32,258065|1|CarroTeste2|0|circulo_r68_xc160_yc120|0|0|0|0|0,000000|0,000000|0,000000|0,000000|0,000000|0,000000|0,000000|0,000000|0,000000|0,000000|0,000000|0,000000|
20170128_200443|26744|142|15,873016|1|CarroTeste|0|circulo_r68_xc160_yc120|0|0|0|0|0,000000|0,000000|0,000000|0,000000|0,000000|0,000000|0,000000|0,000000|0,000000|0,000000|0,000000|0,000000|
20170128_200443|26750|142|15,873016|1|CarroTeste2|0|circulo_r68_xc160_yc120|0|0|0|0|0,000000|0,000000|0,000000|0,000000|0,000000|0,000000|0,000000|0,000000|0,000000|0,000000|0,000000|0,000000|
20170128_200443|26777|144|32,258065|1|CarroTeste|0|circulo_r68_xc160_yc120|0|0|0|0|0,000000|0,000000|0,000000|0,000000|0,000000|0,000000|0,000000|0,000000|0,000000|0,000000|0,000000|0,000000|
20170128_200443|26783|144|32,258065|1|CarroTeste2|0|circulo_r68_xc160_yc120|0|0|0|0|0,000000|0,000000|0,000000|0,000000|0,000000|0,000000|0,000000|0,000000|0,000000|0,000000|0,000000|0,000000|
20170128_200443|26840|146|15,873016|1|CarroTeste|0|circulo_r68_xc160_yc120|0|0|0|0|0,000000|0,000000|0,000000|0,000000|0,000000|0,000000|0,000000|0,000000|0,000000|0,000000|0,000000|0,000000|
20170128_200443|26845|146|15,873016|1|CarroTeste2|0|circulo_r68_xc160_yc120|0|0|0|0|0,000000|0,000000|0,000000|0,000000|0,000000|0,000000|0,000000|0,000000|0,000000|0,000000|0,000000|0,000000|
20170128_200443|26873|148|32,258065|1|CarroTeste|0|circulo_r68_xc160_yc120|0|0|0|0|0,000000|0,000000|0,000000|0,000000|0,000000|0,000000|0,000000|0,000000|0,000000|0,000000|0,000000|0,000000|
20170128_200443|26879|148|32,258065|1|CarroTeste2|0|circulo_r68_xc160_yc120|0|0|0|0|0,000000|0,000000|0,000000|0,000000|0,000000|0,000000|0,000000|0,000000|0,000000|0,000000|0,000000|0,000000|
20170128_200443|26936|150|15,873016|1|CarroTeste|0|circulo_r68_xc160_yc120|0|0|0|0|0,000000|0,000000|0,000000|0,000000|0,000000|0,000000|0,000000|0,000000|0,000000|0,000000|0,000000|0,000000|
20170128_200443|26942|150|15,873016|1|CarroTeste2|0|circulo_r68_xc160_yc120|0|0|0|0|0,000000|0,000000|0,000000|0,000000|0,000000|0,000000|0,000000|0,000000|0,000000|0,000000|0,000000|0,000000|
20170128_200443|27000|152|15,873016|1|CarroTeste|0|circulo_r68_xc160_yc120|0|0|0|0|0,000000|0,000000|0,000000|0,000000|0,000000|0,000000|0,000000|0,000000|0,000000|0,000000|0,000000|0,000000|
20170128_200443|27006|152|15,873016|1|CarroTeste2|0|circulo_r68_xc160_yc120|0|0|0|0|0,000000|0,000000|0,000000|0,000000|0,000000|0,000000|0,000000|0,000000|0,000000|0,000000|0,000000|0,000000|
20170128_200443|27052|154|20,000000|1|CarroTeste|0|circulo_r68_xc160_yc120|0|0|0|0|0,000000|0,000000|0,000000|0,000000|0,000000|0,000000|0,000000|0,000000|0,000000|0,000000|0,000000|0,000000|
20170128_200443|27057|154|20,000000|1|CarroTeste2|0|circulo_r68_xc160_yc120|0|0|0|0|0,000000|0,000000|0,000000|0,000000|0,000000|0,000000|0,000000|0,000000|0,000000|0,000000|0,000000|0,000000|
20170128_200443|27097|156|22,222222|1|CarroTeste|0|circulo_r68_xc160_yc120|0|0|0|0|0,000000|0,000000|0,000000|0,000000|0,000000|0,000000|0,000000|0,000000|0,000000|0,000000|0,000000|0,000000|
20170128_200444|27103|156|22,222222|1|CarroTeste2|0|circulo_r68_xc160_yc120|0|0|0|0|0,000000|0,000000|0,000000|0,000000|0,000000|0,000000|0,000000|0,000000|0,000000|0,000000|0,000000|0,000000|
20170128_200444|27143|158|22,222222|1|CarroTeste|0|circulo_r68_xc160_yc120|0|0|0|0|0,000000|0,000000|0,000000|0,000000|0,000000|0,000000|0,000000|0,000000|0,000000|0,000000|0,000000|0,000000|
20170128_200444|27150|158|22,222222|1|CarroTeste2|0|circulo_r68_xc160_yc120|0|0|0|0|0,000000|0,000000|0,000000|0,000000|0,000000|0,000000|0,000000|0,000000|0,000000|0,000000|0,000000|0,000000|
20170128_200444|27192|160|20,833333|1|CarroTeste|0|circulo_r68_xc160_yc120|0|0|0|0|0,000000|0,000000|0,000000|0,000000|0,000000|0,000000|0,000000|0,000000|0,000000|0,000000|0,000000|0,000000|
20170128_200444|27199|160|20,833333|1|CarroTeste2|0|circulo_r68_xc160_yc120|0|0|0|0|0,000000|0,000000|0,000000|0,000000|0,000000|0,000000|0,000000|0,000000|0,000000|0,000000|0,000000|0,000000|
20170128_200444|27237|162|22,727273|1|CarroTeste|0|circulo_r68_xc160_yc120|0|0|0|0|0,000000|0,000000|0,000000|0,000000|0,000000|0,000000|0,000000|0,000000|0,000000|0,000000|0,000000|0,000000|
20170128_200444|27243|162|22,727273|1|CarroTeste2|0|circulo_r68_xc160_yc120|0|0|0|0|0,000000|0,000000|0,000000|0,000000|0,000000|0,000000|0,000000|0,000000|0,000000|0,000000|0,000000|0,000000|
20170128_200444|27288|164|20,000000|1|CarroTeste|0|circulo_r68_xc160_yc120|0|0|0|0|0,000000|0,000000|0,000000|0,000000|0,000000|0,000000|0,000000|0,000000|0,000000|0,000000|0,000000|0,000000|
20170128_200444|27295|164|20,000000|1|CarroTeste2|0|circulo_r68_xc160_yc120|0|0|0|0|0,000000|0,000000|0,000000|0,000000|0,000000|0,000000|0,000000|0,000000|0,000000|0,000000|0,000000|0,000000|
20170128_200444|27352|166|15,873016|1|CarroTeste|0|circulo_r68_xc160_yc120|0|0|0|0|0,000000|0,000000|0,000000|0,000000|0,000000|0,000000|0,000000|0,000000|0,000000|0,000000|0,000000|0,000000|
20170128_200444|27358|166|15,873016|1|CarroTeste2|0|circulo_r68_xc160_yc120|0|0|0|0|0,000000|0,000000|0,000000|0,000000|0,000000|0,000000|0,000000|0,000000|0,000000|0,000000|0,000000|0,000000|
20170128_200444|27384|168|31,250000|1|CarroTeste|0|circulo_r68_xc160_yc120|0|0|0|0|0,000000|0,000000|0,000000|0,000000|0,000000|0,000000|0,000000|0,000000|0,000000|0,000000|0,000000|0,000000|
20170128_200444|27392|168|31,250000|1|CarroTeste2|0|circulo_r68_xc160_yc120|0|0|0|0|0,000000|0,000000|0,000000|0,000000|0,000000|0,000000|0,000000|0,000000|0,000000|0,000000|0,000000|0,000000|
20170128_200444|27448|170|15,873016|1|CarroTeste|0|circulo_r68_xc160_yc120|0|0|0|0|18,000000|0,000000|0,000000|0,000000|0,000000|0,000000|0,000000|0,000000|0,000000|0,000000|0,000000|272,000000|
20170128_200444|27456|170|15,873016|1|CarroTeste2|0|circulo_r68_xc160_yc120|0|0|0|0|18,000000|0,000000|0,000000|0,000000|0,000000|0,000000|0,000000|0,000000|0,000000|0,000000|0,000000|272,000000|
20170128_200444|27480|172|31,250000|1|CarroTeste|0|circulo_r68_xc160_yc120|0|0|0|0|18,000000|0,000000|0,000000|0,000000|0,000000|0,000000|0,000000|0,000000|0,000000|0,000000|0,000000|272,000000|
20170128_200444|27488|172|31,250000|1|CarroTeste2|0|circulo_r68_xc160_yc120|0|0|0|0|18,000000|0,000000|0,000000|0,000000|0,000000|0,000000|0,000000|0,000000|0,000000|0,000000|0,000000|272,000000|
20170128_200444|27543|174|16,129032|1|CarroTeste|0|circulo_r68_xc160_yc120|0|0|0|0|18,000000|0,000000|0,000000|0,000000|0,000000|0,000000|0,000000|0,000000|0,000000|0,000000|0,000000|272,000000|
20170128_200444|27550|174|16,129032|1|CarroTeste2|0|circulo_r68_xc160_yc120|0|0|0|0|18,000000|0,000000|0,000000|0,000000|0,000000|0,000000|0,000000|0,000000|0,000000|0,000000|0,000000|272,000000|
20170128_200444|27576|176|32,258065|1|CarroTeste|0|circulo_r68_xc160_yc120|0|0|0|0|18,000000|0,000000|0,000000|0,000000|0,000000|0,000000|0,000000|0,000000|0,000000|0,000000|0,000000|272,000000|
20170128_200444|27583|176|32,258065|1|CarroTeste2|0|circulo_r68_xc160_yc120|0|0|0|0|18,000000|0,000000|0,000000|0,000000|0,000000|0,000000|0,000000|0,000000|0,000000|0,000000|0,000000|272,000000|
20170128_200444|27640|178|15,625000|1|CarroTeste|0|circulo_r68_xc160_yc120|0|0|0|0|18,000000|0,000000|0,000000|0,000000|0,000000|0,000000|0,000000|0,000000|0,000000|0,000000|0,000000|272,000000|
20170128_200444|27648|178|15,625000|1|CarroTeste2|0|circulo_r68_xc160_yc120|0|0|0|0|18,000000|0,000000|0,000000|0,000000|0,000000|0,000000|0,000000|0,000000|0,000000|0,000000|0,000000|272,000000|
20170128_200444|27707|180|15,151515|1|CarroTeste|0|circulo_r68_xc160_yc120|0|0|0|0|18,000000|0,000000|0,000000|0,000000|0,000000|0,000000|0,000000|0,000000|0,000000|0,000000|0,000000|272,000000|
20170128_200444|27716|180|15,151515|1|CarroTeste2|0|circulo_r68_xc160_yc120|0|0|0|0|18,000000|0,000000|0,000000|0,000000|0,000000|0,000000|0,000000|0,000000|0,000000|0,000000|0,000000|272,000000|
20170128_200444|27752|182|22,727273|1|CarroTeste|0|circulo_r68_xc160_yc120|0|0|0|0|18,000000|0,000000|0,000000|0,000000|0,000000|0,000000|0,000000|0,000000|0,000000|0,000000|0,000000|272,000000|
20170128_200444|27759|182|22,727273|1|CarroTeste2|0|circulo_r68_xc160_yc120|0|0|0|0|18,000000|0,000000|0,000000|0,000000|0,000000|0,000000|0,000000|0,000000|0,000000|0,000000|0,000000|272,000000|
20170128_200444|27802|184|21,276596|1|CarroTeste|0|circulo_r68_xc160_yc120|0|0|0|0|18,000000|0,000000|0,000000|0,000000|0,000000|0,000000|0,000000|0,000000|0,000000|0,000000|0,000000|272,000000|
20170128_200444|27812|184|21,276596|1|CarroTeste2|0|circulo_r68_xc160_yc120|0|0|0|0|18,000000|0,000000|0,000000|0,000000|0,000000|0,000000|0,000000|0,000000|0,000000|0,000000|0,000000|272,000000|
20170128_200444|27847|186|21,739130|1|CarroTeste|0|circulo_r68_xc160_yc120|0|0|0|0|18,000000|0,000000|0,000000|0,000000|0,000000|0,000000|0,000000|0,000000|0,000000|0,000000|0,000000|272,000000|
20170128_200444|27854|186|21,739130|1|CarroTeste2|0|circulo_r68_xc160_yc120|0|0|0|0|18,000000|0,000000|0,000000|0,000000|0,000000|0,000000|0,000000|0,000000|0,000000|0,000000|0,000000|272,000000|
20170128_200444|27895|188|21,276596|1|CarroTeste|0|circulo_r68_xc160_yc120|0|0|0|0|18,000000|0,000000|0,000000|0,000000|0,000000|0,000000|0,000000|0,000000|0,000000|0,000000|0,000000|272,000000|
20170128_200444|27903|188|21,276596|1|CarroTeste2|0|circulo_r68_xc160_yc120|0|0|0|0|18,000000|0,000000|0,000000|0,000000|0,000000|0,000000|0,000000|0,000000|0,000000|0,000000|0,000000|272,000000|
20170128_200444|27940|190|22,727273|1|CarroTeste|0|circulo_r68_xc160_yc120|0|0|0|0|18,000000|0,000000|0,000000|0,000000|0,000000|0,000000|0,000000|0,000000|0,000000|0,000000|0,000000|272,000000|
20170128_200444|27948|190|22,727273|1|CarroTeste2|0|circulo_r68_xc160_yc120|0|0|0|0|18,000000|0,000000|0,000000|0,000000|0,000000|0,000000|0,000000|0,000000|0,000000|0,000000|0,000000|272,000000|
20170128_200444|27992|192|19,607843|1|CarroTeste|0|circulo_r68_xc160_yc120|0|0|0|0|18,000000|0,000000|0,000000|0,000000|0,000000|0,000000|0,000000|0,000000|0,000000|0,000000|0,000000|272,000000|
20170128_200444|28000|192|19,607843|1|CarroTeste2|0|circulo_r68_xc160_yc120|0|0|0|0|18,000000|0,000000|0,000000|0,000000|0,000000|0,000000|0,000000|0,000000|0,000000|0,000000|0,000000|272,000000|
20170128_200444|28034|194|24,390244|1|CarroTeste|0|circulo_r68_xc160_yc120|0|0|0|0|18,000000|0,000000|0,000000|0,000000|0,000000|0,000000|0,000000|0,000000|0,000000|0,000000|0,000000|272,000000|
20170128_200444|28041|194|24,390244|1|CarroTeste2|0|circulo_r68_xc160_yc120|0|0|0|0|18,000000|0,000000|0,000000|0,000000|0,000000|0,000000|0,000000|0,000000|0,000000|0,000000|0,000000|272,000000|
20170128_200444|28088|196|18,867925|1|CarroTeste|0|circulo_r68_xc160_yc120|0|0|0|0|18,000000|0,000000|0,000000|0,000000|0,000000|0,000000|0,000000|0,000000|0,000000|0,000000|0,000000|272,000000|
20170128_200444|28095|196|18,867925|1|CarroTeste2|0|circulo_r68_xc160_yc120|0|0|0|0|18,000000|0,000000|0,000000|0,000000|0,000000|0,000000|0,000000|0,000000|0,000000|0,000000|0,000000|272,000000|
20170128_200445|28152|198|15,873016|1|CarroTeste|0|circulo_r68_xc160_yc120|0|0|0|0|0,000000|0,000000|0,000000|0,000000|0,000000|0,000000|0,000000|0,000000|0,000000|0,000000|0,000000|0,000000|
20170128_200445|28159|198|15,873016|1|CarroTeste2|0|circulo_r68_xc160_yc120|0|0|0|0|0,000000|0,000000|0,000000|0,000000|0,000000|0,000000|0,000000|0,000000|0,000000|0,000000|0,000000|0,000000|
20170128_200445|28184|200|32,258065|1|CarroTeste|0|circulo_r68_xc160_yc120|0|0|0|0|0,000000|0,000000|0,000000|0,000000|0,000000|0,000000|0,000000|0,000000|0,000000|0,000000|0,000000|0,000000|
20170128_200445|28192|200|32,258065|1|CarroTeste2|0|circulo_r68_xc160_yc120|0|0|0|0|0,000000|0,000000|0,000000|0,000000|0,000000|0,000000|0,000000|0,000000|0,000000|0,000000|0,000000|0,000000|
20170128_200445|28248|202|15,873016|1|CarroTeste|0|circulo_r68_xc160_yc120|0|0|0|0|0,000000|0,000000|0,000000|0,000000|0,000000|0,000000|0,000000|0,000000|0,000000|0,000000|0,000000|0,000000|
20170128_200445|28255|202|15,873016|1|CarroTeste2|0|circulo_r68_xc160_yc120|0|0|0|0|0,000000|0,000000|0,000000|0,000000|0,000000|0,000000|0,000000|0,000000|0,000000|0,000000|0,000000|0,000000|
20170128_200445|28280|204|32,258065|1|CarroTeste|0|circulo_r68_xc160_yc120|0|0|0|0|0,000000|0,000000|0,000000|0,000000|0,000000|0,000000|0,000000|0,000000|0,000000|0,000000|0,000000|0,000000|
20170128_200445|28287|204|32,258065|1|CarroTeste2|0|circulo_r68_xc160_yc120|0|0|0|0|0,000000|0,000000|0,000000|0,000000|0,000000|0,000000|0,000000|0,000000|0,000000|0,000000|0,000000|0,000000|
20170128_200445|28344|206|15,873016|1|CarroTeste|0|circulo_r68_xc160_yc120|0|0|0|0|0,000000|0,000000|0,000000|0,000000|0,000000|0,000000|0,000000|0,000000|0,000000|0,000000|0,000000|0,000000|
20170128_200445|28351|206|15,873016|1|CarroTeste2|0|circulo_r68_xc160_yc120|0|0|0|0|0,000000|0,000000|0,000000|0,000000|0,000000|0,000000|0,000000|0,000000|0,000000|0,000000|0,000000|0,000000|
20170128_200445|28410|208|15,384615|1|CarroTeste|0|circulo_r68_xc160_yc120|0|0|0|0|0,000000|0,000000|0,000000|0,000000|0,000000|0,000000|0,000000|0,000000|0,000000|0,000000|0,000000|0,000000|
20170128_200445|28419|208|15,384615|1|CarroTeste2|0|circulo_r68_xc160_yc120|0|0|0|0|0,000000|0,000000|0,000000|0,000000|0,000000|0,000000|0,000000|0,000000|0,000000|0,000000|0,000000|0,000000|
20170128_200445|28457|210|21,739130|1|CarroTeste|0|circulo_r68_xc160_yc120|0|0|0|0|0,000000|0,000000|0,000000|0,000000|0,000000|0,000000|0,000000|0,000000|0,000000|0,000000|0,000000|0,000000|
20170128_200445|28466|210|21,739130|1|CarroTeste2|0|circulo_r68_xc160_yc120|0|0|0|0|0,000000|0,000000|0,000000|0,000000|0,000000|0,000000|0,000000|0,000000|0,000000|0,000000|0,000000|0,000000|
20170128_200445|28503|212|22,222222|1|CarroTeste|0|circulo_r68_xc160_yc120|0|0|0|0|0,000000|0,000000|0,000000|0,000000|0,000000|0,000000|0,000000|0,000000|0,000000|0,000000|0,000000|0,000000|
20170128_200445|28511|212|22,222222|1|CarroTeste2|0|circulo_r68_xc160_yc120|0|0|0|0|0,000000|0,000000|0,000000|0,000000|0,000000|0,000000|0,000000|0,000000|0,000000|0,000000|0,000000|0,000000|
20170128_200445|28550|214|21,739130|1|CarroTeste|0|circulo_r68_xc160_yc120|0|0|0|0|0,000000|0,000000|0,000000|0,000000|0,000000|0,000000|0,000000|0,000000|0,000000|0,000000|0,000000|0,000000|
20170128_200445|28556|214|21,739130|1|CarroTeste2|0|circulo_r68_xc160_yc120|0|0|0|0|0,000000|0,000000|0,000000|0,000000|0,000000|0,000000|0,000000|0,000000|0,000000|0,000000|0,000000|0,000000|
20170128_200445|28600|216|20,000000|1|CarroTeste|0|circulo_r68_xc160_yc120|0|0|0|0|0,000000|0,000000|0,000000|0,000000|0,000000|0,000000|0,000000|0,000000|0,000000|0,000000|0,000000|0,000000|
20170128_200445|28607|216|20,000000|1|CarroTeste2|0|circulo_r68_xc160_yc120|0|0|0|0|0,000000|0,000000|0,000000|0,000000|0,000000|0,000000|0,000000|0,000000|0,000000|0,000000|0,000000|0,000000|
20170128_200445|28643|218|23,809524|1|CarroTeste|0|circulo_r68_xc160_yc120|0|0|0|0|0,000000|0,000000|0,000000|0,000000|0,000000|0,000000|0,000000|0,000000|0,000000|0,000000|0,000000|0,000000|
20170128_200445|28651|218|23,809524|1|CarroTeste2|0|circulo_r68_xc160_yc120|0|0|0|0|0,000000|0,000000|0,000000|0,000000|0,000000|0,000000|0,000000|0,000000|0,000000|0,000000|0,000000|0,000000|
20170128_200445|28696|220|19,230769|1|CarroTeste|0|circulo_r68_xc160_yc120|0|0|0|0|0,000000|0,000000|0,000000|0,000000|0,000000|0,000000|0,000000|0,000000|0,000000|0,000000|0,000000|0,000000|
20170128_200445|28703|220|19,230769|1|CarroTeste2|0|circulo_r68_xc160_yc120|0|0|0|0|0,000000|0,000000|0,000000|0,000000|0,000000|0,000000|0,000000|0,000000|0,000000|0,000000|0,000000|0,000000|
20170128_200445|28736|222|25,000000|1|CarroTeste|0|circulo_r68_xc160_yc120|0|0|0|0|0,000000|0,000000|0,000000|0,000000|0,000000|0,000000|0,000000|0,000000|0,000000|0,000000|0,000000|0,000000|
20170128_200445|28743|222|25,000000|1|CarroTeste2|0|circulo_r68_xc160_yc120|0|0|0|0|0,000000|0,000000|0,000000|0,000000|0,000000|0,000000|0,000000|0,000000|0,000000|0,000000|0,000000|0,000000|
20170128_200445|28791|224|18,518519|1|CarroTeste|0|circulo_r68_xc160_yc120|0|0|0|0|0,000000|0,000000|0,000000|0,000000|0,000000|0,000000|0,000000|0,000000|0,000000|0,000000|0,000000|0,000000|
20170128_200445|28798|224|18,518519|1|CarroTeste2|0|circulo_r68_xc160_yc120|0|0|0|0|0,000000|0,000000|0,000000|0,000000|0,000000|0,000000|0,000000|0,000000|0,000000|0,000000|0,000000|0,000000|
20170128_200445|28830|226|26,315789|1|CarroTeste|0|circulo_r68_xc160_yc120|0|0|0|0|0,000000|0,000000|0,000000|0,000000|0,000000|0,000000|0,000000|0,000000|0,000000|0,000000|0,000000|0,000000|
20170128_200445|28837|226|26,315789|1|CarroTeste2|0|circulo_r68_xc160_yc120|0|0|0|0|0,000000|0,000000|0,000000|0,000000|0,000000|0,000000|0,000000|0,000000|0,000000|0,000000|0,000000|0,000000|
20170128_200445|28888|228|17,543860|1|CarroTeste|0|circulo_r68_xc160_yc120|0|0|0|0|0,000000|0,000000|0,000000|0,000000|0,000000|0,000000|0,000000|0,000000|0,000000|0,000000|0,000000|0,000000|
20170128_200445|28896|228|17,543860|1|CarroTeste2|0|circulo_r68_xc160_yc120|0|0|0|0|0,000000|0,000000|0,000000|0,000000|0,000000|0,000000|0,000000|0,000000|0,000000|0,000000|0,000000|0,000000|
20170128_200445|28951|230|15,873016|1|CarroTeste|0|circulo_r68_xc160_yc120|0|0|0|0|0,000000|0,000000|0,000000|0,000000|0,000000|0,000000|0,000000|0,000000|0,000000|0,000000|0,000000|0,000000|
20170128_200445|28959|230|15,873016|1|CarroTeste2|0|circulo_r68_xc160_yc120|0|0|0|0|0,000000|0,000000|0,000000|0,000000|0,000000|0,000000|0,000000|0,000000|0,000000|0,000000|0,000000|0,000000|
20170128_200445|28984|232|31,250000|1|CarroTeste|0|circulo_r68_xc160_yc120|0|0|0|0|0,000000|0,000000|0,000000|0,000000|0,000000|0,000000|0,000000|0,000000|0,000000|0,000000|0,000000|0,000000|
20170128_200445|28992|232|31,250000|1|CarroTeste2|0|circulo_r68_xc160_yc120|0|0|0|0|0,000000|0,000000|0,000000|0,000000|0,000000|0,000000|0,000000|0,000000|0,000000|0,000000|0,000000|0,000000|
20170128_200445|29048|234|15,873016|1|CarroTeste|0|circulo_r68_xc160_yc120|0|0|0|0|0,000000|0,000000|0,000000|0,000000|0,000000|0,000000|0,000000|0,000000|0,000000|0,000000|0,000000|0,000000|
20170128_200445|29054|234|15,873016|1|CarroTeste2|0|circulo_r68_xc160_yc120|0|0|0|0|0,000000|0,000000|0,000000|0,000000|0,000000|0,000000|0,000000|0,000000|0,000000|0,000000|0,000000|0,000000|
20170128_200446|29113|236|15,625000|1|CarroTeste|0|circulo_r68_xc160_yc120|0|0|0|0|0,000000|0,000000|0,000000|0,000000|0,000000|0,000000|0,000000|0,000000|0,000000|0,000000|0,000000|0,000000|
20170128_200446|29122|236|15,625000|1|CarroTeste2|0|circulo_r68_xc160_yc120|0|0|0|0|0,000000|0,000000|0,000000|0,000000|0,000000|0,000000|0,000000|0,000000|0,000000|0,000000|0,000000|0,000000|
20170128_200446|29159|238|22,222222|1|CarroTeste|0|circulo_r68_xc160_yc120|0|0|0|0|0,000000|0,000000|0,000000|0,000000|0,000000|0,000000|0,000000|0,000000|0,000000|0,000000|0,000000|0,000000|
20170128_200446|29168|238|22,222222|1|CarroTeste2|0|circulo_r68_xc160_yc120|0|0|0|0|0,000000|0,000000|0,000000|0,000000|0,000000|0,000000|0,000000|0,000000|0,000000|0,000000|0,000000|0,000000|
20170128_200446|29205|240|22,222222|1|CarroTeste|0|circulo_r68_xc160_yc120|0|0|0|0|0,000000|0,000000|0,000000|0,000000|0,000000|0,000000|0,000000|0,000000|0,000000|0,000000|0,000000|0,000000|
20170128_200446|29214|240|22,222222|1|CarroTeste2|0|circulo_r68_xc160_yc120|0|0|0|0|0,000000|0,000000|0,000000|0,000000|0,000000|0,000000|0,000000|0,000000|0,000000|0,000000|0,000000|0,000000|
20170128_200446|29253|242|21,276596|1|CarroTeste|0|circulo_r68_xc160_yc120|0|0|0|0|0,000000|0,000000|0,000000|0,000000|0,000000|0,000000|0,000000|0,000000|0,000000|0,000000|0,000000|0,000000|
20170128_200446|29260|242|21,276596|1|CarroTeste2|0|circulo_r68_xc160_yc120|0|0|0|0|0,000000|0,000000|0,000000|0,000000|0,000000|0,000000|0,000000|0,000000|0,000000|0,000000|0,000000|0,000000|
20170128_200446|29300|244|22,222222|1|CarroTeste|0|circulo_r68_xc160_yc120|0|0|0|0|0,000000|0,000000|0,000000|0,000000|0,000000|0,000000|0,000000|0,000000|0,000000|0,000000|0,000000|0,000000|
20170128_200446|29305|244|22,222222|1|CarroTeste2|0|circulo_r68_xc160_yc120|0|0|0|0|0,000000|0,000000|0,000000|0,000000|0,000000|0,000000|0,000000|0,000000|0,000000|0,000000|0,000000|0,000000|
20170128_200446|29347|246|21,276596|1|CarroTeste|0|circulo_r68_xc160_yc120|0|0|0|0|0,000000|0,000000|0,000000|0,000000|0,000000|0,000000|0,000000|0,000000|0,000000|0,000000|0,000000|0,000000|
20170128_200446|29354|246|21,276596|1|CarroTeste2|0|circulo_r68_xc160_yc120|0|0|0|0|0,000000|0,000000|0,000000|0,000000|0,000000|0,000000|0,000000|0,000000|0,000000|0,000000|0,000000|0,000000|
20170128_200446|29399|248|19,230769|1|CarroTeste|0|circulo_r68_xc160_yc120|0|0|0|0|0,000000|0,000000|0,000000|0,000000|0,000000|0,000000|0,000000|0,000000|0,000000|0,000000|0,000000|0,000000|
20170128_200446|29408|248|19,230769|1|CarroTeste2|0|circulo_r68_xc160_yc120|0|0|0|0|0,000000|0,000000|0,000000|0,000000|0,000000|0,000000|0,000000|0,000000|0,000000|0,000000|0,000000|0,000000|
20170128_200446|29440|250|25,000000|1|CarroTeste|0|circulo_r68_xc160_yc120|0|0|0|0|0,000000|0,000000|0,000000|0,000000|0,000000|0,000000|0,000000|0,000000|0,000000|0,000000|0,000000|0,000000|
20170128_200446|29448|250|25,000000|1|CarroTeste2|0|circulo_r68_xc160_yc120|0|0|0|0|0,000000|0,000000|0,000000|0,000000|0,000000|0,000000|0,000000|0,000000|0,000000|0,000000|0,000000|0,000000|
20170128_200446|29495|252|18,181818|1|CarroTeste|0|circulo_r68_xc160_yc120|0|0|0|0|0,000000|0,000000|0,000000|0,000000|0,000000|0,000000|0,000000|0,000000|0,000000|0,000000|0,000000|0,000000|
20170128_200446|29504|252|18,181818|1|CarroTeste2|0|circulo_r68_xc160_yc120|0|0|0|0|0,000000|0,000000|0,000000|0,000000|0,000000|0,000000|0,000000|0,000000|0,000000|0,000000|0,000000|0,000000|
20170128_200446|29533|254|27,027027|1|CarroTeste|0|circulo_r68_xc160_yc120|0|0|0|0|0,000000|0,000000|0,000000|0,000000|0,000000|0,000000|0,000000|0,000000|0,000000|0,000000|0,000000|0,000000|
20170128_200446|29541|254|27,027027|1|CarroTeste2|0|circulo_r68_xc160_yc120|0|0|0|0|0,000000|0,000000|0,000000|0,000000|0,000000|0,000000|0,000000|0,000000|0,000000|0,000000|0,000000|0,000000|
20170128_200446|29592|256|17,241379|1|CarroTeste|0|circulo_r68_xc160_yc120|0|0|0|0|34,000000|0,000000|0,000000|0,000000|0,000000|0,000000|0,000000|0,000000|0,000000|0,000000|0,000000|73,000000|
20170128_200446|29602|256|17,241379|1|CarroTeste2|0|circulo_r68_xc160_yc120|0|0|0|0|34,000000|0,000000|0,000000|0,000000|0,000000|0,000000|0,000000|0,000000|0,000000|0,000000|0,000000|73,000000|
20170128_200446|29628|258|28,571429|1|CarroTeste|0|circulo_r68_xc160_yc120|0|0|0|0|17,000000|0,000000|0,000000|0,000000|0,000000|0,000000|0,000000|0,000000|0,000000|0,000000|0,000000|396,000000|
20170128_200446|29637|258|28,571429|1|CarroTeste2|0|circulo_r68_xc160_yc120|0|0|0|0|17,000000|0,000000|0,000000|0,000000|0,000000|0,000000|0,000000|0,000000|0,000000|0,000000|0,000000|396,000000|
20170128_200446|29689|260|16,666667|1|CarroTeste|0|circulo_r68_xc160_yc120|0|0|0|0|0,000000|0,000000|0,000000|0,000000|0,000000|0,000000|0,000000|0,000000|0,000000|0,000000|0,000000|0,000000|
20170128_200446|29698|260|16,666667|1|CarroTeste2|0|circulo_r68_xc160_yc120|0|0|0|0|0,000000|0,000000|0,000000|0,000000|0,000000|0,000000|0,000000|0,000000|0,000000|0,000000|0,000000|0,000000|
20170128_200446|29752|262|16,129032|1|CarroTeste|0|circulo_r68_xc160_yc120|0|0|0|0|0,000000|0,000000|0,000000|0,000000|0,000000|0,000000|0,000000|0,000000|0,000000|0,000000|0,000000|0,000000|
20170128_200446|29761|262|16,129032|1|CarroTeste2|0|circulo_r68_xc160_yc120|0|0|0|0|0,000000|0,000000|0,000000|0,000000|0,000000|0,000000|0,000000|0,000000|0,000000|0,000000|0,000000|0,000000|
20170128_200446|29815|264|16,129032|1|CarroTeste|0|circulo_r68_xc160_yc120|0|0|0|0|0,000000|0,000000|0,000000|0,000000|0,000000|0,000000|0,000000|0,000000|0,000000|0,000000|0,000000|0,000000|
20170128_200446|29825|264|16,129032|1|CarroTeste2|0|circulo_r68_xc160_yc120|0|0|0|0|0,000000|0,000000|0,000000|0,000000|0,000000|0,000000|0,000000|0,000000|0,000000|0,000000|0,000000|0,000000|
20170128_200446|29863|266|21,276596|1|CarroTeste|0|circulo_r68_xc160_yc120|0|0|0|0|0,000000|0,000000|0,000000|0,000000|0,000000|0,000000|0,000000|0,000000|0,000000|0,000000|0,000000|0,000000|
20170128_200446|29873|266|21,276596|1|CarroTeste2|0|circulo_r68_xc160_yc120|0|0|0|0|0,000000|0,000000|0,000000|0,000000|0,000000|0,000000|0,000000|0,000000|0,000000|0,000000|0,000000|0,000000|
20170128_200446|29909|268|22,222222|1|CarroTeste|0|circulo_r68_xc160_yc120|0|0|0|0|0,000000|0,000000|0,000000|0,000000|0,000000|0,000000|0,000000|0,000000|0,000000|0,000000|0,000000|0,000000|
20170128_200446|29920|268|22,222222|1|CarroTeste2|0|circulo_r68_xc160_yc120|0|0|0|0|0,000000|0,000000|0,000000|0,000000|0,000000|0,000000|0,000000|0,000000|0,000000|0,000000|0,000000|0,000000|
20170128_200446|29956|270|21,739130|1|CarroTeste|0|circulo_r68_xc160_yc120|0|0|0|0|0,000000|0,000000|0,000000|0,000000|0,000000|0,000000|0,000000|0,000000|0,000000|0,000000|0,000000|0,000000|
20170128_200446|29968|270|21,739130|1|CarroTeste2|0|circulo_r68_xc160_yc120|0|0|0|0|0,000000|0,000000|0,000000|0,000000|0,000000|0,000000|0,000000|0,000000|0,000000|0,000000|0,000000|0,000000|
20170128_200446|30004|272|21,276596|1|CarroTeste|0|circulo_r68_xc160_yc120|0|0|0|0|0,000000|0,000000|0,000000|0,000000|0,000000|0,000000|0,000000|0,000000|0,000000|0,000000|0,000000|0,000000|
20170128_200446|30015|272|21,276596|1|CarroTeste2|0|circulo_r68_xc160_yc120|0|0|0|0|0,000000|0,000000|0,000000|0,000000|0,000000|0,000000|0,000000|0,000000|0,000000|0,000000|0,000000|0,000000|
20170128_200446|30050|274|22,222222|1|CarroTeste|0|circulo_r68_xc160_yc120|0|0|0|0|0,000000|0,000000|0,000000|0,000000|0,000000|0,000000|0,000000|0,000000|0,000000|0,000000|0,000000|0,000000|
20170128_200446|30059|274|22,222222|1|CarroTeste2|0|circulo_r68_xc160_yc120|0|0|0|0|0,000000|0,000000|0,000000|0,000000|0,000000|0,000000|0,000000|0,000000|0,000000|0,000000|0,000000|0,000000|
20170128_200447|30105|276|18,867925|1|CarroTeste|0|circulo_r68_xc160_yc120|0|0|0|0|0,000000|0,000000|0,000000|0,000000|0,000000|0,000000|0,000000|0,000000|0,000000|0,000000|0,000000|0,000000|
20170128_200447|30114|276|18,867925|1|CarroTeste2|0|circulo_r68_xc160_yc120|0|0|0|0|0,000000|0,000000|0,000000|0,000000|0,000000|0,000000|0,000000|0,000000|0,000000|0,000000|0,000000|0,000000|
20170128_200447|30143|278|26,315789|1|CarroTeste|0|circulo_r68_xc160_yc120|0|0|0|0|0,000000|0,000000|0,000000|0,000000|0,000000|0,000000|0,000000|0,000000|0,000000|0,000000|0,000000|0,000000|
20170128_200447|30154|278|26,315789|1|CarroTeste2|0|circulo_r68_xc160_yc120|0|0|0|0|0,000000|0,000000|0,000000|0,000000|0,000000|0,000000|0,000000|0,000000|0,000000|0,000000|0,000000|0,000000|
20170128_200447|30200|280|17,857143|1|CarroTeste|0|circulo_r68_xc160_yc120|0|0|0|0|0,000000|0,000000|0,000000|0,000000|0,000000|0,000000|0,000000|0,000000|0,000000|0,000000|0,000000|0,000000|
20170128_200447|30210|280|17,857143|1|CarroTeste2|0|circulo_r68_xc160_yc120|0|0|0|0|0,000000|0,000000|0,000000|0,000000|0,000000|0,000000|0,000000|0,000000|0,000000|0,000000|0,000000|0,000000|
20170128_200447|30238|282|27,027027|1|CarroTeste|0|circulo_r68_xc160_yc120|0|0|0|0|0,000000|0,000000|0,000000|0,000000|0,000000|0,000000|0,000000|0,000000|0,000000|0,000000|0,000000|0,000000|
20170128_200447|30249|282|27,027027|1|CarroTeste2|0|circulo_r68_xc160_yc120|0|0|0|0|0,000000|0,000000|0,000000|0,000000|0,000000|0,000000|0,000000|0,000000|0,000000|0,000000|0,000000|0,000000|
20170128_200447|30296|284|17,543860|1|CarroTeste|0|circulo_r68_xc160_yc120|0|0|0|0|0,000000|0,000000|0,000000|0,000000|0,000000|0,000000|0,000000|0,000000|0,000000|0,000000|0,000000|0,000000|
20170128_200447|30306|284|17,543860|1|CarroTeste2|0|circulo_r68_xc160_yc120|0|0|0|0|0,000000|0,000000|0,000000|0,000000|0,000000|0,000000|0,000000|0,000000|0,000000|0,000000|0,000000|0,000000|
20170128_200447|30341|286|22,727273|1|CarroTeste|0|circulo_r68_xc160_yc120|0|0|0|0|0,000000|0,000000|0,000000|0,000000|0,000000|0,000000|0,000000|0,000000|0,000000|0,000000|0,000000|0,000000|
20170128_200447|30352|286|22,727273|1|CarroTeste2|0|circulo_r68_xc160_yc120|0|0|0|0|0,000000|0,000000|0,000000|0,000000|0,000000|0,000000|0,000000|0,000000|0,000000|0,000000|0,000000|0,000000|
20170128_200447|30392|288|20,408163|1|CarroTeste|0|circulo_r68_xc160_yc120|0|0|0|0|0,000000|0,000000|0,000000|0,000000|0,000000|0,000000|0,000000|0,000000|0,000000|0,000000|0,000000|0,000000|
20170128_200447|30401|288|20,408163|1|CarroTeste2|0|circulo_r68_xc160_yc120|0|0|0|0|0,000000|0,000000|0,000000|0,000000|0,000000|0,000000|0,000000|0,000000|0,000000|0,000000|0,000000|0,000000|
20170128_200447|30425|290|31,250000|1|CarroTeste|0|circulo_r68_xc160_yc120|0|0|0|0|0,000000|0,000000|0,000000|0,000000|0,000000|0,000000|0,000000|0,000000|0,000000|0,000000|0,000000|0,000000|
20170128_200447|30436|290|31,250000|1|CarroTeste2|0|circulo_r68_xc160_yc120|0|0|0|0|0,000000|0,000000|0,000000|0,000000|0,000000|0,000000|0,000000|0,000000|0,000000|0,000000|0,000000|0,000000|
20170128_200447|30491|292|15,873016|1|CarroTeste|0|circulo_r68_xc160_yc120|0|0|0|0|0,000000|0,000000|0,000000|0,000000|0,000000|0,000000|0,000000|0,000000|0,000000|0,000000|0,000000|0,000000|
20170128_200447|30505|292|15,873016|1|CarroTeste2|0|circulo_r68_xc160_yc120|0|0|0|0|0,000000|0,000000|0,000000|0,000000|0,000000|0,000000|0,000000|0,000000|0,000000|0,000000|0,000000|0,000000|
20170128_200447|30565|294|13,513514|1|CarroTeste|0|circulo_r68_xc160_yc120|0|0|0|0|0,000000|0,000000|0,000000|0,000000|0,000000|0,000000|0,000000|0,000000|0,000000|0,000000|0,000000|0,000000|
20170128_200447|30581|294|13,513514|1|CarroTeste2|0|circulo_r68_xc160_yc120|0|0|0|0|0,000000|0,000000|0,000000|0,000000|0,000000|0,000000|0,000000|0,000000|0,000000|0,000000|0,000000|0,000000|
20170128_200447|30614|296|21,739130|1|CarroTeste|0|circulo_r68_xc160_yc120|0|0|0|0|0,000000|0,000000|0,000000|0,000000|0,000000|0,000000|0,000000|0,000000|0,000000|0,000000|0,000000|0,000000|
20170128_200447|30630|296|21,739130|1|CarroTeste2|0|circulo_r68_xc160_yc120|0|0|0|0|0,000000|0,000000|0,000000|0,000000|0,000000|0,000000|0,000000|0,000000|0,000000|0,000000|0,000000|0,000000|
20170128_200447|30659|298|21,739130|1|CarroTeste|0|circulo_r68_xc160_yc120|0|0|0|0|0,000000|0,000000|0,000000|0,000000|0,000000|0,000000|0,000000|0,000000|0,000000|0,000000|0,000000|0,000000|
20170128_200447|30668|298|21,739130|1|CarroTeste2|0|circulo_r68_xc160_yc120|0|0|0|0|0,000000|0,000000|0,000000|0,000000|0,000000|0,000000|0,000000|0,000000|0,000000|0,000000|0,000000|0,000000|
20170128_200447|30706|300|21,739130|1|CarroTeste|0|circulo_r68_xc160_yc120|0|0|0|0|0,000000|0,000000|0,000000|0,000000|0,000000|0,000000|0,000000|0,000000|0,000000|0,000000|0,000000|0,000000|
20170128_200447|30715|300|21,739130|1|CarroTeste2|0|circulo_r68_xc160_yc120|0|0|0|0|0,000000|0,000000|0,000000|0,000000|0,000000|0,000000|0,000000|0,000000|0,000000|0,000000|0,000000|0,000000|
20170128_200447|30752|302|22,222222|1|CarroTeste|0|circulo_r68_xc160_yc120|0|0|0|0|0,000000|0,000000|0,000000|0,000000|0,000000|0,000000|0,000000|0,000000|0,000000|0,000000|0,000000|0,000000|
20170128_200447|30759|302|22,222222|1|CarroTeste2|0|circulo_r68_xc160_yc120|0|0|0|0|0,000000|0,000000|0,000000|0,000000|0,000000|0,000000|0,000000|0,000000|0,000000|0,000000|0,000000|0,000000|
20170128_200447|30800|304|21,276596|1|CarroTeste|0|circulo_r68_xc160_yc120|0|0|0|0|0,000000|0,000000|0,000000|0,000000|0,000000|0,000000|0,000000|0,000000|0,000000|0,000000|0,000000|0,000000|
20170128_200447|30808|304|21,276596|1|CarroTeste2|0|circulo_r68_xc160_yc120|0|0|0|0|0,000000|0,000000|0,000000|0,000000|0,000000|0,000000|0,000000|0,000000|0,000000|0,000000|0,000000|0,000000|
20170128_200447|30847|306|21,739130|1|CarroTeste|0|circulo_r68_xc160_yc120|0|0|0|0|0,000000|0,000000|0,000000|0,000000|0,000000|0,000000|0,000000|0,000000|0,000000|0,000000|0,000000|0,000000|
20170128_200447|30854|306|21,739130|1|CarroTeste2|0|circulo_r68_xc160_yc120|0|0|0|0|0,000000|0,000000|0,000000|0,000000|0,000000|0,000000|0,000000|0,000000|0,000000|0,000000|0,000000|0,000000|
20170128_200447|30904|308|18,181818|1|CarroTeste|0|circulo_r68_xc160_yc120|0|0|0|0|0,000000|0,000000|0,000000|0,000000|0,000000|0,000000|0,000000|0,000000|0,000000|0,000000|0,000000|0,000000|
20170128_200447|30912|308|18,181818|1|CarroTeste2|0|circulo_r68_xc160_yc120|0|0|0|0|0,000000|0,000000|0,000000|0,000000|0,000000|0,000000|0,000000|0,000000|0,000000|0,000000|0,000000|0,000000|
20170128_200447|30942|310|27,777778|1|CarroTeste|0|circulo_r68_xc160_yc120|0|0|0|0|0,000000|0,000000|0,000000|0,000000|0,000000|0,000000|0,000000|0,000000|0,000000|0,000000|0,000000|0,000000|
20170128_200447|30950|310|27,777778|1|CarroTeste2|0|circulo_r68_xc160_yc120|0|0|0|0|0,000000|0,000000|0,000000|0,000000|0,000000|0,000000|0,000000|0,000000|0,000000|0,000000|0,000000|0,000000|
20170128_200447|31002|312|17,241379|1|CarroTeste|0|circulo_r68_xc160_yc120|0|0|0|0|0,000000|0,000000|0,000000|0,000000|0,000000|0,000000|0,000000|0,000000|0,000000|0,000000|0,000000|0,000000|
20170128_200447|31013|312|17,241379|1|CarroTeste2|0|circulo_r68_xc160_yc120|0|0|0|0|0,000000|0,000000|0,000000|0,000000|0,000000|0,000000|0,000000|0,000000|0,000000|0,000000|0,000000|0,000000|
20170128_200447|31037|314|29,411765|1|CarroTeste|0|circulo_r68_xc160_yc120|0|0|0|0|0,000000|0,000000|0,000000|0,000000|0,000000|0,000000|0,000000|0,000000|0,000000|0,000000|0,000000|0,000000|
20170128_200447|31045|314|29,411765|1|CarroTeste2|0|circulo_r68_xc160_yc120|0|0|0|0|0,000000|0,000000|0,000000|0,000000|0,000000|0,000000|0,000000|0,000000|0,000000|0,000000|0,000000|0,000000|
20170128_200447|31097|316|17,241379|1|CarroTeste|0|circulo_r68_xc160_yc120|0|0|0|0|0,000000|0,000000|0,000000|0,000000|0,000000|0,000000|0,000000|0,000000|0,000000|0,000000|0,000000|0,000000|
20170128_200448|31104|316|17,241379|1|CarroTeste2|0|circulo_r68_xc160_yc120|0|0|0|0|0,000000|0,000000|0,000000|0,000000|0,000000|0,000000|0,000000|0,000000|0,000000|0,000000|0,000000|0,000000|
20170128_200448|31129|318|32,258065|1|CarroTeste|0|circulo_r68_xc160_yc120|0|0|0|0|0,000000|0,000000|0,000000|0,000000|0,000000|0,000000|0,000000|0,000000|0,000000|0,000000|0,000000|0,000000|
20170128_200448|31137|318|32,258065|1|CarroTeste2|0|circulo_r68_xc160_yc120|0|0|0|0|0,000000|0,000000|0,000000|0,000000|0,000000|0,000000|0,000000|0,000000|0,000000|0,000000|0,000000|0,000000|
20170128_200448|31192|320|16,129032|1|CarroTeste|0|circulo_r68_xc160_yc120|0|0|0|0|0,000000|0,000000|0,000000|0,000000|0,000000|0,000000|0,000000|0,000000|0,000000|0,000000|0,000000|0,000000|
20170128_200448|31200|320|16,129032|1|CarroTeste2|0|circulo_r68_xc160_yc120|0|0|0|0|0,000000|0,000000|0,000000|0,000000|0,000000|0,000000|0,000000|0,000000|0,000000|0,000000|0,000000|0,000000|
20170128_200448|31225|322|32,258065|1|CarroTeste|0|circulo_r68_xc160_yc120|0|0|0|0|0,000000|0,000000|0,000000|0,000000|0,000000|0,000000|0,000000|0,000000|0,000000|0,000000|0,000000|0,000000|
20170128_200448|31232|322|32,258065|1|CarroTeste2|0|circulo_r68_xc160_yc120|0|0|0|0|0,000000|0,000000|0,000000|0,000000|0,000000|0,000000|0,000000|0,000000|0,000000|0,000000|0,000000|0,000000|
20170128_200448|31288|324|15,873016|1|CarroTeste|0|circulo_r68_xc160_yc120|0|0|0|0|0,000000|0,000000|0,000000|0,000000|0,000000|0,000000|0,000000|0,000000|0,000000|0,000000|0,000000|0,000000|
20170128_200448|31295|324|15,873016|1|CarroTeste2|0|circulo_r68_xc160_yc120|0|0|0|0|0,000000|0,000000|0,000000|0,000000|0,000000|0,000000|0,000000|0,000000|0,000000|0,000000|0,000000|0,000000|
20170128_200448|31352|326|15,873016|1|CarroTeste|0|circulo_r68_xc160_yc120|0|0|0|0|0,000000|0,000000|0,000000|0,000000|0,000000|0,000000|0,000000|0,000000|0,000000|0,000000|0,000000|0,000000|
20170128_200448|31359|326|15,873016|1|CarroTeste2|0|circulo_r68_xc160_yc120|0|0|0|0|0,000000|0,000000|0,000000|0,000000|0,000000|0,000000|0,000000|0,000000|0,000000|0,000000|0,000000|0,000000|
20170128_200448|31409|328|17,857143|1|CarroTeste|0|circulo_r68_xc160_yc120|0|0|0|0|0,000000|0,000000|0,000000|0,000000|0,000000|0,000000|0,000000|0,000000|0,000000|0,000000|0,000000|0,000000|
20170128_200448|31416|328|17,857143|1|CarroTeste2|0|circulo_r68_xc160_yc120|0|0|0|0|0,000000|0,000000|0,000000|0,000000|0,000000|0,000000|0,000000|0,000000|0,000000|0,000000|0,000000|0,000000|
20170128_200448|31457|330|21,739130|1|CarroTeste|0|circulo_r68_xc160_yc120|0|0|0|0|0,000000|0,000000|0,000000|0,000000|0,000000|0,000000|0,000000|0,000000|0,000000|0,000000|0,000000|0,000000|
20170128_200448|31466|330|21,739130|1|CarroTeste2|0|circulo_r68_xc160_yc120|0|0|0|0|0,000000|0,000000|0,000000|0,000000|0,000000|0,000000|0,000000|0,000000|0,000000|0,000000|0,000000|0,000000|
20170128_200448|31503|332|21,739130|1|CarroTeste|0|circulo_r68_xc160_yc120|0|0|0|0|0,000000|0,000000|0,000000|0,000000|0,000000|0,000000|0,000000|0,000000|0,000000|0,000000|0,000000|0,000000|
20170128_200448|31509|332|21,739130|1|CarroTeste2|0|circulo_r68_xc160_yc120|0|0|0|0|0,000000|0,000000|0,000000|0,000000|0,000000|0,000000|0,000000|0,000000|0,000000|0,000000|0,000000|0,000000|
20170128_200448|31549|334|22,222222|1|CarroTeste|0|circulo_r68_xc160_yc120|0|0|0|0|0,000000|0,000000|0,000000|0,000000|0,000000|0,000000|0,000000|0,000000|0,000000|0,000000|0,000000|0,000000|
20170128_200448|31557|334|22,222222|1|CarroTeste2|0|circulo_r68_xc160_yc120|0|0|0|0|0,000000|0,000000|0,000000|0,000000|0,000000|0,000000|0,000000|0,000000|0,000000|0,000000|0,000000|0,000000|
20170128_200448|31597|336|21,276596|1|CarroTeste|0|circulo_r68_xc160_yc120|0|0|0|0|0,000000|0,000000|0,000000|0,000000|0,000000|0,000000|0,000000|0,000000|0,000000|0,000000|0,000000|0,000000|
20170128_200448|31605|336|21,276596|1|CarroTeste2|0|circulo_r68_xc160_yc120|0|0|0|0|0,000000|0,000000|0,000000|0,000000|0,000000|0,000000|0,000000|0,000000|0,000000|0,000000|0,000000|0,000000|
20170128_200448|31643|338|22,222222|1|CarroTeste|0|circulo_r68_xc160_yc120|0|0|0|0|0,000000|0,000000|0,000000|0,000000|0,000000|0,000000|0,000000|0,000000|0,000000|0,000000|0,000000|0,000000|
20170128_200448|31651|338|22,222222|1|CarroTeste2|0|circulo_r68_xc160_yc120|0|0|0|0|0,000000|0,000000|0,000000|0,000000|0,000000|0,000000|0,000000|0,000000|0,000000|0,000000|0,000000|0,000000|
20170128_200448|31703|340|16,949153|1|CarroTeste|0|circulo_r68_xc160_yc120|0|0|0|0|0,000000|0,000000|0,000000|0,000000|0,000000|0,000000|0,000000|0,000000|0,000000|0,000000|0,000000|0,000000|
20170128_200448|31709|340|16,949153|1|CarroTeste2|0|circulo_r68_xc160_yc120|0|0|0|0|0,000000|0,000000|0,000000|0,000000|0,000000|0,000000|0,000000|0,000000|0,000000|0,000000|0,000000|0,000000|
20170128_200448|31738|342|29,411765|1|CarroTeste|0|circulo_r68_xc160_yc120|0|0|0|0|0,000000|0,000000|0,000000|0,000000|0,000000|0,000000|0,000000|0,000000|0,000000|0,000000|0,000000|0,000000|
20170128_200448|31746|342|29,411765|1|CarroTeste2|0|circulo_r68_xc160_yc120|0|0|0|0|0,000000|0,000000|0,000000|0,000000|0,000000|0,000000|0,000000|0,000000|0,000000|0,000000|0,000000|0,000000|
20170128_200448|31799|344|16,666667|1|CarroTeste|0|circulo_r68_xc160_yc120|0|0|0|0|0,000000|0,000000|0,000000|0,000000|0,000000|0,000000|0,000000|0,000000|0,000000|0,000000|0,000000|0,000000|
20170128_200448|31806|344|16,666667|1|CarroTeste2|0|circulo_r68_xc160_yc120|0|0|0|0|0,000000|0,000000|0,000000|0,000000|0,000000|0,000000|0,000000|0,000000|0,000000|0,000000|0,000000|0,000000|
20170128_200448|31833|346|31,250000|1|CarroTeste|0|circulo_r68_xc160_yc120|0|0|0|0|0,000000|0,000000|0,000000|0,000000|0,000000|0,000000|0,000000|0,000000|0,000000|0,000000|0,000000|0,000000|
20170128_200448|31841|346|31,250000|1|CarroTeste2|0|circulo_r68_xc160_yc120|0|0|0|0|0,000000|0,000000|0,000000|0,000000|0,000000|0,000000|0,000000|0,000000|0,000000|0,000000|0,000000|0,000000|
20170128_200448|31896|348|15,873016|1|CarroTeste|0|circulo_r68_xc160_yc120|0|0|0|0|0,000000|0,000000|0,000000|0,000000|0,000000|0,000000|0,000000|0,000000|0,000000|0,000000|0,000000|0,000000|
20170128_200448|31902|348|15,873016|1|CarroTeste2|0|circulo_r68_xc160_yc120|0|0|0|0|0,000000|0,000000|0,000000|0,000000|0,000000|0,000000|0,000000|0,000000|0,000000|0,000000|0,000000|0,000000|
20170128_200448|31929|350|32,258065|1|CarroTeste|0|circulo_r68_xc160_yc120|0|0|0|0|0,000000|0,000000|0,000000|0,000000|0,000000|0,000000|0,000000|0,000000|0,000000|0,000000|0,000000|0,000000|
20170128_200448|31937|350|32,258065|1|CarroTeste2|0|circulo_r68_xc160_yc120|0|0|0|0|0,000000|0,000000|0,000000|0,000000|0,000000|0,000000|0,000000|0,000000|0,000000|0,000000|0,000000|0,000000|
20170128_200448|31991|352|16,393443|1|CarroTeste|0|circulo_r68_xc160_yc120|0|0|0|0|0,000000|0,000000|0,000000|0,000000|0,000000|0,000000|0,000000|0,000000|0,000000|0,000000|0,000000|0,000000|
20170128_200448|32000|352|16,393443|1|CarroTeste2|0|circulo_r68_xc160_yc120|0|0|0|0|0,000000|0,000000|0,000000|0,000000|0,000000|0,000000|0,000000|0,000000|0,000000|0,000000|0,000000|0,000000|
20170128_200448|32024|354|31,250000|1|CarroTeste|0|circulo_r68_xc160_yc120|0|0|0|0|0,000000|0,000000|0,000000|0,000000|0,000000|0,000000|0,000000|0,000000|0,000000|0,000000|0,000000|0,000000|
20170128_200448|32032|354|31,250000|1|CarroTeste2|0|circulo_r68_xc160_yc120|0|0|0|0|0,000000|0,000000|0,000000|0,000000|0,000000|0,000000|0,000000|0,000000|0,000000|0,000000|0,000000|0,000000|
20170128_200448|32088|356|15,873016|1|CarroTeste|0|circulo_r68_xc160_yc120|0|0|0|0|0,000000|0,000000|0,000000|0,000000|0,000000|0,000000|0,000000|0,000000|0,000000|0,000000|0,000000|0,000000|
20170128_200448|32095|356|15,873016|1|CarroTeste2|0|circulo_r68_xc160_yc120|0|0|0|0|0,000000|0,000000|0,000000|0,000000|0,000000|0,000000|0,000000|0,000000|0,000000|0,000000|0,000000|0,000000|
20170128_200449|32152|358|15,873016|1|CarroTeste|0|circulo_r68_xc160_yc120|0|0|0|0|0,000000|0,000000|0,000000|0,000000|0,000000|0,000000|0,000000|0,000000|0,000000|0,000000|0,000000|0,000000|
20170128_200449|32160|358|15,873016|1|CarroTeste2|0|circulo_r68_xc160_yc120|0|0|0|0|0,000000|0,000000|0,000000|0,000000|0,000000|0,000000|0,000000|0,000000|0,000000|0,000000|0,000000|0,000000|
20170128_200449|32206|360|18,867925|1|CarroTeste|0|circulo_r68_xc160_yc120|0|0|0|0|0,000000|0,000000|0,000000|0,000000|0,000000|0,000000|0,000000|0,000000|0,000000|0,000000|0,000000|0,000000|
20170128_200449|32213|360|18,867925|1|CarroTeste2|0|circulo_r68_xc160_yc120|0|0|0|0|0,000000|0,000000|0,000000|0,000000|0,000000|0,000000|0,000000|0,000000|0,000000|0,000000|0,000000|0,000000|
20170128_200449|32254|362|21,276596|1|CarroTeste|0|circulo_r68_xc160_yc120|0|0|0|0|0,000000|0,000000|0,000000|0,000000|0,000000|0,000000|0,000000|0,000000|0,000000|0,000000|0,000000|0,000000|
20170128_200449|32261|362|21,276596|1|CarroTeste2|0|circulo_r68_xc160_yc120|0|0|0|0|0,000000|0,000000|0,000000|0,000000|0,000000|0,000000|0,000000|0,000000|0,000000|0,000000|0,000000|0,000000|
20170128_200449|32301|364|21,739130|1|CarroTeste|0|circulo_r68_xc160_yc120|0|0|0|0|0,000000|0,000000|0,000000|0,000000|0,000000|0,000000|0,000000|0,000000|0,000000|0,000000|0,000000|0,000000|
20170128_200449|32308|364|21,739130|1|CarroTeste2|0|circulo_r68_xc160_yc120|0|0|0|0|0,000000|0,000000|0,000000|0,000000|0,000000|0,000000|0,000000|0,000000|0,000000|0,000000|0,000000|0,000000|
20170128_200449|32348|366|21,739130|1|CarroTeste|0|circulo_r68_xc160_yc120|0|0|0|0|0,000000|0,000000|0,000000|0,000000|0,000000|0,000000|0,000000|0,000000|0,000000|0,000000|0,000000|0,000000|
20170128_200449|32356|366|21,739130|1|CarroTeste2|0|circulo_r68_xc160_yc120|0|0|0|0|0,000000|0,000000|0,000000|0,000000|0,000000|0,000000|0,000000|0,000000|0,000000|0,000000|0,000000|0,000000|
20170128_200449|32393|368|22,727273|1|CarroTeste|0|circulo_r68_xc160_yc120|0|0|0|0|0,000000|0,000000|0,000000|0,000000|0,000000|0,000000|0,000000|0,000000|0,000000|0,000000|0,000000|0,000000|
20170128_200449|32400|368|22,727273|1|CarroTeste2|0|circulo_r68_xc160_yc120|0|0|0|0|0,000000|0,000000|0,000000|0,000000|0,000000|0,000000|0,000000|0,000000|0,000000|0,000000|0,000000|0,000000|
20170128_200449|32440|370|21,739130|1|CarroTeste|0|circulo_r68_xc160_yc120|0|0|0|0|0,000000|0,000000|0,000000|0,000000|0,000000|0,000000|0,000000|0,000000|0,000000|0,000000|0,000000|0,000000|
20170128_200449|32448|370|21,739130|1|CarroTeste2|0|circulo_r68_xc160_yc120|0|0|0|0|0,000000|0,000000|0,000000|0,000000|0,000000|0,000000|0,000000|0,000000|0,000000|0,000000|0,000000|0,000000|
20170128_200449|32504|372|15,873016|1|CarroTeste|0|circulo_r68_xc160_yc120|0|0|0|0|0,000000|0,000000|0,000000|0,000000|0,000000|0,000000|0,000000|0,000000|0,000000|0,000000|0,000000|0,000000|
20170128_200449|32512|372|15,873016|1|CarroTeste2|0|circulo_r68_xc160_yc120|0|0|0|0|0,000000|0,000000|0,000000|0,000000|0,000000|0,000000|0,000000|0,000000|0,000000|0,000000|0,000000|0,000000|
20170128_200449|32536|374|32,258065|1|CarroTeste|0|circulo_r68_xc160_yc120|0|0|0|0|0,000000|0,000000|0,000000|0,000000|0,000000|0,000000|0,000000|0,000000|0,000000|0,000000|0,000000|0,000000|
20170128_200449|32544|374|32,258065|1|CarroTeste2|0|circulo_r68_xc160_yc120|0|0|0|0|0,000000|0,000000|0,000000|0,000000|0,000000|0,000000|0,000000|0,000000|0,000000|0,000000|0,000000|0,000000|
20170128_200449|32600|376|15,873016|1|CarroTeste|0|circulo_r68_xc160_yc120|0|0|0|0|0,000000|0,000000|0,000000|0,000000|0,000000|0,000000|0,000000|0,000000|0,000000|0,000000|0,000000|0,000000|
20170128_200449|32608|376|15,873016|1|CarroTeste2|0|circulo_r68_xc160_yc120|0|0|0|0|0,000000|0,000000|0,000000|0,000000|0,000000|0,000000|0,000000|0,000000|0,000000|0,000000|0,000000|0,000000|
20170128_200449|32633|378|32,258065|1|CarroTeste|0|circulo_r68_xc160_yc120|0|0|0|0|0,000000|0,000000|0,000000|0,000000|0,000000|0,000000|0,000000|0,000000|0,000000|0,000000|0,000000|0,000000|
20170128_200449|32641|378|32,258065|1|CarroTeste2|0|circulo_r68_xc160_yc120|0|0|0|0|0,000000|0,000000|0,000000|0,000000|0,000000|0,000000|0,000000|0,000000|0,000000|0,000000|0,000000|0,000000|
20170128_200449|32696|380|15,873016|1|CarroTeste|0|circulo_r68_xc160_yc120|0|0|0|0|0,000000|0,000000|0,000000|0,000000|0,000000|0,000000|0,000000|0,000000|0,000000|0,000000|0,000000|0,000000|
20170128_200449|32704|380|15,873016|1|CarroTeste2|0|circulo_r68_xc160_yc120|0|0|0|0|0,000000|0,000000|0,000000|0,000000|0,000000|0,000000|0,000000|0,000000|0,000000|0,000000|0,000000|0,000000|
20170128_200449|32729|382|32,258065|1|CarroTeste|0|circulo_r68_xc160_yc120|0|0|0|0|0,000000|0,000000|0,000000|0,000000|0,000000|0,000000|0,000000|0,000000|0,000000|0,000000|0,000000|0,000000|
20170128_200449|32736|382|32,258065|1|CarroTeste2|0|circulo_r68_xc160_yc120|0|0|0|0|0,000000|0,000000|0,000000|0,000000|0,000000|0,000000|0,000000|0,000000|0,000000|0,000000|0,000000|0,000000|
20170128_200449|32792|384|15,873016|1|CarroTeste|0|circulo_r68_xc160_yc120|0|0|0|0|0,000000|0,000000|0,000000|0,000000|0,000000|0,000000|0,000000|0,000000|0,000000|0,000000|0,000000|0,000000|
20170128_200449|32798|384|15,873016|1|CarroTeste2|0|circulo_r68_xc160_yc120|0|0|0|0|0,000000|0,000000|0,000000|0,000000|0,000000|0,000000|0,000000|0,000000|0,000000|0,000000|0,000000|0,000000|
20170128_200449|32824|386|32,258065|1|CarroTeste|0|circulo_r68_xc160_yc120|0|0|0|0|0,000000|0,000000|0,000000|0,000000|0,000000|0,000000|0,000000|0,000000|0,000000|0,000000|0,000000|0,000000|
20170128_200449|32832|386|32,258065|1|CarroTeste2|0|circulo_r68_xc160_yc120|0|0|0|0|0,000000|0,000000|0,000000|0,000000|0,000000|0,000000|0,000000|0,000000|0,000000|0,000000|0,000000|0,000000|
20170128_200449|32889|388|15,873016|1|CarroTeste|0|circulo_r68_xc160_yc120|0|0|0|0|0,000000|0,000000|0,000000|0,000000|0,000000|0,000000|0,000000|0,000000|0,000000|0,000000|0,000000|0,000000|
20170128_200449|32896|388|15,873016|1|CarroTeste2|0|circulo_r68_xc160_yc120|0|0|0|0|0,000000|0,000000|0,000000|0,000000|0,000000|0,000000|0,000000|0,000000|0,000000|0,000000|0,000000|0,000000|
20170128_200449|32952|390|15,873016|1|CarroTeste|0|circulo_r68_xc160_yc120|0|0|0|0|0,000000|0,000000|0,000000|0,000000|0,000000|0,000000|0,000000|0,000000|0,000000|0,000000|0,000000|0,000000|
20170128_200449|32962|390|15,873016|1|CarroTeste2|0|circulo_r68_xc160_yc120|0|0|0|0|0,000000|0,000000|0,000000|0,000000|0,000000|0,000000|0,000000|0,000000|0,000000|0,000000|0,000000|0,000000|
20170128_200449|33002|392|20,408163|1|CarroTeste|0|circulo_r68_xc160_yc120|0|0|0|0|49,000000|0,000000|0,000000|0,000000|0,000000|0,000000|0,000000|0,000000|0,000000|0,000000|0,000000|173,000000|
20170128_200449|33009|392|20,408163|1|CarroTeste2|0|circulo_r68_xc160_yc120|0|0|0|0|49,000000|0,000000|0,000000|0,000000|0,000000|0,000000|0,000000|0,000000|0,000000|0,000000|0,000000|173,000000|
20170128_200449|33049|394|21,739130|1|CarroTeste|0|circulo_r68_xc160_yc120|0|0|0|0|18,000000|0,000000|0,000000|0,000000|0,000000|0,000000|0,000000|0,000000|0,000000|0,000000|0,000000|374,000000|
20170128_200449|33057|394|21,739130|1|CarroTeste2|0|circulo_r68_xc160_yc120|0|0|0|0|18,000000|0,000000|0,000000|0,000000|0,000000|0,000000|0,000000|0,000000|0,000000|0,000000|0,000000|374,000000|
20170128_200449|33096|396|21,739130|1|CarroTeste|0|circulo_r68_xc160_yc120|0|0|0|0|0,000000|0,000000|0,000000|0,000000|0,000000|0,000000|0,000000|0,000000|0,000000|0,000000|0,000000|0,000000|
20170128_200450|33101|396|21,739130|1|CarroTeste2|0|circulo_r68_xc160_yc120|0|0|0|0|0,000000|0,000000|0,000000|0,000000|0,000000|0,000000|0,000000|0,000000|0,000000|0,000000|0,000000|0,000000|
20170128_200450|33144|398|21,739130|1|CarroTeste|0|circulo_r68_xc160_yc120|0|0|0|0|0,000000|0,000000|0,000000|0,000000|0,000000|0,000000|0,000000|0,000000|0,000000|0,000000|0,000000|0,000000|
20170128_200450|33152|398|21,739130|1|CarroTeste2|0|circulo_r68_xc160_yc120|0|0|0|0|0,000000|0,000000|0,000000|0,000000|0,000000|0,000000|0,000000|0,000000|0,000000|0,000000|0,000000|0,000000|
20170128_200450|33190|400|22,222222|1|CarroTeste|0|circulo_r68_xc160_yc120|0|0|0|0|0,000000|0,000000|0,000000|0,000000|0,000000|0,000000|0,000000|0,000000|0,000000|0,000000|0,000000|0,000000|
20170128_200450|33197|400|22,222222|1|CarroTeste2|0|circulo_r68_xc160_yc120|0|0|0|0|0,000000|0,000000|0,000000|0,000000|0,000000|0,000000|0,000000|0,000000|0,000000|0,000000|0,000000|0,000000|
20170128_200450|33239|402|20,833333|1|CarroTeste|0|circulo_r68_xc160_yc120|0|0|0|0|0,000000|0,000000|0,000000|0,000000|0,000000|0,000000|0,000000|0,000000|0,000000|0,000000|0,000000|0,000000|
20170128_200450|33247|402|20,833333|1|CarroTeste2|0|circulo_r68_xc160_yc120|0|0|0|0|0,000000|0,000000|0,000000|0,000000|0,000000|0,000000|0,000000|0,000000|0,000000|0,000000|0,000000|0,000000|
20170128_200450|33304|404|15,873016|1|CarroTeste|0|circulo_r68_xc160_yc120|0|0|0|0|0,000000|0,000000|0,000000|0,000000|0,000000|0,000000|0,000000|0,000000|0,000000|0,000000|0,000000|0,000000|
20170128_200450|33310|404|15,873016|1|CarroTeste2|0|circulo_r68_xc160_yc120|0|0|0|0|0,000000|0,000000|0,000000|0,000000|0,000000|0,000000|0,000000|0,000000|0,000000|0,000000|0,000000|0,000000|
20170128_200450|33336|406|32,258065|1|CarroTeste|0|circulo_r68_xc160_yc120|0|0|0|0|0,000000|0,000000|0,000000|0,000000|0,000000|0,000000|0,000000|0,000000|0,000000|0,000000|0,000000|0,000000|
20170128_200450|33343|406|32,258065|1|CarroTeste2|0|circulo_r68_xc160_yc120|0|0|0|0|0,000000|0,000000|0,000000|0,000000|0,000000|0,000000|0,000000|0,000000|0,000000|0,000000|0,000000|0,000000|
20170128_200450|33400|408|15,873016|1|CarroTeste|0|circulo_r68_xc160_yc120|0|0|0|0|0,000000|0,000000|0,000000|0,000000|0,000000|0,000000|0,000000|0,000000|0,000000|0,000000|0,000000|0,000000|
20170128_200450|33407|408|15,873016|1|CarroTeste2|0|circulo_r68_xc160_yc120|0|0|0|0|0,000000|0,000000|0,000000|0,000000|0,000000|0,000000|0,000000|0,000000|0,000000|0,000000|0,000000|0,000000|
20170128_200450|33432|410|31,250000|1|CarroTeste|0|circulo_r68_xc160_yc120|0|0|0|0|0,000000|0,000000|0,000000|0,000000|0,000000|0,000000|0,000000|0,000000|0,000000|0,000000|0,000000|0,000000|
20170128_200450|33440|410|31,250000|1|CarroTeste2|0|circulo_r68_xc160_yc120|0|0|0|0|0,000000|0,000000|0,000000|0,000000|0,000000|0,000000|0,000000|0,000000|0,000000|0,000000|0,000000|0,000000|
20170128_200450|33495|412|16,129032|1|CarroTeste|0|circulo_r68_xc160_yc120|0|0|0|0|0,000000|0,000000|0,000000|0,000000|0,000000|0,000000|0,000000|0,000000|0,000000|0,000000|0,000000|0,000000|
20170128_200450|33503|412|16,129032|1|CarroTeste2|0|circulo_r68_xc160_yc120|0|0|0|0|0,000000|0,000000|0,000000|0,000000|0,000000|0,000000|0,000000|0,000000|0,000000|0,000000|0,000000|0,000000|
20170128_200450|33529|414|31,250000|1|CarroTeste|0|circulo_r68_xc160_yc120|0|0|0|0|0,000000|0,000000|0,000000|0,000000|0,000000|0,000000|0,000000|0,000000|0,000000|0,000000|0,000000|0,000000|
20170128_200450|33540|414|31,250000|1|CarroTeste2|0|circulo_r68_xc160_yc120|0|0|0|0|0,000000|0,000000|0,000000|0,000000|0,000000|0,000000|0,000000|0,000000|0,000000|0,000000|0,000000|0,000000|
20170128_200450|33592|416|15,873016|1|CarroTeste|0|circulo_r68_xc160_yc120|0|0|0|0|0,000000|0,000000|0,000000|0,000000|0,000000|0,000000|0,000000|0,000000|0,000000|0,000000|0,000000|0,000000|
20170128_200450|33616|416|15,873016|1|CarroTeste2|0|circulo_r68_xc160_yc120|0|0|0|0|0,000000|0,000000|0,000000|0,000000|0,000000|0,000000|0,000000|0,000000|0,000000|0,000000|0,000000|0,000000|
20170128_200450|33706|418|8,849558|1|CarroTeste|0|circulo_r68_xc160_yc120|0|0|0|0|0,000000|0,000000|0,000000|0,000000|0,000000|0,000000|0,000000|0,000000|0,000000|0,000000|0,000000|0,000000|
20170128_200450|33750|418|8,849558|1|CarroTeste2|0|circulo_r68_xc160_yc120|0|0|0|0|0,000000|0,000000|0,000000|0,000000|0,000000|0,000000|0,000000|0,000000|0,000000|0,000000|0,000000|0,000000|
20170128_200450|33848|420|7,092199|1|CarroTeste|0|circulo_r68_xc160_yc120|0|0|0|0|0,000000|0,000000|0,000000|0,000000|0,000000|0,000000|0,000000|0,000000|0,000000|0,000000|0,000000|0,000000|
20170128_200450|33894|420|7,092199|1|CarroTeste2|0|circulo_r68_xc160_yc120|0|0|0|0|0,000000|0,000000|0,000000|0,000000|0,000000|0,000000|0,000000|0,000000|0,000000|0,000000|0,000000|0,000000|
20170128_200450|33941|422|10,869565|1|CarroTeste|0|circulo_r68_xc160_yc120|0|0|0|0|0,000000|0,000000|0,000000|0,000000|0,000000|0,000000|0,000000|0,000000|0,000000|0,000000|0,000000|0,000000|
20170128_200450|33994|422|10,869565|1|CarroTeste2|0|circulo_r68_xc160_yc120|0|0|0|0|0,000000|0,000000|0,000000|0,000000|0,000000|0,000000|0,000000|0,000000|0,000000|0,000000|0,000000|0,000000|
20170128_200450|34033|424|10,869565|1|CarroTeste|0|circulo_r68_xc160_yc120|0|0|0|0|0,000000|0,000000|0,000000|0,000000|0,000000|0,000000|0,000000|0,000000|0,000000|0,000000|0,000000|0,000000|
20170128_200450|34057|424|10,869565|1|CarroTeste2|0|circulo_r68_xc160_yc120|0|0|0|0|0,000000|0,000000|0,000000|0,000000|0,000000|0,000000|0,000000|0,000000|0,000000|0,000000|0,000000|0,000000|
20170128_200451|34129|426|10,526316|1|CarroTeste|0|circulo_r68_xc160_yc120|0|0|0|0|0,000000|0,000000|0,000000|0,000000|0,000000|0,000000|0,000000|0,000000|0,000000|0,000000|0,000000|0,000000|
20170128_200451|34138|426|10,526316|1|CarroTeste2|0|circulo_r68_xc160_yc120|0|0|0|0|0,000000|0,000000|0,000000|0,000000|0,000000|0,000000|0,000000|0,000000|0,000000|0,000000|0,000000|0,000000|
20170128_200451|34175|428|22,727273|1|CarroTeste|0|circulo_r68_xc160_yc120|0|0|0|0|0,000000|0,000000|0,000000|0,000000|0,000000|0,000000|0,000000|0,000000|0,000000|0,000000|0,000000|0,000000|
20170128_200451|34185|428|22,727273|1|CarroTeste2|0|circulo_r68_xc160_yc120|0|0|0|0|0,000000|0,000000|0,000000|0,000000|0,000000|0,000000|0,000000|0,000000|0,000000|0,000000|0,000000|0,000000|
20170128_200451|34222|430|21,739130|1|CarroTeste|0|circulo_r68_xc160_yc120|0|0|0|0|0,000000|0,000000|0,000000|0,000000|0,000000|0,000000|0,000000|0,000000|0,000000|0,000000|0,000000|0,000000|
20170128_200451|34235|430|21,739130|1|CarroTeste2|0|circulo_r68_xc160_yc120|0|0|0|0|0,000000|0,000000|0,000000|0,000000|0,000000|0,000000|0,000000|0,000000|0,000000|0,000000|0,000000|0,000000|
20170128_200451|34269|432|21,276596|1|CarroTeste|0|circulo_r68_xc160_yc120|0|0|0|0|0,000000|0,000000|0,000000|0,000000|0,000000|0,000000|0,000000|0,000000|0,000000|0,000000|0,000000|0,000000|
20170128_200451|34282|432|21,276596|1|CarroTeste2|0|circulo_r68_xc160_yc120|0|0|0|0|0,000000|0,000000|0,000000|0,000000|0,000000|0,000000|0,000000|0,000000|0,000000|0,000000|0,000000|0,000000|
20170128_200451|34315|434|22,727273|1|CarroTeste|0|circulo_r68_xc160_yc120|0|0|0|0|0,000000|0,000000|0,000000|0,000000|0,000000|0,000000|0,000000|0,000000|0,000000|0,000000|0,000000|0,000000|
20170128_200451|34325|434|22,727273|1|CarroTeste2|0|circulo_r68_xc160_yc120|0|0|0|0|0,000000|0,000000|0,000000|0,000000|0,000000|0,000000|0,000000|0,000000|0,000000|0,000000|0,000000|0,000000|
20170128_200451|34364|436|20,833333|1|CarroTeste|0|circulo_r68_xc160_yc120|0|0|0|0|0,000000|0,000000|0,000000|0,000000|0,000000|0,000000|0,000000|0,000000|0,000000|0,000000|0,000000|0,000000|
20170128_200451|34373|436|20,833333|1|CarroTeste2|0|circulo_r68_xc160_yc120|0|0|0|0|0,000000|0,000000|0,000000|0,000000|0,000000|0,000000|0,000000|0,000000|0,000000|0,000000|0,000000|0,000000|
20170128_200451|34410|438|21,739130|1|CarroTeste|0|circulo_r68_xc160_yc120|0|0|0|0|0,000000|0,000000|0,000000|0,000000|0,000000|0,000000|0,000000|0,000000|0,000000|0,000000|0,000000|0,000000|
20170128_200451|34422|438|21,739130|1|CarroTeste2|0|circulo_r68_xc160_yc120|0|0|0|0|0,000000|0,000000|0,000000|0,000000|0,000000|0,000000|0,000000|0,000000|0,000000|0,000000|0,000000|0,000000|
20170128_200451|34462|440|21,739130|1|CarroTeste|0|circulo_r68_xc160_yc120|0|0|0|0|0,000000|0,000000|0,000000|0,000000|0,000000|0,000000|0,000000|0,000000|0,000000|0,000000|0,000000|0,000000|
20170128_200451|34475|440|21,739130|1|CarroTeste2|0|circulo_r68_xc160_yc120|0|0|0|0|0,000000|0,000000|0,000000|0,000000|0,000000|0,000000|0,000000|0,000000|0,000000|0,000000|0,000000|0,000000|
20170128_200451|34504|442|22,222222|1|CarroTeste|0|circulo_r68_xc160_yc120|0|0|0|0|0,000000|0,000000|0,000000|0,000000|0,000000|0,000000|0,000000|0,000000|0,000000|0,000000|0,000000|0,000000|
20170128_200451|34516|442|22,222222|1|CarroTeste2|0|circulo_r68_xc160_yc120|0|0|0|0|0,000000|0,000000|0,000000|0,000000|0,000000|0,000000|0,000000|0,000000|0,000000|0,000000|0,000000|0,000000|
20170128_200451|34553|444|21,276596|1|CarroTeste|0|circulo_r68_xc160_yc120|0|0|0|0|0,000000|0,000000|0,000000|0,000000|0,000000|0,000000|0,000000|0,000000|0,000000|0,000000|0,000000|0,000000|
20170128_200451|34566|444|21,276596|1|CarroTeste2|0|circulo_r68_xc160_yc120|0|0|0|0|0,000000|0,000000|0,000000|0,000000|0,000000|0,000000|0,000000|0,000000|0,000000|0,000000|0,000000|0,000000|
20170128_200451|34599|446|22,222222|1|CarroTeste|0|circulo_r68_xc160_yc120|0|0|0|0|0,000000|0,000000|0,000000|0,000000|0,000000|0,000000|0,000000|0,000000|0,000000|0,000000|0,000000|0,000000|
20170128_200451|34611|446|22,222222|1|CarroTeste2|0|circulo_r68_xc160_yc120|0|0|0|0|0,000000|0,000000|0,000000|0,000000|0,000000|0,000000|0,000000|0,000000|0,000000|0,000000|0,000000|0,000000|
20170128_200451|34649|448|20,408163|1|CarroTeste|0|circulo_r68_xc160_yc120|0|0|0|0|0,000000|0,000000|0,000000|0,000000|0,000000|0,000000|0,000000|0,000000|0,000000|0,000000|0,000000|0,000000|
20170128_200451|34662|448|20,408163|1|CarroTeste2|0|circulo_r68_xc160_yc120|0|0|0|0|0,000000|0,000000|0,000000|0,000000|0,000000|0,000000|0,000000|0,000000|0,000000|0,000000|0,000000|0,000000|
20170128_200451|34690|450|24,390244|1|CarroTeste|0|circulo_r68_xc160_yc120|0|0|0|0|0,000000|0,000000|0,000000|0,000000|0,000000|0,000000|0,000000|0,000000|0,000000|0,000000|0,000000|0,000000|
20170128_200451|34703|450|24,390244|1|CarroTeste2|0|circulo_r68_xc160_yc120|0|0|0|0|0,000000|0,000000|0,000000|0,000000|0,000000|0,000000|0,000000|0,000000|0,000000|0,000000|0,000000|0,000000|
20170128_200451|34745|452|18,518519|1|CarroTeste|0|circulo_r68_xc160_yc120|0|0|0|0|0,000000|0,000000|0,000000|0,000000|0,000000|0,000000|0,000000|0,000000|0,000000|0,000000|0,000000|0,000000|
20170128_200451|34758|452|18,518519|1|CarroTeste2|0|circulo_r68_xc160_yc120|0|0|0|0|0,000000|0,000000|0,000000|0,000000|0,000000|0,000000|0,000000|0,000000|0,000000|0,000000|0,000000|0,000000|
20170128_200451|34784|454|25,641026|1|CarroTeste|0|circulo_r68_xc160_yc120|0|0|0|0|0,000000|0,000000|0,000000|0,000000|0,000000|0,000000|0,000000|0,000000|0,000000|0,000000|0,000000|0,000000|
20170128_200451|34795|454|25,641026|1|CarroTeste2|0|circulo_r68_xc160_yc120|0|0|0|0|0,000000|0,000000|0,000000|0,000000|0,000000|0,000000|0,000000|0,000000|0,000000|0,000000|0,000000|0,000000|
20170128_200451|34840|456|18,181818|1|CarroTeste|0|circulo_r68_xc160_yc120|0|0|0|0|0,000000|0,000000|0,000000|0,000000|0,000000|0,000000|0,000000|0,000000|0,000000|0,000000|0,000000|0,000000|
20170128_200451|34853|456|18,181818|1|CarroTeste2|0|circulo_r68_xc160_yc120|0|0|0|0|0,000000|0,000000|0,000000|0,000000|0,000000|0,000000|0,000000|0,000000|0,000000|0,000000|0,000000|0,000000|
20170128_200451|34904|458|15,873016|1|CarroTeste|0|circulo_r68_xc160_yc120|0|0|0|0|0,000000|0,000000|0,000000|0,000000|0,000000|0,000000|0,000000|0,000000|0,000000|0,000000|0,000000|0,000000|
20170128_200451|34916|458|15,873016|1|CarroTeste2|0|circulo_r68_xc160_yc120|0|0|0|0|0,000000|0,000000|0,000000|0,000000|0,000000|0,000000|0,000000|0,000000|0,000000|0,000000|0,000000|0,000000|
20170128_200451|34971|460|15,151515|1|CarroTeste|0|circulo_r68_xc160_yc120|0|0|0|0|0,000000|0,000000|0,000000|0,000000|0,000000|0,000000|0,000000|0,000000|0,000000|0,000000|0,000000|0,000000|
20170128_200451|34984|460|15,151515|1|CarroTeste2|0|circulo_r68_xc160_yc120|0|0|0|0|0,000000|0,000000|0,000000|0,000000|0,000000|0,000000|0,000000|0,000000|0,000000|0,000000|0,000000|0,000000|
20170128_200451|35019|462|21,739130|1|CarroTeste|0|circulo_r68_xc160_yc120|0|0|0|0|0,000000|0,000000|0,000000|0,000000|0,000000|0,000000|0,000000|0,000000|0,000000|0,000000|0,000000|0,000000|
20170128_200451|35032|462|21,739130|1|CarroTeste2|0|circulo_r68_xc160_yc120|0|0|0|0|0,000000|0,000000|0,000000|0,000000|0,000000|0,000000|0,000000|0,000000|0,000000|0,000000|0,000000|0,000000|
20170128_200451|35065|464|21,739130|1|CarroTeste|0|circulo_r68_xc160_yc120|0|0|0|0|0,000000|0,000000|0,000000|0,000000|0,000000|0,000000|0,000000|0,000000|0,000000|0,000000|0,000000|0,000000|
20170128_200451|35073|464|21,739130|1|CarroTeste2|0|circulo_r68_xc160_yc120|0|0|0|0|0,000000|0,000000|0,000000|0,000000|0,000000|0,000000|0,000000|0,000000|0,000000|0,000000|0,000000|0,000000|
20170128_200452|35113|466|21,276596|1|CarroTeste|0|circulo_r68_xc160_yc120|0|0|0|0|0,000000|0,000000|0,000000|0,000000|0,000000|0,000000|0,000000|0,000000|0,000000|0,000000|0,000000|0,000000|
20170128_200452|35122|466|21,276596|1|CarroTeste2|0|circulo_r68_xc160_yc120|0|0|0|0|0,000000|0,000000|0,000000|0,000000|0,000000|0,000000|0,000000|0,000000|0,000000|0,000000|0,000000|0,000000|
20170128_200452|35160|468|21,739130|1|CarroTeste|0|circulo_r68_xc160_yc120|0|0|0|0|0,000000|0,000000|0,000000|0,000000|0,000000|0,000000|0,000000|0,000000|0,000000|0,000000|0,000000|0,000000|
20170128_200452|35168|468|21,739130|1|CarroTeste2|0|circulo_r68_xc160_yc120|0|0|0|0|0,000000|0,000000|0,000000|0,000000|0,000000|0,000000|0,000000|0,000000|0,000000|0,000000|0,000000|0,000000|
20170128_200452|35205|470|22,727273|1|CarroTeste|0|circulo_r68_xc160_yc120|0|0|0|0|0,000000|0,000000|0,000000|0,000000|0,000000|0,000000|0,000000|0,000000|0,000000|0,000000|0,000000|0,000000|
20170128_200452|35214|470|22,727273|1|CarroTeste2|0|circulo_r68_xc160_yc120|0|0|0|0|0,000000|0,000000|0,000000|0,000000|0,000000|0,000000|0,000000|0,000000|0,000000|0,000000|0,000000|0,000000|
20170128_200452|35253|472|21,276596|1|CarroTeste|0|circulo_r68_xc160_yc120|0|0|0|0|0,000000|0,000000|0,000000|0,000000|0,000000|0,000000|0,000000|0,000000|0,000000|0,000000|0,000000|0,000000|
20170128_200452|35261|472|21,276596|1|CarroTeste2|0|circulo_r68_xc160_yc120|0|0|0|0|0,000000|0,000000|0,000000|0,000000|0,000000|0,000000|0,000000|0,000000|0,000000|0,000000|0,000000|0,000000|
20170128_200452|35300|474|21,739130|1|CarroTeste|0|circulo_r68_xc160_yc120|0|0|0|0|0,000000|0,000000|0,000000|0,000000|0,000000|0,000000|0,000000|0,000000|0,000000|0,000000|0,000000|0,000000|
20170128_200452|35309|474|21,739130|1|CarroTeste2|0|circulo_r68_xc160_yc120|0|0|0|0|0,000000|0,000000|0,000000|0,000000|0,000000|0,000000|0,000000|0,000000|0,000000|0,000000|0,000000|0,000000|
20170128_200452|35352|476|19,607843|1|CarroTeste|0|circulo_r68_xc160_yc120|0|0|0|0|0,000000|0,000000|0,000000|0,000000|0,000000|0,000000|0,000000|0,000000|0,000000|0,000000|0,000000|0,000000|
20170128_200452|35360|476|19,607843|1|CarroTeste2|0|circulo_r68_xc160_yc120|0|0|0|0|0,000000|0,000000|0,000000|0,000000|0,000000|0,000000|0,000000|0,000000|0,000000|0,000000|0,000000|0,000000|
20170128_200452|35394|478|25,000000|1|CarroTeste|0|circulo_r68_xc160_yc120|0|0|0|0|0,000000|0,000000|0,000000|0,000000|0,000000|0,000000|0,000000|0,000000|0,000000|0,000000|0,000000|0,000000|
20170128_200452|35403|478|25,000000|1|CarroTeste2|0|circulo_r68_xc160_yc120|0|0|0|0|0,000000|0,000000|0,000000|0,000000|0,000000|0,000000|0,000000|0,000000|0,000000|0,000000|0,000000|0,000000|
20170128_200452|35448|480|18,867925|1|CarroTeste|0|circulo_r68_xc160_yc120|0|0|0|0|0,000000|0,000000|0,000000|0,000000|0,000000|0,000000|0,000000|0,000000|0,000000|0,000000|0,000000|0,000000|
20170128_200452|35457|480|18,867925|1|CarroTeste2|0|circulo_r68_xc160_yc120|0|0|0|0|0,000000|0,000000|0,000000|0,000000|0,000000|0,000000|0,000000|0,000000|0,000000|0,000000|0,000000|0,000000|
20170128_200452|35488|482|25,641026|1|CarroTeste|0|circulo_r68_xc160_yc120|0|0|0|0|0,000000|0,000000|0,000000|0,000000|0,000000|0,000000|0,000000|0,000000|0,000000|0,000000|0,000000|0,000000|
20170128_200452|35496|482|25,641026|1|CarroTeste2|0|circulo_r68_xc160_yc120|0|0|0|0|0,000000|0,000000|0,000000|0,000000|0,000000|0,000000|0,000000|0,000000|0,000000|0,000000|0,000000|0,000000|
20170128_200452|35544|484|18,181818|1|CarroTeste|0|circulo_r68_xc160_yc120|0|0|0|0|0,000000|0,000000|0,000000|0,000000|0,000000|0,000000|0,000000|0,000000|0,000000|0,000000|0,000000|0,000000|
20170128_200452|35551|484|18,181818|1|CarroTeste2|0|circulo_r68_xc160_yc120|0|0|0|0|0,000000|0,000000|0,000000|0,000000|0,000000|0,000000|0,000000|0,000000|0,000000|0,000000|0,000000|0,000000|
20170128_200452|35581|486|27,027027|1|CarroTeste|0|circulo_r68_xc160_yc120|0|0|0|0|0,000000|0,000000|0,000000|0,000000|0,000000|0,000000|0,000000|0,000000|0,000000|0,000000|0,000000|0,000000|
20170128_200452|35590|486|27,027027|1|CarroTeste2|0|circulo_r68_xc160_yc120|0|0|0|0|0,000000|0,000000|0,000000|0,000000|0,000000|0,000000|0,000000|0,000000|0,000000|0,000000|0,000000|0,000000|
20170128_200452|35639|488|17,543860|1|CarroTeste|0|circulo_r68_xc160_yc120|0|0|0|0|0,000000|0,000000|0,000000|0,000000|0,000000|0,000000|0,000000|0,000000|0,000000|0,000000|0,000000|0,000000|
20170128_200452|35647|488|17,543860|1|CarroTeste2|0|circulo_r68_xc160_yc120|0|0|0|0|0,000000|0,000000|0,000000|0,000000|0,000000|0,000000|0,000000|0,000000|0,000000|0,000000|0,000000|0,000000|
20170128_200452|35704|490|15,873016|1|CarroTeste|0|circulo_r68_xc160_yc120|0|0|0|0|0,000000|0,000000|0,000000|0,000000|0,000000|0,000000|0,000000|0,000000|0,000000|0,000000|0,000000|0,000000|
20170128_200452|35712|490|15,873016|1|CarroTeste2|0|circulo_r68_xc160_yc120|0|0|0|0|0,000000|0,000000|0,000000|0,000000|0,000000|0,000000|0,000000|0,000000|0,000000|0,000000|0,000000|0,000000|
20170128_200452|35768|492|15,625000|1|CarroTeste|0|circulo_r68_xc160_yc120|0|0|0|0|0,000000|0,000000|0,000000|0,000000|0,000000|0,000000|0,000000|0,000000|0,000000|0,000000|0,000000|0,000000|
20170128_200452|35776|492|15,625000|1|CarroTeste2|0|circulo_r68_xc160_yc120|0|0|0|0|0,000000|0,000000|0,000000|0,000000|0,000000|0,000000|0,000000|0,000000|0,000000|0,000000|0,000000|0,000000|
20170128_200452|35815|494|21,739130|1|CarroTeste|0|circulo_r68_xc160_yc120|0|0|0|0|0,000000|0,000000|0,000000|0,000000|0,000000|0,000000|0,000000|0,000000|0,000000|0,000000|0,000000|0,000000|
20170128_200452|35824|494|21,739130|1|CarroTeste2|0|circulo_r68_xc160_yc120|0|0|0|0|0,000000|0,000000|0,000000|0,000000|0,000000|0,000000|0,000000|0,000000|0,000000|0,000000|0,000000|0,000000|
20170128_200452|35862|496|21,739130|1|CarroTeste|0|circulo_r68_xc160_yc120|0|0|0|0|0,000000|0,000000|0,000000|0,000000|0,000000|0,000000|0,000000|0,000000|0,000000|0,000000|0,000000|0,000000|
20170128_200452|35871|496|21,739130|1|CarroTeste2|0|circulo_r68_xc160_yc120|0|0|0|0|0,000000|0,000000|0,000000|0,000000|0,000000|0,000000|0,000000|0,000000|0,000000|0,000000|0,000000|0,000000|
20170128_200452|35909|498|21,739130|1|CarroTeste|0|circulo_r68_xc160_yc120|0|0|0|0|0,000000|0,000000|0,000000|0,000000|0,000000|0,000000|0,000000|0,000000|0,000000|0,000000|0,000000|0,000000|
20170128_200452|35918|498|21,739130|1|CarroTeste2|0|circulo_r68_xc160_yc120|0|0|0|0|0,000000|0,000000|0,000000|0,000000|0,000000|0,000000|0,000000|0,000000|0,000000|0,000000|0,000000|0,000000|
20170128_200452|35960|500|21,739130|1|CarroTeste|0|circulo_r68_xc160_yc120|0|0|0|0|0,000000|0,000000|0,000000|0,000000|0,000000|0,000000|0,000000|0,000000|0,000000|0,000000|0,000000|0,000000|
20170128_200452|35968|500|21,739130|1|CarroTeste2|0|circulo_r68_xc160_yc120|0|0|0|0|0,000000|0,000000|0,000000|0,000000|0,000000|0,000000|0,000000|0,000000|0,000000|0,000000|0,000000|0,000000|
20170128_200452|36004|502|22,222222|1|CarroTeste|0|circulo_r68_xc160_yc120|0|0|0|0|0,000000|0,000000|0,000000|0,000000|0,000000|0,000000|0,000000|0,000000|0,000000|0,000000|0,000000|0,000000|
20170128_200452|36013|502|22,222222|1|CarroTeste2|0|circulo_r68_xc160_yc120|0|0|0|0|0,000000|0,000000|0,000000|0,000000|0,000000|0,000000|0,000000|0,000000|0,000000|0,000000|0,000000|0,000000|
20170128_200452|36051|504|21,276596|1|CarroTeste|0|circulo_r68_xc160_yc120|0|0|0|0|0,000000|0,000000|0,000000|0,000000|0,000000|0,000000|0,000000|0,000000|0,000000|0,000000|0,000000|0,000000|
20170128_200452|36060|504|21,276596|1|CarroTeste2|0|circulo_r68_xc160_yc120|0|0|0|0|0,000000|0,000000|0,000000|0,000000|0,000000|0,000000|0,000000|0,000000|0,000000|0,000000|0,000000|0,000000|
20170128_200452|36097|506|22,222222|1|CarroTeste|0|circulo_r68_xc160_yc120|0|0|0|0|0,000000|0,000000|0,000000|0,000000|0,000000|0,000000|0,000000|0,000000|0,000000|0,000000|0,000000|0,000000|
20170128_200453|36106|506|22,222222|1|CarroTeste2|0|circulo_r68_xc160_yc120|0|0|0|0|0,000000|0,000000|0,000000|0,000000|0,000000|0,000000|0,000000|0,000000|0,000000|0,000000|0,000000|0,000000|
20170128_200453|36153|508|18,518519|1|CarroTeste|0|circulo_r68_xc160_yc120|0|0|0|0|0,000000|0,000000|0,000000|0,000000|0,000000|0,000000|0,000000|0,000000|0,000000|0,000000|0,000000|0,000000|
20170128_200453|36162|508|18,518519|1|CarroTeste2|0|circulo_r68_xc160_yc120|0|0|0|0|0,000000|0,000000|0,000000|0,000000|0,000000|0,000000|0,000000|0,000000|0,000000|0,000000|0,000000|0,000000|
