TimeStamp|Ticks|FrameNum|FPS|LogaDados|Robo|achou|trajetoria|Xd|Yd|Xa|Ya|DistMelhorPonto|velAtual|velDesejada|erroVel|SaidaControleLinear|angAtual|angDesejado|erroAng|SaidaControleAngular|SinalDeControle1|SinalDeControle2|
20170121_184536|63835|567|0,000000|1|CarroTeste|1|circulo_r120_xc320_yc240|415|166|424|159|11,401754|8,024813|0,000000|-8,024813|-31,499845|0,902507|1,029268|0,126761|4,339765|2,993182|-6,143166|
20170121_184536|63841|567|0,000000|1|CarroTeste2|1|circulo_r120_xc320_yc240|204|274|126|299|81,908486|5,749954|50,000000|44,250046|318493,817776|-1,614247|-1,040738|0,573509|0,000000|255,000000|255,000000|
20170121_184536|64023|569|0,000000|1|CarroTeste|1|circulo_r120_xc320_yc240|415|166|424|159|11,401754|0,000000|0,000000|0,000000|-0,267494|0,902507|0,801233|-0,101274|-3,467141|-3,662997|3,636248|
20170121_184536|64029|569|0,000000|1|CarroTeste2|1|circulo_r120_xc320_yc240|204|274|126|299|81,908486|0,000000|50,000000|50,000000|359879,648682|-1,570796|-1,040738|0,530058|0,000000|255,000000|255,000000|
20170121_184536|64241|571|0,000000|1|CarroTeste|1|circulo_r120_xc320_yc240|415|166|424|159|11,401754|0,000000|0,000000|0,000000|-0,267494|0,902507|1,029268|0,126761|4,339736|4,554768|-4,581518|
20170121_184536|64248|571|0,000000|1|CarroTeste2|1|circulo_r120_xc320_yc240|204|274|126|299|81,908486|0,000000|50,000000|50,000000|359879,648682|-1,570796|-1,040738|0,530058|0,000000|255,000000|255,000000|
20170121_184536|64469|573|0,000000|1|CarroTeste|1|circulo_r120_xc320_yc240|415|166|424|159|11,401754|0,000000|0,000000|0,000000|-0,267494|0,902507|0,801233|-0,101274|-3,467144|-3,663000|3,636251|
20170121_184536|64474|573|0,000000|1|CarroTeste2|0|circulo_r120_xc320_yc240|415|166|126|299|11,401754|0,000000|0,000000|0,000000|-0,267494|0,902507|0,801233|-0,101274|-3,467144|-3,663000|3,636251|
20170121_184537|64633|575|0,000000|1|CarroTeste|1|circulo_r120_xc320_yc240|415|166|424|159|11,401754|0,000000|0,000000|0,000000|-0,267494|0,902507|1,029268|0,126761|4,339735|4,554768|-4,581517|
20170121_184537|64638|575|0,000000|1|CarroTeste2|0|circulo_r120_xc320_yc240|415|166|126|299|11,401754|0,000000|0,000000|0,000000|-0,267494|0,902507|1,029268|0,126761|4,339735|4,554768|-4,581517|
20170121_184537|64819|577|0,000000|1|CarroTeste|1|circulo_r120_xc320_yc240|415|166|424|159|11,401754|0,000000|0,000000|0,000000|-0,267494|0,902507|1,029268|0,126761|4,339804|4,554841|-4,581590|
20170121_184537|64823|577|0,000000|1|CarroTeste2|0|circulo_r120_xc320_yc240|415|166|126|299|11,401754|0,000000|0,000000|0,000000|-0,267494|0,902507|1,029268|0,126761|4,339804|4,554841|-4,581590|
20170121_184537|65007|579|0,000000|1|CarroTeste|1|circulo_r120_xc320_yc240|415|166|424|159|11,401754|0,000000|0,000000|0,000000|-0,267494|0,902507|1,029268|0,126761|4,339811|4,554848|-4,581597|
20170121_184537|65013|579|0,000000|1|CarroTeste2|0|circulo_r120_xc320_yc240|415|166|126|299|11,401754|0,000000|0,000000|0,000000|-0,267494|0,902507|1,029268|0,126761|4,339811|4,554848|-4,581597|
20170121_184537|65199|581|0,000000|1|CarroTeste|1|circulo_r120_xc320_yc240|415|166|424|159|11,401754|0,000000|0,000000|0,000000|-0,267494|0,902507|0,801233|-0,101274|-3,467137|-3,662992|3,636243|
20170121_184537|65205|581|0,000000|1|CarroTeste2|1|circulo_r120_xc320_yc240|261|134|206|38|110,639053|285,549527|50,000000|-235,549527|-1695389,618177|-1,690225|0,601641|2,291867|0,000000|-255,000000|-255,000000|
20170121_184537|65351|583|0,000000|1|CarroTeste|1|circulo_r120_xc320_yc240|415|166|424|159|11,401754|0,000000|0,000000|0,000000|-0,267494|0,902507|1,029268|0,126761|4,339736|4,554769|-4,581518|
20170121_184537|65357|583|0,000000|1|CarroTeste2|1|circulo_r120_xc320_yc240|261|134|207|38|110,145359|6,535948|50,000000|43,464052|312836,557372|-1,815775|0,596704|2,412479|0,000000|255,000000|255,000000|
20170121_184537|65516|585|0,000000|1|CarroTeste|1|circulo_r120_xc320_yc240|415|166|424|159|11,401754|0,000000|0,000000|0,000000|-0,267494|0,902507|0,801233|-0,101274|-3,467144|-3,663000|3,636251|
20170121_184537|65523|585|0,000000|1|CarroTeste2|1|circulo_r120_xc320_yc240|261|134|207|38|110,145359|0,000000|50,000000|50,000000|359879,648682|-1,815775|0,596704|2,412479|0,000000|255,000000|255,000000|
20170121_184538|65710|587|0,000000|1|CarroTeste|1|circulo_r120_xc320_yc240|415|166|424|159|11,401754|0,000000|0,000000|0,000000|-0,267494|0,902507|1,029268|0,126761|4,339735|4,554768|-4,581517|
20170121_184538|65717|587|0,000000|1|CarroTeste2|1|circulo_r120_xc320_yc240|261|134|207|38|110,145359|0,000000|50,000000|50,000000|359879,648682|-1,815775|0,596704|2,412479|0,000000|255,000000|255,000000|
20170121_184538|65907|589|0,000000|1|CarroTeste|1|circulo_r120_xc320_yc240|415|166|424|159|11,401754|0,000000|0,000000|0,000000|-0,267494|0,902507|0,801233|-0,101274|-3,467144|-3,663000|3,636251|
20170121_184538|65913|589|0,000000|1|CarroTeste2|1|circulo_r120_xc320_yc240|261|134|207|38|110,145359|0,000000|50,000000|50,000000|359879,648682|-1,784857|0,596704|2,381561|0,000000|255,000000|255,000000|
20170121_184538|66096|591|0,000000|1|CarroTeste|1|circulo_r120_xc320_yc240|415|166|424|159|11,401754|0,000000|0,000000|0,000000|-0,267494|0,902507|1,029268|0,126761|4,339735|4,554768|-4,581517|
20170121_184538|66104|591|0,000000|1|CarroTeste2|1|circulo_r120_xc320_yc240|261|134|207|38|110,145359|0,000000|50,000000|50,000000|359879,648682|-1,815775|0,596704|2,412479|0,000000|255,000000|255,000000|
20170121_184538|66294|593|0,000000|1|CarroTeste|1|circulo_r120_xc320_yc240|415|166|424|159|11,401754|0,000000|0,000000|0,000000|-0,267494|0,902507|0,801233|-0,101274|-3,467144|-3,663000|3,636251|
20170121_184538|66307|593|0,000000|1|CarroTeste2|1|circulo_r120_xc320_yc240|261|134|207|38|110,145359|0,000000|50,000000|50,000000|359879,648682|-1,815775|0,596704|2,412479|0,000000|255,000000|255,000000|
20170121_184538|66537|595|0,000000|1|CarroTeste|1|circulo_r120_xc320_yc240|415|166|424|159|11,401754|0,000000|0,000000|0,000000|-0,267494|0,902507|1,029268|0,126761|4,339735|4,554768|-4,581517|
20170121_184538|66544|595|0,000000|1|CarroTeste2|1|circulo_r120_xc320_yc240|261|134|207|38|110,145359|0,000000|50,000000|50,000000|359879,648682|-1,815775|0,596704|2,412479|0,000000|255,000000|255,000000|
20170121_184539|66738|597|0,000000|1|CarroTeste|1|circulo_r120_xc320_yc240|415|166|424|159|11,401754|0,000000|0,000000|0,000000|-0,267494|0,902507|1,029268|0,126761|4,339804|4,554841|-4,581590|
20170121_184539|66745|597|0,000000|1|CarroTeste2|1|circulo_r120_xc320_yc240|261|134|207|38|110,145359|0,000000|50,000000|50,000000|359879,648682|-1,815775|0,596704|2,412479|0,000000|255,000000|255,000000|
20170121_184539|66935|599|0,000000|1|CarroTeste|1|circulo_r120_xc320_yc240|415|166|424|159|11,401754|0,000000|0,000000|0,000000|-0,267494|0,902507|1,029268|0,126761|4,339811|4,554848|-4,581597|
20170121_184539|66941|599|0,000000|1|CarroTeste2|1|circulo_r120_xc320_yc240|261|134|207|38|110,145359|0,000000|50,000000|50,000000|359879,648682|-1,866237|0,596704|2,462942|0,000000|255,000000|255,000000|
20170121_184539|67156|601|0,000000|1|CarroTeste|1|circulo_r120_xc320_yc240|415|166|424|159|11,401754|0,000000|0,000000|0,000000|-0,267494|0,902507|1,029268|0,126761|4,339812|4,554849|-4,581598|
20170121_184539|67162|601|0,000000|1|CarroTeste2|1|circulo_r120_xc320_yc240|261|134|207|38|110,145359|0,000000|50,000000|50,000000|359879,648682|-1,815775|0,596704|2,412479|0,000000|255,000000|255,000000|
20170121_184539|67391|603|0,000000|1|CarroTeste|1|circulo_r120_xc320_yc240|415|166|424|159|11,401754|0,000000|0,000000|0,000000|-0,267494|0,902507|0,801233|-0,101274|-3,467137|-3,662992|3,636243|
20170121_184539|67402|603|0,000000|1|CarroTeste2|1|circulo_r120_xc320_yc240|261|134|207|38|110,145359|0,000000|50,000000|50,000000|359879,648682|-1,815775|0,596704|2,412479|0,000000|255,000000|255,000000|
20170121_184539|67581|605|0,000000|1|CarroTeste|1|circulo_r120_xc320_yc240|415|166|424|159|11,401754|0,000000|0,000000|0,000000|-0,267494|0,902507|0,801233|-0,101274|-3,467213|-3,663072|3,636323|
20170121_184539|67587|605|0,000000|1|CarroTeste2|1|circulo_r120_xc320_yc240|261|134|207|38|110,145359|0,000000|50,000000|50,000000|359879,648682|-1,815775|0,596704|2,412479|0,000000|255,000000|255,000000|
20170121_184540|67802|607|0,000000|1|CarroTeste|1|circulo_r120_xc320_yc240|415|166|424|159|11,401754|0,000000|0,000000|0,000000|-0,267494|0,902507|0,801233|-0,101274|-3,467220|-3,663080|3,636331|
20170121_184540|67810|607|0,000000|1|CarroTeste2|1|circulo_r120_xc320_yc240|261|134|207|38|110,145359|0,000000|50,000000|50,000000|359879,648682|-1,815775|0,596704|2,412479|0,000000|255,000000|255,000000|
20170121_184540|67994|609|0,000000|1|CarroTeste|1|circulo_r120_xc320_yc240|415|166|424|159|11,401754|0,000000|0,000000|0,000000|-0,267494|0,902507|1,029268|0,126761|4,339728|4,554760|-4,581509|
20170121_184540|68004|609|0,000000|1|CarroTeste2|1|circulo_r120_xc320_yc240|261|134|207|38|110,145359|0,000000|50,000000|50,000000|359879,648682|-1,815775|0,596704|2,412479|0,000000|255,000000|255,000000|
20170121_184540|68184|611|0,000000|1|CarroTeste|1|circulo_r120_xc320_yc240|415|166|424|159|11,401754|0,000000|0,000000|0,000000|-0,267494|0,902507|0,801233|-0,101274|-3,467145|-3,663001|3,636252|
20170121_184540|68191|611|0,000000|1|CarroTeste2|1|circulo_r120_xc320_yc240|261|134|207|38|110,145359|0,000000|50,000000|50,000000|359879,648682|-1,815775|0,596704|2,412479|0,000000|255,000000|255,000000|
20170121_184540|68412|613|0,000000|1|CarroTeste|1|circulo_r120_xc320_yc240|415|166|424|159|11,401754|0,000000|0,000000|0,000000|-0,267494|0,902507|1,029268|0,126761|4,339735|4,554768|-4,581517|
20170121_184540|68420|613|0,000000|1|CarroTeste2|1|circulo_r120_xc320_yc240|261|134|207|38|110,145359|0,000000|50,000000|50,000000|359879,648682|-1,815775|0,596704|2,412479|0,000000|255,000000|255,000000|
20170121_184541|68601|615|0,000000|1|CarroTeste|1|circulo_r120_xc320_yc240|415|166|424|159|11,401754|0,000000|0,000000|0,000000|-0,267494|0,902507|1,029268|0,126761|4,339804|4,554841|-4,581590|
20170121_184541|68608|615|0,000000|1|CarroTeste2|1|circulo_r120_xc320_yc240|261|134|207|38|110,145359|0,000000|50,000000|50,000000|359879,648682|-1,815775|0,596704|2,412479|0,000000|255,000000|255,000000|
20170121_184541|68800|617|0,000000|1|CarroTeste|1|circulo_r120_xc320_yc240|415|166|424|159|11,401754|0,000000|0,000000|0,000000|-0,267494|0,902507|0,801233|-0,101274|-3,467137|-3,662993|3,636244|
20170121_184541|68807|617|0,000000|1|CarroTeste2|1|circulo_r120_xc320_yc240|261|134|207|38|110,145359|0,000000|50,000000|50,000000|359879,648682|-1,815775|0,596704|2,412479|0,000000|255,000000|255,000000|
20170121_184541|69005|619|0,000000|1|CarroTeste|1|circulo_r120_xc320_yc240|415|166|424|159|11,401754|0,000000|0,000000|0,000000|-0,267494|0,902507|1,029268|0,126761|4,339736|4,554769|-4,581518|
20170121_184541|69011|619|0,000000|1|CarroTeste2|1|circulo_r120_xc320_yc240|261|134|207|38|110,145359|0,000000|50,000000|50,000000|359879,648682|-1,815775|0,596704|2,412479|0,000000|255,000000|255,000000|
20170121_184541|69189|621|0,000000|1|CarroTeste|1|circulo_r120_xc320_yc240|415|166|424|159|11,401754|0,000000|0,000000|0,000000|-0,267494|0,902507|1,029268|0,126761|4,339805|4,554841|-4,581590|
20170121_184541|69196|621|0,000000|1|CarroTeste2|1|circulo_r120_xc320_yc240|261|134|207|38|110,145359|0,000000|50,000000|50,000000|359879,648682|-1,815775|0,596704|2,412479|0,000000|255,000000|255,000000|
20170121_184541|69379|623|0,000000|1|CarroTeste|1|circulo_r120_xc320_yc240|415|166|424|159|11,401754|0,000000|0,000000|0,000000|-0,267494|0,902507|1,029268|0,126761|4,339811|4,554848|-4,581597|
20170121_184541|69387|623|0,000000|1|CarroTeste2|1|circulo_r120_xc320_yc240|261|134|207|38|110,145359|0,000000|50,000000|50,000000|359879,648682|-1,815775|0,596704|2,412479|0,000000|255,000000|255,000000|
20170121_184541|69584|625|0,000000|1|CarroTeste|1|circulo_r120_xc320_yc240|415|166|424|159|11,401754|0,000000|0,000000|0,000000|-0,267494|0,902507|1,029268|0,126761|4,339812|4,554849|-4,581598|
20170121_184541|69591|625|0,000000|1|CarroTeste2|1|circulo_r120_xc320_yc240|261|134|207|38|110,145359|0,000000|50,000000|50,000000|359879,648682|-1,815775|0,596704|2,412479|0,000000|255,000000|255,000000|
20170121_184542|69812|627|0,000000|1|CarroTeste|1|circulo_r120_xc320_yc240|415|166|424|159|11,401754|0,000000|0,000000|0,000000|-0,267494|0,902507|1,029268|0,126761|4,339812|4,554849|-4,581598|
20170121_184542|69824|627|0,000000|1|CarroTeste2|1|circulo_r120_xc320_yc240|261|134|207|38|110,145359|0,000000|50,000000|50,000000|359879,648682|-1,815775|0,596704|2,412479|0,000000|255,000000|255,000000|
20170121_184542|70060|629|0,000000|1|CarroTeste|1|circulo_r120_xc320_yc240|415|166|424|159|11,401754|0,000000|0,000000|0,000000|-0,267494|0,902507|1,029268|0,126761|4,339812|4,554849|-4,581598|
20170121_184542|70070|629|0,000000|1|CarroTeste2|1|circulo_r120_xc320_yc240|261|134|207|38|110,145359|0,000000|50,000000|50,000000|359879,648682|-1,815775|0,596704|2,412479|0,000000|255,000000|255,000000|
20170121_184542|70269|631|0,000000|1|CarroTeste|1|circulo_r120_xc320_yc240|415|166|424|159|11,401754|0,000000|0,000000|0,000000|-0,267494|0,896055|1,029268|0,133213|4,560685|4,787346|-4,814095|
20170121_184542|70275|631|0,000000|1|CarroTeste2|1|circulo_r120_xc320_yc240|261|134|207|38|110,145359|0,000000|50,000000|50,000000|359879,648682|-1,815775|0,596704|2,412479|0,000000|255,000000|255,000000|
20170121_184542|70449|633|0,000000|1|CarroTeste|1|circulo_r120_xc320_yc240|415|166|424|159|11,401754|0,000000|0,000000|0,000000|-0,267494|0,902507|1,029268|0,126761|4,339814|4,554851|-4,581600|
20170121_184542|70457|633|0,000000|1|CarroTeste2|1|circulo_r120_xc320_yc240|261|134|207|38|110,145359|0,000000|50,000000|50,000000|359879,648682|-1,843805|0,596704|2,440509|0,000000|255,000000|255,000000|
20170121_184543|70621|635|0,000000|1|CarroTeste|1|circulo_r120_xc320_yc240|415|166|424|159|11,401754|0,000000|0,000000|0,000000|-0,267494|0,902507|1,029268|0,126761|4,339812|4,554849|-4,581598|
20170121_184543|70631|635|0,000000|1|CarroTeste2|0|circulo_r120_xc320_yc240|415|166|207|38|11,401754|0,000000|0,000000|0,000000|-0,267494|0,902507|1,029268|0,126761|4,339812|4,554849|-4,581598|
20170121_184543|70747|637|0,000000|1|CarroTeste|1|circulo_r120_xc320_yc240|415|166|424|159|11,401754|0,000000|0,000000|0,000000|-0,267494|0,902507|1,029268|0,126761|4,339812|4,554849|-4,581598|
20170121_184543|70753|637|0,000000|1|CarroTeste2|0|circulo_r120_xc320_yc240|415|166|207|38|11,401754|0,000000|0,000000|0,000000|-0,267494|0,902507|1,029268|0,126761|4,339812|4,554849|-4,581598|
20170121_184543|70900|639|0,000000|1|CarroTeste|1|circulo_r120_xc320_yc240|415|166|424|159|11,401754|0,000000|0,000000|0,000000|-0,267494|0,902507|1,029268|0,126761|4,339812|4,554849|-4,581598|
20170121_184543|70907|639|0,000000|1|CarroTeste2|0|circulo_r120_xc320_yc240|415|166|207|38|11,401754|0,000000|0,000000|0,000000|-0,267494|0,902507|1,029268|0,126761|4,339812|4,554849|-4,581598|
20170121_184543|71058|641|0,000000|1|CarroTeste|1|circulo_r120_xc320_yc240|415|166|424|159|11,401754|0,000000|0,000000|0,000000|-0,267494|0,902507|1,029268|0,126761|4,339812|4,554849|-4,581598|
20170121_184543|71068|641|0,000000|1|CarroTeste2|0|circulo_r120_xc320_yc240|415|166|207|38|11,401754|0,000000|0,000000|0,000000|-0,267494|0,902507|1,029268|0,126761|4,339812|4,554849|-4,581598|
20170121_184543|71226|643|0,000000|1|CarroTeste|1|circulo_r120_xc320_yc240|415|166|424|159|11,401754|0,000000|0,000000|0,000000|-0,267494|0,902507|0,801233|-0,101274|-3,467137|-3,662992|3,636243|
20170121_184543|71236|643|0,000000|1|CarroTeste2|0|circulo_r120_xc320_yc240|415|166|207|38|11,401754|0,000000|0,000000|0,000000|-0,267494|0,902507|0,801233|-0,101274|-3,467137|-3,662992|3,636243|
20170121_184543|71417|645|0,000000|1|CarroTeste|1|circulo_r120_xc320_yc240|415|166|424|159|11,401754|0,000000|0,000000|0,000000|-0,267494|0,902507|1,029268|0,126761|4,339736|4,554769|-4,581518|
20170121_184543|71425|645|0,000000|1|CarroTeste2|0|circulo_r120_xc320_yc240|415|166|207|38|11,401754|0,000000|0,000000|0,000000|-0,267494|0,902507|1,029268|0,126761|4,339736|4,554769|-4,581518|
20170121_184544|71601|647|0,000000|1|CarroTeste|1|circulo_r120_xc320_yc240|415|166|424|159|11,401754|0,000000|0,000000|0,000000|-0,267494|0,902507|0,801233|-0,101274|-3,467144|-3,663000|3,636251|
20170121_184544|71607|647|0,000000|1|CarroTeste2|0|circulo_r120_xc320_yc240|415|166|207|38|11,401754|0,000000|0,000000|0,000000|-0,267494|0,902507|0,801233|-0,101274|-3,467144|-3,663000|3,636251|
20170121_184544|71821|649|0,000000|1|CarroTeste|1|circulo_r120_xc320_yc240|415|166|424|159|11,401754|0,000000|0,000000|0,000000|-0,267494|0,902507|0,801233|-0,101274|-3,467213|-3,663073|3,636324|
20170121_184544|71834|649|0,000000|1|CarroTeste2|0|circulo_r120_xc320_yc240|415|166|207|38|11,401754|0,000000|0,000000|0,000000|-0,267494|0,902507|0,801233|-0,101274|-3,467213|-3,663073|3,636324|
20170121_184544|71971|651|0,000000|1|CarroTeste|1|circulo_r120_xc320_yc240|415|166|424|159|11,401754|0,000000|0,000000|0,000000|-0,267494|0,902507|0,801233|-0,101274|-3,467220|-3,663080|3,636331|
20170121_184544|71981|651|0,000000|1|CarroTeste2|0|circulo_r120_xc320_yc240|415|166|207|38|11,401754|0,000000|0,000000|0,000000|-0,267494|0,902507|0,801233|-0,101274|-3,467220|-3,663080|3,636331|
20170121_184544|72164|653|0,000000|1|CarroTeste|1|circulo_r120_xc320_yc240|415|166|424|159|11,401754|0,000000|0,000000|0,000000|-0,267494|0,902507|0,801233|-0,101274|-3,467221|-3,663081|3,636332|
20170121_184544|72172|653|0,000000|1|CarroTeste2|0|circulo_r120_xc320_yc240|415|166|207|38|11,401754|0,000000|0,000000|0,000000|-0,267494|0,902507|0,801233|-0,101274|-3,467221|-3,663081|3,636332|
20170121_184544|72358|655|0,000000|1|CarroTeste|1|circulo_r120_xc320_yc240|415|166|424|159|11,401754|0,000000|0,000000|0,000000|-0,267494|0,902507|0,801233|-0,101274|-3,467221|-3,663081|3,636332|
20170121_184544|72369|655|0,000000|1|CarroTeste2|0|circulo_r120_xc320_yc240|415|166|207|38|11,401754|0,000000|0,000000|0,000000|-0,267494|0,902507|0,801233|-0,101274|-3,467221|-3,663081|3,636332|
20170121_184544|72534|657|0,000000|1|CarroTeste|1|circulo_r120_xc320_yc240|415|166|424|159|11,401754|0,000000|0,000000|0,000000|-0,267494|0,902507|1,029268|0,126761|4,339728|4,554760|-4,581509|
20170121_184544|72540|657|0,000000|1|CarroTeste2|0|circulo_r120_xc320_yc240|415|166|207|38|11,401754|0,000000|0,000000|0,000000|-0,267494|0,902507|1,029268|0,126761|4,339728|4,554760|-4,581509|
20170121_184545|72667|659|0,000000|1|CarroTeste|1|circulo_r120_xc320_yc240|415|166|424|159|11,401754|0,000000|0,000000|0,000000|-0,267494|0,902507|0,801233|-0,101274|-3,467145|-3,663001|3,636252|
20170121_184545|72675|659|0,000000|1|CarroTeste2|0|circulo_r120_xc320_yc240|415|166|207|38|11,401754|0,000000|0,000000|0,000000|-0,267494|0,902507|0,801233|-0,101274|-3,467145|-3,663001|3,636252|
20170121_184545|72754|661|0,000000|1|CarroTeste|1|circulo_r120_xc320_yc240|415|166|424|159|11,401754|0,000000|0,000000|0,000000|-0,267494|0,902507|1,029268|0,126761|4,339735|4,554768|-4,581517|
20170121_184545|72768|661|0,000000|1|CarroTeste2|1|circulo_r120_xc320_yc240|217|176|99|104|138,231690|54,911123|50,000000|-4,911123|-35348,264855|-1,614247|0,364441|1,978688|0,000000|-255,000000|-255,000000|
20170121_184545|72852|663|0,000000|1|CarroTeste|1|circulo_r120_xc320_yc240|415|166|424|159|11,401754|0,000000|0,000000|0,000000|-0,267494|0,902507|1,029268|0,126761|4,339804|4,554841|-4,581590|
20170121_184545|72862|663|0,000000|1|CarroTeste2|1|circulo_r120_xc320_yc240|217|176|99|104|138,231690|0,000000|50,000000|50,000000|359879,648682|-1,700499|0,364441|2,064940|0,000000|255,000000|255,000000|
20170121_184545|72957|665|0,000000|1|CarroTeste|1|circulo_r120_xc320_yc240|415|166|424|159|11,401754|0,000000|0,000000|0,000000|-0,267494|0,902507|1,029268|0,126761|4,339811|4,554848|-4,581597|
20170121_184545|72967|665|0,000000|1|CarroTeste2|1|circulo_r120_xc320_yc240|217|176|99|104|138,231690|0,000000|50,000000|50,000000|359879,648682|-1,700499|0,364441|2,064940|0,000000|255,000000|255,000000|
20170121_184545|73103|667|0,000000|1|CarroTeste|1|circulo_r120_xc320_yc240|415|166|424|159|11,401754|0,000000|0,000000|0,000000|-0,267494|0,902507|0,801233|-0,101274|-3,467137|-3,662992|3,636243|
20170121_184545|73111|667|0,000000|1|CarroTeste2|1|circulo_r120_xc320_yc240|217|176|99|105|137,713471|6,802721|50,000000|43,197279|310916,431186|-1,700499|0,359259|2,059757|0,000000|255,000000|255,000000|
20170121_184545|73205|669|0,000000|1|CarroTeste|1|circulo_r120_xc320_yc240|415|166|424|159|11,401754|0,000000|0,000000|0,000000|-0,267494|0,902507|0,801233|-0,101274|-3,467213|-3,663072|3,636323|
20170121_184545|73215|669|0,000000|1|CarroTeste2|1|circulo_r120_xc320_yc240|217|176|99|105|137,713471|0,000000|50,000000|50,000000|359879,648682|-1,700499|0,359259|2,059757|0,000000|255,000000|255,000000|
20170121_184545|73301|671|0,000000|1|CarroTeste|1|circulo_r120_xc320_yc240|415|166|424|159|11,401754|0,000000|0,000000|0,000000|-0,267494|0,902507|1,029268|0,126761|4,339729|4,554761|-4,581510|
20170121_184545|73309|671|0,000000|1|CarroTeste2|1|circulo_r120_xc320_yc240|221|170|108|86|140,801278|218,997875|50,000000|-168,997875|-1216377,921083|3,248328|0,450874|-2,797454|-0,000000|-255,000000|-255,000000|
20170121_184545|73465|673|0,000000|1|CarroTeste|1|circulo_r120_xc320_yc240|415|166|424|159|11,401754|0,000000|0,000000|0,000000|-0,267494|0,902507|0,801233|-0,101274|-3,467145|-3,663001|3,636252|
20170121_184545|73471|673|0,000000|1|CarroTeste2|0|circulo_r120_xc320_yc240|415|166|108|86|11,401754|0,000000|0,000000|0,000000|-0,267494|0,902507|0,801233|-0,101274|-3,467145|-3,663001|3,636252|
20170121_184546|73622|675|0,000000|1|CarroTeste|1|circulo_r120_xc320_yc240|415|166|424|159|11,401754|0,000000|0,000000|0,000000|-0,267494|0,902507|1,029268|0,126761|4,339735|4,554768|-4,581517|
20170121_184546|73633|675|0,000000|1|CarroTeste2|0|circulo_r120_xc320_yc240|415|166|108|86|11,401754|0,000000|0,000000|0,000000|-0,267494|0,902507|1,029268|0,126761|4,339735|4,554768|-4,581517|
20170121_184546|73726|677|0,000000|1|CarroTeste|1|circulo_r120_xc320_yc240|415|166|424|159|11,401754|0,000000|0,000000|0,000000|-0,267494|0,902507|0,801233|-0,101274|-3,467144|-3,663000|3,636251|
20170121_184546|73734|677|0,000000|1|CarroTeste2|0|circulo_r120_xc320_yc240|415|166|108|86|11,401754|0,000000|0,000000|0,000000|-0,267494|0,902507|0,801233|-0,101274|-3,467144|-3,663000|3,636251|
20170121_184546|73879|679|0,000000|1|CarroTeste|1|circulo_r120_xc320_yc240|415|166|424|159|11,401754|0,000000|0,000000|0,000000|-0,267494|0,902507|1,029268|0,126761|4,339735|4,554768|-4,581517|
20170121_184546|73885|679|0,000000|1|CarroTeste2|0|circulo_r120_xc320_yc240|415|166|108|86|11,401754|0,000000|0,000000|0,000000|-0,267494|0,902507|1,029268|0,126761|4,339735|4,554768|-4,581517|
20170121_184546|73980|681|0,000000|1|CarroTeste|1|circulo_r120_xc320_yc240|415|166|424|159|11,401754|0,000000|0,000000|0,000000|-0,267494|0,902507|0,801233|-0,101274|-3,467144|-3,663000|3,636251|
20170121_184546|73986|681|0,000000|1|CarroTeste2|0|circulo_r120_xc320_yc240|415|166|108|86|11,401754|0,000000|0,000000|0,000000|-0,267494|0,902507|0,801233|-0,101274|-3,467144|-3,663000|3,636251|
20170121_184546|74086|683|0,000000|1|CarroTeste|1|circulo_r120_xc320_yc240|415|166|424|159|11,401754|0,000000|0,000000|0,000000|-0,267494|0,902507|1,029268|0,126761|4,339735|4,554768|-4,581517|
20170121_184546|74096|683|0,000000|1|CarroTeste2|0|circulo_r120_xc320_yc240|415|166|108|86|11,401754|0,000000|0,000000|0,000000|-0,267494|0,902507|1,029268|0,126761|4,339735|4,554768|-4,581517|
20170121_184546|74204|685|0,000000|1|CarroTeste|1|circulo_r120_xc320_yc240|415|166|424|159|11,401754|0,000000|0,000000|0,000000|-0,267494|0,902507|1,029268|0,126761|4,339804|4,554841|-4,581590|
20170121_184546|74213|685|0,000000|1|CarroTeste2|0|circulo_r120_xc320_yc240|415|166|108|86|11,401754|0,000000|0,000000|0,000000|-0,267494|0,902507|1,029268|0,126761|4,339804|4,554841|-4,581590|
20170121_184546|74342|687|0,000000|1|CarroTeste|1|circulo_r120_xc320_yc240|415|166|424|159|11,401754|0,000000|0,000000|0,000000|-0,267494|0,902507|0,801233|-0,101274|-3,467137|-3,662993|3,636244|
20170121_184546|74349|687|0,000000|1|CarroTeste2|1|circulo_r120_xc320_yc240|217|176|100|104|137,379038|18,921917|50,000000|31,078083|223687,391808|-1,735945|0,355914|2,091859|0,000000|255,000000|255,000000|
20170121_184546|74502|689|0,000000|1|CarroTeste|1|circulo_r120_xc320_yc240|415|166|424|159|11,401754|0,000000|0,000000|0,000000|-0,267494|0,902507|1,029268|0,126761|4,339736|4,554769|-4,581518|
20170121_184546|74510|689|0,000000|1|CarroTeste2|1|circulo_r120_xc320_yc240|217|176|99|104|138,231690|6,250000|50,000000|43,750000|314894,692627|-1,700499|0,364441|2,064940|0,000000|255,000000|255,000000|
20170121_184547|74696|691|0,000000|1|CarroTeste|1|circulo_r120_xc320_yc240|415|166|424|159|11,401754|0,000000|0,000000|0,000000|-0,267494|0,902507|0,801233|-0,101274|-3,467144|-3,663000|3,636251|
20170121_184547|74703|691|0,000000|1|CarroTeste2|1|circulo_r120_xc320_yc240|217|176|99|104|138,231690|0,000000|50,000000|50,000000|359879,648682|-1,700499|0,364441|2,064940|0,000000|255,000000|255,000000|
20170121_184547|74912|693|0,000000|1|CarroTeste|1|circulo_r120_xc320_yc240|415|166|424|159|11,401754|0,000000|0,000000|0,000000|-0,267494|0,902507|0,801233|-0,101274|-3,467213|-3,663073|3,636324|
20170121_184547|74917|693|0,000000|1|CarroTeste2|1|circulo_r120_xc320_yc240|217|176|99|104|138,231690|0,000000|50,000000|50,000000|359879,648682|-1,700499|0,364441|2,064940|0,000000|255,000000|255,000000|
20170121_184547|75136|695|0,000000|1|CarroTeste|1|circulo_r120_xc320_yc240|415|166|424|159|11,401754|0,000000|0,000000|0,000000|-0,267494|0,902507|1,029268|0,126761|4,339728|4,554761|-4,581510|
20170121_184547|75142|695|0,000000|1|CarroTeste2|1|circulo_r120_xc320_yc240|217|176|99|104|138,231690|0,000000|50,000000|50,000000|359879,648682|-1,700499|0,364441|2,064940|0,000000|255,000000|255,000000|
20170121_184547|75316|697|0,000000|1|CarroTeste|1|circulo_r120_xc320_yc240|415|166|424|159|11,401754|0,000000|0,000000|0,000000|-0,267494|0,902507|1,029268|0,126761|4,339804|4,554840|-4,581589|
20170121_184547|75322|697|0,000000|1|CarroTeste2|1|circulo_r120_xc320_yc240|217|176|100|104|137,379038|5,555556|50,000000|44,444444|319893,021050|-1,735945|0,355914|2,091859|0,000000|255,000000|255,000000|
20170121_184547|75521|699|0,000000|1|CarroTeste|1|circulo_r120_xc320_yc240|415|166|424|159|11,401754|0,000000|0,000000|0,000000|-0,267494|0,902507|0,801233|-0,101274|-3,467137|-3,662993|3,636244|
20170121_184547|75531|699|0,000000|1|CarroTeste2|1|circulo_r120_xc320_yc240|217|176|99|104|138,231690|4,878049|50,000000|45,121951|324769,438992|-1,750650|0,364441|2,115091|0,000000|255,000000|255,000000|
20170121_184548|75694|701|0,000000|1|CarroTeste|1|circulo_r120_xc320_yc240|415|166|424|159|11,401754|0,000000|0,000000|0,000000|-0,267494|0,902507|0,801233|-0,101274|-3,467213|-3,663072|3,636323|
20170121_184548|75700|701|0,000000|1|CarroTeste2|1|circulo_r120_xc320_yc240|217|176|99|104|138,231690|0,000000|50,000000|50,000000|359879,648682|-1,750650|0,364441|2,115091|0,000000|255,000000|255,000000|
20170121_184548|75885|703|0,000000|1|CarroTeste|1|circulo_r120_xc320_yc240|415|166|424|159|11,401754|0,000000|0,000000|0,000000|-0,267494|0,902507|0,801233|-0,101274|-3,467220|-3,663080|3,636331|
20170121_184548|75891|703|0,000000|1|CarroTeste2|1|circulo_r120_xc320_yc240|217|176|99|105|137,713471|5,235602|50,000000|44,764398|322195,915845|-1,700499|0,359259|2,059757|0,000000|255,000000|255,000000|
20170121_184548|76084|705|0,000000|1|CarroTeste|1|circulo_r120_xc320_yc240|415|166|424|159|11,401754|0,000000|0,000000|0,000000|-0,267494|0,902507|1,029268|0,126761|4,339728|4,554760|-4,581509|
20170121_184548|76090|705|0,000000|1|CarroTeste2|1|circulo_r120_xc320_yc240|217|176|100|104|137,379038|7,106601|50,000000|42,893399|308729,228611|-1,735945|0,355914|2,091859|0,000000|255,000000|255,000000|
20170121_184548|76297|707|0,000000|1|CarroTeste|1|circulo_r120_xc320_yc240|415|166|424|159|11,401754|0,000000|0,000000|0,000000|-0,267494|0,902507|1,029268|0,126761|4,339804|4,554840|-4,581589|
20170121_184548|76305|707|0,000000|1|CarroTeste2|1|circulo_r120_xc320_yc240|217|176|100|104|137,379038|0,000000|50,000000|50,000000|359879,648682|-1,735945|0,355914|2,091859|0,000000|255,000000|255,000000|
20170121_184548|76507|709|0,000000|1|CarroTeste|1|circulo_r120_xc320_yc240|415|166|424|159|11,401754|0,000000|0,000000|0,000000|-0,267494|0,902507|1,029268|0,126761|4,339811|4,554848|-4,581597|
20170121_184548|76517|709|0,000000|1|CarroTeste2|1|circulo_r120_xc320_yc240|217|176|100|104|137,379038|0,000000|50,000000|50,000000|359879,648682|-1,735945|0,355914|2,091859|0,000000|255,000000|255,000000|
20170121_184549|76694|711|0,000000|1|CarroTeste|1|circulo_r120_xc320_yc240|415|166|424|159|11,401754|0,000000|0,000000|0,000000|-0,267494|0,902507|1,029268|0,126761|4,339812|4,554849|-4,581598|
20170121_184549|76702|711|0,000000|1|CarroTeste2|1|circulo_r120_xc320_yc240|217|176|100|104|137,379038|0,000000|50,000000|50,000000|359879,648682|-1,735945|0,355914|2,091859|0,000000|255,000000|255,000000|
20170121_184549|76866|713|0,000000|1|CarroTeste|1|circulo_r120_xc320_yc240|415|166|424|159|11,401754|0,000000|0,000000|0,000000|-0,267494|0,902507|0,801233|-0,101274|-3,467137|-3,662992|3,636243|
20170121_184549|76872|713|0,000000|1|CarroTeste2|1|circulo_r120_xc320_yc240|217|176|99|104|138,231690|5,813953|50,000000|44,186047|318033,177956|-1,700499|0,364441|2,064940|0,000000|255,000000|255,000000|
20170121_184549|77079|715|0,000000|1|CarroTeste|1|circulo_r120_xc320_yc240|415|166|424|159|11,401754|0,000000|0,000000|0,000000|-0,267494|0,902507|0,801233|-0,101274|-3,467213|-3,663072|3,636323|
20170121_184549|77087|715|0,000000|1|CarroTeste2|1|circulo_r120_xc320_yc240|217|176|99|104|138,231690|0,000000|50,000000|50,000000|359879,648682|-1,700499|0,364441|2,064940|0,000000|255,000000|255,000000|
20170121_184549|77287|717|0,000000|1|CarroTeste|1|circulo_r120_xc320_yc240|415|166|424|159|11,401754|0,000000|0,000000|0,000000|-0,267494|0,902507|0,801233|-0,101274|-3,467220|-3,663080|3,636331|
20170121_184549|77301|717|0,000000|1|CarroTeste2|1|circulo_r120_xc320_yc240|217|176|100|105|136,857590|6,799104|50,000000|43,200896|310942,467938|-1,735945|0,350700|2,086645|0,000000|255,000000|255,000000|
20170121_184549|77499|719|0,000000|1|CarroTeste|1|circulo_r120_xc320_yc240|415|166|424|159|11,401754|0,000000|0,000000|0,000000|-0,267494|0,902507|1,029268|0,126761|4,339728|4,554760|-4,581509|
20170121_184549|77512|719|0,000000|1|CarroTeste2|1|circulo_r120_xc320_yc240|217|176|99|104|138,231690|6,670819|50,000000|43,329181|311865,811100|-1,700499|0,364441|2,064940|0,000000|255,000000|255,000000|
20170121_184550|77717|721|0,000000|1|CarroTeste|1|circulo_r120_xc320_yc240|415|166|424|159|11,401754|0,000000|0,000000|0,000000|-0,267494|0,902507|0,801233|-0,101274|-3,467145|-3,663001|3,636252|
20170121_184550|77729|721|0,000000|1|CarroTeste2|1|circulo_r120_xc320_yc240|217|176|99|105|137,713471|4,566210|50,000000|45,433790|327013,927341|-1,700499|0,359259|2,059757|0,000000|255,000000|255,000000|
20170121_184550|77883|723|0,000000|1|CarroTeste|1|circulo_r120_xc320_yc240|415|166|424|159|11,401754|0,000000|0,000000|0,000000|-0,267494|0,902507|1,029268|0,126761|4,339735|4,554768|-4,581517|
20170121_184550|77896|723|0,000000|1|CarroTeste2|1|circulo_r120_xc320_yc240|217|176|99|104|138,231690|6,060606|50,000000|43,939394|316257,873073|-1,700499|0,364441|2,064940|0,000000|255,000000|255,000000|
20170121_184550|78062|725|0,000000|1|CarroTeste|1|circulo_r120_xc320_yc240|415|166|424|159|11,401754|0,000000|0,000000|0,000000|-0,267494|0,902507|0,801233|-0,101274|-3,467144|-3,663000|3,636251|
20170121_184550|78072|725|0,000000|1|CarroTeste2|1|circulo_r120_xc320_yc240|217|176|99|104|138,231690|0,000000|50,000000|50,000000|359879,648682|-1,750650|0,364441|2,115091|0,000000|255,000000|255,000000|
20170121_184550|78276|727|0,000000|1|CarroTeste|1|circulo_r120_xc320_yc240|415|166|424|159|11,401754|0,000000|0,000000|0,000000|-0,267494|0,902507|0,801233|-0,101274|-3,467213|-3,663073|3,636324|
20170121_184550|78285|727|0,000000|1|CarroTeste2|1|circulo_r120_xc320_yc240|217|176|100|104|137,379038|4,672897|50,000000|45,327103|326246,036652|-1,735945|0,355914|2,091859|0,000000|255,000000|255,000000|
20170121_184550|78482|729|0,000000|1|CarroTeste|1|circulo_r120_xc320_yc240|415|166|424|159|11,401754|0,000000|0,000000|0,000000|-0,267494|0,902507|0,801233|-0,101274|-3,467220|-3,663080|3,636331|
20170121_184550|78495|729|0,000000|1|CarroTeste2|1|circulo_r120_xc320_yc240|217|176|99|104|138,231690|4,854369|50,000000|45,145631|324939,877049|-1,700499|0,364441|2,064940|0,000000|255,000000|255,000000|
20170121_184551|78708|731|0,000000|1|CarroTeste|1|circulo_r120_xc320_yc240|415|166|424|159|11,401754|0,000000|0,000000|0,000000|-0,267494|0,902507|1,029268|0,126761|4,339728|4,554760|-4,581509|
20170121_184551|78715|731|0,000000|1|CarroTeste2|1|circulo_r120_xc320_yc240|217|176|99|104|138,231690|0,000000|50,000000|50,000000|359879,648682|-1,700499|0,364441|2,064940|0,000000|255,000000|255,000000|
20170121_184551|78870|733|0,000000|1|CarroTeste|1|circulo_r120_xc320_yc240|415|166|424|159|11,401754|0,000000|0,000000|0,000000|-0,267494|0,902507|0,801233|-0,101274|-3,467145|-3,663001|3,636252|
20170121_184551|78883|733|0,000000|1|CarroTeste2|1|circulo_r120_xc320_yc240|217|176|100|104|137,379038|6,172840|50,000000|43,827160|315450,062506|-1,735945|0,355914|2,091859|0,000000|255,000000|255,000000|
20170121_184551|79106|735|0,000000|1|CarroTeste|1|circulo_r120_xc320_yc240|415|166|424|159|11,401754|0,000000|0,000000|0,000000|-0,267494|0,902507|1,029268|0,126761|4,339735|4,554768|-4,581517|
20170121_184551|79116|735|0,000000|1|CarroTeste2|1|circulo_r120_xc320_yc240|217|176|100|104|137,379038|0,000000|50,000000|50,000000|359879,648682|-1,784857|0,355914|2,140771|0,000000|255,000000|255,000000|
20170121_184551|79326|737|0,000000|1|CarroTeste|1|circulo_r120_xc320_yc240|415|166|424|159|11,401754|0,000000|0,000000|0,000000|-0,267494|0,902507|1,029268|0,126761|4,339804|4,554841|-4,581590|
20170121_184551|79334|737|0,000000|1|CarroTeste2|1|circulo_r120_xc320_yc240|217|176|99|104|138,231690|4,545455|50,000000|45,454545|327163,317006|-1,700499|0,364441|2,064940|0,000000|255,000000|255,000000|
20170121_184551|79532|739|0,000000|1|CarroTeste|1|circulo_r120_xc320_yc240|415|166|424|159|11,401754|0,000000|0,000000|0,000000|-0,267494|0,902507|0,801233|-0,101274|-3,467137|-3,662993|3,636244|
20170121_184551|79542|739|0,000000|1|CarroTeste2|1|circulo_r120_xc320_yc240|217|176|99|104|138,231690|0,000000|50,000000|50,000000|359879,648682|-1,750650|0,364441|2,115091|0,000000|255,000000|255,000000|
20170121_184552|79656|741|0,000000|1|CarroTeste|1|circulo_r120_xc320_yc240|415|166|424|159|11,401754|0,000000|0,000000|0,000000|-0,267494|0,902507|0,801233|-0,101274|-3,467213|-3,663072|3,636323|
20170121_184552|79667|741|0,000000|1|CarroTeste2|1|circulo_r120_xc320_yc240|217|176|99|104|138,231690|0,000000|50,000000|50,000000|359879,648682|-1,700499|0,364441|2,064940|0,000000|255,000000|255,000000|
20170121_184552|79879|743|0,000000|1|CarroTeste|1|circulo_r120_xc320_yc240|415|166|424|159|11,401754|0,000000|0,000000|0,000000|-0,267494|0,902507|0,801233|-0,101274|-3,467220|-3,663080|3,636331|
20170121_184552|79887|743|0,000000|1|CarroTeste2|1|circulo_r120_xc320_yc240|217|176|99|104|138,231690|0,000000|50,000000|50,000000|359879,648682|-1,750650|0,364441|2,115091|0,000000|255,000000|255,000000|
20170121_184552|80084|745|0,000000|1|CarroTeste|1|circulo_r120_xc320_yc240|415|166|424|159|11,401754|0,000000|0,000000|0,000000|-0,267494|0,902507|0,801233|-0,101274|-3,467221|-3,663081|3,636332|
20170121_184552|80128|745|0,000000|1|CarroTeste2|1|circulo_r120_xc320_yc240|217|176|99|104|138,231690|0,000000|50,000000|50,000000|359879,648682|-1,653938|0,364441|2,018378|0,000000|255,000000|255,000000|
20170121_184552|80354|747|0,000000|1|CarroTeste|1|circulo_r120_xc320_yc240|415|166|424|159|11,401754|0,000000|0,000000|0,000000|-0,267494|0,902507|0,801233|-0,101274|-3,467221|-3,663081|3,636332|
20170121_184552|80367|747|0,000000|1|CarroTeste2|1|circulo_r120_xc320_yc240|217|176|100|104|137,379038|3,703704|50,000000|46,296296|333221,897050|-1,784857|0,355914|2,140771|0,000000|255,000000|255,000000|
20170121_184552|80560|749|0,000000|1|CarroTeste|1|circulo_r120_xc320_yc240|415|166|424|159|11,401754|0,000000|0,000000|0,000000|-0,267494|0,902507|1,029268|0,126761|4,339728|4,554760|-4,581509|
20170121_184552|80569|749|0,000000|1|CarroTeste2|1|circulo_r120_xc320_yc240|217|176|99|104|138,231690|4,854369|50,000000|45,145631|324939,877049|-1,700499|0,364441|2,064940|0,000000|255,000000|255,000000|
20170121_184553|80754|751|0,000000|1|CarroTeste|1|circulo_r120_xc320_yc240|415|166|424|159|11,401754|0,000000|0,000000|0,000000|-0,267494|0,902507|0,801233|-0,101274|-3,467145|-3,663001|3,636252|
20170121_184553|80764|751|0,000000|1|CarroTeste2|1|circulo_r120_xc320_yc240|217|176|99|104|138,231690|0,000000|50,000000|50,000000|359879,648682|-1,750650|0,364441|2,115091|0,000000|255,000000|255,000000|
20170121_184553|80942|753|0,000000|1|CarroTeste|1|circulo_r120_xc320_yc240|415|166|424|159|11,401754|0,000000|0,000000|0,000000|-0,267494|0,902507|0,801233|-0,101274|-3,467213|-3,663073|3,636324|
20170121_184553|80953|753|0,000000|1|CarroTeste2|1|circulo_r120_xc320_yc240|217|176|99|104|138,231690|0,000000|50,000000|50,000000|359879,648682|-1,700499|0,364441|2,064940|0,000000|255,000000|255,000000|
20170121_184553|81116|755|0,000000|1|CarroTeste|1|circulo_r120_xc320_yc240|415|166|424|159|11,401754|0,000000|0,000000|0,000000|-0,267494|0,902507|1,029268|0,126761|4,339728|4,554761|-4,581510|
20170121_184553|81130|755|0,000000|1|CarroTeste2|1|circulo_r120_xc320_yc240|217|176|100|104|137,379038|5,747126|50,000000|44,252874|318514,171885|-1,735945|0,355914|2,091859|0,000000|255,000000|255,000000|
20170121_184553|81352|757|0,000000|1|CarroTeste|1|circulo_r120_xc320_yc240|415|166|424|159|11,401754|0,000000|0,000000|0,000000|-0,267494|0,902507|1,029268|0,126761|4,339804|4,554840|-4,581589|
20170121_184553|81364|757|0,000000|1|CarroTeste2|1|circulo_r120_xc320_yc240|217|176|99|104|138,231690|4,237288|50,000000|45,762712|329381,373405|-1,750650|0,364441|2,115091|0,000000|255,000000|255,000000|
20170121_184553|81552|759|0,000000|1|CarroTeste|1|circulo_r120_xc320_yc240|415|166|424|159|11,401754|0,000000|0,000000|0,000000|-0,267494|0,902507|0,801233|-0,101274|-3,467137|-3,662993|3,636244|
20170121_184553|81563|759|0,000000|1|CarroTeste2|1|circulo_r120_xc320_yc240|217|176|99|104|138,231690|0,000000|50,000000|50,000000|359879,648682|-1,700499|0,364441|2,064940|0,000000|255,000000|255,000000|
