TimeStamp|Ticks|FrameNum|FPS|LogaDados|Robo|achou|trajetoria|Xd|Yd|Xa|Ya|DistMelhorPonto|velAtual|velDesejada|erroVel|SaidaControleLinear|angAtual|angDesejado|erroAng|SaidaControleAngular|SinalDeControle1|SinalDeControle2|
20170121_151639|26551|1|0,000001|0||0||0|0|0|0||||||||||||
20170121_151639|26797|2|4,048583|0||0||0|0|0|0||||||||||||
20170121_151640|26893|3|10,416667|0||0||0|0|0|0||||||||||||
20170121_151640|26987|4|10,752688|0||0||0|0|0|0||||||||||||
20170121_151640|27048|5|15,873016|0||0||0|0|0|0||||||||||||
20170121_151640|27126|6|13,333333|0||0||0|0|0|0||||||||||||
20170121_151640|27220|7|10,416667|0||0||0|0|0|0||||||||||||
20170121_151640|27312|8|10,869565|0||0||0|0|0|0||||||||||||
20170121_151640|27408|9|10,526316|0||0||0|0|0|0||||||||||||
20170121_151640|27500|10|10,752688|0||0||0|0|0|0||||||||||||
20170121_151640|27595|11|10,526316|0||0||0|0|0|0||||||||||||
20170121_151640|27689|12|10,526316|0||0||0|0|0|0||||||||||||
20170121_151640|27785|13|10,752688|0||0||0|0|0|0||||||||||||
20170121_151640|27872|14|10,989011|0||0||0|0|0|0||||||||||||
20170121_151641|27968|15|10,416667|0||0||0|0|0|0||||||||||||
20170121_151641|28060|16|10,869565|0||0||0|0|0|0||||||||||||
20170121_151641|28165|17|10,638298|0||0||0|0|0|0||||||||||||
20170121_151641|28249|18|10,526316|0||0||0|0|0|0||||||||||||
20170121_151641|28344|19|10,869565|0||0||0|0|0|0||||||||||||
20170121_151641|28437|20|10,526316|0||0||0|0|0|0||||||||||||
20170121_151641|28536|21|10,638298|0||0||0|0|0|0||||||||||||
20170121_151641|28624|22|10,752688|0||0||0|0|0|0||||||||||||
20170121_151641|28720|23|10,526316|0||0||0|0|0|0||||||||||||
20170121_151641|28812|24|10,869565|0||0||0|0|0|0||||||||||||
20170121_151642|28908|25|10,416667|0||0||0|0|0|0||||||||||||
20170121_151642|28968|26|16,393443|0||0||0|0|0|0||||||||||||
20170121_151642|29048|27|12,820513|0||0||0|0|0|0||||||||||||
20170121_151642|29141|28|10,526316|0||0||0|0|0|0||||||||||||
20170121_151642|29233|29|10,869565|0||0||0|0|0|0||||||||||||
20170121_151642|29327|30|10,638298|0||0||0|0|0|0||||||||||||
20170121_151642|29420|31|10,638298|0||0||0|0|0|0||||||||||||
20170121_151642|29518|32|10,526316|0||0||0|0|0|0||||||||||||
20170121_151642|29619|33|10,638298|0||0||0|0|0|0||||||||||||
20170121_151642|29705|34|10,526316|0||0||0|0|0|0||||||||||||
20170121_151642|29794|35|11,111111|0||0||0|0|0|0||||||||||||
20170121_151643|29937|36|7,042254|0||0||0|0|0|0||||||||||||
20170121_151643|30009|37|14,705882|0||0||0|0|0|0||||||||||||
20170121_151643|30132|38|8,000000|0||0||0|0|0|0||||||||||||
20170121_151643|30223|39|11,111111|0||0||0|0|0|0||||||||||||
20170121_151643|30312|40|10,752688|0||0||0|0|0|0||||||||||||
20170121_151643|30405|41|10,752688|0||0||0|0|0|0||||||||||||
20170121_151643|30501|42|10,526316|0||0||0|0|0|0||||||||||||
20170121_151643|30595|43|10,638298|0||0||0|0|0|0||||||||||||
20170121_151643|30664|44|14,285714|0||0||0|0|0|0||||||||||||
20170121_151643|30741|45|13,157895|0||0||0|0|0|0||||||||||||
20170121_151643|30825|46|11,627907|0||0||0|0|0|0||||||||||||
20170121_151644|30920|47|10,638298|0||0||0|0|0|0||||||||||||
20170121_151644|31016|48|10,416667|0||0||0|0|0|0||||||||||||
20170121_151644|31108|49|10,869565|0||0||0|0|0|0||||||||||||
20170121_151644|31201|50|10,638298|0||0||0|0|0|0||||||||||||
20170121_151644|31294|51|10,638298|0||0||0|0|0|0||||||||||||
20170121_151644|31389|52|10,638298|0||0||0|0|0|0||||||||||||
20170121_151644|31486|53|10,638298|0||0||0|0|0|0||||||||||||
20170121_151644|31578|54|10,869565|0||0||0|0|0|0||||||||||||
20170121_151644|31676|55|10,416667|0||0||0|0|0|0||||||||||||
20170121_151644|31773|56|10,752688|0||0||0|0|0|0||||||||||||
20170121_151644|31862|57|10,638298|0||0||0|0|0|0||||||||||||
20170121_151645|31954|58|10,752688|0||0||0|0|0|0||||||||||||
20170121_151645|32050|59|10,638298|0||0||0|0|0|0||||||||||||
20170121_151645|32141|60|10,869565|0||0||0|0|0|0||||||||||||
20170121_151645|32237|61|10,416667|0||0||0|0|0|0||||||||||||
20170121_151645|32332|62|10,752688|0||0||0|0|0|0||||||||||||
20170121_151645|32423|63|10,752688|0||0||0|0|0|0||||||||||||
20170121_151645|32519|64|10,526316|0||0||0|0|0|0||||||||||||
20170121_151645|32612|65|10,638298|0||0||0|0|0|0||||||||||||
20170121_151645|32703|66|10,869565|0||0||0|0|0|0||||||||||||
20170121_151645|32798|67|10,526316|0||0||0|0|0|0||||||||||||
20170121_151646|32892|68|10,752688|0||0||0|0|0|0||||||||||||
20170121_151646|32987|69|10,526316|0||0||0|0|0|0||||||||||||
20170121_151646|33078|70|10,869565|0||0||0|0|0|0||||||||||||
20170121_151646|33173|71|10,752688|0||0||0|0|0|0||||||||||||
20170121_151646|33266|72|10,526316|0||0||0|0|0|0||||||||||||
20170121_151646|33361|73|10,638298|0||0||0|0|0|0||||||||||||
20170121_151646|33453|74|10,752688|0||0||0|0|0|0||||||||||||
20170121_151646|33547|75|10,638298|0||0||0|0|0|0||||||||||||
20170121_151646|33646|76|10,638298|0||0||0|0|0|0||||||||||||
20170121_151646|33737|77|10,526316|0||0||0|0|0|0||||||||||||
20170121_151646|33828|78|10,989011|0||0||0|0|0|0||||||||||||
20170121_151647|33923|79|10,416667|0||0||0|0|0|0||||||||||||
20170121_151647|34016|80|10,752688|0||0||0|0|0|0||||||||||||
20170121_151647|34111|81|10,638298|0||0||0|0|0|0||||||||||||
20170121_151647|34204|82|10,752688|0||0||0|0|0|0||||||||||||
20170121_151647|34298|83|10,638298|0||0||0|0|0|0||||||||||||
20170121_151647|34392|84|10,526316|0||0||0|0|0|0||||||||||||
20170121_151647|34485|85|10,869565|0||0||0|0|0|0||||||||||||
20170121_151647|34580|86|10,526316|0||0||0|0|0|0||||||||||||
20170121_151647|34677|87|10,638298|0||0||0|0|0|0||||||||||||
20170121_151647|34770|88|10,526316|0||0||0|0|0|0||||||||||||
20170121_151647|34862|89|10,638298|0||0||0|0|0|0||||||||||||
20170121_151648|34960|90|10,869565|0||0||0|0|0|0||||||||||||
20170121_151648|35049|91|10,638298|0||0||0|0|0|0||||||||||||
20170121_151648|35142|92|10,752688|0||0||0|0|0|0||||||||||||
20170121_151648|35239|93|10,526316|0||0||0|0|0|0||||||||||||
20170121_151648|35329|94|10,869565|0||0||0|0|0|0||||||||||||
20170121_151648|35424|95|10,526316|0||0||0|0|0|0||||||||||||
20170121_151648|35517|96|10,638298|0||0||0|0|0|0||||||||||||
20170121_151648|35613|97|10,526316|0||0||0|0|0|0||||||||||||
20170121_151648|35704|98|10,989011|0||0||0|0|0|0||||||||||||
20170121_151648|35798|99|10,526316|0||0||0|0|0|0||||||||||||
20170121_151648|35890|100|10,752688|0||0||0|0|0|0||||||||||||
20170121_151649|35989|101|10,638298|0||0||0|0|0|0||||||||||||
20170121_151649|36080|102|10,638298|0||0||0|0|0|0||||||||||||
20170121_151649|36181|103|10,638298|0||0||0|0|0|0||||||||||||
20170121_151649|36269|104|10,638298|0||0||0|0|0|0||||||||||||
20170121_151649|36361|105|10,638298|0||0||0|0|0|0||||||||||||
20170121_151649|36568|106|5,025126|0||0||0|0|0|0||||||||||||
20170121_151649|36654|107|11,235955|0||0||0|0|0|0||||||||||||
20170121_151649|36692|108|24,390244|0||0||0|0|0|0||||||||||||
20170121_151649|36796|109|9,900990|0||0||0|0|0|0||||||||||||
20170121_151649|36873|110|13,333333|0||0||0|0|0|0||||||||||||
20170121_151650|36945|111|13,157895|0||0||0|0|0|0||||||||||||
20170121_151650|37025|112|12,195122|0||0||0|0|0|0||||||||||||
20170121_151650|37108|113|12,500000|0||0||0|0|0|0||||||||||||
20170121_151650|37177|114|14,925373|0||0||0|0|0|0||||||||||||
20170121_151650|37252|115|12,500000|0||0||0|0|0|0||||||||||||
20170121_151650|37333|116|12,500000|0||0||0|0|0|0||||||||||||
20170121_151650|37413|117|12,345679|0||0||0|0|0|0||||||||||||
20170121_151650|37491|118|12,820513|0||0||0|0|0|0||||||||||||
20170121_151650|37579|119|11,363636|0||0||0|0|0|0||||||||||||
20170121_151650|37674|120|10,526316|0||0||0|0|0|0||||||||||||
20170121_151650|37767|121|10,752688|0||0||0|0|0|0||||||||||||
20170121_151650|37860|122|10,638298|0||0||0|0|0|0||||||||||||
20170121_151651|37954|123|10,638298|0||0||0|0|0|0||||||||||||
20170121_151651|38051|124|10,638298|0||0||0|0|0|0||||||||||||
20170121_151651|38143|125|10,638298|0||0||0|0|0|0||||||||||||
20170121_151651|38237|126|10,869565|0||0||0|0|0|0||||||||||||
20170121_151651|38331|127|10,526316|0||0||0|0|0|0||||||||||||
20170121_151651|38424|128|10,526316|0||0||0|0|0|0||||||||||||
20170121_151651|38515|129|10,989011|0||0||0|0|0|0||||||||||||
20170121_151651|38752|130|4,255319|0||0||0|0|0|0||||||||||||
20170121_151652|38893|131|7,092199|0||0||0|0|0|0||||||||||||
20170121_151652|38988|132|10,416667|0||0||0|0|0|0||||||||||||
20170121_151652|39084|133|10,752688|0||0||0|0|0|0||||||||||||
20170121_151652|39172|134|10,869565|0||0||0|0|0|0||||||||||||
20170121_151652|39271|135|10,638298|0||0||0|0|0|0||||||||||||
20170121_151652|39364|136|10,526316|0||0||0|0|0|0||||||||||||
20170121_151652|39464|137|10,869565|0||0||0|0|0|0||||||||||||
20170121_151652|39551|138|10,526316|0||0||0|0|0|0||||||||||||
20170121_151652|39645|139|10,752688|0||0||0|0|0|0||||||||||||
20170121_151652|39737|140|10,526316|0||0||0|0|0|0||||||||||||
20170121_151652|39830|141|10,752688|0||0||0|0|0|0||||||||||||
20170121_151653|39976|142|6,849315|0||0||0|0|0|0||||||||||||
20170121_151659|46169|143|11,363636|0|CarroTeste|1|bean_a1.7_b2_xc320_yc240_scale80|510|180|494|193|20,615528|0,000336|50,000000|49,999664|170,676860|-1,700499|-3,000297|-1,299798|-7,357625|0,788974|16,278712|
20170121_151659|46310|144|0,160308|0|CarroTeste|1|bean_a1.7_b2_xc320_yc240_scale80|510|180|495|193|19,849433|0,160282|50,000000|49,839718|174,389395|-1,735945|-1,381699|0,354246|1,871101|10,689050|6,749889|
20170121_151659|46421|145|8,849558|0|CarroTeste|1|bean_a1.7_b2_xc320_yc240_scale80|510|180|495|193|19,849433|0,000000|50,000000|50,000000|179,572034|-1,735945|-2,969653|-1,233708|-7,004495|1,605448|16,351755|
20170121_151659|46497|146|13,157895|0|CarroTeste|1|bean_a1.7_b2_xc320_yc240_scale80|510|180|494|193|20,615528|12,987013|50,000000|37,012987|140,359167|-1,700499|-1,351055|0,349444|1,750967|8,861082|5,174835|
20170121_151659|46587|147|11,111111|0|CarroTeste|1|bean_a1.7_b2_xc320_yc240_scale80|510|180|495|193|19,849433|11,111111|50,000000|38,888889|150,358235|-1,735945|-1,381699|0,354246|1,810966|9,424191|5,611632|
20170121_151659|46682|148|10,752688|0|CarroTeste|1|bean_a1.7_b2_xc320_yc240_scale80|510|180|494|193|20,615528|10,526316|50,000000|39,473684|156,161361|-1,700499|-3,000297|-1,299798|-7,418743|-0,001136|15,617272|
20170121_151659|46774|149|10,869565|0|CarroTeste|1|bean_a1.7_b2_xc320_yc240_scale80|510|180|495|193|19,849433|11,111111|50,000000|38,888889|158,057384|-1,735945|-2,969653|-1,233708|-7,171175|0,354264|15,451475|
20170121_151659|46869|150|10,416667|0|CarroTeste|1|bean_a1.7_b2_xc320_yc240_scale80|510|180|495|193|19,849433|0,000000|50,000000|50,000000|199,688320|-1,735945|-1,381699|0,354246|1,588301|11,656311|8,312521|
20170121_151700|47046|151|5,747126|0|CarroTeste|1|bean_a1.7_b2_xc320_yc240_scale80|510|180|495|193|19,849433|0,000000|50,000000|50,000000|204,565960|-1,735945|-2,969653|-1,233708|-7,238920|2,608382|17,848214|
20170121_151700|47127|152|12,195122|0|CarroTeste|1|bean_a1.7_b2_xc320_yc240_scale80|510|180|495|193|19,849433|0,000000|50,000000|50,000000|209,718712|-1,735945|-1,381699|0,354246|1,494501|12,059095|8,912776|
20170121_151700|47214|153|11,111111|0|CarroTeste|1|bean_a1.7_b2_xc320_yc240_scale80|510|180|494|193|20,615528|11,111111|50,000000|38,888889|177,081657|-1,700499|-1,351055|0,349444|1,504183|10,437433|7,270732|
20170121_151700|47303|154|12,048193|0|CarroTeste|1|bean_a1.7_b2_xc320_yc240_scale80|510|180|495|193|19,849433|11,494253|50,000000|38,505747|179,762314|-1,735945|-1,381699|0,354246|1,567906|10,638544|7,337688|
20170121_151700|47393|155|10,869565|0|CarroTeste|1|bean_a1.7_b2_xc320_yc240_scale80|510|180|494|193|20,615528|11,111111|50,000000|38,888889|184,960317|-1,700499|-1,351055|0,349444|1,577099|10,908120|7,587912|
20170121_151700|47480|156|11,111111|0|CarroTeste|1|bean_a1.7_b2_xc320_yc240_scale80|510|180|494|193|20,615528|0,000000|50,000000|50,000000|226,648616|-1,700499|-3,000297|-1,299798|-7,606099|3,326010|19,338851|
20170121_151700|47574|157|10,989011|0|CarroTeste|1|bean_a1.7_b2_xc320_yc240_scale80|510|180|494|193|20,615528|0,000000|50,000000|50,000000|231,693008|-1,700499|-1,351055|0,349444|1,481942|13,144589|10,024712|
20170121_151700|47668|158|10,416667|0|CarroTeste|1|bean_a1.7_b2_xc320_yc240_scale80|510|180|495|193|19,849433|10,752688|50,000000|39,247312|200,195718|-1,735945|-2,969653|-1,233708|-7,332525|2,291338|17,728234|
20170121_151700|47760|159|10,989011|0|CarroTeste|1|bean_a1.7_b2_xc320_yc240_scale80|510|180|495|192|19,209373|10,752688|50,000000|39,247312|204,163721|-1,735945|-1,407301|0,328644|1,276846|11,552234|8,864138|
20170121_151700|47856|160|10,638298|0|CarroTeste|1|bean_a1.7_b2_xc320_yc240_scale80|510|180|495|191|18,601075|10,416667|50,000000|39,583333|209,247180|-1,784857|-2,919719|-1,134862|-6,871643|3,229050|17,695668|
20170121_151701|47946|161|10,638298|0|CarroTeste|1|bean_a1.7_b2_xc320_yc240_scale80|510|180|494|191|19,416488|11,111111|50,000000|38,888889|211,035760|-1,815775|-1,399016|0,416758|1,695483|12,336507|8,767069|
20170121_151701|48040|162|10,638298|0|CarroTeste|1|bean_a1.7_b2_xc320_yc240_scale80|510|180|494|191|19,416488|0,000000|50,000000|50,000000|252,786896|-1,815775|-1,399016|0,416758|1,740906|14,471877|10,806812|
20170121_151701|48135|163|10,638298|0|CarroTeste|1|bean_a1.7_b2_xc320_yc240_scale80|510|180|494|191|19,416488|0,000000|50,000000|50,000000|257,675216|-1,866237|-2,952336|-1,086098|-6,663434|5,869619|19,897902|
20170121_151701|48230|164|10,638298|0|CarroTeste|1|bean_a1.7_b2_xc320_yc240_scale80|510|180|494|191|19,416488|0,000000|50,000000|50,000000|262,549131|-1,866237|-2,952336|-1,086098|-6,769027|6,002165|20,252748|
20170121_151701|48320|165|10,752688|0|CarroTeste|1|bean_a1.7_b2_xc320_yc240_scale80|510|180|494|190|18,867962|10,869565|50,000000|39,130435|230,424903|-1,784857|-1,420958|0,363899|1,272630|12,860856|10,181634|
20170121_151701|48414|166|10,638298|0|CarroTeste|1|bean_a1.7_b2_xc320_yc240_scale80|510|180|494|190|18,867962|0,000000|50,000000|50,000000|271,244804|-1,866237|-2,930395|-1,064157|-6,715842|6,492933|20,631547|
20170121_151701|48511|167|10,526316|0|CarroTeste|1|bean_a1.7_b2_xc320_yc240_scale80|508|177|494|188|17,804494|20,833333|50,000000|29,166667|205,209693|-1,919567|-1,498674|0,420893|1,524506|11,865228|8,655741|
20170121_151701|48604|168|10,752688|0|CarroTeste|1|bean_a1.7_b2_xc320_yc240_scale80|508|177|493|188|18,601075|10,869565|50,000000|39,130435|241,970578|-1,919567|-2,954897|-1,035330|-6,616310|5,133992|19,063066|
20170121_151701|48699|169|10,416667|0|CarroTeste|1|bean_a1.7_b2_xc320_yc240_scale80|508|177|493|188|18,601075|0,000000|50,000000|50,000000|282,787468|-1,975688|-1,466811|0,508877|1,958517|16,200971|12,077776|
20170121_151701|48791|170|11,111111|0|CarroTeste|1|bean_a1.7_b2_xc320_yc240_scale80|508|177|493|187|18,027756|11,111111|50,000000|38,888889|249,860893|-1,919567|-1,489744|0,429824|1,564542|14,139931|10,846158|
20170121_151701|48885|171|10,526316|0|CarroTeste|1|bean_a1.7_b2_xc320_yc240_scale80|508|177|493|187|18,027756|0,000000|50,000000|50,000000|291,478813|-1,997424|-1,489744|0,507680|2,043978|16,725496|12,422385|
20170121_151702|48977|172|10,638298|0|CarroTeste|1|bean_a1.7_b2_xc320_yc240_scale80|508|177|493|186|17,492856|10,752688|50,000000|39,247312|259,752160|-2,053310|-1,511140|0,542170|2,287144|15,395128|10,580088|
20170121_151702|49069|173|10,752688|0|CarroTeste|1|bean_a1.7_b2_xc320_yc240_scale80|508|177|492|186|18,357560|10,869565|50,000000|39,130435|263,286111|-1,997424|-2,945156|-0,947732|-6,042237|6,804056|19,524555|
20170121_151702|49167|174|10,526316|0|CarroTeste|1|bean_a1.7_b2_xc320_yc240_scale80|505|173|492|185|17,691806|10,204082|50,000000|39,795918|269,304583|-1,943784|-2,967002|-1,023218|-6,556143|6,564026|20,366433|
20170121_151702|49261|175|10,752688|0|CarroTeste|1|bean_a1.7_b2_xc320_yc240_scale80|505|173|492|185|17,691806|0,000000|50,000000|50,000000|308,262193|-1,943784|-1,551658|0,392126|1,322260|16,804962|14,021257|
20170121_151702|49353|176|10,638298|0|CarroTeste|1|bean_a1.7_b2_xc320_yc240_scale80|505|173|491|184|17,804494|15,206597|50,000000|34,793403|261,082505|-1,919567|-2,971510|-1,051943|-6,817994|5,877289|20,230961|
20170121_151702|49446|177|10,752688|0|CarroTeste|1|bean_a1.7_b2_xc320_yc240_scale80|505|173|491|183|17,204651|10,752688|50,000000|39,247312|279,464337|-2,053310|-1,571144|0,482165|1,769665|15,836022|12,110412|
20170121_151702|49538|178|10,752688|0|CarroTeste|1|bean_a1.7_b2_xc320_yc240_scale80|505|173|491|182|16,643317|10,869565|50,000000|39,130435|282,736107|-1,997424|-2,925063|-0,927639|-6,159176|7,653462|20,620149|
20170121_151702|49636|179|10,416667|0|CarroTeste|1|bean_a1.7_b2_xc320_yc240_scale80|502|169|490|181|16,970563|14,579521|50,000000|35,420479|273,741194|-2,111216|-1,637365|0,473851|1,679806|15,455277|11,918843|
20170121_151702|49725|180|10,752688|0|CarroTeste|1|bean_a1.7_b2_xc320_yc240_scale80|501|168|490|180|16,278821|10,989011|50,000000|39,010989|289,318001|-2,053310|-2,980331|-0,927022|-6,197010|7,942731|20,989069|
20170121_151702|49822|181|10,752688|0|CarroTeste|1|bean_a1.7_b2_xc320_yc240_scale80|501|168|489|180|16,970563|10,309278|50,000000|39,690722|295,313347|-2,125104|-1,650356|0,474748|1,642566|16,494684|13,036651|
20170121_151703|49916|182|10,526316|0|CarroTeste|1|bean_a1.7_b2_xc320_yc240_scale80|500|167|489|179|16,278821|10,752688|50,000000|39,247312|297,655111|-2,111216|-1,690957|0,420259|1,384864|16,340508|13,425003|
20170121_151703|50007|183|10,869565|0|CarroTeste|1|bean_a1.7_b2_xc320_yc240_scale80|500|167|489|179|16,278821|0,000000|50,000000|50,000000|337,969714|-2,111216|-1,690957|0,420259|1,422134|18,395469|15,401503|
20170121_151703|50107|184|10,526316|0|CarroTeste|1|bean_a1.7_b2_xc320_yc240_scale80|499|166|488|178|16,278821|14,002114|50,000000|35,997886|294,788681|-2,111216|-3,006125|-0,894910|-5,988420|8,435834|21,043034|
20170121_151703|50198|185|10,752688|0|CarroTeste|1|bean_a1.7_b2_xc320_yc240_scale80|499|166|488|177|15,556349|10,989011|50,000000|39,010989|308,393135|-2,053310|-2,977227|-0,923917|-6,232523|8,859106|21,980208|
20170121_151703|50289|186|10,638298|0|CarroTeste|1|bean_a1.7_b2_xc320_yc240_scale80|498|165|487|177|16,278821|10,989011|50,000000|39,010989|312,032873|-2,034444|-1,716611|0,317833|0,709268|16,348241|14,855046|
20170121_151703|50386|187|10,638298|0|CarroTeste|1|bean_a1.7_b2_xc320_yc240_scale80|498|165|487|176|15,556349|10,416667|50,000000|39,583333|317,622147|-2,053310|-2,990018|-0,936708|-6,359616|9,186774|22,575441|
20170121_151703|50477|188|10,752688|0|CarroTeste|1|bean_a1.7_b2_xc320_yc240_scale80|497|164|486|175|15,556349|15,371887|50,000000|34,628113|304,411889|-2,181522|-3,006944|-0,825422|-5,817120|9,097310|21,343879|
20170121_151703|50571|189|10,638298|0|CarroTeste|1|bean_a1.7_b2_xc320_yc240_scale80|493|161|486|174|14,764823|10,638298|50,000000|39,361702|323,818025|-2,170847|-1,835745|0,335101|0,671153|16,897378|15,484424|
20170121_151703|50666|190|10,638298|0|CarroTeste|1|bean_a1.7_b2_xc320_yc240_scale80|493|161|485|173|14,422205|14,886459|50,000000|35,113541|312,997574|-2,170847|-1,849450|0,321397|0,624669|16,307425|14,992332|
20170121_151703|50757|191|10,869565|0|CarroTeste|1|bean_a1.7_b2_xc320_yc240_scale80|493|161|484|172|14,212670|15,540808|50,000000|34,459192|314,062115|-2,297439|-1,857831|0,439607|1,323808|17,096588|14,309623|
20170121_151703|50852|192|10,526316|0|CarroTeste|1|bean_a1.7_b2_xc320_yc240_scale80|493|161|483|172|14,866069|10,526316|50,000000|39,473684|334,401520|-2,239086|-1,831695|0,407390|1,182593|17,964911|15,475241|
20170121_151704|50945|193|10,638298|0|CarroTeste|1|bean_a1.7_b2_xc320_yc240_scale80|492|160|482|171|14,866069|15,206597|50,000000|34,793403|322,128428|-2,239086|-1,844000|0,395086|1,151169|17,318178|14,894665|
20170121_151704|51039|194|10,752688|0|CarroTeste|1|bean_a1.7_b2_xc320_yc240_scale80|491|159|481|170|14,866069|15,206597|50,000000|34,793403|325,392173|-2,239086|-3,049515|-0,810429|-5,631989|10,341199|22,198018|
20170121_151704|51135|195|10,526316|0|CarroTeste|1|bean_a1.7_b2_xc320_yc240_scale80|487|156|480|168|13,892444|23,052247|50,000000|26,947753|301,873908|-2,181522|-1,942919|0,238603|0,227003|15,332646|14,854745|
20170121_151704|51226|196|10,638298|0|CarroTeste|1|bean_a1.7_b2_xc320_yc240_scale80|487|156|479|167|13,601471|15,540808|50,000000|34,459192|330,031873|-2,181522|-1,954558|0,226964|0,183446|16,694694|16,308493|
20170121_151704|51320|197|10,752688|0|CarroTeste|1|bean_a1.7_b2_xc320_yc240_scale80|484|154|478|166|13,416408|14,886459|50,000000|35,113541|335,498519|-2,239086|-1,992917|0,246169|0,313446|17,104870|16,444982|
20170121_151704|51414|198|10,638298|0|CarroTeste|1|bean_a1.7_b2_xc320_yc240_scale80|484|154|477|165|13,038405|15,206597|50,000000|34,793403|337,699623|-2,239086|-2,008037|0,231049|0,251056|17,149250|16,620712|
20170121_151704|51508|199|10,638298|0|CarroTeste|1|bean_a1.7_b2_xc320_yc240_scale80|484|154|476|164|12,806248|15,044825|50,000000|34,955175|341,508938|-2,239086|-2,017323|0,221762|0,220092|17,307123|16,843771|
20170121_151704|51602|200|10,752688|0|CarroTeste|1|bean_a1.7_b2_xc320_yc240_scale80|483|153|475|162|12,041595|23,787957|50,000000|26,212043|314,952679|-2,181522|-2,063128|0,118394|-0,343788|15,385752|16,109516|
20170121_151704|51700|201|10,416667|0|CarroTeste|1|bean_a1.7_b2_xc320_yc240_scale80|480|151|474|161|11,661904|14,430751|50,000000|35,569249|349,326466|-2,181522|-2,108221|0,073301|-0,587999|16,847377|18,085269|
20170121_151704|51789|202|10,752688|0|CarroTeste|1|bean_a1.7_b2_xc320_yc240_scale80|478|150|473|160|11,180340|15,890040|50,000000|34,109960|347,689191|-2,181522|-3,040267|-0,858745|-5,853543|11,222835|23,546084|
20170121_151704|51882|203|10,752688|0|CarroTeste|1|bean_a1.7_b2_xc320_yc240_scale80|478|150|472|159|10,816654|15,044825|50,000000|34,955175|353,774631|-2,239086|-3,025720|-0,786634|-5,526403|11,871465|23,505998|
20170121_151705|51977|204|10,752688|0|CarroTeste|1|bean_a1.7_b2_xc320_yc240_scale80|478|150|471|158|10,630146|15,044825|50,000000|34,955175|357,051015|-2,239086|-2,167848|0,071238|-0,746973|17,066263|18,638838|
20170121_151705|52070|205|10,638298|0|CarroTeste|1|bean_a1.7_b2_xc320_yc240_scale80|475|148|470|156|9,433981|24,043742|50,000000|25,956258|329,618096|-2,297439|-3,002842|-0,705404|-5,134150|11,076536|21,885274|
20170121_151705|52165|206|10,638298|0|CarroTeste|1|bean_a1.7_b2_xc320_yc240_scale80|473|147|469|155|8,944272|15,044825|50,000000|34,955175|362,759425|3,926991|-2,281880|0,074315|-0,788984|17,307462|18,968480|
20170121_151705|52259|207|10,638298|0|CarroTeste|1|bean_a1.7_b2_xc320_yc240_scale80|473|147|468|154|8,602325|14,886459|50,000000|35,113541|366,576301|3,926991|-2,295557|0,060637|-0,859398|17,424186|19,233444|
20170121_151705|52353|208|10,526316|0|CarroTeste|1|bean_a1.7_b2_xc320_yc240_scale80|473|147|467|153|8,485281|15,044825|50,000000|34,955175|369,321719|3,864572|-2,979062|-0,560448|-4,366948|13,869298|23,062874|
20170121_151705|52447|209|10,752688|0|CarroTeste|1|bean_a1.7_b2_xc320_yc240_scale80|467|144|466|152|8,062258|15,044825|50,000000|34,955175|372,600371|3,871492|-3,017552|-0,605859|-4,676381|13,707513|23,552524|
20170121_151705|52538|210|10,869565|0|CarroTeste|1|bean_a1.7_b2_xc320_yc240_scale80|467|144|464|151|7,615773|24,572176|50,000000|25,427824|343,373610|3,868235|-2,390430|0,024520|-1,167414|15,939823|18,397538|
20170121_151705|52633|211|10,638298|0|CarroTeste|1|bean_a1.7_b2_xc320_yc240_scale80|465|143|462|150|7,615773|23,537558|50,000000|26,462442|349,284393|3,809882|-2,407382|0,065921|-0,930896|16,484329|18,444110|
20170121_151705|52729|212|10,526316|0|CarroTeste|1|bean_a1.7_b2_xc320_yc240_scale80|465|143|461|149|7,211103|14,731391|50,000000|35,268609|381,812624|3,809882|-3,000457|-0,527154|-4,279710|14,585674|23,595589|
20170121_151705|52821|213|10,638298|0|CarroTeste|1|bean_a1.7_b2_xc320_yc240_scale80|463|142|460|147|5,830952|24,305087|50,000000|25,694913|352,449395|3,761842|-2,498924|0,022419|-1,220271|16,337974|18,906965|
20170121_151706|52915|214|10,869565|0|CarroTeste|1|bean_a1.7_b2_xc320_yc240_scale80|461|141|459|147|6,324555|10,638298|50,000000|39,361702|401,499469|3,741643|-2,499139|0,042404|-1,105109|18,911701|21,238246|
20170121_151706|53009|215|10,638298|0|CarroTeste|1|bean_a1.7_b2_xc320_yc240_scale80|458|140|457|146|6,082763|23,787957|50,000000|26,212043|360,314140|3,741643|-2,528601|0,012942|-1,267805|16,681176|19,350238|
20170121_151706|53103|216|10,526316|0|CarroTeste|1|bean_a1.7_b2_xc320_yc240_scale80|458|140|455|145|5,830952|23,787957|50,000000|26,212043|362,766200|3,682012|-3,005150|-0,403977|-3,625050|14,322468|21,954152|
20170121_151706|53197|217|10,638298|0|CarroTeste|1|bean_a1.7_b2_xc320_yc240_scale80|455|139|453|144|5,385165|23,787957|50,000000|26,212043|365,223965|3,695900|-2,579428|0,007857|-1,333242|16,857786|19,664611|
20170121_151706|53287|218|10,869565|0|CarroTeste|1|bean_a1.7_b2_xc320_yc240_scale80|455|139|452|143|5,000000|15,540808|50,000000|34,459192|395,832132|3,640939|-2,994835|-0,352589|-3,371736|16,242410|23,340803|
20170121_151706|53383|219|10,638298|0|CarroTeste|1|bean_a1.7_b2_xc320_yc240_scale80|450|137|450|142|5,000000|23,537558|50,000000|26,462442|371,767165|3,640939|-2,640252|0,001994|-1,398706|17,116036|20,060681|
20170121_151706|53477|220|10,526316|0|CarroTeste|1|bean_a1.7_b2_xc320_yc240_scale80|449|137|449|142|5,000000|10,638298|50,000000|39,361702|418,266793|3,568220|-2,643479|0,071486|-1,005416|19,855007|21,971672|
20170121_151706|53571|221|10,638298|0|CarroTeste|1|bean_a1.7_b2_xc320_yc240_scale80|449|137|447|141|4,472136|23,787957|50,000000|26,212043|377,081672|3,568220|-2,664594|0,050371|-1,118157|17,677076|20,031091|
20170121_151706|53660|222|10,869565|0|CarroTeste|1|bean_a1.7_b2_xc320_yc240_scale80|446|136|445|140|4,123106|24,572176|50,000000|25,427824|376,863101|3,490364|-3,037376|-0,244555|-2,781792|15,914953|21,771357|
20170121_151706|53759|223|10,526316|0|CarroTeste|1|bean_a1.7_b2_xc320_yc240_scale80|446|136|444|140|4,472136|10,309278|50,000000|39,690722|427,922251|3,568220|-2,693567|0,021398|-1,300259|20,027419|22,764806|
20170121_151706|53853|224|10,638298|0|CarroTeste|1|bean_a1.7_b2_xc320_yc240_scale80|442|135|442|139|4,000000|23,787957|50,000000|26,212043|385,645136|3,568220|-3,061327|-0,346362|-3,378626|15,725808|22,838706|
20170121_151707|53947|225|10,638298|0|CarroTeste|1|bean_a1.7_b2_xc320_yc240_scale80|439|134|439|138|4,000000|33,641252|50,000000|16,358748|354,475285|3,490364|-2,766937|0,025884|-1,305363|16,349698|19,097830|
20170121_151707|54039|226|10,526316|0|CarroTeste|1|bean_a1.7_b2_xc320_yc240_scale80|438|134|437|137|3,162278|24,043742|50,000000|25,956258|388,762320|3,514580|-3,063021|-0,294416|-3,114726|16,159457|22,716775|
20170121_151707|54133|227|10,989011|0|CarroTeste|1|bean_a1.7_b2_xc320_yc240_scale80|435|133|435|137|4,000000|21,739130|50,000000|28,260870|399,068391|3,490364|-3,118904|-0,326082|-3,321797|16,456792|23,450048|
20170121_151707|54227|228|10,752688|0|CarroTeste|1|bean_a1.7_b2_xc320_yc240_scale80|433|133|433|136|3,000000|23,787957|50,000000|26,212043|394,723979|3,514580|-3,094871|-0,326266|-3,353385|16,206320|23,266078|
20170121_151707|54322|229|10,638298|0|CarroTeste|1|bean_a1.7_b2_xc320_yc240_scale80|432|133|431|136|3,162278|20,833333|50,000000|29,166667|407,263663|3,490364|-3,107748|-0,314926|-3,319800|16,868656|23,857710|
20170121_151707|54415|230|10,416667|0|CarroTeste|1|bean_a1.7_b2_xc320_yc240_scale80|429|132|429|135|3,000000|24,043742|50,000000|25,956258|399,035906|3,386571|-3,126777|-0,230163|-2,869606|16,931157|22,972433|
20170121_151707|54554|231|7,142857|0|CarroTeste|1|bean_a1.7_b2_xc320_yc240_scale80|427|132|427|135|3,000000|14,285714|50,000000|35,714286|434,683825|3,386571|-2,902712|-0,006098|-1,623605|20,025133|23,443249|
20170121_151707|54649|232|10,869565|0|CarroTeste|1|bean_a1.7_b2_xc320_yc240_scale80|424|132|424|134|2,000000|33,641252|50,000000|16,358748|372,066683|3,386571|-2,961812|-0,065198|-1,957971|16,542312|20,664357|
20170121_151707|54746|233|10,309278|0|CarroTeste|1|bean_a1.7_b2_xc320_yc240_scale80|424|132|422|134|2,828427|20,833333|50,000000|29,166667|417,288931|3,306741|-2,928675|0,047769|-1,326201|19,468446|22,260447|
20170121_151707|54881|234|7,299270|0|CarroTeste|1|bean_a1.7_b2_xc320_yc240_scale80|420|131|420|134|3,000000|14,705882|50,000000|35,294118|440,868478|3,306741|-3,196737|-0,220293|-2,833046|19,061271|25,025577|
20170121_151708|54977|235|10,416667|0|CarroTeste|1|bean_a1.7_b2_xc320_yc240_scale80|417|131|417|134|3,000000|30,927835|50,000000|19,072165|388,961605|3,141593|-2,982033|0,159560|-0,713319|18,697218|20,198943|
20170121_151708|55070|236|10,638298|0|CarroTeste|1|bean_a1.7_b2_xc320_yc240_scale80|414|131|414|133|2,000000|34,002986|50,000000|15,997014|380,311349|3,224734|-3,044067|0,014384|-1,516138|17,419633|20,611502|
20170121_151708|55164|237|10,869565|0|CarroTeste|1|bean_a1.7_b2_xc320_yc240_scale80|412|131|412|134|3,000000|23,787957|50,000000|26,212043|416,659743|3,181571|-3,022861|0,078753|-1,151964|19,620394|22,045581|
20170121_151708|55256|238|10,752688|0|CarroTeste|1|bean_a1.7_b2_xc320_yc240_scale80|410|131|410|134|3,000000|21,978022|50,000000|28,021978|425,341959|3,181571|-3,278443|-0,176829|-2,584947|18,546101|23,988095|
20170121_151708|55355|239|10,204082|0|CarroTeste|1|bean_a1.7_b2_xc320_yc240_scale80|408|131|408|134|3,000000|20,202020|50,000000|29,797980|434,072651|3,181571|-3,053940|0,047674|-1,336547|20,296741|23,110524|
20170121_151708|55447|240|10,989011|0|CarroTeste|1|bean_a1.7_b2_xc320_yc240_scale80|406|131|406|134|3,000000|21,505376|50,000000|28,494624|432,493105|3,181571|-3,069344|0,032270|-1,418760|20,131223|23,118087|
20170121_151708|55539|241|10,526316|0|CarroTeste|1|bean_a1.7_b2_xc320_yc240_scale80|403|131|403|134|3,000000|32,967033|50,000000|17,032967|396,159355|3,181571|-3,333766|-0,232152|-2,905755|16,749278|22,866658|
20170121_151708|55634|242|10,752688|0|CarroTeste|1|bean_a1.7_b2_xc320_yc240_scale80|399|132|401|134|2,828427|21,052632|50,000000|28,947368|438,396059|3,101614|-3,130696|0,050876|-1,333107|20,516532|23,323074|
20170121_151708|55727|243|10,638298|0|CarroTeste|1|bean_a1.7_b2_xc320_yc240_scale80|399|132|399|134|2,000000|21,505376|50,000000|28,494624|439,631198|3,101614|-3,323833|-0,142261|-2,416693|19,437673|24,525447|
20170121_151708|55818|244|10,752688|0|CarroTeste|1|bean_a1.7_b2_xc320_yc240_scale80|397|132|397|135|3,000000|24,305087|50,000000|25,694913|432,823693|3,064821|-3,138645|0,079720|-1,179265|20,399853|22,882516|
20170121_151709|55914|245|10,752688|0|CarroTeste|1|bean_a1.7_b2_xc320_yc240_scale80|394|132|394|135|3,000000|31,578947|50,000000|18,421053|410,495809|3,101614|-3,164882|0,016690|-1,526877|18,917551|22,132030|
20170121_151709|56006|246|10,752688|0|CarroTeste|1|bean_a1.7_b2_xc320_yc240_scale80|391|133|391|135|2,000000|32,608696|50,000000|17,391304|408,753779|3,058451|-3,387686|-0,162953|-2,537756|17,766366|23,109011|
20170121_151709|56102|247|10,526316|0|CarroTeste|1|bean_a1.7_b2_xc320_yc240_scale80|389|133|389|136|3,000000|23,292375|50,000000|26,707625|442,169556|3,101614|-3,201665|-0,020094|-1,748202|20,268265|23,948690|
20170121_151709|56197|248|10,416667|0|CarroTeste|1|bean_a1.7_b2_xc320_yc240_scale80|386|134|386|136|2,000000|31,578947|50,000000|18,421053|416,486230|3,058451|-3,426240|-0,201506|-2,772460|17,905932|23,742691|
20170121_151709|56289|249|10,752688|0|CarroTeste|1|bean_a1.7_b2_xc320_yc240_scale80|381|135|383|137|2,828427|34,002986|50,000000|15,997014|409,990877|2,988943|-3,269645|0,024597|-1,517596|18,902075|22,097013|
20170121_151709|56384|250|10,752688|0|CarroTeste|1|bean_a1.7_b2_xc320_yc240_scale80|381|135|382|138|3,162278|15,044825|50,000000|34,955175|476,131599|2,976444|-3,256291|0,050450|-1,369531|22,364969|25,248191|
20170121_151709|56474|251|10,752688|0|CarroTeste|1|bean_a1.7_b2_xc320_yc240_scale80|380|135|380|138|3,000000|21,978022|50,000000|28,021978|455,861092|2,976444|-3,510319|-0,203577|-2,796389|19,849487|25,736622|
20170121_151709|56571|252|10,416667|0|CarroTeste|1|bean_a1.7_b2_xc320_yc240_scale80|377|136|377|139|3,000000|32,940392|50,000000|17,059608|421,184993|2,927532|-3,532240|-0,176587|-2,663662|18,255395|23,863105|
20170121_151709|56662|253|10,989011|0|CarroTeste|1|bean_a1.7_b2_xc320_yc240_scale80|374|137|374|139|2,000000|32,967033|50,000000|17,032967|422,731444|2,896614|-3,513054|-0,126483|-2,398279|18,612068|23,661076|
20170121_151709|56761|254|10,638298|0|CarroTeste|1|bean_a1.7_b2_xc320_yc240_scale80|371|138|372|140|2,236068|22,817020|50,000000|27,182980|458,955889|2,896614|-3,363214|0,023357|-1,565926|21,299451|24,596138|
20170121_151709|56853|255|10,526316|0|CarroTeste|1|bean_a1.7_b2_xc320_yc240_scale80|371|138|371|141|3,000000|15,206597|50,000000|34,793403|487,493791|2,819842|-3,572657|-0,109314|-2,311403|21,941634|26,807746|
20170121_151710|57038|256|5,376344|1|CarroTeste|1|bean_a1.7_b2_xc320_yc240_scale80|368|139|368|141|2,000000|16,216216|50,000000|33,783784|487,270938|2,896614|-3,392882|-0,006311|-1,741278|22,530623|26,196471|
20170121_151710|57135|257|10,526316|1|CarroTeste|1|bean_a1.7_b2_xc320_yc240_scale80|362|141|363|144|3,162278|60,739082|50,000000|-10,739082|338,990504|2,768605|-3,634283|-0,119702|-2,379214|14,445089|19,453961|
20170121_151710|57229|258|10,638298|1|CarroTeste|1|bean_a1.7_b2_xc320_yc240_scale80|360|142|360|145|3,000000|33,641252|50,000000|16,358748|430,191403|2,768605|-3,398055|0,116526|-1,063267|20,390341|22,628799|
20170121_151710|57321|259|10,752688|1|CarroTeste|1|bean_a1.7_b2_xc320_yc240_scale80|357|143|359|146|3,605551|15,206597|50,000000|34,793403|494,541380|2,819842|-3,676103|-0,212760|-2,902329|21,671986|27,782152|
20170121_151710|57416|260|10,752688|1|CarroTeste|1|bean_a1.7_b2_xc320_yc240_scale80|355|144|356|147|3,162278|33,287133|50,000000|16,712867|436,388004|2,768605|-3,412609|0,101972|-1,154408|20,604234|23,034566|
20170121_151710|57510|261|10,526316|1|CarroTeste|1|bean_a1.7_b2_xc320_yc240_scale80|352|145|354|148|3,605551|24,043742|50,000000|25,956258|469,486130|2,768605|-3,404127|0,110453|-1,096764|22,319818|24,628795|
20170121_151710|57601|262|10,752688|1|CarroTeste|1|bean_a1.7_b2_xc320_yc240_scale80|350|146|352|149|3,605551|24,305087|50,000000|25,694913|471,187774|2,695487|-3,407545|0,180154|-0,692382|22,830566|24,288212|
20170121_151710|57699|263|10,638298|1|CarroTeste|1|bean_a1.7_b2_xc320_yc240_scale80|348|147|350|150|3,605551|23,052247|50,000000|26,947753|477,928309|2,642246|-3,698056|-0,057117|-2,010969|21,779606|26,013225|
20170121_151710|57791|264|10,638298|1|CarroTeste|1|bean_a1.7_b2_xc320_yc240_scale80|345|148|348|152|5,000000|30,413195|50,000000|19,586805|455,456685|2,659079|-3,752156|-0,128050|-2,415948|20,229731|25,315938|
20170121_151710|57888|265|10,000000|1|CarroTeste|1|bean_a1.7_b2_xc320_yc240_scale80|343|149|345|153|4,472136|32,268139|50,000000|17,731861|451,056557|2,642246|-3,726150|-0,085210|-2,187732|20,249952|24,855704|
20170121_151711|57982|266|11,363636|1|CarroTeste|1|bean_a1.7_b2_xc320_yc240_scale80|341|150|343|155|5,385165|30,743773|50,000000|19,256227|457,958957|2,642246|-3,323583|0,317356|0,074992|22,976887|22,819009|
20170121_151711|58071|267|10,869565|1|CarroTeste|1|bean_a1.7_b2_xc320_yc240_scale80|338|151|341|157|6,708204|31,780080|50,000000|18,219920|456,263523|2,601173|-3,787136|-0,105124|-2,278285|20,414982|25,211371|
20170121_151711|58166|268|10,526316|1|CarroTeste|1|bean_a1.7_b2_xc320_yc240_scale80|336|152|338|158|6,324555|33,287133|50,000000|16,712867|452,856380|2,642246|-3,245544|0,395395|0,535350|23,206346|22,079292|
20170121_151711|58257|269|10,638298|1|CarroTeste|1|bean_a1.7_b2_xc320_yc240_scale80|333|153|337|160|8,062258|24,043742|50,000000|25,956258|485,958804|2,587285|-3,135846|0,560054|1,501725|25,878703|22,717177|
20170121_151711|58350|270|10,752688|1|CarroTeste|1|bean_a1.7_b2_xc320_yc240_scale80|333|153|335|161|8,246211|24,043742|50,000000|25,956258|488,443094|2,587285|-3,788185|-0,092285|-2,124796|22,185528|26,658782|
20170121_151711|58445|271|10,752688|1|CarroTeste|1|bean_a1.7_b2_xc320_yc240_scale80|330|154|333|163|9,486833|30,089650|50,000000|19,910350|470,297772|2,574863|-3,785593|-0,077271|-2,048812|21,358244|25,671533|
20170121_151711|58539|272|10,638298|1|CarroTeste|1|bean_a1.7_b2_xc320_yc240_scale80|330|154|331|164|10,049876|24,043742|50,000000|25,956258|492,808034|2,587285|-3,808115|-0,112215|-2,253353|22,268451|27,012353|
20170121_151711|58632|273|10,638298|1|CarroTeste|1|bean_a1.7_b2_xc320_yc240_scale80|325|155|328|166|11,401754|38,356928|50,000000|11,643072|446,480855|2,530867|-3,740308|0,012010|-1,563148|20,678623|23,969462|
20170121_151711|58726|274|10,752688|1|CarroTeste|1|bean_a1.7_b2_xc320_yc240_scale80|325|155|326|168|13,038405|30,089650|50,000000|19,910350|475,776345|2,466852|-3,805774|0,010559|-1,570187|22,135989|25,441646|
20170121_151711|58818|275|10,638298|1|CarroTeste|1|bean_a1.7_b2_xc320_yc240_scale80|324|155|324|170|15,000000|30,413195|50,000000|19,586805|476,567640|2,473303|-2,653286|1,156596|4,896517|28,982611|18,674153|
20170121_151712|58916|276|10,526316|1|CarroTeste|1|bean_a1.7_b2_xc320_yc240_scale80|322|155|322|171|16,000000|23,052247|50,000000|26,947753|503,524314|2,473303|-2,554323|1,255559|5,564186|31,033254|19,319178|
20170121_151712|59007|277|10,752688|1|CarroTeste|1|bean_a1.7_b2_xc320_yc240_scale80|320|155|320|173|18,000000|31,081617|50,000000|18,918383|478,720320|2,473303|-3,854007|-0,044125|-1,647825|22,201463|25,670569|
20170121_151712|59100|278|10,526316|1|CarroTeste|1|bean_a1.7_b2_xc320_yc240_scale80|318|155|318|175|20,000000|30,089650|50,000000|19,910350|483,905282|2,530867|-3,874233|-0,121915|-2,090856|21,994363|26,396165|
20170121_151712|59194|279|10,752688|1|CarroTeste|1|bean_a1.7_b2_xc320_yc240_scale80|316|155|316|177|22,000000|30,413195|50,000000|19,586805|484,704539|2,541542|-3,891788|-0,150145|-2,261874|21,854306|26,616147|
20170121_151712|59291|280|10,752688|1|CarroTeste|1|bean_a1.7_b2_xc320_yc240_scale80|315|155|314|178|23,021729|23,052247|50,000000|26,947753|511,665205|2,530867|-3,907968|-0,155649|-2,307224|23,154604|28,011917|
20170121_151712|59382|281|10,638298|1|CarroTeste|1|bean_a1.7_b2_xc320_yc240_scale80|315|155|312|180|25,179357|30,743773|50,000000|19,256227|488,007087|2,530867|-1,979924|1,772395|8,555604|33,406253|15,394455|
20170121_151712|59477|282|10,526316|1|CarroTeste|1|bean_a1.7_b2_xc320_yc240_scale80|315|155|310|182|27,459060|29,772917|50,000000|20,227083|493,148117|2,473303|-1,888736|1,921146|9,562390|34,723080|14,591732|
20170121_151712|59573|283|10,526316|1|CarroTeste|1|bean_a1.7_b2_xc320_yc240_scale80|315|155|307|184|30,083218|37,953171|50,000000|12,046829|467,190076|2,530867|-4,190427|-0,438109|-3,563466|19,608486|27,110521|
20170121_151712|59662|284|10,989011|1|CarroTeste|1|bean_a1.7_b2_xc320_yc240_scale80|310|154|305|186|32,388269|31,780080|50,000000|18,219920|489,382894|2,541542|-4,175400|-0,433757|-3,580666|20,700022|28,238267|
20170121_151712|59758|285|10,638298|1|CarroTeste|1|bean_a1.7_b2_xc320_yc240_scale80|310|154|304|187|33,541020|14,731391|50,000000|35,268609|549,240305|2,642246|-4,221510|-0,580571|-4,450238|22,777555|32,146476|
20170121_151712|59850|286|10,638298|1|CarroTeste|1|bean_a1.7_b2_xc320_yc240_scale80|310|154|302|188|34,928498|24,305087|50,000000|25,694913|519,964911|2,695487|-1,482730|2,104969|10,645438|37,203970|14,792521|
20170121_151713|59946|287|10,638298|1|CarroTeste|1|bean_a1.7_b2_xc320_yc240_scale80|310|154|299|190|37,643060|37,557826|50,000000|12,442174|477,275242|2,642246|-1,396340|2,244600|11,668169|36,146046|11,581478|
20170121_151713|60040|288|10,638298|1|CarroTeste|1|bean_a1.7_b2_xc320_yc240_scale80|310|154|297|192|40,162171|30,743773|50,000000|19,256227|501,697714|2,587285|-4,363400|-0,667499|-4,595724|20,247281|29,922490|
20170121_151713|60132|289|10,752688|1|CarroTeste|1|bean_a1.7_b2_xc320_yc240_scale80|307|153|294|194|43,011626|37,953171|50,000000|12,046829|478,898673|2,642246|-1,341335|2,299604|12,128717|36,712004|11,177863|
20170121_151713|60223|290|10,752688|1|CarroTeste|1|bean_a1.7_b2_xc320_yc240_scale80|307|153|292|195|44,598206|24,305087|50,000000|25,694913|526,606810|2,846152|-4,308395|-0,871361|-5,596487|20,439301|32,221380|
20170121_151713|60317|291|10,638298|1|CarroTeste|1|bean_a1.7_b2_xc320_yc240_scale80|304|152|290|196|46,173586|24,043742|50,000000|25,956258|529,903735|2,792822|-1,305207|2,185156|11,614256|38,720720|14,269654|
20170121_151713|60411|292|10,638298|1|CarroTeste|1|bean_a1.7_b2_xc320_yc240_scale80|304|152|288|197|47,759816|23,787957|50,000000|26,212043|533,210992|2,846152|-1,305207|2,131826|11,518010|38,784771|14,536328|
20170121_151713|60508|293|10,526316|1|CarroTeste|1|bean_a1.7_b2_xc320_yc240_scale80|301|151|285|199|50,596443|37,557826|50,000000|12,442174|488,669282|2,875341|-1,284226|2,123618|11,669870|36,717537|12,149391|
20170121_151713|60601|294|10,638298|1|CarroTeste|1|bean_a1.7_b2_xc320_yc240_scale80|301|151|282|200|52,554733|34,002986|50,000000|15,997014|501,967406|2,976444|-4,251286|-0,944544|-5,487996|19,321532|30,875208|
20170121_151713|60695|295|10,752688|1|CarroTeste|1|bean_a1.7_b2_xc320_yc240_scale80|301|151|279|200|53,712196|32,258065|50,000000|17,741935|509,423336|3,058451|-1,284226|1,940507|10,745166|36,781868|14,160466|
20170121_151713|60789|296|10,526316|1|CarroTeste|1|bean_a1.7_b2_xc320_yc240_scale80|296|149|277|200|54,424259|20,833333|50,000000|29,166667|550,086977|3,224734|-4,229231|-1,170779|-6,676724|20,476218|34,532480|
20170121_151713|60880|297|10,869565|1|CarroTeste|1|bean_a1.7_b2_xc320_yc240_scale80|296|149|276|201|55,713553|15,540808|50,000000|34,459192|570,868611|3,181571|-4,229231|-1,127617|-6,540379|21,658821|35,428040|
20170121_151714|60977|298|10,638298|1|CarroTeste|1|bean_a1.7_b2_xc320_yc240_scale80|296|149|273|201|56,859476|31,250000|50,000000|18,750000|520,481337|3,271295|-1,262171|1,749719|9,631422|36,162406|15,885728|
20170121_151714|61072|299|10,526316|1|CarroTeste|1|bean_a1.7_b2_xc320_yc240_scale80|296|149|270|201|58,137767|31,914894|50,000000|18,085106|519,970346|3,271295|-4,229231|-1,217341|-6,988766|18,641922|33,355113|
20170121_151714|61165|300|10,752688|0|CarroTeste|1|bean_a1.7_b2_xc320_yc240_scale80|289|146|267|201|59,236813|32,258065|50,000000|17,741935|520,496330|3,141593|-1,260744|1,880849|10,423755|36,997190|15,052443|
20170121_151714|61257|301|10,752688|0|CarroTeste|1|bean_a1.7_b2_xc320_yc240_scale80|284|144|264|201|60,406953|32,258065|50,000000|17,741935|522,159321|3,306741|-4,240620|-1,264176|-7,191974|18,537467|33,678466|
20170121_151714|61350|302|10,638298|0|CarroTeste|1|bean_a1.7_b2_xc320_yc240_scale80|284|144|262|200|60,166436|24,043742|50,000000|25,956258|551,853909|3,224734|-1,273560|1,784891|9,938108|38,053862|17,131529|
20170121_151714|61446|303|10,638298|0|CarroTeste|1|bean_a1.7_b2_xc320_yc240_scale80|284|144|260|201|61,846584|23,292375|50,000000|26,707625|556,851875|3,306741|-1,273560|1,702884|9,641563|37,991608|17,693580|
20170121_151714|61538|304|10,638298|0|CarroTeste|1|bean_a1.7_b2_xc320_yc240_scale80|279|142|256|200|62,393910|44,334469|50,000000|5,665531|487,545875|3,224734|-4,260689|-1,202238|-6,632642|17,395565|31,359022|
20170121_151714|61631|305|10,638298|0|CarroTeste|1|bean_a1.7_b2_xc320_yc240_scale80|279|142|253|200|63,560994|32,258065|50,000000|17,741935|529,288801|3,386571|-4,260689|-1,364075|-7,660407|18,400854|34,528026|
20170121_151714|61727|306|10,752688|0|CarroTeste|1|bean_a1.7_b2_xc320_yc240_scale80|271|139|251|200|64,195015|21,052632|50,000000|28,947368|569,195035|3,386571|-1,339232|1,557382|8,737472|37,657091|19,262413|
20170121_151714|61818|307|10,752688|0|CarroTeste|1|bean_a1.7_b2_xc320_yc240_scale80|264|137|249|199|63,788714|24,305087|50,000000|25,694913|560,813586|3,355653|-1,378528|1,549004|8,837136|37,342928|18,738431|
20170121_151715|61914|308|10,416667|0|CarroTeste|1|bean_a1.7_b2_xc320_yc240_scale80|264|137|246|200|65,520989|32,940392|50,000000|17,059608|533,746344|3,306741|-1,378528|1,597916|9,257431|36,431981|16,942653|
20170121_151715|62007|309|10,869565|0|CarroTeste|1|bean_a1.7_b2_xc320_yc240_scale80|264|137|243|199|65,459911|34,372583|50,000000|15,627417|530,462577|3,355653|-1,378528|1,549004|9,132189|36,135959|16,910298|
20170121_151715|62099|310|10,638298|0|CarroTeste|1|bean_a1.7_b2_xc320_yc240_scale80|252|134|239|199|66,287254|43,010753|50,000000|6,989247|502,445502|3,437033|-1,462057|1,384095|8,343881|33,905308|16,339243|
20170121_151715|62196|311|10,526316|0|CarroTeste|1|bean_a1.7_b2_xc320_yc240_scale80|246|133|237|198|65,620119|23,292375|50,000000|26,707625|570,390899|3,568220|-4,470629|-1,755664|-9,287506|18,743223|38,295867|
20170121_151715|62292|312|10,638298|0|CarroTeste|1|bean_a1.7_b2_xc320_yc240_scale80|246|133|234|197|65,115282|32,940392|50,000000|17,059608|539,970910|3,624106|-4,470629|-1,811550|-9,768297|16,716128|37,280963|
20170121_151715|62385|313|10,752688|0|CarroTeste|1|bean_a1.7_b2_xc320_yc240_scale80|238|132|232|197|65,276336|21,739130|50,000000|28,260870|579,801022|3,695900|-1,564327|1,022959|6,096004|35,406897|22,573205|
20170121_151715|62476|314|10,638298|0|CarroTeste|1|bean_a1.7_b2_xc320_yc240_scale80|238|132|229|195|63,639610|39,190775|50,000000|10,809225|522,892225|3,695900|-1,564327|1,022959|6,192221|32,662739|19,626484|
20170121_151715|62573|315|10,638298|0|CarroTeste|1|bean_a1.7_b2_xc320_yc240_scale80|226|131|226|193|62,000000|37,557826|50,000000|12,442174|529,475093|3,514580|-4,626234|-1,857629|-10,007063|15,940004|37,007505|
20170121_151715|62664|316|10,638298|0|CarroTeste|1|bean_a1.7_b2_xc320_yc240_scale80|214|132|223|192|60,671245|34,372583|50,000000|15,627417|541,512151|3,568220|-1,753891|0,961075|5,762733|33,141642|21,009573|
20170121_151715|62756|317|10,869565|0|CarroTeste|1|bean_a1.7_b2_xc320_yc240_scale80|214|132|220|191|59,304300|34,372583|50,000000|15,627417|542,980432|3,682012|-4,720950|-2,119777|-11,575434|14,964354|39,333689|
20170121_151715|62853|318|10,526316|0|CarroTeste|1|bean_a1.7_b2_xc320_yc240_scale80|214|132|217|190|58,077534|32,600801|50,000000|17,399199|550,490602|3,546484|-4,720950|-1,984249|-11,006767|15,938460|39,110601|
20170121_151716|62943|319|10,869565|0|CarroTeste|1|bean_a1.7_b2_xc320_yc240_scale80|205|133|215|189|56,885851|24,572176|50,000000|25,427824|579,525263|3,546484|-1,826341|0,910360|5,182197|34,431207|23,521319|
20170121_151716|63038|320|10,526316|0|CarroTeste|1|bean_a1.7_b2_xc320_yc240_scale80|200|134|212|187|54,341513|37,953171|50,000000|12,046829|536,238638|3,490364|-1,866803|0,926019|5,355478|32,449277|21,174587|
20170121_151716|63131|321|10,752688|0|CarroTeste|1|bean_a1.7_b2_xc320_yc240_scale80|196|135|209|186|52,630789|34,372583|50,000000|15,627417|549,587652|3,386571|-1,900992|0,995622|5,836042|33,622585|21,336180|
20170121_151716|63225|322|10,638298|0|CarroTeste|1|bean_a1.7_b2_xc320_yc240_scale80|189|137|206|186|51,865210|31,914894|50,000000|18,085106|559,440282|3,407845|-4,927095|-2,051755|-11,309241|16,067550|39,876479|
20170121_151716|63319|323|10,526316|0|CarroTeste|1|bean_a1.7_b2_xc320_yc240_scale80|189|137|204|186|51,244512|21,052632|50,000000|28,947368|598,203418|3,407845|-1,960036|0,915305|5,282370|35,470561|24,349781|
20170121_151716|63414|324|10,752688|0|CarroTeste|1|bean_a1.7_b2_xc320_yc240_scale80|183|139|201|185|49,396356|33,641252|50,000000|16,358748|557,960856|3,514580|-2,013044|0,755561|4,465120|32,598169|23,197917|
20170121_151716|63510|325|10,752688|0|CarroTeste|1|bean_a1.7_b2_xc320_yc240_scale80|183|139|197|184|47,127487|42,949017|50,000000|7,050983|527,729417|3,437033|-4,980103|-2,133952|-11,811356|13,953465|38,819477|
20170121_151716|63600|326|10,638298|0|CarroTeste|1|bean_a1.7_b2_xc320_yc240_scale80|173|143|193|183|44,721360|45,308853|50,000000|4,691147|520,335948|3,490364|-5,070225|-2,277404|-12,822127|12,519821|39,513773|
20170121_151716|63696|327|10,526316|0|CarroTeste|1|bean_a1.7_b2_xc320_yc240_scale80|171|144|191|183|43,829214|21,052632|50,000000|28,947368|603,556675|3,437033|-2,121445|0,724707|3,947982|34,333604|26,022064|
20170121_151716|63788|328|10,638298|0|CarroTeste|1|bean_a1.7_b2_xc320_yc240_scale80|169|145|188|182|41,593269|34,002986|50,000000|15,997014|562,070789|3,386571|-2,143489|0,753125|4,176165|32,499502|23,707577|
20170121_151716|63880|329|10,869565|0|CarroTeste|1|bean_a1.7_b2_xc320_yc240_scale80|164|148|185|182|39,962482|32,608696|50,000000|17,391304|568,332160|3,306741|-2,191656|0,784788|4,426443|33,076022|23,757194|
20170121_151717|63976|330|10,638298|0|CarroTeste|1|bean_a1.7_b2_xc320_yc240_scale80|164|148|182|181|37,589892|33,287133|50,000000|16,712867|567,648178|3,261022|-2,191656|0,830508|4,758919|33,391798|23,373020|
20170121_151717|64070|331|10,526316|0|CarroTeste|1|bean_a1.7_b2_xc320_yc240_scale80|159|151|178|181|35,510562|42,553191|50,000000|7,446809|537,589342|3,355653|-5,144318|-2,216786|-12,401979|13,824752|39,934182|
20170121_151717|64163|332|10,638298|0|CarroTeste|1|bean_a1.7_b2_xc320_yc240_scale80|156|153|175|181|33,837849|31,914894|50,000000|18,085106|574,591468|3,407845|-5,111446|-2,236106|-12,718373|15,341812|42,117335|
20170121_151717|64255|333|10,869565|0|CarroTeste|1|bean_a1.7_b2_xc320_yc240_scale80|151|157|171|180|30,479501|45,308853|50,000000|4,691147|530,580021|3,386571|-5,030565|-2,133951|-12,351710|13,527201|39,530801|
20170121_151717|64351|334|10,526316|0|CarroTeste|1|bean_a1.7_b2_xc320_yc240_scale80|151|157|170|179|29,068884|14,731391|50,000000|35,268609|635,371090|3,355653|-2,648630|0,278902|1,098218|32,924573|30,612536|
20170121_151717|64452|335|10,752688|0|CarroTeste|1|bean_a1.7_b2_xc320_yc240_scale80|151|157|166|179|26,627054|39,603960|50,000000|10,396040|553,796119|3,185044|-2,746303|0,351839|1,537082|29,307787|26,071825|
20170121_151717|64543|336|10,638298|0|CarroTeste|1|bean_a1.7_b2_xc320_yc240_scale80|145|162|162|179|24,041631|43,956044|50,000000|6,043956|539,917839|3,058451|-4,842676|-1,617942|-9,573434|16,918593|37,073191|
20170121_151717|64631|337|10,752688|0|CarroTeste|1|bean_a1.7_b2_xc320_yc240_scale80|144|163|159|180|22,671568|35,934973|50,000000|14,065027|567,858471|3,011890|-4,799575|-1,528280|-9,217844|18,689930|38,095917|
20170121_151717|64727|338|10,526316|0|CarroTeste|1|bean_a1.7_b2_xc320_yc240_scale80|140|167|155|180|19,849433|42,105263|50,000000|7,894737|548,117738|3,058451|-4,737720|-1,512986|-9,273569|17,644235|37,167539|
20170121_151717|64819|339|10,752688|0|CarroTeste|1|bean_a1.7_b2_xc320_yc240_scale80|139|168|152|181|18,384776|33,641252|50,000000|16,358748|577,746437|2,944197|-4,690984|-1,351996|-8,506151|19,933479|37,841165|
20170121_151718|64913|340|10,638298|0|CarroTeste|1|bean_a1.7_b2_xc320_yc240_scale80|137|170|150|182|17,691806|24,043742|50,000000|25,956258|612,030043|2,819842|-4,691021|-1,227678|-7,928668|22,255535|38,947469|
20170121_151718|65006|341|10,869565|0|CarroTeste|1|bean_a1.7_b2_xc320_yc240_scale80|135|172|146|183|15,556349|44,334469|50,000000|5,665531|545,218616|2,768605|-4,633509|-1,118929|-7,429355|19,440557|35,081305|
20170121_151718|65101|342|10,416667|0|CarroTeste|1|bean_a1.7_b2_xc320_yc240_scale80|132|176|143|185|14,212670|37,953171|50,000000|12,046829|567,527000|2,601173|-4,619884|-0,937871|-6,509556|21,524185|35,228515|
20170121_151718|65194|343|10,869565|0|CarroTeste|1|bean_a1.7_b2_xc320_yc240_scale80|129|180|139|187|12,206556|47,575914|50,000000|2,424086|535,816236|2,521343|-3,611652|0,150191|-0,441951|26,325601|27,256023|
20170121_151718|65287|344|10,526316|0|CarroTeste|1|bean_a1.7_b2_xc320_yc240_scale80|129|180|138|188|12,041595|15,206597|50,000000|34,793403|646,512320|2,473303|-3,618250|0,191632|-0,193538|32,121891|32,529341|
20170121_151718|65381|345|10,752688|0|CarroTeste|1|bean_a1.7_b2_xc320_yc240_scale80|125|186|135|191|11,180340|45,619792|50,000000|4,380208|545,980193|2,414950|-4,616599|-0,748364|-5,493611|21,516261|33,081758|
20170121_151718|65479|346|10,638298|0|CarroTeste|1|bean_a1.7_b2_xc320_yc240_scale80|124|188|133|193|10,295630|28,861501|50,000000|21,138499|603,584286|2,356194|-4,597674|-0,670684|-5,124246|24,785271|35,573157|
20170121_151718|65569|347|10,638298|0|CarroTeste|1|bean_a1.7_b2_xc320_yc240_scale80|122|191|130|196|9,433981|47,140452|50,000000|2,859548|543,181390|2,414950|-4,604556|-0,736321|-5,558433|21,308088|33,010051|
20170121_151718|65664|348|10,526316|0|CarroTeste|1|bean_a1.7_b2_xc320_yc240_scale80|120|195|128|199|8,944272|37,953171|50,000000|12,046829|574,801408|2,356194|-3,911032|0,015959|-1,371364|27,296530|30,183611|
20170121_151718|65756|349|10,869565|0|CarroTeste|1|bean_a1.7_b2_xc320_yc240_scale80|118|200|126|201|8,062258|30,413195|50,000000|19,586805|601,666998|2,300696|-3,992363|-0,009874|-1,516001|28,487559|31,679140|
20170121_151718|65852|350|10,526316|0|CarroTeste|1|bean_a1.7_b2_xc320_yc240_scale80|118|200|124|203|6,708204|29,772917|50,000000|20,227083|605,682669|2,239086|-4,046525|-0,002426|-1,474785|28,731728|31,836539|
20170121_151719|65946|351|10,638298|0|CarroTeste|1|bean_a1.7_b2_xc320_yc240_scale80|116|205|122|207|6,324555|47,575914|50,000000|2,424086|546,825036|2,191046|-4,618387|-0,526248|-4,438220|22,669441|32,013062|
20170121_151719|66037|352|10,869565|0|CarroTeste|1|bean_a1.7_b2_xc320_yc240_scale80|115|208|120|210|5,385165|39,621443|50,000000|10,378557|574,199387|2,191046|-4,183867|-0,091727|-2,029553|26,573597|30,846341|
20170121_151719|66131|353|10,638298|0|CarroTeste|1|bean_a1.7_b2_xc320_yc240_scale80|114|211|118|213|4,472136|38,356928|50,000000|11,643072|579,487661|2,181522|-4,607893|-0,506231|-4,383097|24,360597|33,588169|
20170121_151719|66227|354|10,638298|0|CarroTeste|1|bean_a1.7_b2_xc320_yc240_scale80|113|215|117|216|4,123106|33,287133|50,000000|16,712867|597,882317|2,125104|-4,302439|-0,144358|-2,383392|27,385282|32,402949|
20170121_151719|66319|355|10,638298|0|CarroTeste|1|bean_a1.7_b2_xc320_yc240_scale80|112|218|116|218|4,000000|23,787957|50,000000|26,212043|631,865554|2,125104|-4,661562|-0,503481|-4,428513|26,931685|36,254870|
20170121_151719|66413|356|10,638298|0|CarroTeste|1|bean_a1.7_b2_xc320_yc240_scale80|111|222|114|222|3,000000|47,575914|50,000000|2,424086|553,139129|2,053310|-4,424431|-0,194555|-2,727975|24,785404|30,528509|
20170121_151719|66506|357|10,869565|0|CarroTeste|1|bean_a1.7_b2_xc320_yc240_scale80|111|225|113|225|2,000000|34,372583|50,000000|15,627417|598,427904|1,997424|-4,650207|-0,364445|-3,707510|26,018753|33,824037|
20170121_151719|66600|358|10,526316|0|CarroTeste|1|bean_a1.7_b2_xc320_yc240_scale80|110|229|112|229|2,000000|43,401112|50,000000|6,598888|569,079030|1,997424|-4,533236|-0,247474|-3,079887|25,211965|31,695938|
20170121_151719|66694|359|10,638298|0|CarroTeste|1|bean_a1.7_b2_xc320_yc240_scale80|110|232|110|232|0,000000|39,190775|50,000000|10,809225|584,066605|1,919567|-4,643397|-0,279779|-3,285841|25,744550|32,662111|
20170121_151719|66794|360|10,416667|0|CarroTeste|1|bean_a1.7_b2_xc320_yc240_scale80|110|236|109|236|1,000000|40,822828|50,000000|9,177172|579,506597|1,943784|-4,722208|-0,382806|-3,894434|24,875926|33,074734|
20170121_151719|66881|361|10,869565|0|CarroTeste|1|bean_a1.7_b2_xc320_yc240_scale80|110|238|109|238|1,000000|22,727273|50,000000|27,272727|642,123937|1,866237|-4,739463|-0,322515|-3,589543|28,327731|35,884663|
20170121_151720|66974|362|10,869565|0|CarroTeste|1|bean_a1.7_b2_xc320_yc240_scale80|110|242|108|242|2,000000|44,816365|50,000000|5,183635|569,298554|1,866237|-4,818289|-0,401341|-4,066096|24,184826|32,745029|
20170121_151720|67067|363|10,638298|0|CarroTeste|1|bean_a1.7_b2_xc320_yc240_scale80|110|245|107|245|3,000000|33,287133|50,000000|16,712867|609,132657|1,815775|-4,888478|-0,421067|-4,215299|26,019476|34,893790|
20170121_151720|67164|364|10,309278|0|CarroTeste|1|bean_a1.7_b2_xc320_yc240_scale80|110|250|107|250|3,000000|52,083333|50,000000|-2,083333|546,548463|1,735945|-4,940181|-0,392941|-4,094957|23,016942|31,637904|
20170121_151720|67257|365|10,869565|0|CarroTeste|1|bean_a1.7_b2_xc320_yc240_scale80|110|253|106|253|4,000000|34,002986|50,000000|15,997014|608,057030|1,690225|-5,010297|-0,417337|-4,270229|25,907873|34,897830|
20170121_151720|67349|366|10,869565|0|CarroTeste|1|bean_a1.7_b2_xc320_yc240_scale80|111|256|106|256|5,000000|32,608696|50,000000|17,391304|614,316118|1,690225|-5,076075|-0,483115|-4,681635|25,787769|35,643843|
20170121_151720|67446|367|10,526316|0|CarroTeste|1|bean_a1.7_b2_xc320_yc240_scale80|111|259|106|259|5,000000|31,250000|50,000000|18,750000|620,581136|1,653938|-5,106100|-0,476852|-4,691310|26,090836|35,967278|
20170121_151720|67542|368|10,638298|0|CarroTeste|1|bean_a1.7_b2_xc320_yc240_scale80|111|259|106|262|5,830952|31,250000|50,000000|18,750000|622,336957|1,653938|-5,139338|-0,510091|-4,923870|25,933826|36,299869|
20170121_151720|67632|369|10,752688|0|CarroTeste|1|bean_a1.7_b2_xc320_yc240_scale80|112|264|107|266|5,385165|45,812285|50,000000|4,187715|574,398481|1,570796|-5,168562|-0,456173|-4,666986|23,807308|33,632540|
20170121_151720|67726|370|10,638298|0|CarroTeste|1|bean_a1.7_b2_xc320_yc240_scale80|113|268|107|268|6,000000|21,276596|50,000000|28,723404|658,525806|1,527345|-5,231519|-0,475680|-4,819926|27,852684|37,999896|
20170121_151720|67818|371|10,638298|0|CarroTeste|1|bean_a1.7_b2_xc320_yc240_scale80|114|271|107|273|7,280110|53,763441|50,000000|-3,763441|550,346844|1,441094|-5,312466|-0,470374|-4,834494|22,428401|32,606283|
20170121_151721|67914|372|10,526316|0|CarroTeste|1|bean_a1.7_b2_xc320_yc240_scale80|115|274|109|277|6,708204|47,075115|50,000000|2,924885|572,819337|1,405648|-5,323467|-0,445930|-4,739841|23,651661|33,630273|
20170121_151721|68006|373|10,869565|0|CarroTeste|1|bean_a1.7_b2_xc320_yc240_scale80|117|279|110|281|7,280110|44,816365|50,000000|5,183635|580,803467|1,405648|-4,814503|0,063034|-1,902741|27,037288|31,043059|
20170121_151721|68101|374|10,526316|0|CarroTeste|1|bean_a1.7_b2_xc320_yc240_scale80|118|281|111|285|8,062258|43,401112|50,000000|6,598888|586,117668|1,275355|-5,453362|-0,445532|-4,773662|24,280976|34,330791|
20170121_151721|68195|375|10,638298|0|CarroTeste|1|bean_a1.7_b2_xc320_yc240_scale80|120|285|112|288|8,544004|33,641252|50,000000|16,358748|620,044676|1,275355|-4,830861|0,176969|-1,294139|29,639982|32,364486|
20170121_151721|68287|376|10,752688|0|CarroTeste|1|bean_a1.7_b2_xc320_yc240_scale80|121|287|114|291|8,062258|38,769369|50,000000|11,230631|604,077621|1,197809|-5,515893|-0,430516|-4,714059|25,241713|35,166049|
20170121_151721|68380|377|10,869565|0|CarroTeste|1|bean_a1.7_b2_xc320_yc240_scale80|122|289|115|293|8,062258|24,043742|50,000000|25,956258|655,388985|1,197809|-5,536610|-0,451233|-4,871924|27,641109|37,897790|
20170121_151721|68476|378|10,416667|0|CarroTeste|1|bean_a1.7_b2_xc320_yc240_scale80|124|293|117|297|8,062258|47,075115|50,000000|2,924885|579,217318|1,144169|-4,928753|0,210264|-1,171838|27,727352|30,194379|
20170121_151721|68568|379|10,869565|0|CarroTeste|1|bean_a1.7_b2_xc320_yc240_scale80|126|296|119|300|8,062258|39,190775|50,000000|10,809225|606,401102|1,088283|-4,965655|0,229247|-1,044507|29,220574|31,419536|
20170121_151721|68666|380|10,416667|0|CarroTeste|1|bean_a1.7_b2_xc320_yc240_scale80|128|299|121|304|8,602325|46,584750|50,000000|3,415250|582,177119|1,071450|-5,664850|-0,453115|-4,883223|23,968621|34,249091|
20170121_151721|68757|381|10,869565|0|CarroTeste|1|bean_a1.7_b2_xc320_yc240_scale80|130|302|124|307|7,810250|45,619792|50,000000|4,380208|585,791495|1,088283|-5,040775|0,154127|-1,490605|27,720517|30,858633|
20170121_151721|68853|382|10,526316|0|CarroTeste|1|bean_a1.7_b2_xc320_yc240_scale80|133|306|126|311|8,602325|47,075115|50,000000|2,924885|581,234803|1,030377|-5,053373|0,199435|-1,219896|27,777640|30,345841|
20170121_151722|68943|383|10,869565|0|CarroTeste|1|bean_a1.7_b2_xc320_yc240_scale80|134|307|128|312|7,810250|24,305087|50,000000|25,694913|659,218536|0,970746|-5,721891|-0,409452|-4,645878|28,070529|37,851325|
20170121_151722|69037|384|10,638298|0|CarroTeste|1|bean_a1.7_b2_xc320_yc240_scale80|136|309|130|315|8,485281|38,769369|50,000000|11,230631|612,262906|0,982794|-5,776821|-0,476429|-5,063165|25,283497|35,942793|
20170121_151722|69132|385|10,526316|0|CarroTeste|1|bean_a1.7_b2_xc320_yc240_scale80|139|312|133|318|8,485281|44,659376|50,000000|5,340624|593,213596|0,970746|-5,816462|-0,504023|-5,263757|24,119883|35,201477|
20170121_151722|69225|386|10,752688|0|CarroTeste|1|bean_a1.7_b2_xc320_yc240_scale80|142|315|136|321|8,485281|45,619792|50,000000|4,380208|590,436986|0,847817|-5,176976|0,258393|-0,997937|28,471389|30,572309|
20170121_151722|69321|387|10,638298|0|CarroTeste|1|bean_a1.7_b2_xc320_yc240_scale80|144|317|138|323|8,485281|29,462783|50,000000|20,537217|645,988205|0,847817|-5,879253|-0,443885|-4,946740|27,092315|37,506505|
20170121_151722|69414|388|10,638298|0|CarroTeste|1|bean_a1.7_b2_xc320_yc240_scale80|147|320|141|326|8,485281|45,619792|50,000000|4,380208|592,771526|0,785398|-5,235404|0,262384|-0,992919|28,593398|30,683755|
20170121_151722|69505|389|10,752688|0|CarroTeste|1|bean_a1.7_b2_xc320_yc240_scale80|148|321|144|329|8,944272|46,115660|50,000000|3,884340|591,490697|0,785398|-5,944188|-0,446401|-4,977962|24,334575|34,814495|
20170121_151722|69601|390|10,638298|0|CarroTeste|1|bean_a1.7_b2_xc320_yc240_scale80|153|325|147|331|8,485281|37,953171|50,000000|12,046829|619,711685|0,722979|-5,983419|-0,423213|-4,888619|25,839670|36,131499|
20170121_151722|69694|391|10,526316|0|CarroTeste|1|bean_a1.7_b2_xc320_yc240_scale80|153|325|149|332|8,062258|24,043742|50,000000|25,956258|668,312760|0,722979|-5,966498|-0,406293|-4,832687|28,328599|38,502677|
20170121_151722|69789|392|10,752688|0|CarroTeste|1|bean_a1.7_b2_xc320_yc240_scale80|156|327|152|335|8,944272|44,659376|50,000000|5,340624|600,385563|0,661043|-6,032206|-0,410064|-4,891949|24,869858|35,168698|
20170121_151722|69882|393|10,752688|0|CarroTeste|1|bean_a1.7_b2_xc320_yc240_scale80|162|331|156|337|8,485281|47,575914|50,000000|2,424086|590,932353|0,661043|-5,399011|0,223131|-1,348282|28,127373|30,965862|
20170121_151723|69977|394|10,526316|0|CarroTeste|1|bean_a1.7_b2_xc320_yc240_scale80|164|332|160|339|8,062258|48,087483|50,000000|1,912517|589,413639|0,540420|-5,434576|0,308190|-0,846290|28,579851|30,361513|
20170121_151723|70068|395|10,869565|0|CarroTeste|1|bean_a1.7_b2_xc320_yc240_scale80|167|334|163|341|8,062258|39,190775|50,000000|10,809225|619,958388|0,540420|-5,464239|0,278527|-0,984723|29,961369|32,034470|
20170121_151723|70164|396|10,416667|0|CarroTeste|1|bean_a1.7_b2_xc320_yc240_scale80|169|335|167|342|7,280110|42,949017|50,000000|7,050983|608,141311|0,540420|-5,513958|0,228807|-1,240273|29,101515|31,712616|
20170121_151723|70255|397|10,869565|0|CarroTeste|1|bean_a1.7_b2_xc320_yc240_scale80|174|337|170|343|7,211103|34,372583|50,000000|15,627417|638,071299|0,463648|-5,564258|0,255279|-1,069070|30,778228|33,028901|
20170121_151723|70350|398|10,638298|0|CarroTeste|1|bean_a1.7_b2_xc320_yc240_scale80|176|338|173|344|6,708204|33,287133|50,000000|16,712867|643,242070|0,482513|-5,602507|0,198165|-1,368162|30,721933|33,602274|
20170121_151723|70445|399|10,638298|0|CarroTeste|1|bean_a1.7_b2_xc320_yc240_scale80|180|340|177|346|6,708204|47,075115|50,000000|2,924885|597,752998|0,426627|-6,175170|-0,318613|-4,273144|25,389603|34,385696|
20170121_151723|70538|400|10,752688|0|CarroTeste|1|bean_a1.7_b2_xc320_yc240_scale80|183|341|181|347|6,324555|44,816365|50,000000|5,183635|605,735770|0,426627|-6,188377|-0,331819|-4,377719|25,678663|34,894914|
20170121_151723|70632|401|10,638298|0|CarroTeste|1|bean_a1.7_b2_xc320_yc240_scale80|186|342|184|348|6,324555|33,641252|50,000000|16,358748|644,359918|0,463648|-6,213171|-0,393633|-4,758516|27,209031|37,226960|
20170121_151723|70725|402|10,638298|0|CarroTeste|1|bean_a1.7_b2_xc320_yc240_scale80|189|343|188|349|6,082763|44,334469|50,000000|5,665531|609,399436|0,348771|-6,228110|-0,293696|-4,230039|26,017300|34,922644|
20170121_151723|70823|403|10,638298|0|CarroTeste|1|bean_a1.7_b2_xc320_yc240_scale80|192|344|192|350|6,000000|42,506244|50,000000|7,493756|616,170355|0,321751|-6,252698|-0,291263|-4,243897|26,341257|35,275778|
20170121_151724|70913|404|10,638298|0|CarroTeste|1|bean_a1.7_b2_xc320_yc240_scale80|196|345|195|351|6,082763|34,372583|50,000000|15,627417|644,629106|0,266252|-6,290526|-0,273593|-4,171028|27,840899|36,622012|
20170121_151724|71013|405|10,752688|0|CarroTeste|1|bean_a1.7_b2_xc320_yc240_scale80|201|346|198|351|5,830952|30,303030|50,000000|19,696970|659,985534|0,179853|-6,321328|-0,217996|-3,882317|28,912627|37,085926|
20170121_151724|71108|406|10,638298|0|CarroTeste|1|bean_a1.7_b2_xc320_yc240_scale80|206|347|203|352|5,830952|53,673890|50,000000|-3,673890|582,069507|0,214061|-6,361572|-0,292447|-4,323958|24,551941|33,655010|
20170121_151724|71201|407|10,526316|0|CarroTeste|1|bean_a1.7_b2_xc320_yc240_scale80|207|347|207|353|6,000000|44,816365|50,000000|5,183635|611,953998|0,129703|-6,378292|-0,224809|-3,968540|26,420290|34,775110|
20170121_151724|71290|408|10,869565|0|CarroTeste|1|bean_a1.7_b2_xc320_yc240_scale80|210|347|210|353|6,000000|33,333333|50,000000|16,666667|651,628252|0,129703|-6,401360|-0,247877|-4,120114|28,244451|36,918374|
20170121_151724|71384|409|10,638298|0|CarroTeste|1|bean_a1.7_b2_xc320_yc240_scale80|214|348|214|352|4,000000|44,334469|50,000000|5,665531|615,648075|0,000000|-6,353894|-0,070709|-3,141172|27,475907|34,088900|
20170121_151724|71476|410|10,526316|0|CarroTeste|1|bean_a1.7_b2_xc320_yc240_scale80|218|348|218|352|4,000000|43,010753|50,000000|6,989247|620,694942|-0,043451|-6,385907|-0,059271|-3,083024|27,789459|34,280036|
20170121_151724|71575|411|10,638298|0|CarroTeste|1|bean_a1.7_b2_xc320_yc240_scale80|222|348|222|352|4,000000|41,237113|50,000000|8,762887|627,404570|-0,043451|-6,417365|-0,090729|-3,266588|27,931714|34,808743|
20170121_151724|71665|412|10,638298|0|CarroTeste|1|bean_a1.7_b2_xc320_yc240_scale80|226|348|226|352|4,000000|43,478261|50,000000|6,521739|620,576359|-0,043451|-0,165049|-0,121598|-3,449645|27,397613|34,660023|
20170121_151724|71758|413|10,869565|0|CarroTeste|1|bean_a1.7_b2_xc320_yc240_scale80|229|348|229|351|3,000000|34,002986|50,000000|15,997014|653,527305|-0,129703|-0,146287|-0,016584|-2,867051|29,658416|35,694314|
20170121_151724|71856|414|10,638298|0|CarroTeste|1|bean_a1.7_b2_xc320_yc240_scale80|233|348|233|350|2,000000|42,072506|50,000000|7,927494|627,484874|-0,129703|-0,139005|-0,009303|-2,827402|28,398031|34,350457|
20170121_151725|71947|415|10,638298|0|CarroTeste|1|bean_a1.7_b2_xc320_yc240_scale80|236|348|236|350|2,000000|33,333333|50,000000|16,666667|658,052327|-0,214061|-0,159385|0,054675|-2,466360|30,306448|35,498785|
20170121_151725|72045|416|10,638298|0|CarroTeste|1|bean_a1.7_b2_xc320_yc240_scale80|241|347|241|348|1,000000|54,395604|50,000000|-4,395604|587,735607|-0,233743|-0,159042|0,074701|-2,347925|26,915280|31,858281|
20170121_151725|72135|417|10,752688|0|CarroTeste|1|bean_a1.7_b2_xc320_yc240_scale80|245|347|245|347|0,000000|46,327030|50,000000|3,672970|614,859799|-0,266252|-0,146401|0,119851|-2,085503|28,547724|32,938256|
20170121_151725|72226|418|10,526316|0|CarroTeste|1|bean_a1.7_b2_xc320_yc240_scale80|249|346|249|346|0,000000|44,816365|50,000000|5,183635|620,359233|-0,266252|-0,175487|0,090765|-2,238843|28,661285|33,374639|
20170121_151725|72321|419|10,752688|0|CarroTeste|1|bean_a1.7_b2_xc320_yc240_scale80|253|345|253|344|1,000000|47,075115|50,000000|2,924885|613,137072|-0,266252|-0,245913|0,020339|-2,628715|27,889785|33,423923|
20170121_151725|72414|420|10,752688|0|CarroTeste|1|bean_a1.7_b2_xc320_yc240_scale80|257|344|255|342|2,828427|30,413195|50,000000|19,586805|670,274582|-0,348771|-0,345642|0,003129|-2,724168|30,646183|36,381275|
20170121_151725|72508|421|10,526316|0|CarroTeste|1|bean_a1.7_b2_xc320_yc240_scale80|261|343|259|341|2,828427|43,862826|50,000000|6,137174|626,209479|-0,321751|-0,373105|-0,051354|-3,032083|28,118808|34,502140|
20170121_151725|72607|422|10,752688|0|CarroTeste|1|bean_a1.7_b2_xc320_yc240_scale80|264|342|263|339|3,162278|45,634040|50,000000|4,365960|620,740972|-0,348771|-0,152925|0,195846|-1,638385|29,312432|32,761665|
20170121_151725|72704|423|10,526316|0|CarroTeste|1|bean_a1.7_b2_xc320_yc240_scale80|268|341|266|337|4,472136|36,791340|50,000000|13,208660|651,326850|-0,463648|-0,124790|0,338858|-0,811165|31,712485|33,420200|
20170121_151725|72831|424|7,246377|0|CarroTeste|1|bean_a1.7_b2_xc320_yc240_scale80|271|340|270|335|5,099020|34,667721|50,000000|15,332279|659,776321|-0,463648|-0,526264|-0,062617|-3,049843|29,778455|36,199177|
20170121_151726|72928|425|10,416667|0|CarroTeste|1|bean_a1.7_b2_xc320_yc240_scale80|277|338|275|332|6,324555|60,739082|50,000000|-10,739082|572,318165|-0,524796|-0,607666|-0,082870|-3,170117|25,278943|31,952874|
20170121_151726|73024|426|10,752688|1|CarroTeste|1|bean_a1.7_b2_xc320_yc240_scale80|279|337|278|331|6,082763|33,287133|50,000000|16,712867|664,916986|-0,426627|-0,120997|0,305631|-0,984475|32,209560|34,282138|
20170121_151726|73116|427|10,638298|1|CarroTeste|1|bean_a1.7_b2_xc320_yc240_scale80|284|335|281|328|7,615773|45,619792|50,000000|4,380208|624,446019|-0,524796|-0,079762|0,445033|-0,168138|31,045314|31,399288|
20170121_151726|73213|428|10,526316|1|CarroTeste|1|bean_a1.7_b2_xc320_yc240_scale80|287|334|284|327|7,615773|32,600801|50,000000|17,399199|669,256143|-0,540420|-0,088971|0,451448|-0,090191|33,367870|33,557745|
20170121_151726|73307|429|10,638298|1|CarroTeste|1|bean_a1.7_b2_xc320_yc240_scale80|289|333|287|324|9,219544|45,619792|50,000000|4,380208|626,510772|-0,540420|-0,028866|0,511553|0,291966|31,632872|31,018205|
20170121_151726|73399|430|10,869565|1|CarroTeste|1|bean_a1.7_b2_xc320_yc240_scale80|294|331|290|322|9,848858|39,621443|50,000000|10,378557|647,382885|-0,482513|-0,005231|0,477282|0,147338|32,524236|32,214052|
