TimeStamp|Ticks|FrameNum|FPS|LogaDados|Robo|achou|trajetoria|Xd|Yd|Xa|Ya|DistMelhorPonto|velAtual|velAtualDerivSuja|velDesejada|erroVel|SaidaControleLinear|angAtual|angDesejado|erroAng|SaidaControleAngular|SinalDeControle1|SinalDeControle2|
20170204_150554|10034|1|0,000001|0||0||0|0|0|0|0,000000|0,000000|0,000000|0,000000|0,000000|0,000000|0,000000|0,000000|0,000000|0,000000|0,000000|0,000000|
20170204_150554|10133|2|9,900990|0||0||0|0|0|0|0,000000|0,000000|0,000000|0,000000|0,000000|0,000000|0,000000|0,000000|0,000000|0,000000|0,000000|0,000000|
20170204_150555|10180|3|21,276596|0||0||0|0|0|0|0,000000|0,000000|0,000000|0,000000|0,000000|0,000000|0,000000|0,000000|0,000000|0,000000|0,000000|0,000000|
20170204_150555|10226|4|21,276596|0||0||0|0|0|0|0,000000|0,000000|0,000000|0,000000|0,000000|0,000000|0,000000|0,000000|0,000000|0,000000|0,000000|0,000000|
20170204_150555|10275|5|21,276596|0||0||0|0|0|0|0,000000|0,000000|0,000000|0,000000|0,000000|0,000000|0,000000|0,000000|0,000000|0,000000|0,000000|0,000000|
20170204_150555|10322|6|21,276596|0||0||0|0|0|0|0,000000|0,000000|0,000000|0,000000|0,000000|0,000000|0,000000|0,000000|0,000000|0,000000|0,000000|0,000000|
20170204_150555|10368|7|21,276596|0||0||0|0|0|0|0,000000|0,000000|0,000000|0,000000|0,000000|0,000000|0,000000|0,000000|0,000000|0,000000|0,000000|0,000000|
20170204_150555|10414|8|21,276596|0||0||0|0|0|0|0,000000|0,000000|0,000000|0,000000|0,000000|0,000000|0,000000|0,000000|0,000000|0,000000|0,000000|0,000000|
20170204_150555|10462|9|21,276596|0||0||0|0|0|0|0,000000|0,000000|0,000000|0,000000|0,000000|0,000000|0,000000|0,000000|0,000000|0,000000|0,000000|0,000000|
20170204_150555|10510|10|20,408163|0||0||0|0|0|0|0,000000|0,000000|0,000000|0,000000|0,000000|0,000000|0,000000|0,000000|0,000000|0,000000|0,000000|0,000000|
20170204_150555|10557|11|22,222222|0||0||0|0|0|0|0,000000|0,000000|0,000000|0,000000|0,000000|0,000000|0,000000|0,000000|0,000000|0,000000|0,000000|0,000000|
20170204_150555|10603|12|21,276596|0||0||0|0|0|0|0,000000|0,000000|0,000000|0,000000|0,000000|0,000000|0,000000|0,000000|0,000000|0,000000|0,000000|0,000000|
20170204_150555|10651|13|21,739130|0||0||0|0|0|0|0,000000|0,000000|0,000000|0,000000|0,000000|0,000000|0,000000|0,000000|0,000000|0,000000|0,000000|0,000000|
20170204_150555|10696|14|20,833333|0||0||0|0|0|0|0,000000|0,000000|0,000000|0,000000|0,000000|0,000000|0,000000|0,000000|0,000000|0,000000|0,000000|0,000000|
20170204_150555|10746|15|20,408163|0||0||0|0|0|0|0,000000|0,000000|0,000000|0,000000|0,000000|0,000000|0,000000|0,000000|0,000000|0,000000|0,000000|0,000000|
20170204_150555|10792|16|22,222222|0||0||0|0|0|0|0,000000|0,000000|0,000000|0,000000|0,000000|0,000000|0,000000|0,000000|0,000000|0,000000|0,000000|0,000000|
20170204_150555|10837|17|22,222222|0||0||0|0|0|0|0,000000|0,000000|0,000000|0,000000|0,000000|0,000000|0,000000|0,000000|0,000000|0,000000|0,000000|0,000000|
20170204_150555|10884|18|20,833333|0||0||0|0|0|0|0,000000|0,000000|0,000000|0,000000|0,000000|0,000000|0,000000|0,000000|0,000000|0,000000|0,000000|0,000000|
20170204_150555|10931|19|21,276596|0||0||0|0|0|0|0,000000|0,000000|0,000000|0,000000|0,000000|0,000000|0,000000|0,000000|0,000000|0,000000|0,000000|0,000000|
20170204_150555|10979|20|20,833333|0||0||0|0|0|0|0,000000|0,000000|0,000000|0,000000|0,000000|0,000000|0,000000|0,000000|0,000000|0,000000|0,000000|0,000000|
20170204_150555|11025|21|21,739130|0||0||0|0|0|0|0,000000|0,000000|0,000000|0,000000|0,000000|0,000000|0,000000|0,000000|0,000000|0,000000|0,000000|0,000000|
20170204_150555|11074|22|21,276596|0||0||0|0|0|0|0,000000|0,000000|0,000000|0,000000|0,000000|0,000000|0,000000|0,000000|0,000000|0,000000|0,000000|0,000000|
20170204_150555|11119|23|21,276596|0||0||0|0|0|0|0,000000|0,000000|0,000000|0,000000|0,000000|0,000000|0,000000|0,000000|0,000000|0,000000|0,000000|0,000000|
20170204_150555|11166|24|21,739130|0||0||0|0|0|0|0,000000|0,000000|0,000000|0,000000|0,000000|0,000000|0,000000|0,000000|0,000000|0,000000|0,000000|0,000000|
20170204_150556|11213|25|20,833333|0||0||0|0|0|0|0,000000|0,000000|0,000000|0,000000|0,000000|0,000000|0,000000|0,000000|0,000000|0,000000|0,000000|0,000000|
20170204_150556|11259|26|21,739130|0||0||0|0|0|0|0,000000|0,000000|0,000000|0,000000|0,000000|0,000000|0,000000|0,000000|0,000000|0,000000|0,000000|0,000000|
20170204_150556|11307|27|21,739130|0||0||0|0|0|0|0,000000|0,000000|0,000000|0,000000|0,000000|0,000000|0,000000|0,000000|0,000000|0,000000|0,000000|0,000000|
20170204_150556|11353|28|20,833333|0||0||0|0|0|0|0,000000|0,000000|0,000000|0,000000|0,000000|0,000000|0,000000|0,000000|0,000000|0,000000|0,000000|0,000000|
20170204_150556|11400|29|21,276596|0||0||0|0|0|0|0,000000|0,000000|0,000000|0,000000|0,000000|0,000000|0,000000|0,000000|0,000000|0,000000|0,000000|0,000000|
20170204_150556|11447|30|21,276596|0||0||0|0|0|0|0,000000|0,000000|0,000000|0,000000|0,000000|0,000000|0,000000|0,000000|0,000000|0,000000|0,000000|0,000000|
20170204_150556|11496|31|20,833333|0||0||0|0|0|0|0,000000|0,000000|0,000000|0,000000|0,000000|0,000000|0,000000|0,000000|0,000000|0,000000|0,000000|0,000000|
20170204_150556|11541|32|21,739130|0||0||0|0|0|0|0,000000|0,000000|0,000000|0,000000|0,000000|0,000000|0,000000|0,000000|0,000000|0,000000|0,000000|0,000000|
20170204_150556|11589|33|21,276596|0||0||0|0|0|0|0,000000|0,000000|0,000000|0,000000|0,000000|0,000000|0,000000|0,000000|0,000000|0,000000|0,000000|0,000000|
20170204_150556|11633|34|22,222222|0||0||0|0|0|0|0,000000|0,000000|0,000000|0,000000|0,000000|0,000000|0,000000|0,000000|0,000000|0,000000|0,000000|0,000000|
20170204_150556|11680|35|21,276596|0||0||0|0|0|0|0,000000|0,000000|0,000000|0,000000|0,000000|0,000000|0,000000|0,000000|0,000000|0,000000|0,000000|0,000000|
20170204_150556|11729|36|20,408163|0||0||0|0|0|0|0,000000|0,000000|0,000000|0,000000|0,000000|0,000000|0,000000|0,000000|0,000000|0,000000|0,000000|0,000000|
20170204_150556|11775|37|21,739130|0||0||0|0|0|0|0,000000|0,000000|0,000000|0,000000|0,000000|0,000000|0,000000|0,000000|0,000000|0,000000|0,000000|0,000000|
20170204_150556|11823|38|21,276596|0||0||0|0|0|0|0,000000|0,000000|0,000000|0,000000|0,000000|0,000000|0,000000|0,000000|0,000000|0,000000|0,000000|0,000000|
20170204_150556|11868|39|21,739130|0||0||0|0|0|0|0,000000|0,000000|0,000000|0,000000|0,000000|0,000000|0,000000|0,000000|0,000000|0,000000|0,000000|0,000000|
20170204_150556|11916|40|21,276596|0||0||0|0|0|0|0,000000|0,000000|0,000000|0,000000|0,000000|0,000000|0,000000|0,000000|0,000000|0,000000|0,000000|0,000000|
20170204_150556|11962|41|21,276596|0||0||0|0|0|0|0,000000|0,000000|0,000000|0,000000|0,000000|0,000000|0,000000|0,000000|0,000000|0,000000|0,000000|0,000000|
20170204_150556|12010|42|20,833333|0||0||0|0|0|0|0,000000|0,000000|0,000000|0,000000|0,000000|0,000000|0,000000|0,000000|0,000000|0,000000|0,000000|0,000000|
20170204_150556|12057|43|21,739130|0||0||0|0|0|0|0,000000|0,000000|0,000000|0,000000|0,000000|0,000000|0,000000|0,000000|0,000000|0,000000|0,000000|0,000000|
20170204_150556|12103|44|21,276596|0||0||0|0|0|0|0,000000|0,000000|0,000000|0,000000|0,000000|0,000000|0,000000|0,000000|0,000000|0,000000|0,000000|0,000000|
20170204_150556|12151|45|21,276596|0||0||0|0|0|0|0,000000|0,000000|0,000000|0,000000|0,000000|0,000000|0,000000|0,000000|0,000000|0,000000|0,000000|0,000000|
20170204_150557|12197|46|21,276596|0||0||0|0|0|0|0,000000|0,000000|0,000000|0,000000|0,000000|0,000000|0,000000|0,000000|0,000000|0,000000|0,000000|0,000000|
20170204_150557|12243|47|22,222222|0||0||0|0|0|0|0,000000|0,000000|0,000000|0,000000|0,000000|0,000000|0,000000|0,000000|0,000000|0,000000|0,000000|0,000000|
20170204_150557|12291|48|20,833333|0||0||0|0|0|0|0,000000|0,000000|0,000000|0,000000|0,000000|0,000000|0,000000|0,000000|0,000000|0,000000|0,000000|0,000000|
20170204_150557|12338|49|20,833333|0||0||0|0|0|0|0,000000|0,000000|0,000000|0,000000|0,000000|0,000000|0,000000|0,000000|0,000000|0,000000|0,000000|0,000000|
20170204_150557|12384|50|22,222222|0||0||0|0|0|0|0,000000|0,000000|0,000000|0,000000|0,000000|0,000000|0,000000|0,000000|0,000000|0,000000|0,000000|0,000000|
20170204_150557|12430|51|21,276596|0||0||0|0|0|0|0,000000|0,000000|0,000000|0,000000|0,000000|0,000000|0,000000|0,000000|0,000000|0,000000|0,000000|0,000000|
20170204_150557|12478|52|20,833333|0||0||0|0|0|0|0,000000|0,000000|0,000000|0,000000|0,000000|0,000000|0,000000|0,000000|0,000000|0,000000|0,000000|0,000000|
20170204_150557|12524|53|22,222222|0||0||0|0|0|0|0,000000|0,000000|0,000000|0,000000|0,000000|0,000000|0,000000|0,000000|0,000000|0,000000|0,000000|0,000000|
20170204_150557|12573|54|20,408163|0||0||0|0|0|0|0,000000|0,000000|0,000000|0,000000|0,000000|0,000000|0,000000|0,000000|0,000000|0,000000|0,000000|0,000000|
20170204_150557|12618|55|22,222222|0||0||0|0|0|0|0,000000|0,000000|0,000000|0,000000|0,000000|0,000000|0,000000|0,000000|0,000000|0,000000|0,000000|0,000000|
20170204_150557|12666|56|20,408163|0||0||0|0|0|0|0,000000|0,000000|0,000000|0,000000|0,000000|0,000000|0,000000|0,000000|0,000000|0,000000|0,000000|0,000000|
20170204_150557|12711|57|21,739130|0||0||0|0|0|0|0,000000|0,000000|0,000000|0,000000|0,000000|0,000000|0,000000|0,000000|0,000000|0,000000|0,000000|0,000000|
20170204_150557|12759|58|21,739130|0||0||0|0|0|0|0,000000|0,000000|0,000000|0,000000|0,000000|0,000000|0,000000|0,000000|0,000000|0,000000|0,000000|0,000000|
20170204_150557|12807|59|20,833333|0||0||0|0|0|0|0,000000|0,000000|0,000000|0,000000|0,000000|0,000000|0,000000|0,000000|0,000000|0,000000|0,000000|0,000000|
20170204_150557|12853|60|21,739130|0||0||0|0|0|0|0,000000|0,000000|0,000000|0,000000|0,000000|0,000000|0,000000|0,000000|0,000000|0,000000|0,000000|0,000000|
20170204_150557|12899|61|21,276596|0||0||0|0|0|0|0,000000|0,000000|0,000000|0,000000|0,000000|0,000000|0,000000|0,000000|0,000000|0,000000|0,000000|0,000000|
20170204_150557|12949|62|20,408163|0||0||0|0|0|0|0,000000|0,000000|0,000000|0,000000|0,000000|0,000000|0,000000|0,000000|0,000000|0,000000|0,000000|0,000000|
20170204_150557|12993|63|22,222222|0||0||0|0|0|0|0,000000|0,000000|0,000000|0,000000|0,000000|0,000000|0,000000|0,000000|0,000000|0,000000|0,000000|0,000000|
20170204_150557|13040|64|21,276596|0||0||0|0|0|0|0,000000|0,000000|0,000000|0,000000|0,000000|0,000000|0,000000|0,000000|0,000000|0,000000|0,000000|0,000000|
20170204_150557|13089|65|20,833333|0||0||0|0|0|0|0,000000|0,000000|0,000000|0,000000|0,000000|0,000000|0,000000|0,000000|0,000000|0,000000|0,000000|0,000000|
20170204_150557|13134|66|22,222222|0||0||0|0|0|0|0,000000|0,000000|0,000000|0,000000|0,000000|0,000000|0,000000|0,000000|0,000000|0,000000|0,000000|0,000000|
20170204_150558|13179|67|21,739130|0||0||0|0|0|0|0,000000|0,000000|0,000000|0,000000|0,000000|0,000000|0,000000|0,000000|0,000000|0,000000|0,000000|0,000000|
20170204_150558|13227|68|21,276596|0||0||0|0|0|0|0,000000|0,000000|0,000000|0,000000|0,000000|0,000000|0,000000|0,000000|0,000000|0,000000|0,000000|0,000000|
20170204_150558|13276|69|20,408163|0||0||0|0|0|0|0,000000|0,000000|0,000000|0,000000|0,000000|0,000000|0,000000|0,000000|0,000000|0,000000|0,000000|0,000000|
20170204_150558|13321|70|21,739130|0||0||0|0|0|0|0,000000|0,000000|0,000000|0,000000|0,000000|0,000000|0,000000|0,000000|0,000000|0,000000|0,000000|0,000000|
20170204_150558|13369|71|21,276596|0||0||0|0|0|0|0,000000|0,000000|0,000000|0,000000|0,000000|0,000000|0,000000|0,000000|0,000000|0,000000|0,000000|0,000000|
20170204_150558|13415|72|21,276596|0||0||0|0|0|0|0,000000|0,000000|0,000000|0,000000|0,000000|0,000000|0,000000|0,000000|0,000000|0,000000|0,000000|0,000000|
20170204_150558|13464|73|20,833333|0||0||0|0|0|0|0,000000|0,000000|0,000000|0,000000|0,000000|0,000000|0,000000|0,000000|0,000000|0,000000|0,000000|0,000000|
20170204_150558|13510|74|21,276596|0||0||0|0|0|0|0,000000|0,000000|0,000000|0,000000|0,000000|0,000000|0,000000|0,000000|0,000000|0,000000|0,000000|0,000000|
20170204_150558|13557|75|22,222222|0||0||0|0|0|0|0,000000|0,000000|0,000000|0,000000|0,000000|0,000000|0,000000|0,000000|0,000000|0,000000|0,000000|0,000000|
20170204_150558|13603|76|20,833333|0||0||0|0|0|0|0,000000|0,000000|0,000000|0,000000|0,000000|0,000000|0,000000|0,000000|0,000000|0,000000|0,000000|0,000000|
20170204_150558|13651|77|20,833333|0||0||0|0|0|0|0,000000|0,000000|0,000000|0,000000|0,000000|0,000000|0,000000|0,000000|0,000000|0,000000|0,000000|0,000000|
20170204_150558|13697|78|22,222222|0||0||0|0|0|0|0,000000|0,000000|0,000000|0,000000|0,000000|0,000000|0,000000|0,000000|0,000000|0,000000|0,000000|0,000000|
20170204_150558|13745|79|21,276596|0||0||0|0|0|0|0,000000|0,000000|0,000000|0,000000|0,000000|0,000000|0,000000|0,000000|0,000000|0,000000|0,000000|0,000000|
20170204_150558|13790|80|21,739130|0||0||0|0|0|0|0,000000|0,000000|0,000000|0,000000|0,000000|0,000000|0,000000|0,000000|0,000000|0,000000|0,000000|0,000000|
20170204_150558|13838|81|20,833333|0||0||0|0|0|0|0,000000|0,000000|0,000000|0,000000|0,000000|0,000000|0,000000|0,000000|0,000000|0,000000|0,000000|0,000000|
20170204_150558|13883|82|21,276596|0||0||0|0|0|0|0,000000|0,000000|0,000000|0,000000|0,000000|0,000000|0,000000|0,000000|0,000000|0,000000|0,000000|0,000000|
20170204_150558|13930|83|22,222222|0||0||0|0|0|0|0,000000|0,000000|0,000000|0,000000|0,000000|0,000000|0,000000|0,000000|0,000000|0,000000|0,000000|0,000000|
20170204_150558|13977|84|20,833333|0||0||0|0|0|0|0,000000|0,000000|0,000000|0,000000|0,000000|0,000000|0,000000|0,000000|0,000000|0,000000|0,000000|0,000000|
20170204_150558|14026|85|20,833333|0||0||0|0|0|0|0,000000|0,000000|0,000000|0,000000|0,000000|0,000000|0,000000|0,000000|0,000000|0,000000|0,000000|0,000000|
20170204_150558|14074|86|21,276596|0||0||0|0|0|0|0,000000|0,000000|0,000000|0,000000|0,000000|0,000000|0,000000|0,000000|0,000000|0,000000|0,000000|0,000000|
20170204_150558|14122|87|20,833333|0||0||0|0|0|0|0,000000|0,000000|0,000000|0,000000|0,000000|0,000000|0,000000|0,000000|0,000000|0,000000|0,000000|0,000000|
20170204_150558|14166|88|21,739130|0||0||0|0|0|0|0,000000|0,000000|0,000000|0,000000|0,000000|0,000000|0,000000|0,000000|0,000000|0,000000|0,000000|0,000000|
20170204_150559|14213|89|21,276596|0||0||0|0|0|0|0,000000|0,000000|0,000000|0,000000|0,000000|0,000000|0,000000|0,000000|0,000000|0,000000|0,000000|0,000000|
20170204_150559|14260|90|21,739130|0||0||0|0|0|0|0,000000|0,000000|0,000000|0,000000|0,000000|0,000000|0,000000|0,000000|0,000000|0,000000|0,000000|0,000000|
20170204_150559|14305|91|21,739130|0||0||0|0|0|0|0,000000|0,000000|0,000000|0,000000|0,000000|0,000000|0,000000|0,000000|0,000000|0,000000|0,000000|0,000000|
20170204_150559|14353|92|21,276596|0||0||0|0|0|0|0,000000|0,000000|0,000000|0,000000|0,000000|0,000000|0,000000|0,000000|0,000000|0,000000|0,000000|0,000000|
20170204_150559|14400|93|20,833333|0||0||0|0|0|0|0,000000|0,000000|0,000000|0,000000|0,000000|0,000000|0,000000|0,000000|0,000000|0,000000|0,000000|0,000000|
20170204_150559|14446|94|21,739130|0||0||0|0|0|0|0,000000|0,000000|0,000000|0,000000|0,000000|0,000000|0,000000|0,000000|0,000000|0,000000|0,000000|0,000000|
20170204_150559|14494|95|20,833333|0||0||0|0|0|0|0,000000|0,000000|0,000000|0,000000|0,000000|0,000000|0,000000|0,000000|0,000000|0,000000|0,000000|0,000000|
20170204_150559|14541|96|21,276596|0||0||0|0|0|0|0,000000|0,000000|0,000000|0,000000|0,000000|0,000000|0,000000|0,000000|0,000000|0,000000|0,000000|0,000000|
20170204_150559|14588|97|21,739130|0||0||0|0|0|0|0,000000|0,000000|0,000000|0,000000|0,000000|0,000000|0,000000|0,000000|0,000000|0,000000|0,000000|0,000000|
20170204_150559|14633|98|21,739130|0||0||0|0|0|0|0,000000|0,000000|0,000000|0,000000|0,000000|0,000000|0,000000|0,000000|0,000000|0,000000|0,000000|0,000000|
20170204_150559|14680|99|21,276596|0||0||0|0|0|0|0,000000|0,000000|0,000000|0,000000|0,000000|0,000000|0,000000|0,000000|0,000000|0,000000|0,000000|0,000000|
20170204_150559|14728|100|21,276596|0||0||0|0|0|0|0,000000|0,000000|0,000000|0,000000|0,000000|0,000000|0,000000|0,000000|0,000000|0,000000|0,000000|0,000000|
20170204_150559|14773|101|21,276596|0||0||0|0|0|0|0,000000|0,000000|0,000000|0,000000|0,000000|0,000000|0,000000|0,000000|0,000000|0,000000|0,000000|0,000000|
20170204_150559|14822|102|21,276596|0||0||0|0|0|0|0,000000|0,000000|0,000000|0,000000|0,000000|0,000000|0,000000|0,000000|0,000000|0,000000|0,000000|0,000000|
20170204_150559|14869|103|21,276596|0||0||0|0|0|0|0,000000|0,000000|0,000000|0,000000|0,000000|0,000000|0,000000|0,000000|0,000000|0,000000|0,000000|0,000000|
20170204_150559|14915|104|20,833333|0||0||0|0|0|0|0,000000|0,000000|0,000000|0,000000|0,000000|0,000000|0,000000|0,000000|0,000000|0,000000|0,000000|0,000000|
20170204_150559|14962|105|21,739130|0||0||0|0|0|0|0,000000|0,000000|0,000000|0,000000|0,000000|0,000000|0,000000|0,000000|0,000000|0,000000|0,000000|0,000000|
20170204_150559|15008|106|21,739130|0||0||0|0|0|0|0,000000|0,000000|0,000000|0,000000|0,000000|0,000000|0,000000|0,000000|0,000000|0,000000|0,000000|0,000000|
20170204_150559|15056|107|21,276596|0||0||0|0|0|0|0,000000|0,000000|0,000000|0,000000|0,000000|0,000000|0,000000|0,000000|0,000000|0,000000|0,000000|0,000000|
20170204_150600|15577|108|1,919386|0||0||0|0|0|0|0,000000|0,000000|0,000000|0,000000|0,000000|0,000000|0,000000|0,000000|0,000000|0,000000|0,000000|0,000000|
20170204_150600|15619|109|23,809524|0||0||0|0|0|0|0,000000|0,000000|0,000000|0,000000|0,000000|0,000000|0,000000|0,000000|0,000000|0,000000|0,000000|0,000000|
20170204_150600|15665|110|21,739130|0||0||0|0|0|0|0,000000|0,000000|0,000000|0,000000|0,000000|0,000000|0,000000|0,000000|0,000000|0,000000|0,000000|0,000000|
20170204_150600|15714|111|20,833333|0||0||0|0|0|0|0,000000|0,000000|0,000000|0,000000|0,000000|0,000000|0,000000|0,000000|0,000000|0,000000|0,000000|0,000000|
20170204_150600|15760|112|21,276596|0||0||0|0|0|0|0,000000|0,000000|0,000000|0,000000|0,000000|0,000000|0,000000|0,000000|0,000000|0,000000|0,000000|0,000000|
20170204_150600|15808|113|21,276596|0||0||0|0|0|0|0,000000|0,000000|0,000000|0,000000|0,000000|0,000000|0,000000|0,000000|0,000000|0,000000|0,000000|0,000000|
20170204_150600|15854|114|21,739130|0||0||0|0|0|0|0,000000|0,000000|0,000000|0,000000|0,000000|0,000000|0,000000|0,000000|0,000000|0,000000|0,000000|0,000000|
20170204_150600|15899|115|21,739130|0||0||0|0|0|0|0,000000|0,000000|0,000000|0,000000|0,000000|0,000000|0,000000|0,000000|0,000000|0,000000|0,000000|0,000000|
20170204_150600|15947|116|20,408163|0||0||0|0|0|0|0,000000|0,000000|0,000000|0,000000|0,000000|0,000000|0,000000|0,000000|0,000000|0,000000|0,000000|0,000000|
20170204_150600|15994|117|21,739130|0||0||0|0|0|0|0,000000|0,000000|0,000000|0,000000|0,000000|0,000000|0,000000|0,000000|0,000000|0,000000|0,000000|0,000000|
20170204_150600|16042|118|20,833333|0||0||0|0|0|0|0,000000|0,000000|0,000000|0,000000|0,000000|0,000000|0,000000|0,000000|0,000000|0,000000|0,000000|0,000000|
20170204_150600|16088|119|21,739130|0||0||0|0|0|0|0,000000|0,000000|0,000000|0,000000|0,000000|0,000000|0,000000|0,000000|0,000000|0,000000|0,000000|0,000000|
20170204_150600|16135|120|21,276596|0||0||0|0|0|0|0,000000|0,000000|0,000000|0,000000|0,000000|0,000000|0,000000|0,000000|0,000000|0,000000|0,000000|0,000000|
20170204_150601|16181|121|21,739130|0||0||0|0|0|0|0,000000|0,000000|0,000000|0,000000|0,000000|0,000000|0,000000|0,000000|0,000000|0,000000|0,000000|0,000000|
20170204_150601|16228|122|20,833333|0||0||0|0|0|0|0,000000|0,000000|0,000000|0,000000|0,000000|0,000000|0,000000|0,000000|0,000000|0,000000|0,000000|0,000000|
20170204_150601|16275|123|21,739130|0||0||0|0|0|0|0,000000|0,000000|0,000000|0,000000|0,000000|0,000000|0,000000|0,000000|0,000000|0,000000|0,000000|0,000000|
20170204_150601|16322|124|21,276596|0||0||0|0|0|0|0,000000|0,000000|0,000000|0,000000|0,000000|0,000000|0,000000|0,000000|0,000000|0,000000|0,000000|0,000000|
20170204_150601|16369|125|21,739130|0||0||0|0|0|0|0,000000|0,000000|0,000000|0,000000|0,000000|0,000000|0,000000|0,000000|0,000000|0,000000|0,000000|0,000000|
20170204_150601|16419|126|20,000000|0||0||0|0|0|0|0,000000|0,000000|0,000000|0,000000|0,000000|0,000000|0,000000|0,000000|0,000000|0,000000|0,000000|0,000000|
20170204_150601|16464|127|21,276596|0||0||0|0|0|0|0,000000|0,000000|0,000000|0,000000|0,000000|0,000000|0,000000|0,000000|0,000000|0,000000|0,000000|0,000000|
20170204_150601|16509|128|22,727273|0||0||0|0|0|0|0,000000|0,000000|0,000000|0,000000|0,000000|0,000000|0,000000|0,000000|0,000000|0,000000|0,000000|0,000000|
20170204_150601|16557|129|21,276596|0||0||0|0|0|0|0,000000|0,000000|0,000000|0,000000|0,000000|0,000000|0,000000|0,000000|0,000000|0,000000|0,000000|0,000000|
20170204_150602|17342|130|1,273885|0||0||0|0|0|0|0,000000|0,000000|0,000000|0,000000|0,000000|0,000000|0,000000|0,000000|0,000000|0,000000|0,000000|0,000000|
