TimeStamp|Ticks|FrameNum|FPS|LogaDados|Robo|achou|trajetoria|Xd|Yd|Xa|Ya|DistMelhorPonto|velAtual|velAtualDerivSuja|velDesejada|erroVel|SaidaControleLinear|angAtual|angDesejado|erroAng|SaidaControleAngular|SinalDeControle1|SinalDeControle2|
20170208_221921|31712|35|22,000000|1|CarroTeste|1|circulo_r60_xc160_yc120|144|177|149|165|13,000000|0,000000|0,000000|8,000000|8,000000|52,132978|-0,266252|-3,137699|-2,871447|-87,499324|-89,497904|94,711202|
20170208_221921|31720|35|22,000000|1|CarroTeste2|1|circulo_r60_xc160_yc120|117|162|110|168|9,219544|0,000000|0,000000|5,000000|5,000000|32,583111|3,407845|-2,178087|0,697254|21,246869|23,994281|-20,735970|
20170208_221921|31758|37|25,000000|1|CarroTeste|1|circulo_r60_xc160_yc120|144|177|149|165|13,000000|0,000000|0,000000|8,000000|8,000000|55,732978|-0,266252|-3,137699|-2,871447|-88,791475|-90,678063|96,251361|
20170208_221921|31765|37|25,000000|1|CarroTeste2|1|circulo_r60_xc160_yc120|117|162|110|168|9,219544|0,000000|0,000000|5,000000|5,000000|34,833111|3,407845|-2,178087|0,697254|21,560633|24,437059|-20,953748|
20170208_221921|31814|39|17,241379|1|CarroTeste|1|circulo_r60_xc160_yc120|144|177|149|165|13,000000|0,000000|0,000000|8,000000|8,000000|59,332978|-0,266252|-3,137699|-2,871447|-90,083626|-91,858222|97,791520|
20170208_221921|31823|39|17,241379|1|CarroTeste2|1|circulo_r60_xc160_yc120|117|162|110|168|9,219544|0,000000|0,000000|5,000000|5,000000|37,083111|3,407845|-2,178087|0,697254|21,874397|24,879837|-21,171526|
20170208_221921|31878|41|15,873016|1|CarroTeste|1|circulo_r60_xc160_yc120|144|177|149|165|13,000000|0,000000|0,000000|8,000000|8,000000|62,932978|-0,266252|-3,137699|-2,871447|-91,375777|-93,038381|99,331679|
20170208_221921|31883|41|15,873016|1|CarroTeste2|1|circulo_r60_xc160_yc120|117|162|110|168|9,219544|0,000000|0,000000|5,000000|5,000000|39,333111|3,463343|-2,178087|0,641755|20,496997|23,542442|-19,609131|
20170208_221921|31959|43|13,157895|1|CarroTeste|1|circulo_r60_xc160_yc120|144|177|149|165|13,000000|0,000000|0,000000|8,000000|8,000000|66,532978|-0,266252|-3,137699|-2,871447|-92,667928|-94,218540|100,871838|
20170208_221921|31966|43|13,157895|1|CarroTeste2|1|circulo_r60_xc160_yc120|117|162|110|168|9,219544|0,000000|0,000000|5,000000|5,000000|41,583111|3,508766|-2,178087|0,596332|19,401632|22,501926|-18,343615|
20170208_221921|32021|45|15,873016|1|CarroTeste|1|circulo_r60_xc160_yc120|144|177|149|165|13,000000|0,000000|0,000000|8,000000|8,000000|70,132978|-0,266252|-3,137699|-2,871447|-93,960079|-95,398699|102,411997|
20170208_221921|32028|45|15,873016|1|CarroTeste2|1|circulo_r60_xc160_yc120|117|162|110|168|9,219544|0,000000|0,000000|5,000000|5,000000|43,833111|3,729595|-2,178087|0,375503|12,940848|15,813602|-11,430290|
20170208_221921|32087|47|15,625000|1|CarroTeste|1|circulo_r60_xc160_yc120|144|177|149|165|13,000000|0,000000|0,000000|8,000000|8,000000|73,732978|-0,266252|-3,137699|-2,871447|-95,252230|-96,578858|103,952156|
20170208_221921|32095|47|15,625000|1|CarroTeste2|1|circulo_r60_xc160_yc120|116|161|109|168|9,899495|0,000000|0,914495|5,000000|4,085505|40,123694|3,708322|-2,139355|0,435509|14,938316|17,730728|-13,718358|
20170208_221921|32145|49|16,129032|1|CarroTeste|1|circulo_r60_xc160_yc120|144|177|149|165|13,000000|0,000000|0,000000|8,000000|8,000000|77,332978|-0,266252|-3,137699|-2,871447|-96,544382|-97,759017|105,492315|
20170208_221921|32153|49|16,129032|1|CarroTeste2|1|circulo_r60_xc160_yc120|116|161|109|168|9,899495|0,000000|0,000000|5,000000|5,000000|47,921589|3,816334|-2,139355|0,327497|11,842939|14,862331|-10,070172|
20170208_221921|32211|51|15,625000|1|CarroTeste|1|circulo_r60_xc160_yc120|144|177|149|165|13,000000|0,000000|0,000000|8,000000|8,000000|80,932978|-0,266252|-3,137699|-2,871447|-97,836533|-98,939176|107,032474|
20170208_221921|32222|51|15,625000|1|CarroTeste2|1|circulo_r60_xc160_yc120|116|161|109|168|9,899495|0,000000|0,000000|5,000000|5,000000|50,171589|3,926991|-2,139355|0,216840|8,618343|11,580519|-6,563360|
20170208_221921|32278|53|15,625000|1|CarroTeste|1|circulo_r60_xc160_yc120|144|177|149|165|13,000000|0,000000|0,000000|8,000000|8,000000|84,532978|-0,266252|-3,137699|-2,871447|-99,128684|-100,119335|108,572633|
20170208_221921|32289|53|15,625000|1|CarroTeste2|1|circulo_r60_xc160_yc120|116|161|109|168|9,899495|0,000000|0,000000|5,000000|5,000000|52,421589|-2,245537|-2,139355|0,106182|5,343949|8,246289|-3,004130|
20170208_221921|32357|55|13,333333|1|CarroTeste|1|circulo_r60_xc160_yc120|144|177|149|165|13,000000|0,000000|0,000000|8,000000|8,000000|88,132978|-0,266252|-3,137699|-2,871447|-100,420835|-101,299494|110,112792|
20170208_221921|32364|55|13,333333|1|CarroTeste2|1|circulo_r60_xc160_yc120|116|161|109|168|9,899495|0,000000|0,000000|5,000000|5,000000|54,671589|-2,245537|-2,139355|0,106182|5,391731|8,409086|-2,941927|
20170208_221921|32419|57|15,873016|1|CarroTeste|1|circulo_r60_xc160_yc120|144|177|149|165|13,000000|0,000000|0,000000|8,000000|8,000000|91,732978|-0,266252|-3,137699|-2,871447|-101,712986|-102,479653|111,652951|
20170208_221921|32428|57|15,873016|1|CarroTeste2|1|circulo_r60_xc160_yc120|116|161|109|168|9,899495|0,000000|0,000000|5,000000|5,000000|56,921589|-2,245537|-2,139355|0,106182|5,439513|8,571882|-2,879724|
20170208_221921|32481|59|15,625000|1|CarroTeste|1|circulo_r60_xc160_yc120|144|177|149|165|13,000000|0,000000|0,000000|8,000000|8,000000|95,332978|-0,266252|-3,137699|-2,871447|-103,005137|-103,659812|113,193110|
20170208_221921|32492|59|15,625000|1|CarroTeste2|1|circulo_r60_xc160_yc120|116|161|109|168|9,899495|0,000000|0,000000|5,000000|5,000000|59,171589|3,926991|-2,139355|0,216840|8,859267|12,284123|-6,366965|
20170208_221921|32545|61|16,129032|1|CarroTeste|1|circulo_r60_xc160_yc120|144|177|149|165|13,000000|0,000000|0,000000|8,000000|8,000000|98,932978|-0,266252|-3,137699|-2,871447|-104,297288|-104,839971|114,733269|
20170208_221922|32555|61|16,129032|1|CarroTeste2|1|circulo_r60_xc160_yc120|116|161|109|168|9,899495|0,000000|0,000000|5,000000|5,000000|61,421589|-2,245537|-2,139355|0,106182|5,584873|8,949893|-2,807734|
20170208_221922|32610|63|15,384615|1|CarroTeste|1|circulo_r60_xc160_yc120|144|177|149|165|13,000000|0,000000|0,000000|8,000000|8,000000|102,532978|-0,266252|-3,137699|-2,871447|-105,589439|-106,020130|116,273428|
20170208_221922|32617|63|15,384615|1|CarroTeste2|1|circulo_r60_xc160_yc120|116|161|109|168|9,899495|0,000000|0,000000|5,000000|5,000000|63,671589|-2,245537|-2,139355|0,106182|5,632655|9,112690|-2,745531|
20170208_221922|32676|65|15,625000|1|CarroTeste|1|circulo_r60_xc160_yc120|144|177|149|165|13,000000|0,000000|0,000000|8,000000|8,000000|106,132978|-0,266252|-3,137699|-2,871447|-106,881590|-107,200290|117,813587|
20170208_221922|32682|65|15,625000|1|CarroTeste2|1|circulo_r60_xc160_yc120|116|161|109|168|9,899495|0,000000|0,000000|5,000000|5,000000|65,921589|-2,245537|-2,139355|0,106182|5,680437|9,275487|-2,683328|
20170208_221922|32759|67|13,157895|1|CarroTeste|1|circulo_r60_xc160_yc120|144|177|149|165|13,000000|0,000000|0,000000|8,000000|8,000000|109,732978|-0,266252|-3,137699|-2,871447|-108,173741|-108,380449|119,353746|
20170208_221922|32766|67|13,157895|1|CarroTeste2|1|circulo_r60_xc160_yc120|116|161|109|168|9,899495|0,000000|0,000000|5,000000|5,000000|68,171589|3,926991|-2,139355|0,216840|9,100191|12,987728|-6,170569|
20170208_221922|32820|69|16,666667|1|CarroTeste|1|circulo_r60_xc160_yc120|144|177|149|165|13,000000|0,000000|0,000000|8,000000|8,000000|113,332978|-0,266252|-3,137699|-2,871447|-109,465892|-109,560608|120,893905|
20170208_221922|32829|69|16,666667|1|CarroTeste2|1|circulo_r60_xc160_yc120|116|161|109|168|9,899495|0,000000|0,000000|5,000000|5,000000|70,421589|3,926991|-2,139355|0,216840|9,197768|13,202941|-6,160782|
20170208_221922|32882|71|15,625000|1|CarroTeste|1|circulo_r60_xc160_yc120|144|177|149|165|13,000000|0,000000|0,000000|8,000000|8,000000|116,932978|-0,266252|-3,137699|-2,871447|-110,758043|-110,740767|122,434064|
20170208_221922|32892|71|15,625000|1|CarroTeste2|1|circulo_r60_xc160_yc120|116|161|109|168|9,899495|0,000000|0,000000|5,000000|5,000000|72,671589|-2,245537|-2,139355|0,106182|5,923374|9,868710|-2,601552|
20170208_221922|32945|73|16,129032|1|CarroTeste|1|circulo_r60_xc160_yc120|144|177|149|165|13,000000|0,000000|0,000000|8,000000|8,000000|120,532978|-0,266252|-3,137699|-2,871447|-112,050194|-111,920926|123,974224|
20170208_221922|32955|73|16,129032|1|CarroTeste2|1|circulo_r60_xc160_yc120|116|161|109|168|9,899495|0,000000|0,000000|5,000000|5,000000|74,921589|3,926991|-2,139355|0,216840|9,343128|13,580952|-6,088793|
20170208_221922|33012|75|15,384615|1|CarroTeste|1|circulo_r60_xc160_yc120|144|177|149|165|13,000000|0,000000|0,000000|8,000000|8,000000|124,132978|-0,266252|-3,137699|-2,871447|-113,342346|-113,101085|125,514383|
20170208_221922|33023|75|15,384615|1|CarroTeste2|1|circulo_r60_xc160_yc120|116|161|109|168|9,899495|0,000000|0,000000|5,000000|5,000000|77,171589|-2,245537|-2,139355|0,106182|6,068734|10,246721|-2,529562|
20170208_221922|33077|77|15,384615|1|CarroTeste|1|circulo_r60_xc160_yc120|144|177|149|165|13,000000|0,000000|0,000000|8,000000|8,000000|127,732978|-0,266252|-3,137699|-2,871447|-114,634497|-114,281244|127,054542|
20170208_221922|33083|77|15,384615|1|CarroTeste2|1|circulo_r60_xc160_yc120|116|161|109|168|9,899495|0,000000|0,000000|5,000000|5,000000|79,421589|-2,245537|-2,139355|0,106182|6,116516|10,409518|-2,467359|
20170208_221922|33158|79|13,157895|1|CarroTeste|1|circulo_r60_xc160_yc120|144|177|149|165|13,000000|0,000000|0,000000|8,000000|8,000000|131,332978|-0,266252|-3,137699|-2,871447|-115,926648|-115,461403|128,594701|
20170208_221922|33165|79|13,157895|1|CarroTeste2|1|circulo_r60_xc160_yc120|116|161|109|168|9,899495|0,000000|0,000000|5,000000|5,000000|81,671589|3,926991|-2,139355|0,216840|9,536270|14,121759|-5,954600|
20170208_221922|33220|81|16,666667|1|CarroTeste|1|circulo_r60_xc160_yc120|144|177|149|165|13,000000|0,000000|0,000000|8,000000|8,000000|134,932978|-0,266252|-3,137699|-2,871447|-117,218799|-116,641562|130,134860|
20170208_221922|33227|81|16,666667|1|CarroTeste2|1|circulo_r60_xc160_yc120|116|161|109|168|9,899495|0,000000|0,000000|5,000000|5,000000|83,921589|-2,245537|-2,139355|0,106182|6,261876|10,787528|-2,395369|
20170208_221922|33282|83|15,873016|1|CarroTeste|1|circulo_r60_xc160_yc120|144|177|149|165|13,000000|0,000000|0,000000|8,000000|8,000000|138,532978|-0,266252|-3,137699|-2,871447|-118,510950|-117,821721|131,675019|
20170208_221922|33294|83|15,873016|1|CarroTeste2|1|circulo_r60_xc160_yc120|116|161|109|168|9,899495|0,000000|0,000000|5,000000|5,000000|86,171589|-2,245537|-2,139355|0,106182|6,309658|10,950325|-2,333166|
20170208_221922|33347|85|15,151515|1|CarroTeste|1|circulo_r60_xc160_yc120|144|177|149|165|13,000000|0,000000|0,000000|8,000000|8,000000|142,132978|-0,266252|-3,137699|-2,871447|-119,803101|-119,001880|133,215178|
20170208_221922|33358|85|15,151515|1|CarroTeste2|1|circulo_r60_xc160_yc120|116|161|109|168|9,899495|0,000000|0,000000|5,000000|5,000000|88,421589|-2,245537|-2,139355|0,106182|6,357440|11,113122|-2,270963|
20170208_221922|33413|87|15,873016|1|CarroTeste|1|circulo_r60_xc160_yc120|144|177|149|165|13,000000|0,000000|0,000000|8,000000|8,000000|145,732978|-0,266252|-3,137699|-2,871447|-121,095252|-120,182039|134,755337|
20170208_221922|33423|87|15,873016|1|CarroTeste2|1|circulo_r60_xc160_yc120|116|161|109|167|9,219544|0,000000|0,914495|5,000000|4,085505|84,712172|-2,245537|-2,152954|0,092583|5,990826|10,541741|-2,070524|
20170208_221922|33475|89|15,873016|1|CarroTeste|1|circulo_r60_xc160_yc120|144|177|149|165|13,000000|0,000000|0,000000|8,000000|8,000000|149,332978|-0,266252|-3,137699|-2,871447|-122,387403|-121,362198|136,295496|
20170208_221922|33482|89|15,873016|1|CarroTeste2|1|circulo_r60_xc160_yc120|116|161|109|168|9,899495|0,000000|0,914495|5,000000|4,085505|86,550649|3,926991|-2,139355|0,216840|9,818857|14,663171|-6,008106|
20170208_221923|33558|91|12,987013|1|CarroTeste|1|circulo_r60_xc160_yc120|144|177|149|165|13,000000|0,000000|0,000000|8,000000|8,000000|152,932978|-0,266252|-3,137699|-2,871447|-123,679554|-122,542357|137,835655|
20170208_221923|33564|91|12,987013|1|CarroTeste2|1|circulo_r60_xc160_yc120|116|161|109|167|9,219544|0,000000|0,914495|5,000000|4,085505|88,389127|-2,245537|-2,152954|0,092583|6,130066|10,872158|-2,033245|
20170208_221923|33620|93|16,949153|1|CarroTeste|1|circulo_r60_xc160_yc120|144|177|149|165|13,000000|0,000000|0,000000|8,000000|8,000000|156,532978|-0,266252|-3,137699|-2,871447|-124,971705|-123,722516|139,375814|
20170208_221923|33627|93|16,949153|1|CarroTeste2|1|circulo_r60_xc160_yc120|116|161|109|168|9,899495|0,000000|0,914495|5,000000|4,085505|90,227604|-2,137526|-2,139355|-0,001829|3,294769|7,979559|1,043202|
20170208_221923|33681|95|15,873016|1|CarroTeste|1|circulo_r60_xc160_yc120|144|177|149|165|13,000000|0,000000|0,000000|8,000000|8,000000|160,132978|-0,266252|-3,137699|-2,871447|-126,263856|-124,902675|140,915973|
20170208_221923|33692|95|15,873016|1|CarroTeste2|1|circulo_r60_xc160_yc120|116|161|109|167|9,219544|0,000000|0,914495|5,000000|4,085505|92,066081|-2,231839|-2,152954|0,078885|5,753504|10,659624|-1,453016|
20170208_221923|33745|97|15,625000|1|CarroTeste|1|circulo_r60_xc160_yc120|144|177|149|165|13,000000|0,000000|0,000000|8,000000|8,000000|163,732978|-0,266252|-3,137699|-2,871447|-127,556007|-126,082834|142,456132|
20170208_221923|33756|97|15,625000|1|CarroTeste2|1|circulo_r60_xc160_yc120|116|161|109|167|9,219544|0,000000|0,000000|5,000000|5,000000|99,863975|-2,231839|-2,152954|0,078885|5,789002|11,086886|-1,100488|
20170208_221923|33811|99|15,625000|1|CarroTeste|1|circulo_r60_xc160_yc120|144|177|149|165|13,000000|0,000000|0,000000|8,000000|8,000000|167,332978|-0,266252|-3,137699|-2,871447|-128,848159|-127,262993|143,996291|
20170208_221923|33822|99|15,625000|1|CarroTeste2|1|circulo_r60_xc160_yc120|116|161|109|167|9,219544|0,000000|0,000000|5,000000|5,000000|102,113975|-2,231839|-2,152954|0,078885|5,824501|11,236752|-1,025355|
20170208_221923|33876|101|15,625000|1|CarroTeste|1|circulo_r60_xc160_yc120|144|177|149|165|13,000000|0,000000|0,000000|8,000000|8,000000|170,932978|-0,266252|-3,137699|-2,871447|-130,140310|-128,443152|145,536450|
20170208_221923|33882|101|15,625000|1|CarroTeste2|1|circulo_r60_xc160_yc120|116|161|109|167|9,219544|0,000000|0,000000|5,000000|5,000000|104,363975|-2,245537|-2,152954|0,092583|6,277401|11,825989|-1,389592|
20170208_221923|33958|103|13,157895|1|CarroTeste|1|circulo_r60_xc160_yc120|144|177|149|165|13,000000|0,000000|0,000000|8,000000|8,000000|174,532978|-0,266252|-3,137699|-2,871447|-131,432461|-129,623311|147,076609|
20170208_221923|33966|103|13,157895|1|CarroTeste2|1|circulo_r60_xc160_yc120|116|161|109|167|9,219544|0,000000|0,000000|5,000000|5,000000|106,613975|-2,245537|-2,152954|0,092583|6,319063|11,982344|-1,320947|
20170208_221923|34021|105|16,949153|1|CarroTeste|1|circulo_r60_xc160_yc120|144|177|149|165|13,000000|0,000000|0,000000|8,000000|8,000000|178,132978|-0,266252|-3,137699|-2,871447|-132,724612|-130,803471|148,616768|
20170208_221923|34028|105|16,949153|1|CarroTeste2|1|circulo_r60_xc160_yc120|116|161|109|167|9,219544|0,000000|0,000000|5,000000|5,000000|108,863975|-2,245537|-2,152954|0,092583|6,360726|12,138699|-1,252302|
20170208_221923|34085|107|15,873016|1|CarroTeste|1|circulo_r60_xc160_yc120|144|177|149|165|13,000000|0,000000|0,000000|8,000000|8,000000|181,732978|-0,266252|-3,137699|-2,871447|-134,016763|-131,983630|150,156927|
20170208_221923|34094|107|15,873016|1|CarroTeste2|1|circulo_r60_xc160_yc120|116|161|109|167|9,219544|0,000000|0,000000|5,000000|5,000000|111,113975|-2,231839|-2,152954|0,078885|5,984987|11,855685|-0,744287|
20170208_221923|34145|109|15,873016|1|CarroTeste|1|circulo_r60_xc160_yc120|144|177|149|165|13,000000|0,000000|0,000000|8,000000|8,000000|185,332978|-0,266252|-3,137699|-2,871447|-135,308914|-133,163789|151,697086|
20170208_221923|34156|109|15,873016|1|CarroTeste2|1|circulo_r60_xc160_yc120|116|161|109|167|9,219544|0,000000|0,000000|5,000000|5,000000|113,363975|-2,231839|-2,152954|0,078885|6,020485|12,005552|-0,669154|
20170208_221923|34211|111|15,625000|1|CarroTeste|1|circulo_r60_xc160_yc120|144|177|149|165|13,000000|0,000000|0,000000|8,000000|8,000000|188,932978|-0,266252|-3,137699|-2,871447|-136,601065|-134,343948|153,237245|
20170208_221923|34222|111|15,625000|1|CarroTeste2|1|circulo_r60_xc160_yc120|116|161|109|167|9,219544|0,000000|0,000000|5,000000|5,000000|115,613975|-2,231839|-2,152954|0,078885|6,055983|12,155418|-0,594021|
20170208_221923|34276|113|15,625000|1|CarroTeste|1|circulo_r60_xc160_yc120|144|177|149|165|13,000000|0,000000|0,000000|8,000000|8,000000|192,532978|-0,266252|-3,137699|-2,871447|-137,893216|-135,524107|154,777405|
20170208_221923|34287|113|15,625000|1|CarroTeste2|1|circulo_r60_xc160_yc120|116|161|109|167|9,219544|0,000000|0,000000|5,000000|5,000000|117,863975|-2,231839|-2,152954|0,078885|6,091482|12,305285|-0,518888|
20170208_221923|34358|115|13,157895|1|CarroTeste|1|circulo_r60_xc160_yc120|144|177|149|165|13,000000|0,000000|0,000000|8,000000|8,000000|196,132978|-0,266252|-3,137699|-2,871447|-139,185367|-136,704266|156,317564|
20170208_221923|34364|115|13,157895|1|CarroTeste2|1|circulo_r60_xc160_yc120|116|161|109|167|9,219544|0,000000|0,000000|5,000000|5,000000|120,113975|-2,231839|-2,152954|0,078885|6,126980|12,455152|-0,443754|
20170208_221923|34425|117|14,705882|1|CarroTeste|1|circulo_r60_xc160_yc120|144|177|149|165|13,000000|0,000000|0,000000|8,000000|8,000000|199,732978|-0,266252|-3,137699|-2,871447|-140,477518|-137,884425|157,857723|
20170208_221923|34433|117|14,705882|1|CarroTeste2|1|circulo_r60_xc160_yc120|116|161|109|167|9,219544|0,000000|0,000000|5,000000|5,000000|122,363975|-2,231839|-2,152954|0,078885|6,162479|12,605019|-0,368621|
20170208_221923|34485|119|18,518519|1|CarroTeste|1|circulo_r60_xc160_yc120|144|177|149|165|13,000000|0,000000|0,000000|8,000000|8,000000|203,332978|-0,266252|-3,137699|-2,871447|-141,769669|-139,064584|159,397882|
20170208_221923|34496|119|18,518519|1|CarroTeste2|1|circulo_r60_xc160_yc120|116|161|109|167|9,219544|0,000000|0,000000|5,000000|5,000000|124,613975|-2,231839|-2,152954|0,078885|6,197977|12,754885|-0,293488|
20170208_221923|34545|121|15,625000|1|CarroTeste|1|circulo_r60_xc160_yc120|144|177|149|165|13,000000|0,000000|0,000000|8,000000|8,000000|206,932978|-0,266252|-3,137699|-2,871447|-143,061820|-140,244743|160,938041|
20170208_221924|34555|121|15,625000|1|CarroTeste2|1|circulo_r60_xc160_yc120|116|161|109|167|9,219544|0,000000|0,000000|5,000000|5,000000|126,863975|-2,231839|-2,152954|0,078885|6,233476|12,904752|-0,218355|
20170208_221924|34617|123|14,705882|1|CarroTeste|1|circulo_r60_xc160_yc120|144|177|149|165|13,000000|0,000000|0,000000|8,000000|8,000000|210,532978|-0,266252|-3,137699|-2,871447|-144,353972|-141,424902|162,478200|
20170208_221924|34627|123|14,705882|1|CarroTeste2|1|circulo_r60_xc160_yc120|116|161|109|167|9,219544|0,000000|0,000000|5,000000|5,000000|129,113975|-2,231839|-2,152954|0,078885|6,268974|13,054619|-0,143221|
20170208_221924|34675|125|16,949153|1|CarroTeste|1|circulo_r60_xc160_yc120|144|177|149|165|13,000000|0,000000|0,000000|8,000000|8,000000|214,132978|-0,266252|-3,137699|-2,871447|-145,646123|-142,605061|164,018359|
20170208_221924|34689|125|16,949153|1|CarroTeste2|1|circulo_r60_xc160_yc120|116|161|109|167|9,219544|0,000000|0,000000|5,000000|5,000000|131,363975|-2,231839|-2,152954|0,078885|6,304472|13,204486|-0,068088|
20170208_221924|34760|127|12,820513|1|CarroTeste|1|circulo_r60_xc160_yc120|144|177|149|165|13,000000|0,000000|0,000000|8,000000|8,000000|217,732978|-0,266252|-3,137699|-2,871447|-146,938274|-143,785220|165,558518|
20170208_221924|34772|127|12,820513|1|CarroTeste2|1|circulo_r60_xc160_yc120|116|161|109|167|9,219544|0,000000|0,000000|5,000000|5,000000|133,613975|-2,231839|-2,152954|0,078885|6,339971|13,354352|0,007045|
20170208_221924|34821|129|16,949153|1|CarroTeste|1|circulo_r60_xc160_yc120|144|177|149|165|13,000000|0,000000|0,000000|8,000000|8,000000|221,332978|-0,266252|-3,137699|-2,871447|-148,230425|-144,965379|167,098677|
20170208_221924|34827|129|16,949153|1|CarroTeste2|1|circulo_r60_xc160_yc120|116|161|109|167|9,219544|0,000000|0,000000|5,000000|5,000000|135,863975|-1,997424|-2,152954|-0,155530|-0,767694|5,985100|7,601298|
20170208_221924|34886|131|15,873016|1|CarroTeste|1|circulo_r60_xc160_yc120|144|177|149|165|13,000000|0,000000|0,000000|8,000000|8,000000|224,932978|-0,266252|-3,137699|-2,871447|-149,522576|-146,145538|168,638836|
20170208_221924|34895|131|15,873016|1|CarroTeste2|1|circulo_r60_xc160_yc120|116|161|109|167|9,219544|0,000000|0,000000|5,000000|5,000000|138,113975|-2,111216|-2,152954|-0,041738|2,629811|9,673921|4,137476|
20170208_221924|34944|133|15,873016|1|CarroTeste|1|circulo_r60_xc160_yc120|144|177|149|165|13,000000|0,000000|0,000000|8,000000|8,000000|228,532978|-0,266252|-3,137699|-2,871447|-150,814727|-147,325697|170,178995|
20170208_221924|34955|133|15,873016|1|CarroTeste2|1|circulo_r60_xc160_yc120|115|160|108|167|9,899495|0,000000|0,914495|5,000000|4,085505|134,404559|-2,137526|-2,114222|0,023303|4,592988|11,554952|1,885504|
20170208_221924|35012|135|15,625000|1|CarroTeste|1|circulo_r60_xc160_yc120|144|177|149|165|13,000000|0,000000|0,000000|8,000000|8,000000|232,132978|-0,266252|-3,137699|-2,871447|-152,106878|-148,505856|171,719154|
20170208_221924|35022|135|15,625000|1|CarroTeste2|1|circulo_r60_xc160_yc120|116|161|109|167|9,219544|0,000000|0,914495|5,000000|4,085505|136,243036|-2,231839|-2,152954|0,078885|6,297185|13,440768|0,183536|
20170208_221924|35082|137|14,492754|1|CarroTeste|1|circulo_r60_xc160_yc120|144|177|149|165|13,000000|0,000000|0,000000|8,000000|8,000000|235,732978|-0,266252|-3,137699|-2,871447|-153,399029|-149,686015|173,259313|
20170208_221924|35092|137|14,492754|1|CarroTeste2|1|circulo_r60_xc160_yc120|116|161|109|167|9,219544|0,000000|0,000000|5,000000|5,000000|144,040930|-2,231839|-2,152954|0,078885|6,332683|13,868029|0,536064|
20170208_221924|35159|139|13,888889|1|CarroTeste|1|circulo_r60_xc160_yc120|144|177|149|165|13,000000|0,000000|0,000000|8,000000|8,000000|239,332978|-0,266252|-3,137699|-2,871447|-154,691180|-150,866174|174,799472|
20170208_221924|35172|139|13,888889|1|CarroTeste2|1|circulo_r60_xc160_yc120|116|161|109|167|9,219544|0,000000|0,000000|5,000000|5,000000|146,290930|-2,231839|-2,152954|0,078885|6,368182|14,017896|0,611197|
20170208_221924|35224|141|15,384615|1|CarroTeste|1|circulo_r60_xc160_yc120|144|177|149|165|13,000000|0,000000|0,000000|8,000000|8,000000|242,932978|-0,266252|-3,137699|-2,871447|-155,983331|-152,046333|176,339631|
20170208_221924|35232|141|15,384615|1|CarroTeste2|1|circulo_r60_xc160_yc120|116|161|109|167|9,219544|0,000000|0,000000|5,000000|5,000000|148,540930|-2,111216|-2,152954|-0,041738|2,728011|10,298637|4,555456|
20170208_221924|35286|143|17,857143|1|CarroTeste|1|circulo_r60_xc160_yc120|144|177|149|165|13,000000|0,000000|0,000000|8,000000|8,000000|246,532978|-0,266252|-3,137699|-2,871447|-157,275482|-153,226492|177,879790|
20170208_221924|35294|143|17,857143|1|CarroTeste2|1|circulo_r60_xc160_yc120|116|161|109|167|9,219544|0,000000|0,000000|5,000000|5,000000|150,790930|-2,231839|-2,152954|0,078885|6,384898|14,260492|0,818601|
20170208_221924|35345|145|15,873016|1|CarroTeste|1|circulo_r60_xc160_yc120|144|177|149|165|13,000000|0,000000|0,000000|8,000000|8,000000|250,132978|-0,266252|-3,137699|-2,871447|-158,567633|-154,406652|179,419949|
20170208_221924|35356|145|15,873016|1|CarroTeste2|1|circulo_r60_xc160_yc120|116|161|109|167|9,219544|0,000000|0,000000|5,000000|5,000000|153,040930|-2,111216|-2,152954|-0,041738|2,744727|10,541233|4,762860|
20170208_221924|35411|147|15,384615|1|CarroTeste|1|circulo_r60_xc160_yc120|144|177|149|165|13,000000|0,000000|0,000000|8,000000|8,000000|253,732978|-0,266252|-3,137699|-2,871447|-159,859785|-155,586811|180,960108|
20170208_221924|35422|147|15,384615|1|CarroTeste2|1|circulo_r60_xc160_yc120|116|161|109|167|9,219544|0,000000|0,000000|5,000000|5,000000|155,290930|-2,111216|-2,152954|-0,041738|2,725945|10,633962|4,895131|
20170208_221924|35474|149|15,873016|1|CarroTeste|1|circulo_r60_xc160_yc120|144|177|149|165|13,000000|0,000000|0,000000|8,000000|8,000000|257,332978|-0,266252|-3,137699|-2,871447|-161,151936|-156,766970|182,500267|
20170208_221924|35487|149|15,873016|1|CarroTeste2|1|circulo_r60_xc160_yc120|116|161|109|167|9,219544|0,000000|0,000000|5,000000|5,000000|157,540930|-2,111216|-2,152954|-0,041738|2,707163|10,726691|5,027402|
20170208_221925|35557|151|12,987013|1|CarroTeste|1|circulo_r60_xc160_yc120|144|177|149|165|13,000000|0,000000|0,000000|8,000000|8,000000|260,932978|-0,266252|-3,137699|-2,871447|-162,444087|-157,947129|184,040426|
20170208_221925|35570|151|12,987013|1|CarroTeste2|1|circulo_r60_xc160_yc120|115|160|108|167|9,899495|0,000000|0,914495|5,000000|4,085505|153,831513|-2,137526|-2,114222|0,023303|4,670339|12,607722|2,775429|
20170208_221925|35620|153|16,949153|1|CarroTeste|1|circulo_r60_xc160_yc120|144|177|149|165|13,000000|0,000000|0,000000|8,000000|8,000000|264,532978|-0,266252|-3,137699|-2,871447|-163,736238|-159,127288|185,580586|
20170208_221925|35628|153|16,949153|1|CarroTeste2|1|circulo_r60_xc160_yc120|115|160|108|167|9,899495|0,000000|0,000000|5,000000|5,000000|161,629408|-2,137526|-2,114222|0,023303|4,680826|13,008655|3,154285|
20170208_221925|35693|155|13,333333|1|CarroTeste|1|circulo_r60_xc160_yc120|144|177|149|165|13,000000|0,000000|0,000000|8,000000|8,000000|268,132978|-0,266252|-3,137699|-2,871447|-165,028389|-160,307447|187,120745|
20170208_221925|35706|155|13,333333|1|CarroTeste2|1|circulo_r60_xc160_yc120|116|161|109|167|9,219544|0,000000|0,914495|5,000000|4,085505|157,919991|-2,111216|-2,152954|-0,041738|2,709353|10,747950|5,044049|
20170208_221925|35745|157|19,607843|1|CarroTeste|1|circulo_r60_xc160_yc120|144|177|149|165|13,000000|0,000000|0,000000|8,000000|8,000000|271,732978|-0,266252|-3,137699|-2,871447|-166,320540|-161,487606|188,660904|
20170208_221925|35757|157|19,607843|1|CarroTeste2|1|circulo_r60_xc160_yc120|116|161|109|167|9,219544|0,000000|0,000000|5,000000|5,000000|165,717885|-2,111216|-2,152954|-0,041738|2,690571|11,118074|5,453714|
20170208_221925|35809|159|15,873016|1|CarroTeste|1|circulo_r60_xc160_yc120|144|177|149|165|13,000000|0,000000|0,000000|8,000000|8,000000|275,332978|-0,266252|-3,137699|-2,871447|-167,612691|-162,667765|190,201063|
20170208_221925|35822|159|15,873016|1|CarroTeste2|1|circulo_r60_xc160_yc120|115|160|108|167|9,899495|0,000000|0,914495|5,000000|4,085505|162,008468|-2,137526|-2,114222|0,023303|4,653748|12,999105|3,201741|
20170208_221925|35877|161|14,925373|1|CarroTeste|1|circulo_r60_xc160_yc120|144|177|149|165|13,000000|0,000000|0,000000|8,000000|8,000000|278,932978|-0,266252|-3,137699|-2,871447|-168,904842|-163,847924|191,741222|
20170208_221925|35888|161|14,925373|1|CarroTeste2|1|circulo_r60_xc160_yc120|115|160|108|167|9,899495|0,000000|0,000000|5,000000|5,000000|169,806362|-2,245537|-2,114222|0,131315|7,955590|16,864623|0,116013|
20170208_221925|35957|163|13,157895|1|CarroTeste|1|circulo_r60_xc160_yc120|144|177|149|165|13,000000|0,000000|0,000000|8,000000|8,000000|282,532978|-0,266252|-3,137699|-2,871447|-170,196993|-165,028083|193,281381|
20170208_221925|35971|163|13,157895|1|CarroTeste2|1|circulo_r60_xc160_yc120|115|160|108|167|9,899495|0,000000|0,000000|5,000000|5,000000|172,056362|-2,137526|-2,114222|0,023303|4,723326|13,574740|3,630896|
20170208_221925|36023|165|16,393443|1|CarroTeste|1|circulo_r60_xc160_yc120|144|177|149|165|13,000000|0,000000|0,000000|8,000000|8,000000|286,132978|-0,266252|-3,137699|-2,871447|-171,489144|-166,208242|194,821540|
20170208_221925|36035|165|16,393443|1|CarroTeste2|1|circulo_r60_xc160_yc120|116|161|109|167|9,219544|0,000000|0,914495|5,000000|4,085505|168,346946|-2,111216|-2,152954|-0,041738|2,751853|11,314035|5,520659|
20170208_221925|36086|167|17,241379|1|CarroTeste|1|circulo_r60_xc160_yc120|144|177|149|165|13,000000|0,000000|0,000000|8,000000|8,000000|289,732978|-0,266252|-3,137699|-2,871447|-172,781295|-167,388401|196,361699|
20170208_221925|36096|167|17,241379|1|CarroTeste2|1|circulo_r60_xc160_yc120|115|160|108|167|9,899495|0,000000|0,914495|5,000000|4,085505|170,185423|-2,245537|-2,114222|0,131315|8,006386|16,937046|0,081496|
20170208_221925|36159|169|12,820513|1|CarroTeste|1|circulo_r60_xc160_yc120|144|177|149|165|13,000000|0,000000|0,000000|8,000000|8,000000|293,332978|-0,266252|-3,137699|-2,871447|-174,073446|-168,568560|197,901858|
20170208_221925|36170|169|12,820513|1|CarroTeste2|1|circulo_r60_xc160_yc120|115|160|108|167|9,899495|0,000000|0,000000|5,000000|5,000000|177,983317|-2,137526|-2,114222|0,023303|4,774122|13,924558|3,873774|
20170208_221925|36210|171|20,408163|1|CarroTeste|1|circulo_r60_xc160_yc120|144|177|149|165|13,000000|0,000000|0,000000|8,000000|8,000000|296,932978|-0,266252|-3,137699|-2,871447|-175,365597|-169,748719|199,442017|
20170208_221925|36222|171|20,408163|1|CarroTeste2|1|circulo_r60_xc160_yc120|115|160|108|167|9,899495|0,000000|0,000000|5,000000|5,000000|180,233317|-2,137526|-2,114222|0,023303|4,784608|14,048096|3,975236|
20170208_221925|36277|173|15,384615|1|CarroTeste|1|circulo_r60_xc160_yc120|144|177|149|165|13,000000|0,000000|0,000000|8,000000|8,000000|300,532978|-0,266252|-3,137699|-2,871447|-176,657749|-170,928878|200,982176|
20170208_221925|36288|173|15,384615|1|CarroTeste2|1|circulo_r60_xc160_yc120|116|161|109|167|9,219544|0,000000|0,914495|5,000000|4,085505|176,523900|-2,111216|-2,152954|-0,041738|2,813136|11,787391|5,864999|
20170208_221925|36358|175|12,987013|1|CarroTeste|1|circulo_r60_xc160_yc120|144|177|149|165|13,000000|0,000000|0,000000|8,000000|8,000000|304,132978|-0,266252|-3,137699|-2,871447|-177,949900|-172,109037|202,522335|
20170208_221925|36369|175|12,987013|1|CarroTeste2|1|circulo_r60_xc160_yc120|115|160|108|166|9,219544|0,000000|1,293291|5,000000|3,706709|175,893906|-2,034444|-2,127821|-0,093377|1,220800|10,079747|7,509643|
20170208_221925|36420|177|16,949153|1|CarroTeste|1|circulo_r60_xc160_yc120|144|177|149|165|13,000000|0,000000|0,000000|8,000000|8,000000|307,732978|-0,266252|-3,137699|-2,871447|-179,242051|-173,289196|204,062494|
20170208_221925|36430|177|16,949153|1|CarroTeste2|1|circulo_r60_xc160_yc120|115|160|108|166|9,219544|0,000000|0,000000|5,000000|5,000000|185,989813|-1,997424|-2,127821|-0,130397|0,050695|9,352854|9,246128|
20170208_221925|36491|179|13,698630|1|CarroTeste|1|circulo_r60_xc160_yc120|144|177|149|165|13,000000|0,000000|0,000000|8,000000|8,000000|311,332978|-0,266252|-3,137699|-2,871447|-180,534202|-174,469355|205,602653|
20170208_221925|36504|179|13,698630|1|CarroTeste2|1|circulo_r60_xc160_yc120|115|160|108|166|9,219544|0,000000|0,000000|5,000000|5,000000|188,239813|-1,997424|-2,127821|-0,130397|-0,007984|9,403587|9,420395|
20170208_221925|36545|181|18,867925|1|CarroTeste|1|circulo_r60_xc160_yc120|144|177|149|165|13,000000|0,000000|0,000000|8,000000|8,000000|314,932978|-0,266252|-3,137699|-2,871447|-181,826353|-175,649514|207,142812|
20170208_221926|36554|181|18,867925|1|CarroTeste2|1|circulo_r60_xc160_yc120|115|160|108|166|9,219544|0,000000|0,000000|5,000000|5,000000|190,489813|-1,997424|-2,127821|-0,130397|-0,066663|9,454319|9,594662|
20170208_221926|36610|183|15,873016|1|CarroTeste|1|circulo_r60_xc160_yc120|144|177|149|165|13,000000|0,000000|0,000000|8,000000|8,000000|318,532978|-0,266252|-3,137699|-2,871447|-183,118504|-176,829673|208,682971|
20170208_221926|36622|183|15,873016|1|CarroTeste2|1|circulo_r60_xc160_yc120|115|160|108|166|9,219544|0,000000|0,000000|5,000000|5,000000|192,739813|-1,997424|-2,127821|-0,130397|-0,125342|9,505052|9,768929|
20170208_221926|36675|185|15,151515|1|CarroTeste|1|circulo_r60_xc160_yc120|144|177|149|165|13,000000|0,000000|0,000000|8,000000|8,000000|322,132978|-0,266252|-3,137699|-2,871447|-184,410655|-178,009833|210,223130|
20170208_221926|36688|185|15,151515|1|CarroTeste2|1|circulo_r60_xc160_yc120|115|160|108|166|9,219544|0,000000|0,000000|5,000000|5,000000|194,989813|-2,034444|-2,127821|-0,093377|0,944064|10,743243|8,755739|
20170208_221926|36758|187|12,658228|1|CarroTeste|1|circulo_r60_xc160_yc120|144|177|149|165|13,000000|0,000000|0,000000|8,000000|8,000000|325,732978|-0,266252|-3,137699|-2,871447|-185,702806|-179,189992|211,763289|
20170208_221926|36771|187|12,658228|1|CarroTeste2|1|circulo_r60_xc160_yc120|115|160|108|166|9,219544|0,000000|0,000000|5,000000|5,000000|197,239813|-1,997424|-2,127821|-0,130397|-0,226040|9,624054|10,099928|
20170208_221926|36820|189|16,949153|1|CarroTeste|1|circulo_r60_xc160_yc120|144|177|149|165|13,000000|0,000000|0,000000|8,000000|8,000000|329,332978|-0,266252|-3,137699|-2,871447|-186,994957|-180,370151|213,303448|
20170208_221926|36828|189|16,949153|1|CarroTeste2|1|circulo_r60_xc160_yc120|115|160|108|166|9,219544|0,000000|0,000000|5,000000|5,000000|199,489813|-1,997424|-2,127821|-0,130397|-0,284719|9,674786|10,274195|
20170208_221926|36886|191|15,625000|1|CarroTeste|1|circulo_r60_xc160_yc120|144|177|149|165|13,000000|0,000000|0,000000|8,000000|8,000000|332,932978|-0,266252|-3,137699|-2,871447|-188,287108|-181,550310|214,843607|
20170208_221926|36894|191|15,625000|1|CarroTeste2|1|circulo_r60_xc160_yc120|115|160|108|166|9,219544|0,000000|0,000000|5,000000|5,000000|201,739813|-1,997424|-2,127821|-0,130397|-0,343398|9,725519|10,448462|
20170208_221926|36957|193|13,333333|1|CarroTeste|1|circulo_r60_xc160_yc120|144|177|149|165|13,000000|0,000000|0,000000|8,000000|8,000000|336,532978|-0,266252|-3,137699|-2,871447|-189,579259|-182,730469|216,383767|
20170208_221926|36969|193|13,333333|1|CarroTeste2|1|circulo_r60_xc160_yc120|115|160|108|166|9,219544|0,000000|0,000000|5,000000|5,000000|203,989813|-1,997424|-2,127821|-0,130397|-0,402077|9,776252|10,622729|
20170208_221926|37011|195|19,230769|1|CarroTeste|1|circulo_r60_xc160_yc120|144|177|149|165|13,000000|0,000000|0,000000|8,000000|8,000000|340,132978|-0,266252|-3,137699|-2,871447|-190,871410|-183,910628|217,923926|
20170208_221926|37023|195|19,230769|1|CarroTeste2|1|circulo_r60_xc160_yc120|115|160|108|166|9,219544|0,000000|0,000000|5,000000|5,000000|206,239813|-1,997424|-2,127821|-0,130397|-0,460756|9,826985|10,796996|
20170208_221926|37076|197|15,625000|1|CarroTeste|1|circulo_r60_xc160_yc120|144|177|149|165|13,000000|0,000000|0,000000|8,000000|8,000000|343,732978|-0,266252|-3,137699|-2,871447|-192,163562|-185,090787|219,464085|
20170208_221926|37087|197|15,625000|1|CarroTeste2|1|circulo_r60_xc160_yc120|115|160|108|166|9,219544|0,000000|0,000000|5,000000|5,000000|208,489813|-1,997424|-2,127821|-0,130397|-0,519434|9,877718|10,971264|
20170208_221926|37159|199|12,500000|1|CarroTeste|1|circulo_r60_xc160_yc120|144|177|149|165|13,000000|0,000000|0,000000|8,000000|8,000000|347,332978|-0,266252|-3,137699|-2,871447|-193,455713|-186,270946|221,004244|
20170208_221926|37172|199|12,500000|1|CarroTeste2|1|circulo_r60_xc160_yc120|115|160|108|166|9,219544|0,000000|0,000000|5,000000|5,000000|210,739813|-1,997424|-2,127821|-0,130397|-0,578113|9,928450|11,145531|
20170208_221926|37222|201|17,241379|1|CarroTeste|1|circulo_r60_xc160_yc120|144|177|149|165|13,000000|0,000000|0,000000|8,000000|8,000000|350,932978|-0,266252|-3,137699|-2,871447|-194,747864|-187,451105|222,544403|
20170208_221926|37236|201|17,241379|1|CarroTeste2|1|circulo_r60_xc160_yc120|115|160|108|166|9,219544|0,000000|0,000000|5,000000|5,000000|212,989813|-1,997424|-2,127821|-0,130397|-0,636792|9,979183|11,319798|
20170208_221926|37291|203|16,129032|1|CarroTeste|1|circulo_r60_xc160_yc120|144|177|149|165|13,000000|0,000000|0,000000|8,000000|8,000000|354,532978|-0,266252|-3,137699|-2,871447|-196,040015|-188,631264|224,084562|
20170208_221926|37302|203|16,129032|1|CarroTeste2|1|circulo_r60_xc160_yc120|115|160|108|166|9,219544|0,000000|0,000000|5,000000|5,000000|215,239813|-1,997424|-2,127821|-0,130397|-0,695471|10,029916|11,494065|
20170208_221926|37350|205|18,181818|1|CarroTeste|1|circulo_r60_xc160_yc120|144|177|149|165|13,000000|0,000000|0,000000|8,000000|8,000000|358,132978|-0,266252|-3,137699|-2,871447|-197,332166|-189,811423|225,624721|
20170208_221926|37359|205|18,181818|1|CarroTeste2|1|circulo_r60_xc160_yc120|115|160|108|166|9,219544|0,000000|0,000000|5,000000|5,000000|217,489813|-2,034444|-2,127821|-0,093377|0,373935|11,268107|10,480875|
20170208_221926|37411|207|15,873016|1|CarroTeste|1|circulo_r60_xc160_yc120|144|177|149|165|13,000000|0,000000|0,000000|8,000000|8,000000|361,732978|-0,266252|-3,137699|-2,871447|-198,624317|-190,991582|227,164880|
20170208_221926|37422|207|15,873016|1|CarroTeste2|1|circulo_r60_xc160_yc120|115|160|108|166|9,219544|0,000000|0,000000|5,000000|5,000000|219,739813|-2,034444|-2,127821|-0,093377|0,331915|11,336375|10,637606|
20170208_221926|37474|209|15,384615|1|CarroTeste|1|circulo_r60_xc160_yc120|144|177|149|165|13,000000|0,000000|0,000000|8,000000|8,000000|365,332978|-0,266252|-3,137699|-2,871447|-199,916468|-192,171741|228,705039|
20170208_221926|37487|209|15,384615|1|CarroTeste2|1|circulo_r60_xc160_yc120|115|160|108|166|9,219544|0,000000|0,000000|5,000000|5,000000|221,989813|-1,997424|-2,127821|-0,130397|-0,838189|10,217186|11,981795|
20170208_221927|37557|211|12,658228|1|CarroTeste|1|circulo_r60_xc160_yc120|144|177|149|165|13,000000|0,000000|0,000000|8,000000|8,000000|368,932978|-0,266252|-3,137699|-2,871447|-201,208619|-193,351900|230,245198|
20170208_221927|37570|211|12,658228|1|CarroTeste2|1|circulo_r60_xc160_yc120|115|160|108|166|9,219544|0,000000|0,000000|5,000000|5,000000|224,239813|-1,997424|-2,127821|-0,130397|-0,896868|10,267919|12,156062|
20170208_221927|37621|213|16,949153|1|CarroTeste|1|circulo_r60_xc160_yc120|144|177|149|165|13,000000|0,000000|0,000000|8,000000|8,000000|372,532978|-0,266252|-3,137699|-2,871447|-202,500770|-194,532059|231,785357|
20170208_221927|37629|213|16,949153|1|CarroTeste2|1|circulo_r60_xc160_yc120|115|160|108|166|9,219544|0,000000|0,000000|5,000000|5,000000|226,489813|-2,034444|-2,127821|-0,093377|0,172538|11,506110|11,142872|
20170208_221927|37685|215|16,666667|1|CarroTeste|1|circulo_r60_xc160_yc120|144|177|149|165|13,000000|0,000000|0,000000|8,000000|8,000000|376,132978|-0,266252|-3,137699|-2,871447|-203,792921|-195,712218|233,325516|
20170208_221927|37697|215|16,666667|1|CarroTeste2|1|circulo_r60_xc160_yc120|115|160|108|166|9,219544|0,000000|0,000000|5,000000|5,000000|228,739813|-1,997424|-2,127821|-0,130397|-0,997567|10,386921|12,487061|
20170208_221927|37758|217|13,513514|1|CarroTeste|1|circulo_r60_xc160_yc120|144|177|149|165|13,000000|0,000000|0,000000|8,000000|8,000000|379,732978|-0,266252|-3,137699|-2,871447|-205,085072|-196,892377|234,865675|
20170208_221927|37771|217|13,513514|1|CarroTeste2|1|circulo_r60_xc160_yc120|115|160|108|166|9,219544|0,000000|0,000000|5,000000|5,000000|230,989813|-1,997424|-2,127821|-0,130397|-1,056245|10,437653|12,661328|
20170208_221927|37810|219|19,230769|1|CarroTeste|1|circulo_r60_xc160_yc120|144|177|149|165|13,000000|0,000000|0,000000|8,000000|8,000000|383,332978|-0,266252|-3,137699|-2,871447|-206,377223|-198,072536|236,405834|
20170208_221927|37823|219|19,230769|1|CarroTeste2|1|circulo_r60_xc160_yc120|115|160|108|166|9,219544|0,000000|0,000000|5,000000|5,000000|233,239813|-2,034444|-2,127821|-0,093377|0,013161|11,675844|11,648137|
20170208_221927|37875|221|15,625000|1|CarroTeste|1|circulo_r60_xc160_yc120|144|177|149|165|13,000000|0,000000|0,000000|8,000000|8,000000|386,932978|-0,266252|-3,137699|-2,871447|-207,669375|-199,252695|237,945993|
20170208_221927|37888|221|15,625000|1|CarroTeste2|1|circulo_r60_xc160_yc120|115|160|108|166|9,219544|0,000000|0,000000|5,000000|5,000000|235,489813|-1,997424|-2,127821|-0,130397|-1,156944|10,556655|12,992327|
20170208_221927|37956|223|12,658228|1|CarroTeste|1|circulo_r60_xc160_yc120|144|177|149|165|13,000000|0,000000|0,000000|8,000000|8,000000|390,532978|-0,266252|-3,137699|-2,871447|-208,961526|-200,432854|239,486152|
20170208_221927|37969|223|12,658228|1|CarroTeste2|1|circulo_r60_xc160_yc120|115|160|108|166|9,219544|0,000000|0,000000|5,000000|5,000000|237,739813|-1,997424|-2,127821|-0,130397|-1,215623|10,607388|13,166594|
20170208_221927|38024|225|16,666667|1|CarroTeste|1|circulo_r60_xc160_yc120|144|177|149|165|13,000000|0,000000|0,000000|8,000000|8,000000|394,132978|-0,266252|-3,137699|-2,871447|-210,253677|-201,613014|241,026311|
20170208_221927|38037|225|16,666667|1|CarroTeste2|1|circulo_r60_xc160_yc120|115|160|108|166|9,219544|0,000000|0,000000|5,000000|5,000000|239,989813|-1,997424|-2,127821|-0,130397|-1,274302|10,658120|13,340861|
20170208_221927|38085|227|17,241379|1|CarroTeste|1|circulo_r60_xc160_yc120|144|177|149|165|13,000000|0,000000|0,000000|8,000000|8,000000|397,732978|-0,266252|-3,137699|-2,871447|-211,545828|-202,793173|242,566470|
20170208_221927|38094|227|17,241379|1|CarroTeste2|1|circulo_r60_xc160_yc120|115|160|108|166|9,219544|0,000000|0,000000|5,000000|5,000000|242,239813|-1,997424|-2,127821|-0,130397|-1,332981|10,708853|13,515128|
20170208_221927|38145|229|15,873016|1|CarroTeste|1|circulo_r60_xc160_yc120|144|177|149|165|13,000000|0,000000|0,000000|8,000000|8,000000|401,332978|-0,266252|-3,137699|-2,871447|-212,837979|-203,973332|244,106629|
20170208_221927|38159|229|15,873016|1|CarroTeste2|1|circulo_r60_xc160_yc120|115|160|108|166|9,219544|0,000000|0,000000|5,000000|5,000000|244,489813|-1,997424|-2,127821|-0,130397|-1,391659|10,759586|13,689395|
20170208_221927|38223|231|12,987013|1|CarroTeste|1|circulo_r60_xc160_yc120|144|177|149|165|13,000000|0,000000|0,000000|8,000000|8,000000|404,932978|-0,266252|-3,137699|-2,871447|-214,130130|-205,153491|245,646788|
20170208_221927|38235|231|12,987013|1|CarroTeste2|1|circulo_r60_xc160_yc120|115|160|108|166|9,219544|0,000000|0,000000|5,000000|5,000000|246,739813|-1,997424|-2,127821|-0,130397|-1,450338|10,810319|13,863662|
20170208_221927|38277|233|19,607843|1|CarroTeste|1|circulo_r60_xc160_yc120|144|177|149|165|13,000000|0,000000|0,000000|8,000000|8,000000|408,532978|-0,266252|-3,137699|-2,871447|-215,422281|-206,333650|247,186948|
20170208_221927|38290|233|19,607843|1|CarroTeste2|1|circulo_r60_xc160_yc120|115|160|108|166|9,219544|0,000000|0,000000|5,000000|5,000000|248,989813|-1,997424|-2,127821|-0,130397|-1,509017|10,861052|14,037930|
20170208_221927|38356|235|12,658228|1|CarroTeste|1|circulo_r60_xc160_yc120|144|177|149|165|13,000000|0,000000|0,000000|8,000000|8,000000|412,132978|-0,266252|-3,137699|-2,871447|-216,714432|-207,513809|248,727107|
20170208_221927|38369|235|12,658228|1|CarroTeste2|1|circulo_r60_xc160_yc120|115|160|108|166|9,219544|0,000000|0,000000|5,000000|5,000000|251,239813|-1,997424|-2,127821|-0,130397|-1,567696|10,911784|14,212197|
20170208_221927|38423|237|16,666667|1|CarroTeste|1|circulo_r60_xc160_yc120|144|177|149|165|13,000000|0,000000|0,000000|8,000000|8,000000|415,732978|-0,266252|-3,137699|-2,871447|-218,006583|-208,693968|250,267266|
20170208_221927|38433|237|16,666667|1|CarroTeste2|1|circulo_r60_xc160_yc120|115|160|108|166|9,219544|0,000000|0,000000|5,000000|5,000000|253,489813|-1,997424|-2,127821|-0,130397|-1,626375|10,962517|14,386464|
20170208_221927|38484|239|17,241379|1|CarroTeste|1|circulo_r60_xc160_yc120|144|177|149|165|13,000000|0,000000|0,000000|8,000000|8,000000|419,332978|-0,266252|-3,137699|-2,871447|-219,298734|-209,874127|251,807425|
20170208_221927|38491|239|17,241379|1|CarroTeste2|1|circulo_r60_xc160_yc120|115|160|108|166|9,219544|0,000000|0,000000|5,000000|5,000000|255,739813|-1,997424|-2,127821|-0,130397|-1,685054|11,013250|14,560731|
20170208_221928|38557|241|14,492754|1|CarroTeste|1|circulo_r60_xc160_yc120|144|177|149|165|13,000000|0,000000|0,000000|8,000000|8,000000|422,932978|-0,266252|-3,137699|-2,871447|-220,590885|-211,054286|253,347584|
20170208_221928|38570|241|14,492754|1|CarroTeste2|1|circulo_r60_xc160_yc120|115|160|108|166|9,219544|0,000000|0,000000|5,000000|5,000000|257,989813|-2,034444|-2,127821|-0,093377|-0,615647|12,251441|13,547541|
20170208_221928|38608|243|18,867925|1|CarroTeste|1|circulo_r60_xc160_yc120|144|177|149|165|13,000000|0,000000|0,000000|8,000000|8,000000|426,532978|-0,266252|-3,137699|-2,871447|-221,883036|-212,234445|254,887743|
20170208_221928|38620|243|18,867925|1|CarroTeste2|1|circulo_r60_xc160_yc120|115|160|108|166|9,219544|0,000000|0,000000|5,000000|5,000000|260,239813|-1,997424|-2,127821|-0,130397|-1,785752|11,132252|14,891730|
20170208_221928|38675|245|15,625000|1|CarroTeste|1|circulo_r60_xc160_yc120|144|177|149|165|13,000000|0,000000|0,000000|8,000000|8,000000|430,132978|-0,266252|-3,137699|-2,871447|-223,175188|-213,414604|255,000000|
20170208_221928|38689|245|15,625000|1|CarroTeste2|1|circulo_r60_xc160_yc120|115|160|108|166|9,219544|0,000000|0,000000|5,000000|5,000000|262,489813|-1,997424|-2,127821|-0,130397|-1,844431|11,182984|15,065997|
20170208_221928|38757|247|12,500000|1|CarroTeste|1|circulo_r60_xc160_yc120|144|177|149|165|13,000000|0,000000|0,000000|8,000000|8,000000|433,732978|-0,266252|-3,137699|-2,871447|-224,467339|-214,594763|255,000000|
20170208_221928|38768|247|12,500000|1|CarroTeste2|1|circulo_r60_xc160_yc120|115|160|108|166|9,219544|0,000000|0,000000|5,000000|5,000000|264,739813|-1,997424|-2,127821|-0,130397|-1,903110|11,233717|15,240264|
20170208_221928|38822|249|16,393443|1|CarroTeste|1|circulo_r60_xc160_yc120|144|177|149|165|13,000000|0,000000|0,000000|8,000000|8,000000|437,332978|-0,266252|-3,137699|-2,871447|-225,759490|-215,774922|255,000000|
20170208_221928|38835|249|16,393443|1|CarroTeste2|1|circulo_r60_xc160_yc120|115|160|108|166|9,219544|0,000000|0,000000|5,000000|5,000000|266,989813|-2,034444|-2,127821|-0,093377|-0,833704|12,471908|14,227074|
20170208_221928|38885|251|16,666667|1|CarroTeste|1|circulo_r60_xc160_yc120|144|177|149|165|13,000000|0,000000|0,000000|8,000000|8,000000|440,932978|-0,266252|-3,137699|-2,871447|-227,051641|-216,955081|255,000000|
20170208_221928|38891|251|16,666667|1|CarroTeste2|1|circulo_r60_xc160_yc120|115|160|108|166|9,219544|0,000000|0,000000|5,000000|5,000000|269,239813|-1,997424|-2,127821|-0,130397|-2,003808|11,352719|15,571263|
20170208_221928|38951|253|15,625000|1|CarroTeste|1|circulo_r60_xc160_yc120|144|177|149|165|13,000000|0,000000|0,000000|8,000000|8,000000|444,532978|-0,266252|-3,137699|-2,871447|-228,343792|-218,135240|255,000000|
20170208_221928|38958|253|15,625000|1|CarroTeste2|1|circulo_r60_xc160_yc120|115|160|108|166|9,219544|0,000000|0,000000|5,000000|5,000000|271,489813|-1,997424|-2,127821|-0,130397|-2,062487|11,403452|15,745530|
20170208_221928|39022|255|13,698630|1|CarroTeste|1|circulo_r60_xc160_yc120|144|177|149|165|13,000000|0,000000|0,000000|8,000000|8,000000|448,132978|-0,266252|-3,137699|-2,871447|-229,635943|-219,315399|255,000000|
20170208_221928|39030|255|13,698630|1|CarroTeste2|1|circulo_r60_xc160_yc120|115|160|108|166|9,219544|0,000000|0,000000|5,000000|5,000000|273,739813|-1,997424|-2,127821|-0,130397|-2,121166|11,454184|15,919797|
20170208_221928|39074|257|19,607843|1|CarroTeste|1|circulo_r60_xc160_yc120|144|177|149|165|13,000000|0,000000|0,000000|8,000000|8,000000|451,732978|-0,266252|-3,137699|-2,871447|-230,928094|-220,495558|255,000000|
20170208_221928|39086|257|19,607843|1|CarroTeste2|1|circulo_r60_xc160_yc120|115|160|108|166|9,219544|0,000000|0,000000|5,000000|5,000000|275,989813|-1,837048|-2,127821|-0,290773|-7,066838|6,360713|21,238268|
20170208_221928|39155|259|12,500000|1|CarroTeste|1|circulo_r60_xc160_yc120|144|177|149|165|13,000000|0,000000|0,000000|8,000000|8,000000|455,332978|-0,266252|-3,137699|-2,871447|-232,220245|-221,675717|255,000000|
20170208_221928|39162|259|12,500000|1|CarroTeste2|1|circulo_r60_xc160_yc120|115|160|108|166|9,219544|0,000000|0,000000|5,000000|5,000000|278,239813|-1,892547|-2,127821|-0,235274|-5,506524|8,115649|19,708332|
20170208_221928|39222|261|16,393443|1|CarroTeste|1|circulo_r60_xc160_yc120|144|177|149|165|13,000000|0,000000|0,000000|8,000000|8,000000|458,932978|-0,266252|-3,137699|-2,871447|-233,512396|-222,855876|255,000000|
20170208_221928|39234|261|16,393443|1|CarroTeste2|1|circulo_r60_xc160_yc120|115|160|108|166|9,219544|0,000000|0,000000|5,000000|5,000000|280,489813|-1,997424|-2,127821|-0,130397|-2,416566|11,480737|16,568244|
20170208_221928|39284|263|16,949153|1|CarroTeste|1|circulo_r60_xc160_yc120|144|177|149|165|13,000000|0,000000|0,000000|8,000000|8,000000|462,532978|-0,266252|-3,137699|-2,871447|-234,804547|-224,036036|255,000000|
20170208_221928|39290|263|16,949153|1|CarroTeste2|1|circulo_r60_xc160_yc120|115|160|108|166|9,219544|0,000000|0,000000|5,000000|5,000000|282,739813|-1,892547|-2,127821|-0,235274|-5,671077|8,167436|20,106545|
20170208_221928|39350|265|15,384615|1|CarroTeste|1|circulo_r60_xc160_yc120|144|177|149|165|13,000000|0,000000|0,000000|8,000000|8,000000|466,132978|-0,266252|-3,137699|-2,871447|-236,096698|-225,216195|255,000000|
20170208_221928|39358|265|15,384615|1|CarroTeste2|1|circulo_r60_xc160_yc120|114|159|108|165|8,485281|0,000000|0,914495|5,000000|4,085505|279,030397|-1,997424|-2,123657|-0,126233|-2,454225|11,368125|16,534915|
20170208_221928|39408|267|16,393443|1|CarroTeste|1|circulo_r60_xc160_yc120|144|177|149|165|13,000000|0,000000|0,000000|8,000000|8,000000|469,732978|-0,266252|-3,137699|-2,871447|-237,388849|-226,396354|255,000000|
20170208_221928|39418|267|16,393443|1|CarroTeste2|1|circulo_r60_xc160_yc120|114|159|108|165|8,485281|0,000000|0,000000|5,000000|5,000000|286,828291|-1,997424|-2,123657|-0,126233|-2,511030|11,698225|16,984604|
20170208_221928|39475|269|15,625000|1|CarroTeste|1|circulo_r60_xc160_yc120|144|177|149|165|13,000000|0,000000|0,000000|8,000000|8,000000|473,332978|-0,266252|-3,137699|-2,871447|-238,681000|-227,576513|255,000000|
20170208_221928|39488|269|15,625000|1|CarroTeste2|1|circulo_r60_xc160_yc120|114|159|108|164|7,810250|0,000000|0,914495|5,000000|4,085505|283,118874|-1,997424|-2,137158|-0,139734|-2,979231|11,019911|17,291976|
20170208_221929|39557|271|12,345679|1|CarroTeste|1|circulo_r60_xc160_yc120|144|177|149|165|13,000000|0,000000|0,000000|8,000000|8,000000|476,932978|-0,266252|-3,137699|-2,871447|-239,973152|-228,756672|255,000000|
20170208_221929|39571|271|12,345679|1|CarroTeste2|1|circulo_r60_xc160_yc120|114|159|108|164|7,810250|0,000000|0,000000|5,000000|5,000000|290,916768|-1,997424|-2,137158|-0,139734|-3,042111|11,343616|17,748061|
20170208_221929|39633|273|13,888889|1|CarroTeste|1|circulo_r60_xc160_yc120|144|177|149|165|13,000000|0,000000|0,000000|8,000000|8,000000|480,532978|-0,266252|-3,137699|-2,871447|-241,265303|-229,936831|255,000000|
20170208_221929|39641|273|13,888889|1|CarroTeste2|1|circulo_r60_xc160_yc120|114|159|108|164|7,810250|0,000000|0,000000|5,000000|5,000000|293,166768|-1,997424|-2,137158|-0,139734|-3,104992|11,389926|17,926751|
20170208_221929|39683|275|19,607843|1|CarroTeste|1|circulo_r60_xc160_yc120|144|177|149|165|13,000000|0,000000|0,000000|8,000000|8,000000|484,132978|-0,266252|-3,137699|-2,871447|-242,557454|-231,116990|255,000000|
20170208_221929|39690|275|19,607843|1|CarroTeste2|1|circulo_r60_xc160_yc120|113|158|107|164|8,485281|0,000000|0,914495|5,000000|4,085505|289,457351|-2,137526|-2,092241|0,045284|2,470046|17,072916|11,872819|
20170208_221929|39749|277|15,625000|1|CarroTeste|1|circulo_r60_xc160_yc120|144|177|149|165|13,000000|0,000000|0,000000|8,000000|8,000000|487,732978|-0,266252|-3,137699|-2,871447|-243,849605|-232,297149|255,000000|
20170208_221929|39758|277|15,625000|1|CarroTeste2|1|circulo_r60_xc160_yc120|113|158|107|164|8,485281|0,000000|0,000000|5,000000|5,000000|297,255246|-2,111216|-2,092241|0,018975|1,688709|16,640351|13,085174|
20170208_221929|39820|279|14,285714|1|CarroTeste|1|circulo_r60_xc160_yc120|144|177|149|165|13,000000|0,000000|0,000000|8,000000|8,000000|491,332978|-0,266252|-3,137699|-2,871447|-245,141756|-233,477308|255,000000|
20170208_221929|39826|279|14,285714|1|CarroTeste2|1|circulo_r60_xc160_yc120|113|158|107|163|7,810250|0,000000|0,914495|5,000000|4,085505|293,545829|-2,111216|-2,105742|0,005474|1,285852|16,030820|13,323763|
20170208_221929|39875|281|18,518519|1|CarroTeste|1|circulo_r60_xc160_yc120|144|177|149|165|13,000000|0,000000|0,000000|8,000000|8,000000|494,932978|-0,266252|-3,137699|-2,871447|-246,433907|-234,657467|255,000000|
20170208_221929|39885|281|18,518519|1|CarroTeste2|1|circulo_r60_xc160_yc120|113|158|107|163|7,810250|0,000000|0,000000|5,000000|5,000000|301,343723|-2,111216|-2,105742|0,005474|1,288315|16,423307|13,711065|
20170208_221929|39955|283|12,345679|1|CarroTeste|1|circulo_r60_xc160_yc120|144|177|149|165|13,000000|0,000000|0,000000|8,000000|8,000000|498,532978|-0,266252|-3,137699|-2,871447|-247,726058|-235,837626|255,000000|
20170208_221929|39964|283|12,345679|1|CarroTeste2|1|circulo_r60_xc160_yc120|112|157|106|163|8,485281|0,000000|0,914495|5,000000|4,085505|297,634306|-2,137526|-2,067108|0,070417|3,269737|18,323544|11,439887|
20170208_221929|40023|285|16,393443|1|CarroTeste|1|circulo_r60_xc160_yc120|144|177|149|165|13,000000|0,000000|0,000000|8,000000|8,000000|502,132978|-0,266252|-3,137699|-2,871447|-249,018209|-237,017785|255,000000|
20170208_221929|40034|285|16,393443|1|CarroTeste2|1|circulo_r60_xc160_yc120|112|157|107|162|7,071068|0,000000|1,293291|5,000000|3,706709|297,004312|-2,111216|-2,095393|0,015823|1,637824|16,574241|13,126190|
20170208_221929|40084|287|16,949153|1|CarroTeste|1|circulo_r60_xc160_yc120|144|177|149|165|13,000000|0,000000|0,000000|8,000000|8,000000|505,732978|-0,266252|-3,137699|-2,871447|-250,310360|-238,197944|255,000000|
20170208_221929|40091|287|16,949153|1|CarroTeste2|1|circulo_r60_xc160_yc120|112|157|107|162|7,071068|0,000000|0,000000|5,000000|5,000000|307,100219|-2,111216|-2,095393|0,015823|1,644945|17,086532|13,623490|
20170208_221929|40149|289|15,873016|1|CarroTeste|1|circulo_r60_xc160_yc120|144|177|149|165|13,000000|0,000000|0,000000|8,000000|8,000000|509,332978|-0,266252|-3,137699|-2,871447|-251,602511|-239,378103|255,000000|
20170208_221929|40156|289|15,873016|1|CarroTeste2|1|circulo_r60_xc160_yc120|112|157|107|161|6,403124|0,000000|0,914495|5,000000|4,085505|303,390803|-1,997424|-2,108752|-0,111328|-2,222502|12,830065|17,509016|
20170208_221929|40209|291|15,873016|1|CarroTeste|1|circulo_r60_xc160_yc120|144|177|149|165|13,000000|0,000000|0,000000|8,000000|8,000000|512,932978|-0,266252|-3,137699|-2,871447|-252,894662|-240,558262|255,000000|
20170208_221929|40218|291|15,873016|1|CarroTeste2|1|circulo_r60_xc160_yc120|112|157|106|161|7,211103|0,000000|0,914495|5,000000|4,085505|305,229280|-1,997424|-2,092592|-0,095168|-1,780183|13,387588|17,135340|
20170208_221929|40274|293|15,873016|1|CarroTeste|1|circulo_r60_xc160_yc120|144|177|149|165|13,000000|0,000000|0,000000|8,000000|8,000000|516,532978|-0,266252|-3,137699|-2,871447|-254,186813|-241,738421|255,000000|
20170208_221929|40290|293|15,873016|1|CarroTeste2|1|circulo_r60_xc160_yc120|112|157|106|161|7,211103|0,000000|0,000000|5,000000|5,000000|313,027174|-2,111216|-2,092592|0,018624|1,644485|17,382396|13,920321|
20170208_221929|40355|295|12,500000|1|CarroTeste|1|circulo_r60_xc160_yc120|144|177|149|165|13,000000|0,000000|0,000000|8,000000|8,000000|520,132978|-0,266252|-3,137699|-2,871447|-255,478965|-242,918580|255,000000|
20170208_221929|40365|295|12,500000|1|CarroTeste2|1|circulo_r60_xc160_yc120|112|157|106|160|6,708204|0,000000|0,914495|5,000000|4,085505|309,317757|-1,997424|-2,102650|-0,105226|-2,121115|13,233135|17,698640|
20170208_221929|40426|297|14,492754|1|CarroTeste|1|circulo_r60_xc160_yc120|144|177|149|165|13,000000|0,000000|0,000000|8,000000|8,000000|523,732978|-0,266252|-3,137699|-2,871447|-256,771116|-244,098739|255,000000|
20170208_221929|40440|297|14,492754|1|CarroTeste2|1|circulo_r60_xc160_yc120|112|157|105|160|7,615773|0,000000|0,914495|5,000000|4,085505|311,156235|-2,137526|-2,084498|0,053027|2,653859|18,351348|12,764276|
20170208_221929|40484|299|18,181818|1|CarroTeste|1|circulo_r60_xc160_yc120|144|177|149|165|13,000000|0,000000|0,000000|8,000000|8,000000|527,332978|-0,266252|-3,137699|-2,871447|-258,063267|-245,278898|255,000000|
20170208_221929|40491|299|18,181818|1|CarroTeste2|1|circulo_r60_xc160_yc120|110|154|105|159|7,071068|0,000000|0,914495|5,000000|4,085505|312,994712|-2,034444|-2,038844|-0,004400|0,927792|16,626358|14,673113|
20170208_221930|40551|301|15,625000|1|CarroTeste|1|circulo_r60_xc160_yc120|144|177|149|165|13,000000|0,000000|0,000000|8,000000|8,000000|530,932978|-0,266252|-3,137699|-2,871447|-259,355418|-246,459057|255,000000|
20170208_221930|40560|301|15,625000|1|CarroTeste2|1|circulo_r60_xc160_yc120|110|154|105|159|7,071068|0,000000|0,000000|5,000000|5,000000|320,792606|-2,111216|-2,038844|0,072372|3,265221|19,476705|12,602556|
20170208_221930|40618|303|15,151515|1|CarroTeste|1|circulo_r60_xc160_yc120|144|177|149|165|13,000000|0,000000|0,000000|8,000000|8,000000|534,532978|-0,266252|-3,137699|-2,871447|-260,647569|-247,639217|255,000000|
20170208_221930|40624|303|15,151515|1|CarroTeste2|1|circulo_r60_xc160_yc120|110|154|105|159|7,071068|0,000000|0,000000|5,000000|5,000000|323,042606|-2,111216|-2,038844|0,072372|3,297788|19,623486|12,680774|
20170208_221930|40674|305|16,949153|1|CarroTeste|1|circulo_r60_xc160_yc120|144|177|149|165|13,000000|0,000000|0,000000|8,000000|8,000000|538,132978|-0,266252|-3,137699|-2,871447|-261,939720|-248,819376|255,000000|
20170208_221930|40686|305|16,949153|1|CarroTeste2|1|circulo_r60_xc160_yc120|110|154|105|159|7,071068|0,000000|0,000000|5,000000|5,000000|325,292606|-2,111216|-2,038844|0,072372|3,330356|19,770268|12,758993|
20170208_221930|40757|307|12,345679|1|CarroTeste|1|circulo_r60_xc160_yc120|144|177|149|165|13,000000|0,000000|0,000000|8,000000|8,000000|541,732978|-0,266252|-3,137699|-2,871447|-263,231871|-249,999535|255,000000|
20170208_221930|40767|307|12,345679|1|CarroTeste2|1|circulo_r60_xc160_yc120|110|154|105|158|6,403124|0,000000|0,914495|5,000000|4,085505|321,583189|-2,111216|-2,052203|0,059013|2,955850|19,190580|12,967739|
20170208_221930|40822|309|15,873016|1|CarroTeste|1|circulo_r60_xc160_yc120|144|177|149|165|13,000000|0,000000|0,000000|8,000000|8,000000|545,332978|-0,266252|-3,137699|-2,871447|-264,524022|-251,179694|255,000000|
20170208_221930|40833|309|15,873016|1|CarroTeste2|1|circulo_r60_xc160_yc120|110|154|105|158|6,403124|0,000000|0,000000|5,000000|5,000000|329,381084|-2,111216|-2,052203|0,059013|2,982406|19,608429|13,329680|
20170208_221930|40885|311|16,949153|1|CarroTeste|1|circulo_r60_xc160_yc120|144|177|149|165|13,000000|0,000000|0,000000|8,000000|8,000000|548,932978|-0,266252|-3,137699|-2,871447|-265,816173|-252,359853|255,000000|
20170208_221930|40900|311|16,949153|1|CarroTeste2|1|circulo_r60_xc160_yc120|109|153|105|157|5,656854|0,000000|0,914495|5,000000|4,085505|325,671667|-1,997424|-2,041996|-0,044572|-0,147497|16,128324|16,438843|
20170208_221930|40950|313|15,625000|1|CarroTeste|1|circulo_r60_xc160_yc120|144|177|149|165|13,000000|0,000000|0,000000|8,000000|8,000000|552,532978|-0,266252|-3,137699|-2,871447|-267,108324|-253,540012|255,000000|
20170208_221930|40964|313|15,625000|1|CarroTeste2|1|circulo_r60_xc160_yc120|109|153|104|157|6,403124|0,000000|0,914495|5,000000|4,085505|327,510144|-1,892547|-2,027070|-0,134523|-2,908574|13,313851|19,437164|
20170208_221930|41011|315|15,873016|1|CarroTeste|1|circulo_r60_xc160_yc120|144|177|149|165|13,000000|0,000000|0,000000|8,000000|8,000000|556,132978|-0,266252|-3,137699|-2,871447|-268,400475|-254,720171|255,000000|
20170208_221930|41028|315|15,873016|1|CarroTeste2|1|circulo_r60_xc160_yc120|109|153|104|156|5,830952|0,000000|0,914495|5,000000|4,085505|329,348622|-1,997424|-2,038513|-0,041090|-0,121982|16,339029|16,595833|
