TimeStamp|Ticks|FrameNum|FPS|LogaDados|Robo|achou|trajetoria|Xd|Yd|Xa|Ya|DistMelhorPonto|velAtual|velAtualDerivSuja|velDesejada|erroVel|SaidaControleLinear|angAtual|angDesejado|erroAng|SaidaControleAngular|SinalDeControle1|SinalDeControle2|
20170425_170905|17451|1|0.000001|0||0||0|0|0|0|0.000000|0.000000|0.000000|0.000000|0.000000|0.000000|0.000000|0.000000|0.000000|0.000000|0.000000|0.000000|
20170425_170905|17568|2|8.000000|0||0||0|0|0|0|0.000000|0.000000|0.000000|0.000000|0.000000|0.000000|0.000000|0.000000|0.000000|0.000000|0.000000|0.000000|
20170425_170905|17617|3|20.408163|0||0||0|0|0|0|0.000000|0.000000|0.000000|0.000000|0.000000|0.000000|0.000000|0.000000|0.000000|0.000000|0.000000|0.000000|
20170425_170905|17663|4|22.222222|0||0||0|0|0|0|0.000000|0.000000|0.000000|0.000000|0.000000|0.000000|0.000000|0.000000|0.000000|0.000000|0.000000|0.000000|
20170425_170905|17713|5|20.833333|0||0||0|0|0|0|0.000000|0.000000|0.000000|0.000000|0.000000|0.000000|0.000000|0.000000|0.000000|0.000000|0.000000|0.000000|
20170425_170905|17757|6|21.739130|0||0||0|0|0|0|0.000000|0.000000|0.000000|0.000000|0.000000|0.000000|0.000000|0.000000|0.000000|0.000000|0.000000|0.000000|
20170425_170905|17806|7|20.000000|0||0||0|0|0|0|0.000000|0.000000|0.000000|0.000000|0.000000|0.000000|0.000000|0.000000|0.000000|0.000000|0.000000|0.000000|
20170425_170905|17851|8|22.222222|0||0||0|0|0|0|0.000000|0.000000|0.000000|0.000000|0.000000|0.000000|0.000000|0.000000|0.000000|0.000000|0.000000|0.000000|
20170425_170905|17896|9|22.222222|0||0||0|0|0|0|0.000000|0.000000|0.000000|0.000000|0.000000|0.000000|0.000000|0.000000|0.000000|0.000000|0.000000|0.000000|
20170425_170905|17944|10|21.276596|0||0||0|0|0|0|0.000000|0.000000|0.000000|0.000000|0.000000|0.000000|0.000000|0.000000|0.000000|0.000000|0.000000|0.000000|
20170425_170905|17994|11|20.000000|0||0||0|0|0|0|0.000000|0.000000|0.000000|0.000000|0.000000|0.000000|0.000000|0.000000|0.000000|0.000000|0.000000|0.000000|
20170425_170905|18041|12|21.739130|0||0||0|0|0|0|0.000000|0.000000|0.000000|0.000000|0.000000|0.000000|0.000000|0.000000|0.000000|0.000000|0.000000|0.000000|
20170425_170905|18084|13|22.727273|0||0||0|0|0|0|0.000000|0.000000|0.000000|0.000000|0.000000|0.000000|0.000000|0.000000|0.000000|0.000000|0.000000|0.000000|
20170425_170905|18131|14|20.833333|0||0||0|0|0|0|0.000000|0.000000|0.000000|0.000000|0.000000|0.000000|0.000000|0.000000|0.000000|0.000000|0.000000|0.000000|
20170425_170905|18176|15|22.222222|0||0||0|0|0|0|0.000000|0.000000|0.000000|0.000000|0.000000|0.000000|0.000000|0.000000|0.000000|0.000000|0.000000|0.000000|
20170425_170905|18224|16|21.276596|0||0||0|0|0|0|0.000000|0.000000|0.000000|0.000000|0.000000|0.000000|0.000000|0.000000|0.000000|0.000000|0.000000|0.000000|
20170425_170906|18270|17|21.739130|0||0||0|0|0|0|0.000000|0.000000|0.000000|0.000000|0.000000|0.000000|0.000000|0.000000|0.000000|0.000000|0.000000|0.000000|
20170425_170906|18317|18|21.276596|0||0||0|0|0|0|0.000000|0.000000|0.000000|0.000000|0.000000|0.000000|0.000000|0.000000|0.000000|0.000000|0.000000|0.000000|
20170425_170906|18362|19|21.739130|0||0||0|0|0|0|0.000000|0.000000|0.000000|0.000000|0.000000|0.000000|0.000000|0.000000|0.000000|0.000000|0.000000|0.000000|
20170425_170906|18412|20|20.408163|0||0||0|0|0|0|0.000000|0.000000|0.000000|0.000000|0.000000|0.000000|0.000000|0.000000|0.000000|0.000000|0.000000|0.000000|
20170425_170906|18504|21|10.752688|0||0||0|0|0|0|0.000000|0.000000|0.000000|0.000000|0.000000|0.000000|0.000000|0.000000|0.000000|0.000000|0.000000|0.000000|
20170425_170906|18554|22|20.408163|0||0||0|0|0|0|0.000000|0.000000|0.000000|0.000000|0.000000|0.000000|0.000000|0.000000|0.000000|0.000000|0.000000|0.000000|
20170425_170906|18643|23|11.111111|0||0||0|0|0|0|0.000000|0.000000|0.000000|0.000000|0.000000|0.000000|0.000000|0.000000|0.000000|0.000000|0.000000|0.000000|
20170425_170906|18690|24|21.739130|0||0||0|0|0|0|0.000000|0.000000|0.000000|0.000000|0.000000|0.000000|0.000000|0.000000|0.000000|0.000000|0.000000|0.000000|
20170425_170906|18739|25|20.408163|0||0||0|0|0|0|0.000000|0.000000|0.000000|0.000000|0.000000|0.000000|0.000000|0.000000|0.000000|0.000000|0.000000|0.000000|
20170425_170906|18785|26|21.739130|0||0||0|0|0|0|0.000000|0.000000|0.000000|0.000000|0.000000|0.000000|0.000000|0.000000|0.000000|0.000000|0.000000|0.000000|
20170425_170906|18832|27|20.833333|0||0||0|0|0|0|0.000000|0.000000|0.000000|0.000000|0.000000|0.000000|0.000000|0.000000|0.000000|0.000000|0.000000|0.000000|
20170425_170906|18879|28|22.222222|0||0||0|0|0|0|0.000000|0.000000|0.000000|0.000000|0.000000|0.000000|0.000000|0.000000|0.000000|0.000000|0.000000|0.000000|
20170425_170906|18926|29|21.276596|0||0||0|0|0|0|0.000000|0.000000|0.000000|0.000000|0.000000|0.000000|0.000000|0.000000|0.000000|0.000000|0.000000|0.000000|
20170425_170906|18971|30|21.276596|0||0||0|0|0|0|0.000000|0.000000|0.000000|0.000000|0.000000|0.000000|0.000000|0.000000|0.000000|0.000000|0.000000|0.000000|
20170425_170906|19022|31|21.276596|0||0||0|0|0|0|0.000000|0.000000|0.000000|0.000000|0.000000|0.000000|0.000000|0.000000|0.000000|0.000000|0.000000|0.000000|
20170425_170906|19112|32|10.752688|0||0||0|0|0|0|0.000000|0.000000|0.000000|0.000000|0.000000|0.000000|0.000000|0.000000|0.000000|0.000000|0.000000|0.000000|
20170425_170906|19160|33|20.833333|0||0||0|0|0|0|0.000000|0.000000|0.000000|0.000000|0.000000|0.000000|0.000000|0.000000|0.000000|0.000000|0.000000|0.000000|
20170425_170906|19207|34|22.222222|0||0||0|0|0|0|0.000000|0.000000|0.000000|0.000000|0.000000|0.000000|0.000000|0.000000|0.000000|0.000000|0.000000|0.000000|
20170425_170907|19256|35|19.607843|0||0||0|0|0|0|0.000000|0.000000|0.000000|0.000000|0.000000|0.000000|0.000000|0.000000|0.000000|0.000000|0.000000|0.000000|
20170425_170907|19347|36|10.989011|0||0||0|0|0|0|0.000000|0.000000|0.000000|0.000000|0.000000|0.000000|0.000000|0.000000|0.000000|0.000000|0.000000|0.000000|
20170425_170907|19395|37|20.833333|0||0||0|0|0|0|0.000000|0.000000|0.000000|0.000000|0.000000|0.000000|0.000000|0.000000|0.000000|0.000000|0.000000|0.000000|
20170425_170907|19440|38|22.727273|0||0||0|0|0|0|0.000000|0.000000|0.000000|0.000000|0.000000|0.000000|0.000000|0.000000|0.000000|0.000000|0.000000|0.000000|
20170425_170907|19490|39|20.000000|0||0||0|0|0|0|0.000000|0.000000|0.000000|0.000000|0.000000|0.000000|0.000000|0.000000|0.000000|0.000000|0.000000|0.000000|
20170425_170907|19535|40|22.222222|0||0||0|0|0|0|0.000000|0.000000|0.000000|0.000000|0.000000|0.000000|0.000000|0.000000|0.000000|0.000000|0.000000|0.000000|
20170425_170907|19582|41|20.833333|0||0||0|0|0|0|0.000000|0.000000|0.000000|0.000000|0.000000|0.000000|0.000000|0.000000|0.000000|0.000000|0.000000|0.000000|
20170425_170907|19630|42|21.739130|0||0||0|0|0|0|0.000000|0.000000|0.000000|0.000000|0.000000|0.000000|0.000000|0.000000|0.000000|0.000000|0.000000|0.000000|
20170425_170907|19676|43|20.833333|0||0||0|0|0|0|0.000000|0.000000|0.000000|0.000000|0.000000|0.000000|0.000000|0.000000|0.000000|0.000000|0.000000|0.000000|
20170425_170907|19725|44|20.833333|0||0||0|0|0|0|0.000000|0.000000|0.000000|0.000000|0.000000|0.000000|0.000000|0.000000|0.000000|0.000000|0.000000|0.000000|
20170425_170907|19814|45|11.111111|0||0||0|0|0|0|0.000000|0.000000|0.000000|0.000000|0.000000|0.000000|0.000000|0.000000|0.000000|0.000000|0.000000|0.000000|
20170425_170907|19862|46|20.833333|0||0||0|0|0|0|0.000000|0.000000|0.000000|0.000000|0.000000|0.000000|0.000000|0.000000|0.000000|0.000000|0.000000|0.000000|
20170425_170907|19910|47|20.833333|0||0||0|0|0|0|0.000000|0.000000|0.000000|0.000000|0.000000|0.000000|0.000000|0.000000|0.000000|0.000000|0.000000|0.000000|
20170425_170907|19957|48|20.833333|0||0||0|0|0|0|0.000000|0.000000|0.000000|0.000000|0.000000|0.000000|0.000000|0.000000|0.000000|0.000000|0.000000|0.000000|
20170425_170907|20002|49|22.222222|0||0||0|0|0|0|0.000000|0.000000|0.000000|0.000000|0.000000|0.000000|0.000000|0.000000|0.000000|0.000000|0.000000|0.000000|
20170425_170907|20055|50|19.607843|0||0||0|0|0|0|0.000000|0.000000|0.000000|0.000000|0.000000|0.000000|0.000000|0.000000|0.000000|0.000000|0.000000|0.000000|
20170425_170907|20144|51|11.111111|0||0||0|0|0|0|0.000000|0.000000|0.000000|0.000000|0.000000|0.000000|0.000000|0.000000|0.000000|0.000000|0.000000|0.000000|
20170425_170907|20191|52|20.833333|0||0||0|0|0|0|0.000000|0.000000|0.000000|0.000000|0.000000|0.000000|0.000000|0.000000|0.000000|0.000000|0.000000|0.000000|
20170425_170908|20237|53|21.739130|0||0||0|0|0|0|0.000000|0.000000|0.000000|0.000000|0.000000|0.000000|0.000000|0.000000|0.000000|0.000000|0.000000|0.000000|
20170425_170908|20283|54|21.739130|0||0||0|0|0|0|0.000000|0.000000|0.000000|0.000000|0.000000|0.000000|0.000000|0.000000|0.000000|0.000000|0.000000|0.000000|
20170425_170908|20340|55|20.000000|0||0||0|0|0|0|0.000000|0.000000|0.000000|0.000000|0.000000|0.000000|0.000000|0.000000|0.000000|0.000000|0.000000|0.000000|
20170425_170908|20456|56|10.752688|0||0||0|0|0|0|0.000000|0.000000|0.000000|0.000000|0.000000|0.000000|0.000000|0.000000|0.000000|0.000000|0.000000|0.000000|
20170425_170908|20528|57|10.638298|0|CarroTeste2|0||0|0|0|0|0.000000|0.000000|0.000000|0.000000|0.000000|0.000000|0.000000|0.000000|0.000000|0.000000|0.000000|0.000000|
20170425_170908|20619|58|10.989011|0|CarroTeste2|0||0|0|0|0|0.000000|0.000000|0.000000|0.000000|0.000000|0.000000|0.000000|0.000000|0.000000|0.000000|0.000000|0.000000|
20170425_170908|20722|59|10.526316|0|CarroTeste2|0||0|0|0|0|0.000000|0.000000|0.000000|0.000000|0.000000|0.000000|0.000000|0.000000|0.000000|0.000000|0.000000|0.000000|
20170425_170908|20764|60|20.408163|0|CarroTeste2|0||0|0|0|0|0.000000|0.000000|0.000000|0.000000|0.000000|0.000000|0.000000|0.000000|0.000000|0.000000|0.000000|0.000000|
20170425_170908|20816|61|19.230769|0|CarroTeste2|0||0|0|0|0|0.000000|0.000000|0.000000|0.000000|0.000000|0.000000|0.000000|0.000000|0.000000|0.000000|0.000000|0.000000|
20170425_170908|20851|62|23.255814|0|CarroTeste2|0||0|0|0|0|0.000000|0.000000|0.000000|0.000000|0.000000|0.000000|0.000000|0.000000|0.000000|0.000000|0.000000|0.000000|
20170425_170908|20904|63|19.230769|0|CarroTeste2|0||0|0|0|0|0.000000|0.000000|0.000000|0.000000|0.000000|0.000000|0.000000|0.000000|0.000000|0.000000|0.000000|0.000000|
20170425_170908|20947|64|23.255814|0|CarroTeste2|0||0|0|0|0|0.000000|0.000000|0.000000|0.000000|0.000000|0.000000|0.000000|0.000000|0.000000|0.000000|0.000000|0.000000|
20170425_170908|20999|65|22.727273|0|CarroTeste2|0||0|0|0|0|0.000000|0.000000|0.000000|0.000000|0.000000|0.000000|0.000000|0.000000|0.000000|0.000000|0.000000|0.000000|
20170425_170908|21048|66|17.857143|0|CarroTeste2|0||0|0|0|0|0.000000|0.000000|0.000000|0.000000|0.000000|0.000000|0.000000|0.000000|0.000000|0.000000|0.000000|0.000000|
20170425_170908|21089|67|23.809524|0|CarroTeste2|0||0|0|0|0|0.000000|0.000000|0.000000|0.000000|0.000000|0.000000|0.000000|0.000000|0.000000|0.000000|0.000000|0.000000|
20170425_170908|21130|68|23.809524|0|CarroTeste2|0||0|0|0|0|0.000000|0.000000|0.000000|0.000000|0.000000|0.000000|0.000000|0.000000|0.000000|0.000000|0.000000|0.000000|
20170425_170908|21180|69|21.276596|0|CarroTeste2|0||0|0|0|0|0.000000|0.000000|0.000000|0.000000|0.000000|0.000000|0.000000|0.000000|0.000000|0.000000|0.000000|0.000000|
20170425_170909|21278|70|10.752688|0|CarroTeste2|0||0|0|0|0|0.000000|0.000000|0.000000|0.000000|0.000000|0.000000|0.000000|0.000000|0.000000|0.000000|0.000000|0.000000|
20170425_170909|21369|71|10.989011|0|CarroTeste2|0||0|0|0|0|0.000000|0.000000|0.000000|0.000000|0.000000|0.000000|0.000000|0.000000|0.000000|0.000000|0.000000|0.000000|
20170425_170909|21455|72|10.526316|0|CarroTeste2|0||0|0|0|0|0.000000|0.000000|0.000000|0.000000|0.000000|0.000000|0.000000|0.000000|0.000000|0.000000|0.000000|0.000000|
20170425_170909|21505|73|20.833333|0|CarroTeste2|0||0|0|0|0|0.000000|0.000000|0.000000|0.000000|0.000000|0.000000|0.000000|0.000000|0.000000|0.000000|0.000000|0.000000|
20170425_170909|21551|74|21.276596|0|CarroTeste2|0||0|0|0|0|0.000000|0.000000|0.000000|0.000000|0.000000|0.000000|0.000000|0.000000|0.000000|0.000000|0.000000|0.000000|
20170425_170909|21608|75|20.833333|0|CarroTeste2|0||0|0|0|0|0.000000|0.000000|0.000000|0.000000|0.000000|0.000000|0.000000|0.000000|0.000000|0.000000|0.000000|0.000000|
20170425_170909|21698|76|11.111111|0|CarroTeste2|0||0|0|0|0|0.000000|0.000000|0.000000|0.000000|0.000000|0.000000|0.000000|0.000000|0.000000|0.000000|0.000000|0.000000|
20170425_170909|21787|77|10.204082|0|CarroTeste2|0||0|0|0|0|0.000000|0.000000|0.000000|0.000000|0.000000|0.000000|0.000000|0.000000|0.000000|0.000000|0.000000|0.000000|
20170425_170909|21884|78|10.989011|0|CarroTeste2|0||0|0|0|0|0.000000|0.000000|0.000000|0.000000|0.000000|0.000000|0.000000|0.000000|0.000000|0.000000|0.000000|0.000000|
20170425_170909|21974|79|10.416667|0|CarroTeste2|0||0|0|0|0|0.000000|0.000000|0.000000|0.000000|0.000000|0.000000|0.000000|0.000000|0.000000|0.000000|0.000000|0.000000|
20170425_170909|22020|80|22.222222|0|CarroTeste2|0||0|0|0|0|0.000000|0.000000|0.000000|0.000000|0.000000|0.000000|0.000000|0.000000|0.000000|0.000000|0.000000|0.000000|
20170425_170909|22075|81|21.739130|0|CarroTeste2|0||0|0|0|0|0.000000|0.000000|0.000000|0.000000|0.000000|0.000000|0.000000|0.000000|0.000000|0.000000|0.000000|0.000000|
20170425_170909|22160|82|10.638298|0|CarroTeste2|0||0|0|0|0|0.000000|0.000000|0.000000|0.000000|0.000000|0.000000|0.000000|0.000000|0.000000|0.000000|0.000000|0.000000|
20170425_170909|22207|83|21.276596|0|CarroTeste2|0||0|0|0|0|0.000000|0.000000|0.000000|0.000000|0.000000|0.000000|0.000000|0.000000|0.000000|0.000000|0.000000|0.000000|
20170425_170910|22263|84|21.276596|0|CarroTeste2|0||0|0|0|0|0.000000|0.000000|0.000000|0.000000|0.000000|0.000000|0.000000|0.000000|0.000000|0.000000|0.000000|0.000000|
20170425_170910|22347|85|10.638298|0|CarroTeste2|0||0|0|0|0|0.000000|0.000000|0.000000|0.000000|0.000000|0.000000|0.000000|0.000000|0.000000|0.000000|0.000000|0.000000|
20170425_170910|22393|86|21.276596|0|CarroTeste2|0||0|0|0|0|0.000000|0.000000|0.000000|0.000000|0.000000|0.000000|0.000000|0.000000|0.000000|0.000000|0.000000|0.000000|
20170425_170910|22442|87|20.833333|0|CarroTeste2|0||0|0|0|0|0.000000|0.000000|0.000000|0.000000|0.000000|0.000000|0.000000|0.000000|0.000000|0.000000|0.000000|0.000000|
20170425_170910|22486|88|22.222222|0|CarroTeste2|0||0|0|0|0|0.000000|0.000000|0.000000|0.000000|0.000000|0.000000|0.000000|0.000000|0.000000|0.000000|0.000000|0.000000|
20170425_170910|22534|89|21.276596|0|CarroTeste2|0||0|0|0|0|0.000000|0.000000|0.000000|0.000000|0.000000|0.000000|0.000000|0.000000|0.000000|0.000000|0.000000|0.000000|
20170425_170910|22581|90|20.833333|0|CarroTeste2|0||0|0|0|0|0.000000|0.000000|0.000000|0.000000|0.000000|0.000000|0.000000|0.000000|0.000000|0.000000|0.000000|0.000000|
20170425_170910|22628|91|21.739130|0|CarroTeste2|0||0|0|0|0|0.000000|0.000000|0.000000|0.000000|0.000000|0.000000|0.000000|0.000000|0.000000|0.000000|0.000000|0.000000|
20170425_170910|22676|92|20.833333|0|CarroTeste2|0||0|0|0|0|0.000000|0.000000|0.000000|0.000000|0.000000|0.000000|0.000000|0.000000|0.000000|0.000000|0.000000|0.000000|
20170425_170910|22723|93|21.739130|0|CarroTeste2|0||0|0|0|0|0.000000|0.000000|0.000000|0.000000|0.000000|0.000000|0.000000|0.000000|0.000000|0.000000|0.000000|0.000000|
20170425_170910|22770|94|20.833333|0|CarroTeste2|0||0|0|0|0|0.000000|0.000000|0.000000|0.000000|0.000000|0.000000|0.000000|0.000000|0.000000|0.000000|0.000000|0.000000|
20170425_170910|22815|95|21.739130|0|CarroTeste2|0||0|0|0|0|0.000000|0.000000|0.000000|0.000000|0.000000|0.000000|0.000000|0.000000|0.000000|0.000000|0.000000|0.000000|
20170425_170910|22864|96|21.739130|0|CarroTeste2|0||0|0|0|0|0.000000|0.000000|0.000000|0.000000|0.000000|0.000000|0.000000|0.000000|0.000000|0.000000|0.000000|0.000000|
20170425_170910|22957|97|10.638298|0|CarroTeste2|0||0|0|0|0|0.000000|0.000000|0.000000|0.000000|0.000000|0.000000|0.000000|0.000000|0.000000|0.000000|0.000000|0.000000|
20170425_170910|23005|98|20.408163|0|CarroTeste2|0||0|0|0|0|0.000000|0.000000|0.000000|0.000000|0.000000|0.000000|0.000000|0.000000|0.000000|0.000000|0.000000|0.000000|
20170425_170910|23102|99|10.638298|0|CarroTeste2|0||0|0|0|0|0.000000|0.000000|0.000000|0.000000|0.000000|0.000000|0.000000|0.000000|0.000000|0.000000|0.000000|0.000000|
20170425_170910|23190|100|10.989011|0|CarroTeste2|0||0|0|0|0|0.000000|0.000000|0.000000|0.000000|0.000000|0.000000|0.000000|0.000000|0.000000|0.000000|0.000000|0.000000|
20170425_170911|23240|101|21.276596|0|CarroTeste2|0||0|0|0|0|0.000000|0.000000|0.000000|0.000000|0.000000|0.000000|0.000000|0.000000|0.000000|0.000000|0.000000|0.000000|
20170425_170911|23286|102|20.000000|0|CarroTeste2|0||0|0|0|0|0.000000|0.000000|0.000000|0.000000|0.000000|0.000000|0.000000|0.000000|0.000000|0.000000|0.000000|0.000000|
20170425_170911|23331|103|22.727273|0|CarroTeste2|0||0|0|0|0|0.000000|0.000000|0.000000|0.000000|0.000000|0.000000|0.000000|0.000000|0.000000|0.000000|0.000000|0.000000|
20170425_170911|23379|104|21.276596|0|CarroTeste2|0||0|0|0|0|0.000000|0.000000|0.000000|0.000000|0.000000|0.000000|0.000000|0.000000|0.000000|0.000000|0.000000|0.000000|
20170425_170911|23427|105|20.408163|0|CarroTeste2|0||0|0|0|0|0.000000|0.000000|0.000000|0.000000|0.000000|0.000000|0.000000|0.000000|0.000000|0.000000|0.000000|0.000000|
20170425_170911|23471|106|22.222222|0|CarroTeste2|0||0|0|0|0|0.000000|0.000000|0.000000|0.000000|0.000000|0.000000|0.000000|0.000000|0.000000|0.000000|0.000000|0.000000|
20170425_170911|23531|107|21.276596|0|CarroTeste2|0||0|0|0|0|0.000000|0.000000|0.000000|0.000000|0.000000|0.000000|0.000000|0.000000|0.000000|0.000000|0.000000|0.000000|
20170425_170911|23612|108|10.752688|0|CarroTeste2|0||0|0|0|0|0.000000|0.000000|0.000000|0.000000|0.000000|0.000000|0.000000|0.000000|0.000000|0.000000|0.000000|0.000000|
20170425_170911|23661|109|20.833333|0|CarroTeste2|0||0|0|0|0|0.000000|0.000000|0.000000|0.000000|0.000000|0.000000|0.000000|0.000000|0.000000|0.000000|0.000000|0.000000|
20170425_170911|23709|110|21.276596|0|CarroTeste2|0||0|0|0|0|0.000000|0.000000|0.000000|0.000000|0.000000|0.000000|0.000000|0.000000|0.000000|0.000000|0.000000|0.000000|
20170425_170911|23806|111|10.752688|0|CarroTeste2|0||0|0|0|0|0.000000|0.000000|0.000000|0.000000|0.000000|0.000000|0.000000|0.000000|0.000000|0.000000|0.000000|0.000000|
20170425_170911|23894|112|10.638298|0|CarroTeste2|0||0|0|0|0|0.000000|0.000000|0.000000|0.000000|0.000000|0.000000|0.000000|0.000000|0.000000|0.000000|0.000000|0.000000|
20170425_170911|23939|113|21.739130|0|CarroTeste2|0||0|0|0|0|0.000000|0.000000|0.000000|0.000000|0.000000|0.000000|0.000000|0.000000|0.000000|0.000000|0.000000|0.000000|
20170425_170911|23987|114|20.833333|0|CarroTeste2|0||0|0|0|0|0.000000|0.000000|0.000000|0.000000|0.000000|0.000000|0.000000|0.000000|0.000000|0.000000|0.000000|0.000000|
20170425_170911|24035|115|21.739130|0|CarroTeste2|0||0|0|0|0|0.000000|0.000000|0.000000|0.000000|0.000000|0.000000|0.000000|0.000000|0.000000|0.000000|0.000000|0.000000|
20170425_170911|24083|116|20.833333|0|CarroTeste2|0||0|0|0|0|0.000000|0.000000|0.000000|0.000000|0.000000|0.000000|0.000000|0.000000|0.000000|0.000000|0.000000|0.000000|
20170425_170911|24128|117|22.222222|0|CarroTeste2|0||0|0|0|0|0.000000|0.000000|0.000000|0.000000|0.000000|0.000000|0.000000|0.000000|0.000000|0.000000|0.000000|0.000000|
20170425_170911|24185|118|20.833333|0|CarroTeste2|0||0|0|0|0|0.000000|0.000000|0.000000|0.000000|0.000000|0.000000|0.000000|0.000000|0.000000|0.000000|0.000000|0.000000|
20170425_170912|24278|119|10.416667|0|CarroTeste2|0||0|0|0|0|0.000000|0.000000|0.000000|0.000000|0.000000|0.000000|0.000000|0.000000|0.000000|0.000000|0.000000|0.000000|
20170425_170912|24362|120|10.869565|0|CarroTeste2|0||0|0|0|0|0.000000|0.000000|0.000000|0.000000|0.000000|0.000000|0.000000|0.000000|0.000000|0.000000|0.000000|0.000000|
20170425_170912|24411|121|21.276596|0|CarroTeste2|0||0|0|0|0|0.000000|0.000000|0.000000|0.000000|0.000000|0.000000|0.000000|0.000000|0.000000|0.000000|0.000000|0.000000|
20170425_170912|24455|122|22.222222|0|CarroTeste2|0||0|0|0|0|0.000000|0.000000|0.000000|0.000000|0.000000|0.000000|0.000000|0.000000|0.000000|0.000000|0.000000|0.000000|
20170425_170912|24512|123|20.833333|0|CarroTeste2|0||0|0|0|0|0.000000|0.000000|0.000000|0.000000|0.000000|0.000000|0.000000|0.000000|0.000000|0.000000|0.000000|0.000000|
20170425_170912|24596|124|10.752688|0|CarroTeste2|0||0|0|0|0|0.000000|0.000000|0.000000|0.000000|0.000000|0.000000|0.000000|0.000000|0.000000|0.000000|0.000000|0.000000|
20170425_170912|24644|125|20.833333|0|CarroTeste2|0||0|0|0|0|0.000000|0.000000|0.000000|0.000000|0.000000|0.000000|0.000000|0.000000|0.000000|0.000000|0.000000|0.000000|
20170425_170912|24691|126|21.739130|0|CarroTeste2|0||0|0|0|0|0.000000|0.000000|0.000000|0.000000|0.000000|0.000000|0.000000|0.000000|0.000000|0.000000|0.000000|0.000000|
20170425_170912|24740|127|20.000000|0|CarroTeste2|0||0|0|0|0|0.000000|0.000000|0.000000|0.000000|0.000000|0.000000|0.000000|0.000000|0.000000|0.000000|0.000000|0.000000|
20170425_170912|24837|128|10.752688|0|CarroTeste2|0||0|0|0|0|0.000000|0.000000|0.000000|0.000000|0.000000|0.000000|0.000000|0.000000|0.000000|0.000000|0.000000|0.000000|
20170425_170912|24927|129|10.526316|0|CarroTeste2|0||0|0|0|0|0.000000|0.000000|0.000000|0.000000|0.000000|0.000000|0.000000|0.000000|0.000000|0.000000|0.000000|0.000000|
20170425_170912|24974|130|21.739130|0|CarroTeste2|0||0|0|0|0|0.000000|0.000000|0.000000|0.000000|0.000000|0.000000|0.000000|0.000000|0.000000|0.000000|0.000000|0.000000|
20170425_170912|25021|131|21.276596|0|CarroTeste2|0||0|0|0|0|0.000000|0.000000|0.000000|0.000000|0.000000|0.000000|0.000000|0.000000|0.000000|0.000000|0.000000|0.000000|
20170425_170912|25113|132|10.752688|0|CarroTeste2|0||0|0|0|0|0.000000|0.000000|0.000000|0.000000|0.000000|0.000000|0.000000|0.000000|0.000000|0.000000|0.000000|0.000000|
20170425_170912|25159|133|22.222222|0|CarroTeste2|0||0|0|0|0|0.000000|0.000000|0.000000|0.000000|0.000000|0.000000|0.000000|0.000000|0.000000|0.000000|0.000000|0.000000|
20170425_170912|25207|134|20.408163|0|CarroTeste2|0||0|0|0|0|0.000000|0.000000|0.000000|0.000000|0.000000|0.000000|0.000000|0.000000|0.000000|0.000000|0.000000|0.000000|
20170425_170913|25254|135|21.739130|0|CarroTeste2|0||0|0|0|0|0.000000|0.000000|0.000000|0.000000|0.000000|0.000000|0.000000|0.000000|0.000000|0.000000|0.000000|0.000000|
20170425_170913|25300|136|21.739130|0|CarroTeste2|0||0|0|0|0|0.000000|0.000000|0.000000|0.000000|0.000000|0.000000|0.000000|0.000000|0.000000|0.000000|0.000000|0.000000|
20170425_170913|25352|137|20.833333|0|CarroTeste2|0||0|0|0|0|0.000000|0.000000|0.000000|0.000000|0.000000|0.000000|0.000000|0.000000|0.000000|0.000000|0.000000|0.000000|
20170425_170913|25440|138|10.752688|0|CarroTeste2|0||0|0|0|0|0.000000|0.000000|0.000000|0.000000|0.000000|0.000000|0.000000|0.000000|0.000000|0.000000|0.000000|0.000000|
20170425_170913|25490|139|21.739130|0|CarroTeste2|0||0|0|0|0|0.000000|0.000000|0.000000|0.000000|0.000000|0.000000|0.000000|0.000000|0.000000|0.000000|0.000000|0.000000|
20170425_170913|25535|140|20.408163|0|CarroTeste2|0||0|0|0|0|0.000000|0.000000|0.000000|0.000000|0.000000|0.000000|0.000000|0.000000|0.000000|0.000000|0.000000|0.000000|
20170425_170913|25581|141|21.739130|0|CarroTeste2|0||0|0|0|0|0.000000|0.000000|0.000000|0.000000|0.000000|0.000000|0.000000|0.000000|0.000000|0.000000|0.000000|0.000000|
20170425_170913|25634|142|22.222222|0|CarroTeste2|0||0|0|0|0|0.000000|0.000000|0.000000|0.000000|0.000000|0.000000|0.000000|0.000000|0.000000|0.000000|0.000000|0.000000|
20170425_170913|25724|143|10.309278|0|CarroTeste2|0||0|0|0|0|0.000000|0.000000|0.000000|0.000000|0.000000|0.000000|0.000000|0.000000|0.000000|0.000000|0.000000|0.000000|
20170425_170913|25768|144|22.222222|0|CarroTeste2|0||0|0|0|0|0.000000|0.000000|0.000000|0.000000|0.000000|0.000000|0.000000|0.000000|0.000000|0.000000|0.000000|0.000000|
20170425_170913|25819|145|21.739130|0|CarroTeste2|0||0|0|0|0|0.000000|0.000000|0.000000|0.000000|0.000000|0.000000|0.000000|0.000000|0.000000|0.000000|0.000000|0.000000|
20170425_170913|25866|146|19.230769|0|CarroTeste2|0||0|0|0|0|0.000000|0.000000|0.000000|0.000000|0.000000|0.000000|0.000000|0.000000|0.000000|0.000000|0.000000|0.000000|
20170425_170913|25921|147|18.181818|0|CarroTeste2|0||0|0|0|0|0.000000|0.000000|0.000000|0.000000|0.000000|0.000000|0.000000|0.000000|0.000000|0.000000|0.000000|0.000000|
20170425_170913|25960|148|26.315789|0|CarroTeste2|0||0|0|0|0|0.000000|0.000000|0.000000|0.000000|0.000000|0.000000|0.000000|0.000000|0.000000|0.000000|0.000000|0.000000|
20170425_170913|26009|149|20.000000|0|CarroTeste2|0||0|0|0|0|0.000000|0.000000|0.000000|0.000000|0.000000|0.000000|0.000000|0.000000|0.000000|0.000000|0.000000|0.000000|
20170425_170913|26062|150|19.230769|0|CarroTeste2|0||0|0|0|0|0.000000|0.000000|0.000000|0.000000|0.000000|0.000000|0.000000|0.000000|0.000000|0.000000|0.000000|0.000000|
20170425_170913|26099|151|26.315789|0|CarroTeste2|0||0|0|0|0|0.000000|0.000000|0.000000|0.000000|0.000000|0.000000|0.000000|0.000000|0.000000|0.000000|0.000000|0.000000|
20170425_170913|26143|152|23.255814|0|CarroTeste2|0||0|0|0|0|0.000000|0.000000|0.000000|0.000000|0.000000|0.000000|0.000000|0.000000|0.000000|0.000000|0.000000|0.000000|
20170425_170913|26189|153|21.276596|0|CarroTeste2|0||0|0|0|0|0.000000|0.000000|0.000000|0.000000|0.000000|0.000000|0.000000|0.000000|0.000000|0.000000|0.000000|0.000000|
20170425_170913|26236|154|21.276596|0|CarroTeste2|0||0|0|0|0|0.000000|0.000000|0.000000|0.000000|0.000000|0.000000|0.000000|0.000000|0.000000|0.000000|0.000000|0.000000|
20170425_170914|26289|155|20.833333|0|CarroTeste2|0||0|0|0|0|0.000000|0.000000|0.000000|0.000000|0.000000|0.000000|0.000000|0.000000|0.000000|0.000000|0.000000|0.000000|
20170425_170914|26381|156|10.752688|0|CarroTeste2|0||0|0|0|0|0.000000|0.000000|0.000000|0.000000|0.000000|0.000000|0.000000|0.000000|0.000000|0.000000|0.000000|0.000000|
20170425_170914|26474|157|10.638298|0|CarroTeste2|0||0|0|0|0|0.000000|0.000000|0.000000|0.000000|0.000000|0.000000|0.000000|0.000000|0.000000|0.000000|0.000000|0.000000|
20170425_170914|26522|158|20.408163|0|CarroTeste2|0||0|0|0|0|0.000000|0.000000|0.000000|0.000000|0.000000|0.000000|0.000000|0.000000|0.000000|0.000000|0.000000|0.000000|
20170425_170914|26612|159|10.989011|0|CarroTeste2|0||0|0|0|0|0.000000|0.000000|0.000000|0.000000|0.000000|0.000000|0.000000|0.000000|0.000000|0.000000|0.000000|0.000000|
20170425_170914|26659|160|20.833333|0|CarroTeste2|0||0|0|0|0|0.000000|0.000000|0.000000|0.000000|0.000000|0.000000|0.000000|0.000000|0.000000|0.000000|0.000000|0.000000|
20170425_170914|26706|161|21.276596|0|CarroTeste2|0||0|0|0|0|0.000000|0.000000|0.000000|0.000000|0.000000|0.000000|0.000000|0.000000|0.000000|0.000000|0.000000|0.000000|
20170425_170914|26753|162|22.222222|0|CarroTeste2|0||0|0|0|0|0.000000|0.000000|0.000000|0.000000|0.000000|0.000000|0.000000|0.000000|0.000000|0.000000|0.000000|0.000000|
20170425_170914|26800|163|20.408163|0|CarroTeste2|0||0|0|0|0|0.000000|0.000000|0.000000|0.000000|0.000000|0.000000|0.000000|0.000000|0.000000|0.000000|0.000000|0.000000|
20170425_170914|26846|164|21.739130|0|CarroTeste2|0||0|0|0|0|0.000000|0.000000|0.000000|0.000000|0.000000|0.000000|0.000000|0.000000|0.000000|0.000000|0.000000|0.000000|
20170425_170914|26895|165|21.276596|0|CarroTeste2|0||0|0|0|0|0.000000|0.000000|0.000000|0.000000|0.000000|0.000000|0.000000|0.000000|0.000000|0.000000|0.000000|0.000000|
20170425_170914|26941|166|20.833333|0|CarroTeste2|0||0|0|0|0|0.000000|0.000000|0.000000|0.000000|0.000000|0.000000|0.000000|0.000000|0.000000|0.000000|0.000000|0.000000|
20170425_170914|26985|167|22.222222|0|CarroTeste2|0||0|0|0|0|0.000000|0.000000|0.000000|0.000000|0.000000|0.000000|0.000000|0.000000|0.000000|0.000000|0.000000|0.000000|
20170425_170914|27034|168|20.833333|0|CarroTeste2|0||0|0|0|0|0.000000|0.000000|0.000000|0.000000|0.000000|0.000000|0.000000|0.000000|0.000000|0.000000|0.000000|0.000000|
20170425_170914|27083|169|20.833333|0|CarroTeste2|0||0|0|0|0|0.000000|0.000000|0.000000|0.000000|0.000000|0.000000|0.000000|0.000000|0.000000|0.000000|0.000000|0.000000|
20170425_170914|27132|170|21.739130|0|CarroTeste2|0||0|0|0|0|0.000000|0.000000|0.000000|0.000000|0.000000|0.000000|0.000000|0.000000|0.000000|0.000000|0.000000|0.000000|
20170425_170914|27223|171|10.752688|0|CarroTeste2|0||0|0|0|0|0.000000|0.000000|0.000000|0.000000|0.000000|0.000000|0.000000|0.000000|0.000000|0.000000|0.000000|0.000000|
20170425_170915|27271|172|20.833333|0|CarroTeste2|0||0|0|0|0|0.000000|0.000000|0.000000|0.000000|0.000000|0.000000|0.000000|0.000000|0.000000|0.000000|0.000000|0.000000|
20170425_170915|27362|173|10.752688|0|CarroTeste2|0||0|0|0|0|0.000000|0.000000|0.000000|0.000000|0.000000|0.000000|0.000000|0.000000|0.000000|0.000000|0.000000|0.000000|
20170425_170915|27411|174|22.222222|0|CarroTeste2|0||0|0|0|0|0.000000|0.000000|0.000000|0.000000|0.000000|0.000000|0.000000|0.000000|0.000000|0.000000|0.000000|0.000000|
20170425_170915|27459|175|20.833333|0|CarroTeste2|0||0|0|0|0|0.000000|0.000000|0.000000|0.000000|0.000000|0.000000|0.000000|0.000000|0.000000|0.000000|0.000000|0.000000|
20170425_170915|27553|176|10.309278|0|CarroTeste2|0||0|0|0|0|0.000000|0.000000|0.000000|0.000000|0.000000|0.000000|0.000000|0.000000|0.000000|0.000000|0.000000|0.000000|
20170425_170915|27646|177|10.989011|0|CarroTeste2|0||0|0|0|0|0.000000|0.000000|0.000000|0.000000|0.000000|0.000000|0.000000|0.000000|0.000000|0.000000|0.000000|0.000000|
20170425_170915|27737|178|10.752688|0|CarroTeste2|0||0|0|0|0|0.000000|0.000000|0.000000|0.000000|0.000000|0.000000|0.000000|0.000000|0.000000|0.000000|0.000000|0.000000|
20170425_170915|27787|179|20.833333|0|CarroTeste2|0||0|0|0|0|0.000000|0.000000|0.000000|0.000000|0.000000|0.000000|0.000000|0.000000|0.000000|0.000000|0.000000|0.000000|
20170425_170915|27885|180|10.752688|0|CarroTeste2|0||0|0|0|0|0.000000|0.000000|0.000000|0.000000|0.000000|0.000000|0.000000|0.000000|0.000000|0.000000|0.000000|0.000000|
20170425_170915|27971|181|10.752688|0|CarroTeste2|0||0|0|0|0|0.000000|0.000000|0.000000|0.000000|0.000000|0.000000|0.000000|0.000000|0.000000|0.000000|0.000000|0.000000|
20170425_170915|28020|182|20.833333|0|CarroTeste2|0||0|0|0|0|0.000000|0.000000|0.000000|0.000000|0.000000|0.000000|0.000000|0.000000|0.000000|0.000000|0.000000|0.000000|
20170425_170915|28074|183|21.739130|0|CarroTeste2|0||0|0|0|0|0.000000|0.000000|0.000000|0.000000|0.000000|0.000000|0.000000|0.000000|0.000000|0.000000|0.000000|0.000000|
20170425_170915|28162|184|10.309278|0|CarroTeste2|0||0|0|0|0|0.000000|0.000000|0.000000|0.000000|0.000000|0.000000|0.000000|0.000000|0.000000|0.000000|0.000000|0.000000|
20170425_170916|28261|185|10.989011|0|CarroTeste2|0||0|0|0|0|0.000000|0.000000|0.000000|0.000000|0.000000|0.000000|0.000000|0.000000|0.000000|0.000000|0.000000|0.000000|
20170425_170916|28349|186|10.416667|0|CarroTeste2|0||0|0|0|0|0.000000|0.000000|0.000000|0.000000|0.000000|0.000000|0.000000|0.000000|0.000000|0.000000|0.000000|0.000000|
20170425_170916|28395|187|22.727273|0|CarroTeste2|0||0|0|0|0|0.000000|0.000000|0.000000|0.000000|0.000000|0.000000|0.000000|0.000000|0.000000|0.000000|0.000000|0.000000|
20170425_170916|28439|188|21.276596|0|CarroTeste2|0||0|0|0|0|0.000000|0.000000|0.000000|0.000000|0.000000|0.000000|0.000000|0.000000|0.000000|0.000000|0.000000|0.000000|
20170425_170916|28491|189|20.000000|0|CarroTeste2|0||0|0|0|0|0.000000|0.000000|0.000000|0.000000|0.000000|0.000000|0.000000|0.000000|0.000000|0.000000|0.000000|0.000000|
20170425_170916|28582|190|10.752688|0|CarroTeste2|0||0|0|0|0|0.000000|0.000000|0.000000|0.000000|0.000000|0.000000|0.000000|0.000000|0.000000|0.000000|0.000000|0.000000|
20170425_170916|28629|191|22.727273|0|CarroTeste2|0||0|0|0|0|0.000000|0.000000|0.000000|0.000000|0.000000|0.000000|0.000000|0.000000|0.000000|0.000000|0.000000|0.000000|
20170425_170916|28678|192|20.000000|0|CarroTeste2|0||0|0|0|0|0.000000|0.000000|0.000000|0.000000|0.000000|0.000000|0.000000|0.000000|0.000000|0.000000|0.000000|0.000000|
20170425_170916|28769|193|10.869565|0|CarroTeste2|0||0|0|0|0|0.000000|0.000000|0.000000|0.000000|0.000000|0.000000|0.000000|0.000000|0.000000|0.000000|0.000000|0.000000|
20170425_170916|28815|194|21.739130|0|CarroTeste2|0||0|0|0|0|0.000000|0.000000|0.000000|0.000000|0.000000|0.000000|0.000000|0.000000|0.000000|0.000000|0.000000|0.000000|
20170425_170916|28869|195|21.276596|0|CarroTeste2|0||0|0|0|0|0.000000|0.000000|0.000000|0.000000|0.000000|0.000000|0.000000|0.000000|0.000000|0.000000|0.000000|0.000000|
20170425_170916|28956|196|10.638298|0|CarroTeste2|0||0|0|0|0|0.000000|0.000000|0.000000|0.000000|0.000000|0.000000|0.000000|0.000000|0.000000|0.000000|0.000000|0.000000|
20170425_170916|29007|197|20.000000|0|CarroTeste2|0||0|0|0|0|0.000000|0.000000|0.000000|0.000000|0.000000|0.000000|0.000000|0.000000|0.000000|0.000000|0.000000|0.000000|
20170425_170916|29096|198|11.111111|0|CarroTeste2|0||0|0|0|0|0.000000|0.000000|0.000000|0.000000|0.000000|0.000000|0.000000|0.000000|0.000000|0.000000|0.000000|0.000000|
20170425_170916|29153|199|20.000000|0|CarroTeste2|0||0|0|0|0|0.000000|0.000000|0.000000|0.000000|0.000000|0.000000|0.000000|0.000000|0.000000|0.000000|0.000000|0.000000|
20170425_170917|29246|200|10.989011|0|CarroTeste2|0||0|0|0|0|0.000000|0.000000|0.000000|0.000000|0.000000|0.000000|0.000000|0.000000|0.000000|0.000000|0.000000|0.000000|
20170425_170917|29334|201|10.309278|0|CarroTeste2|0||0|0|0|0|0.000000|0.000000|0.000000|0.000000|0.000000|0.000000|0.000000|0.000000|0.000000|0.000000|0.000000|0.000000|
20170425_170917|29426|202|11.111111|0|CarroTeste2|0||0|0|0|0|0.000000|0.000000|0.000000|0.000000|0.000000|0.000000|0.000000|0.000000|0.000000|0.000000|0.000000|0.000000|
20170425_170917|29476|203|19.607843|0|CarroTeste2|0||0|0|0|0|0.000000|0.000000|0.000000|0.000000|0.000000|0.000000|0.000000|0.000000|0.000000|0.000000|0.000000|0.000000|
20170425_170917|29566|204|11.111111|0|CarroTeste2|0||0|0|0|0|0.000000|0.000000|0.000000|0.000000|0.000000|0.000000|0.000000|0.000000|0.000000|0.000000|0.000000|0.000000|
20170425_170917|29612|205|21.739130|0|CarroTeste2|0||0|0|0|0|0.000000|0.000000|0.000000|0.000000|0.000000|0.000000|0.000000|0.000000|0.000000|0.000000|0.000000|0.000000|
20170425_170917|29671|206|20.408163|0|CarroTeste2|0||0|0|0|0|0.000000|0.000000|0.000000|0.000000|0.000000|0.000000|0.000000|0.000000|0.000000|0.000000|0.000000|0.000000|
20170425_170917|29754|207|10.752688|0|CarroTeste2|0||0|0|0|0|0.000000|0.000000|0.000000|0.000000|0.000000|0.000000|0.000000|0.000000|0.000000|0.000000|0.000000|0.000000|
20170425_170917|29802|208|20.833333|0|CarroTeste2|0||0|0|0|0|0.000000|0.000000|0.000000|0.000000|0.000000|0.000000|0.000000|0.000000|0.000000|0.000000|0.000000|0.000000|
20170425_170917|29847|209|21.739130|0|CarroTeste2|0||0|0|0|0|0.000000|0.000000|0.000000|0.000000|0.000000|0.000000|0.000000|0.000000|0.000000|0.000000|0.000000|0.000000|
20170425_170917|29896|210|20.408163|0|CarroTeste2|0||0|0|0|0|0.000000|0.000000|0.000000|0.000000|0.000000|0.000000|0.000000|0.000000|0.000000|0.000000|0.000000|0.000000|
20170425_170917|29939|211|23.255814|0|CarroTeste2|0||0|0|0|0|0.000000|0.000000|0.000000|0.000000|0.000000|0.000000|0.000000|0.000000|0.000000|0.000000|0.000000|0.000000|
20170425_170917|29987|212|20.833333|0|CarroTeste2|0||0|0|0|0|0.000000|0.000000|0.000000|0.000000|0.000000|0.000000|0.000000|0.000000|0.000000|0.000000|0.000000|0.000000|
20170425_170917|30039|213|20.000000|0|CarroTeste2|0||0|0|0|0|0.000000|0.000000|0.000000|0.000000|0.000000|0.000000|0.000000|0.000000|0.000000|0.000000|0.000000|0.000000|
20170425_170917|30131|214|10.752688|0|CarroTeste2|0||0|0|0|0|0.000000|0.000000|0.000000|0.000000|0.000000|0.000000|0.000000|0.000000|0.000000|0.000000|0.000000|0.000000|
20170425_170917|30225|215|10.638298|0|CarroTeste2|0||0|0|0|0|0.000000|0.000000|0.000000|0.000000|0.000000|0.000000|0.000000|0.000000|0.000000|0.000000|0.000000|0.000000|
20170425_170918|30271|216|22.222222|0|CarroTeste2|0||0|0|0|0|0.000000|0.000000|0.000000|0.000000|0.000000|0.000000|0.000000|0.000000|0.000000|0.000000|0.000000|0.000000|
20170425_170918|30313|217|21.739130|0|CarroTeste2|0||0|0|0|0|0.000000|0.000000|0.000000|0.000000|0.000000|0.000000|0.000000|0.000000|0.000000|0.000000|0.000000|0.000000|
20170425_170918|30362|218|21.276596|0|CarroTeste2|0||0|0|0|0|0.000000|0.000000|0.000000|0.000000|0.000000|0.000000|0.000000|0.000000|0.000000|0.000000|0.000000|0.000000|
20170425_170918|30409|219|21.276596|0|CarroTeste2|0||0|0|0|0|0.000000|0.000000|0.000000|0.000000|0.000000|0.000000|0.000000|0.000000|0.000000|0.000000|0.000000|0.000000|
20170425_170918|30455|220|21.276596|0|CarroTeste2|0||0|0|0|0|0.000000|0.000000|0.000000|0.000000|0.000000|0.000000|0.000000|0.000000|0.000000|0.000000|0.000000|0.000000|
20170425_170918|30506|221|20.408163|0|CarroTeste2|0||0|0|0|0|0.000000|0.000000|0.000000|0.000000|0.000000|0.000000|0.000000|0.000000|0.000000|0.000000|0.000000|0.000000|
20170425_170918|30551|222|21.739130|0|CarroTeste2|0||0|0|0|0|0.000000|0.000000|0.000000|0.000000|0.000000|0.000000|0.000000|0.000000|0.000000|0.000000|0.000000|0.000000|
20170425_170918|30597|223|21.739130|0|CarroTeste2|0||0|0|0|0|0.000000|0.000000|0.000000|0.000000|0.000000|0.000000|0.000000|0.000000|0.000000|0.000000|0.000000|0.000000|
20170425_170918|30644|224|21.276596|0|CarroTeste2|0||0|0|0|0|0.000000|0.000000|0.000000|0.000000|0.000000|0.000000|0.000000|0.000000|0.000000|0.000000|0.000000|0.000000|
20170425_170918|30690|225|21.739130|0|CarroTeste2|0||0|0|0|0|0.000000|0.000000|0.000000|0.000000|0.000000|0.000000|0.000000|0.000000|0.000000|0.000000|0.000000|0.000000|
20170425_170918|30738|226|20.833333|0|CarroTeste2|0||0|0|0|0|0.000000|0.000000|0.000000|0.000000|0.000000|0.000000|0.000000|0.000000|0.000000|0.000000|0.000000|0.000000|
20170425_170918|30786|227|20.833333|0|CarroTeste2|0||0|0|0|0|0.000000|0.000000|0.000000|0.000000|0.000000|0.000000|0.000000|0.000000|0.000000|0.000000|0.000000|0.000000|
20170425_170918|30834|228|20.833333|0|CarroTeste2|0||0|0|0|0|0.000000|0.000000|0.000000|0.000000|0.000000|0.000000|0.000000|0.000000|0.000000|0.000000|0.000000|0.000000|
20170425_170918|30924|229|11.111111|0|CarroTeste2|0||0|0|0|0|0.000000|0.000000|0.000000|0.000000|0.000000|0.000000|0.000000|0.000000|0.000000|0.000000|0.000000|0.000000|
20170425_170918|30972|230|20.408163|0|CarroTeste2|0||0|0|0|0|0.000000|0.000000|0.000000|0.000000|0.000000|0.000000|0.000000|0.000000|0.000000|0.000000|0.000000|0.000000|
20170425_170918|31028|231|21.276596|0|CarroTeste2|0||0|0|0|0|0.000000|0.000000|0.000000|0.000000|0.000000|0.000000|0.000000|0.000000|0.000000|0.000000|0.000000|0.000000|
20170425_170918|31113|232|10.869565|0|CarroTeste2|0||0|0|0|0|0.000000|0.000000|0.000000|0.000000|0.000000|0.000000|0.000000|0.000000|0.000000|0.000000|0.000000|0.000000|
20170425_170918|31160|233|21.276596|0|CarroTeste2|0||0|0|0|0|0.000000|0.000000|0.000000|0.000000|0.000000|0.000000|0.000000|0.000000|0.000000|0.000000|0.000000|0.000000|
20170425_170918|31212|234|21.276596|0|CarroTeste2|0||0|0|0|0|0.000000|0.000000|0.000000|0.000000|0.000000|0.000000|0.000000|0.000000|0.000000|0.000000|0.000000|0.000000|
20170425_170919|31264|235|17.543860|0|CarroTeste2|0||0|0|0|0|0.000000|0.000000|0.000000|0.000000|0.000000|0.000000|0.000000|0.000000|0.000000|0.000000|0.000000|0.000000|
20170425_170919|31331|236|14.705882|0|CarroTeste2|0||0|0|0|0|0.000000|0.000000|0.000000|0.000000|0.000000|0.000000|0.000000|0.000000|0.000000|0.000000|0.000000|0.000000|
20170425_170919|31396|237|15.625000|0|CarroTeste2|0||0|0|0|0|0.000000|0.000000|0.000000|0.000000|0.000000|0.000000|0.000000|0.000000|0.000000|0.000000|0.000000|0.000000|
20170425_170919|31443|238|21.276596|0|CarroTeste2|0||0|0|0|0|0.000000|0.000000|0.000000|0.000000|0.000000|0.000000|0.000000|0.000000|0.000000|0.000000|0.000000|0.000000|
20170425_170919|31536|239|10.752688|0|CarroTeste2|0||0|0|0|0|0.000000|0.000000|0.000000|0.000000|0.000000|0.000000|0.000000|0.000000|0.000000|0.000000|0.000000|0.000000|
20170425_170919|31584|240|21.276596|0|CarroTeste2|0||0|0|0|0|0.000000|0.000000|0.000000|0.000000|0.000000|0.000000|0.000000|0.000000|0.000000|0.000000|0.000000|0.000000|
20170425_170919|31679|241|10.638298|0|CarroTeste2|0||0|0|0|0|0.000000|0.000000|0.000000|0.000000|0.000000|0.000000|0.000000|0.000000|0.000000|0.000000|0.000000|0.000000|
20170425_170919|31772|242|10.526316|0|CarroTeste2|0||0|0|0|0|0.000000|0.000000|0.000000|0.000000|0.000000|0.000000|0.000000|0.000000|0.000000|0.000000|0.000000|0.000000|
20170425_170919|31864|243|10.989011|0|CarroTeste2|0||0|0|0|0|0.000000|0.000000|0.000000|0.000000|0.000000|0.000000|0.000000|0.000000|0.000000|0.000000|0.000000|0.000000|
20170425_170919|31917|244|20.408163|0|CarroTeste2|0||0|0|0|0|0.000000|0.000000|0.000000|0.000000|0.000000|0.000000|0.000000|0.000000|0.000000|0.000000|0.000000|0.000000|
20170425_170919|32006|245|10.869565|0|CarroTeste2|0||0|0|0|0|0.000000|0.000000|0.000000|0.000000|0.000000|0.000000|0.000000|0.000000|0.000000|0.000000|0.000000|0.000000|
20170425_170919|32106|246|10.416667|0|CarroTeste2|0||0|0|0|0|0.000000|0.000000|0.000000|0.000000|0.000000|0.000000|0.000000|0.000000|0.000000|0.000000|0.000000|0.000000|
20170425_170919|32190|247|11.111111|0|CarroTeste2|0||0|0|0|0|0.000000|0.000000|0.000000|0.000000|0.000000|0.000000|0.000000|0.000000|0.000000|0.000000|0.000000|0.000000|
20170425_170920|32238|248|20.833333|0|CarroTeste2|0||0|0|0|0|0.000000|0.000000|0.000000|0.000000|0.000000|0.000000|0.000000|0.000000|0.000000|0.000000|0.000000|0.000000|
20170425_170920|32286|249|20.833333|0|CarroTeste2|0||0|0|0|0|0.000000|0.000000|0.000000|0.000000|0.000000|0.000000|0.000000|0.000000|0.000000|0.000000|0.000000|0.000000|
20170425_170920|32334|250|21.739130|0|CarroTeste2|0||0|0|0|0|0.000000|0.000000|0.000000|0.000000|0.000000|0.000000|0.000000|0.000000|0.000000|0.000000|0.000000|0.000000|
20170425_170920|32379|251|21.276596|0|CarroTeste2|0||0|0|0|0|0.000000|0.000000|0.000000|0.000000|0.000000|0.000000|0.000000|0.000000|0.000000|0.000000|0.000000|0.000000|
20170425_170920|32431|252|20.408163|0|CarroTeste2|0||0|0|0|0|0.000000|0.000000|0.000000|0.000000|0.000000|0.000000|0.000000|0.000000|0.000000|0.000000|0.000000|0.000000|
20170425_170920|32520|253|10.869565|0|CarroTeste2|0||0|0|0|0|0.000000|0.000000|0.000000|0.000000|0.000000|0.000000|0.000000|0.000000|0.000000|0.000000|0.000000|0.000000|
20170425_170920|32566|254|21.739130|0|CarroTeste2|0||0|0|0|0|0.000000|0.000000|0.000000|0.000000|0.000000|0.000000|0.000000|0.000000|0.000000|0.000000|0.000000|0.000000|
20170425_170920|32613|255|20.833333|0|CarroTeste2|0||0|0|0|0|0.000000|0.000000|0.000000|0.000000|0.000000|0.000000|0.000000|0.000000|0.000000|0.000000|0.000000|0.000000|
20170425_170920|32661|256|21.739130|0|CarroTeste2|0||0|0|0|0|0.000000|0.000000|0.000000|0.000000|0.000000|0.000000|0.000000|0.000000|0.000000|0.000000|0.000000|0.000000|
20170425_170920|32710|257|20.000000|0|CarroTeste2|0||0|0|0|0|0.000000|0.000000|0.000000|0.000000|0.000000|0.000000|0.000000|0.000000|0.000000|0.000000|0.000000|0.000000|
20170425_170920|32768|258|16.949153|0|CarroTeste2|0||0|0|0|0|0.000000|0.000000|0.000000|0.000000|0.000000|0.000000|0.000000|0.000000|0.000000|0.000000|0.000000|0.000000|
20170425_170920|32804|259|28.571429|0|CarroTeste2|0||0|0|0|0|0.000000|0.000000|0.000000|0.000000|0.000000|0.000000|0.000000|0.000000|0.000000|0.000000|0.000000|0.000000|
20170425_170920|32853|260|20.408163|0|CarroTeste2|0||0|0|0|0|0.000000|0.000000|0.000000|0.000000|0.000000|0.000000|0.000000|0.000000|0.000000|0.000000|0.000000|0.000000|
20170425_170920|32901|261|20.408163|0|CarroTeste2|0||0|0|0|0|0.000000|0.000000|0.000000|0.000000|0.000000|0.000000|0.000000|0.000000|0.000000|0.000000|0.000000|0.000000|
20170425_170920|32951|262|21.739130|0|CarroTeste2|0||0|0|0|0|0.000000|0.000000|0.000000|0.000000|0.000000|0.000000|0.000000|0.000000|0.000000|0.000000|0.000000|0.000000|
20170425_170920|32994|263|22.222222|0|CarroTeste2|0||0|0|0|0|0.000000|0.000000|0.000000|0.000000|0.000000|0.000000|0.000000|0.000000|0.000000|0.000000|0.000000|0.000000|
20170425_170920|33042|264|20.408163|0|CarroTeste2|0||0|0|0|0|0.000000|0.000000|0.000000|0.000000|0.000000|0.000000|0.000000|0.000000|0.000000|0.000000|0.000000|0.000000|
20170425_170920|33092|265|20.408163|0|CarroTeste2|0||0|0|0|0|0.000000|0.000000|0.000000|0.000000|0.000000|0.000000|0.000000|0.000000|0.000000|0.000000|0.000000|0.000000|
20170425_170920|33143|266|19.607843|0|CarroTeste2|0||0|0|0|0|0.000000|0.000000|0.000000|0.000000|0.000000|0.000000|0.000000|0.000000|0.000000|0.000000|0.000000|0.000000|
20170425_170920|33182|267|25.000000|0|CarroTeste2|0||0|0|0|0|0.000000|0.000000|0.000000|0.000000|0.000000|0.000000|0.000000|0.000000|0.000000|0.000000|0.000000|0.000000|
20170425_170920|33235|268|18.518519|0|CarroTeste2|0||0|0|0|0|0.000000|0.000000|0.000000|0.000000|0.000000|0.000000|0.000000|0.000000|0.000000|0.000000|0.000000|0.000000|
20170425_170921|33276|269|26.315789|0|CarroTeste2|0||0|0|0|0|0.000000|0.000000|0.000000|0.000000|0.000000|0.000000|0.000000|0.000000|0.000000|0.000000|0.000000|0.000000|
20170425_170921|33319|270|21.739130|0|CarroTeste2|0||0|0|0|0|0.000000|0.000000|0.000000|0.000000|0.000000|0.000000|0.000000|0.000000|0.000000|0.000000|0.000000|0.000000|
20170425_170921|33373|271|19.607843|0|CarroTeste2|0||0|0|0|0|0.000000|0.000000|0.000000|0.000000|0.000000|0.000000|0.000000|0.000000|0.000000|0.000000|0.000000|0.000000|
20170425_170921|33424|272|19.230769|0|CarroTeste2|0||0|0|0|0|0.000000|0.000000|0.000000|0.000000|0.000000|0.000000|0.000000|0.000000|0.000000|0.000000|0.000000|0.000000|
20170425_170921|33468|273|22.727273|0|CarroTeste2|0||0|0|0|0|0.000000|0.000000|0.000000|0.000000|0.000000|0.000000|0.000000|0.000000|0.000000|0.000000|0.000000|0.000000|
20170425_170921|33515|274|23.809524|0|CarroTeste2|0||0|0|0|0|0.000000|0.000000|0.000000|0.000000|0.000000|0.000000|0.000000|0.000000|0.000000|0.000000|0.000000|0.000000|
20170425_170921|33568|275|20.833333|0|CarroTeste2|0||0|0|0|0|0.000000|0.000000|0.000000|0.000000|0.000000|0.000000|0.000000|0.000000|0.000000|0.000000|0.000000|0.000000|
20170425_170921|33605|276|22.727273|0|CarroTeste2|0||0|0|0|0|0.000000|0.000000|0.000000|0.000000|0.000000|0.000000|0.000000|0.000000|0.000000|0.000000|0.000000|0.000000|
20170425_170921|33649|277|20.833333|0|CarroTeste2|0||0|0|0|0|0.000000|0.000000|0.000000|0.000000|0.000000|0.000000|0.000000|0.000000|0.000000|0.000000|0.000000|0.000000|
20170425_170921|33704|278|18.518519|0|CarroTeste2|0||0|0|0|0|0.000000|0.000000|0.000000|0.000000|0.000000|0.000000|0.000000|0.000000|0.000000|0.000000|0.000000|0.000000|
20170425_170921|33744|279|25.000000|0|CarroTeste2|0||0|0|0|0|0.000000|0.000000|0.000000|0.000000|0.000000|0.000000|0.000000|0.000000|0.000000|0.000000|0.000000|0.000000|
20170425_170921|33787|280|22.222222|0|CarroTeste2|0||0|0|0|0|0.000000|0.000000|0.000000|0.000000|0.000000|0.000000|0.000000|0.000000|0.000000|0.000000|0.000000|0.000000|
20170425_170921|33832|281|22.222222|0|CarroTeste2|0||0|0|0|0|0.000000|0.000000|0.000000|0.000000|0.000000|0.000000|0.000000|0.000000|0.000000|0.000000|0.000000|0.000000|
20170425_170921|33880|282|21.739130|0|CarroTeste2|0||0|0|0|0|0.000000|0.000000|0.000000|0.000000|0.000000|0.000000|0.000000|0.000000|0.000000|0.000000|0.000000|0.000000|
20170425_170921|33925|283|21.739130|0|CarroTeste2|0||0|0|0|0|0.000000|0.000000|0.000000|0.000000|0.000000|0.000000|0.000000|0.000000|0.000000|0.000000|0.000000|0.000000|
20170425_170921|33975|284|20.000000|0|CarroTeste2|0||0|0|0|0|0.000000|0.000000|0.000000|0.000000|0.000000|0.000000|0.000000|0.000000|0.000000|0.000000|0.000000|0.000000|
20170425_170921|34066|285|10.989011|0|CarroTeste2|0||0|0|0|0|0.000000|0.000000|0.000000|0.000000|0.000000|0.000000|0.000000|0.000000|0.000000|0.000000|0.000000|0.000000|
20170425_170921|34111|286|21.276596|0|CarroTeste2|0||0|0|0|0|0.000000|0.000000|0.000000|0.000000|0.000000|0.000000|0.000000|0.000000|0.000000|0.000000|0.000000|0.000000|
20170425_170921|34162|287|19.607843|0|CarroTeste2|0||0|0|0|0|0.000000|0.000000|0.000000|0.000000|0.000000|0.000000|0.000000|0.000000|0.000000|0.000000|0.000000|0.000000|
20170425_170921|34208|288|23.255814|0|CarroTeste2|0||0|0|0|0|0.000000|0.000000|0.000000|0.000000|0.000000|0.000000|0.000000|0.000000|0.000000|0.000000|0.000000|0.000000|
20170425_170922|34257|289|20.408163|0|CarroTeste2|0||0|0|0|0|0.000000|0.000000|0.000000|0.000000|0.000000|0.000000|0.000000|0.000000|0.000000|0.000000|0.000000|0.000000|
20170425_170922|34349|290|10.752688|0|CarroTeste2|0||0|0|0|0|0.000000|0.000000|0.000000|0.000000|0.000000|0.000000|0.000000|0.000000|0.000000|0.000000|0.000000|0.000000|
20170425_170922|34396|291|20.833333|0|CarroTeste2|0||0|0|0|0|0.000000|0.000000|0.000000|0.000000|0.000000|0.000000|0.000000|0.000000|0.000000|0.000000|0.000000|0.000000|
20170425_170922|34441|292|22.727273|0|CarroTeste2|0||0|0|0|0|0.000000|0.000000|0.000000|0.000000|0.000000|0.000000|0.000000|0.000000|0.000000|0.000000|0.000000|0.000000|
20170425_170922|34490|293|20.408163|0|CarroTeste2|0||0|0|0|0|0.000000|0.000000|0.000000|0.000000|0.000000|0.000000|0.000000|0.000000|0.000000|0.000000|0.000000|0.000000|
20170425_170922|34534|294|22.222222|0|CarroTeste2|0||0|0|0|0|0.000000|0.000000|0.000000|0.000000|0.000000|0.000000|0.000000|0.000000|0.000000|0.000000|0.000000|0.000000|
20170425_170922|34585|295|20.408163|0|CarroTeste2|0|circulo_r68_xc160_yc120|0|0|0|0|0.000000|0.000000|0.000000|0.000000|0.000000|0.000000|0.000000|0.000000|0.000000|0.000000|0.000000|0.000000|
20170425_170922|34632|296|20.408163|0|CarroTeste2|0|circulo_r68_xc160_yc120|0|0|0|0|0.000000|0.000000|0.000000|0.000000|0.000000|0.000000|0.000000|0.000000|0.000000|0.000000|0.000000|0.000000|
20170425_170922|34687|297|19.230769|0|CarroTeste2|0|circulo_r68_xc160_yc120|0|0|0|0|0.000000|0.000000|0.000000|0.000000|0.000000|0.000000|0.000000|0.000000|0.000000|0.000000|0.000000|0.000000|
20170425_170922|34736|298|20.000000|0|CarroTeste2|0|circulo_r68_xc160_yc120|0|0|0|0|0.000000|0.000000|0.000000|0.000000|0.000000|0.000000|0.000000|0.000000|0.000000|0.000000|0.000000|0.000000|
20170425_170922|34777|299|23.809524|0|CarroTeste2|0|circulo_r68_xc160_yc120|0|0|0|0|0.000000|0.000000|0.000000|0.000000|0.000000|0.000000|0.000000|0.000000|0.000000|0.000000|0.000000|0.000000|
20170425_170922|34820|300|22.727273|0|CarroTeste2|0|circulo_r68_xc160_yc120|0|0|0|0|0.000000|0.000000|0.000000|0.000000|0.000000|0.000000|0.000000|0.000000|0.000000|0.000000|0.000000|0.000000|
20170425_170922|34866|301|21.739130|0|CarroTeste2|0|circulo_r68_xc160_yc120|0|0|0|0|0.000000|0.000000|0.000000|0.000000|0.000000|0.000000|0.000000|0.000000|0.000000|0.000000|0.000000|0.000000|
20170425_170922|34916|302|20.000000|0|CarroTeste2|0|circulo_r68_xc160_yc120|0|0|0|0|0.000000|0.000000|0.000000|0.000000|0.000000|0.000000|0.000000|0.000000|0.000000|0.000000|0.000000|0.000000|
20170425_170922|34963|303|22.727273|0|CarroTeste2|0|circulo_r68_xc160_yc120|0|0|0|0|0.000000|0.000000|0.000000|0.000000|0.000000|0.000000|0.000000|0.000000|0.000000|0.000000|0.000000|0.000000|
20170425_170922|35013|304|18.867925|0|CarroTeste2|0|circulo_r68_xc160_yc120|0|0|0|0|0.000000|0.000000|0.000000|0.000000|0.000000|0.000000|0.000000|0.000000|0.000000|0.000000|0.000000|0.000000|
20170425_170922|35057|305|23.255814|0|CarroTeste2|0|circulo_r68_xc160_yc120|0|0|0|0|0.000000|0.000000|0.000000|0.000000|0.000000|0.000000|0.000000|0.000000|0.000000|0.000000|0.000000|0.000000|
20170425_170922|35104|306|21.276596|0|CarroTeste2|0|circulo_r68_xc160_yc120|0|0|0|0|0.000000|0.000000|0.000000|0.000000|0.000000|0.000000|0.000000|0.000000|0.000000|0.000000|0.000000|0.000000|
20170425_170922|35148|307|22.727273|0|CarroTeste2|0|circulo_r68_xc160_yc120|0|0|0|0|0.000000|0.000000|0.000000|0.000000|0.000000|0.000000|0.000000|0.000000|0.000000|0.000000|0.000000|0.000000|
20170425_170922|35195|308|21.739130|0|CarroTeste2|0|circulo_r68_xc160_yc120|0|0|0|0|0.000000|0.000000|0.000000|0.000000|0.000000|0.000000|0.000000|0.000000|0.000000|0.000000|0.000000|0.000000|
20170425_170923|35248|309|20.000000|0|CarroTeste2|0|circulo_r68_xc160_yc120|0|0|0|0|0.000000|0.000000|0.000000|0.000000|0.000000|0.000000|0.000000|0.000000|0.000000|0.000000|0.000000|0.000000|
20170425_170923|35294|310|20.000000|0|CarroTeste2|0|circulo_r68_xc160_yc120|0|0|0|0|0.000000|0.000000|0.000000|0.000000|0.000000|0.000000|0.000000|0.000000|0.000000|0.000000|0.000000|0.000000|
20170425_170923|35335|311|23.809524|0|CarroTeste2|0|circulo_r68_xc160_yc120|0|0|0|0|0.000000|0.000000|0.000000|0.000000|0.000000|0.000000|0.000000|0.000000|0.000000|0.000000|0.000000|0.000000|
20170425_170923|35381|312|21.739130|0|CarroTeste2|0|circulo_r68_xc160_yc120|0|0|0|0|0.000000|0.000000|0.000000|0.000000|0.000000|0.000000|0.000000|0.000000|0.000000|0.000000|0.000000|0.000000|
20170425_170923|35439|313|17.241379|0|CarroTeste2|0|circulo_r68_xc160_yc120|0|0|0|0|0.000000|0.000000|0.000000|0.000000|0.000000|0.000000|0.000000|0.000000|0.000000|0.000000|0.000000|0.000000|
20170425_170923|35483|314|23.809524|0|CarroTeste2|0|circulo_r68_xc160_yc120|0|0|0|0|0.000000|0.000000|0.000000|0.000000|0.000000|0.000000|0.000000|0.000000|0.000000|0.000000|0.000000|0.000000|
20170425_170923|35523|315|23.809524|0|CarroTeste2|0|circulo_r68_xc160_yc120|0|0|0|0|0.000000|0.000000|0.000000|0.000000|0.000000|0.000000|0.000000|0.000000|0.000000|0.000000|0.000000|0.000000|
20170425_170923|35573|316|20.000000|0|CarroTeste2|0|circulo_r68_xc160_yc120|0|0|0|0|0.000000|0.000000|0.000000|0.000000|0.000000|0.000000|0.000000|0.000000|0.000000|0.000000|0.000000|0.000000|
20170425_170923|35619|317|21.739130|0|CarroTeste2|0|circulo_r68_xc160_yc120|0|0|0|0|0.000000|0.000000|0.000000|0.000000|0.000000|0.000000|0.000000|0.000000|0.000000|0.000000|0.000000|0.000000|
20170425_170923|35662|318|22.727273|0|CarroTeste2|0|circulo_r68_xc160_yc120|0|0|0|0|0.000000|0.000000|0.000000|0.000000|0.000000|0.000000|0.000000|0.000000|0.000000|0.000000|0.000000|0.000000|
20170425_170923|35708|319|22.727273|0|CarroTeste2|0|circulo_r68_xc160_yc120|0|0|0|0|0.000000|0.000000|0.000000|0.000000|0.000000|0.000000|0.000000|0.000000|0.000000|0.000000|0.000000|0.000000|
20170425_170923|35756|320|21.739130|0|CarroTeste2|0|circulo_r68_xc160_yc120|0|0|0|0|0.000000|0.000000|0.000000|0.000000|0.000000|0.000000|0.000000|0.000000|0.000000|0.000000|0.000000|0.000000|
20170425_170923|35803|321|20.833333|0|CarroTeste2|0|circulo_r68_xc160_yc120|0|0|0|0|0.000000|0.000000|0.000000|0.000000|0.000000|0.000000|0.000000|0.000000|0.000000|0.000000|0.000000|0.000000|
20170425_170923|35897|322|10.309278|0|CarroTeste2|0|circulo_r68_xc160_yc120|0|0|0|0|0.000000|0.000000|0.000000|0.000000|0.000000|0.000000|0.000000|0.000000|0.000000|0.000000|0.000000|0.000000|
20170425_170923|35986|323|11.235955|0|CarroTeste2|0|circulo_r68_xc160_yc120|0|0|0|0|0.000000|0.000000|0.000000|0.000000|0.000000|0.000000|0.000000|0.000000|0.000000|0.000000|0.000000|0.000000|
20170425_170923|36038|324|20.833333|0|CarroTeste2|0|circulo_r68_xc160_yc120|0|0|0|0|0.000000|0.000000|0.000000|0.000000|0.000000|0.000000|0.000000|0.000000|0.000000|0.000000|0.000000|0.000000|
20170425_170923|36129|325|10.638298|0|CarroTeste2|0|circulo_r68_xc160_yc120|0|0|0|0|0.000000|0.000000|0.000000|0.000000|0.000000|0.000000|0.000000|0.000000|0.000000|0.000000|0.000000|0.000000|
20170425_170923|36178|326|21.276596|0|CarroTeste2|0|circulo_r68_xc160_yc120|0|0|0|0|0.000000|0.000000|0.000000|0.000000|0.000000|0.000000|0.000000|0.000000|0.000000|0.000000|0.000000|0.000000|
20170425_170924|36269|327|10.869565|0|CarroTeste2|0|circulo_r68_xc160_yc120|0|0|0|0|0.000000|0.000000|0.000000|0.000000|0.000000|0.000000|0.000000|0.000000|0.000000|0.000000|0.000000|0.000000|
20170425_170924|36315|328|21.276596|0|CarroTeste2|0|circulo_r68_xc160_yc120|0|0|0|0|0.000000|0.000000|0.000000|0.000000|0.000000|0.000000|0.000000|0.000000|0.000000|0.000000|0.000000|0.000000|
20170425_170924|36365|329|20.408163|0|CarroTeste2|0|circulo_r68_xc160_yc120|0|0|0|0|0.000000|0.000000|0.000000|0.000000|0.000000|0.000000|0.000000|0.000000|0.000000|0.000000|0.000000|0.000000|
20170425_170924|36457|330|10.869565|0|CarroTeste2|0|circulo_r68_xc160_yc120|0|0|0|0|0.000000|0.000000|0.000000|0.000000|0.000000|0.000000|0.000000|0.000000|0.000000|0.000000|0.000000|0.000000|
20170425_170924|36506|331|20.833333|0|CarroTeste2|0|circulo_r68_xc160_yc120|0|0|0|0|0.000000|0.000000|0.000000|0.000000|0.000000|0.000000|0.000000|0.000000|0.000000|0.000000|0.000000|0.000000|
20170425_170924|36598|332|10.752688|0|CarroTeste2|0|circulo_r68_xc160_yc120|0|0|0|0|0.000000|0.000000|0.000000|0.000000|0.000000|0.000000|0.000000|0.000000|0.000000|0.000000|0.000000|0.000000|
20170425_170924|36644|333|21.276596|0|CarroTeste2|0|circulo_r68_xc160_yc120|0|0|0|0|0.000000|0.000000|0.000000|0.000000|0.000000|0.000000|0.000000|0.000000|0.000000|0.000000|0.000000|0.000000|
20170425_170924|36693|334|20.408163|0|CarroTeste2|0|circulo_r68_xc160_yc120|0|0|0|0|0.000000|0.000000|0.000000|0.000000|0.000000|0.000000|0.000000|0.000000|0.000000|0.000000|0.000000|0.000000|
20170425_170924|36737|335|23.255814|0|CarroTeste2|0|circulo_r68_xc160_yc120|0|0|0|0|0.000000|0.000000|0.000000|0.000000|0.000000|0.000000|0.000000|0.000000|0.000000|0.000000|0.000000|0.000000|
20170425_170924|36785|336|20.000000|0|CarroTeste2|0|circulo_r68_xc160_yc120|0|0|0|0|0.000000|0.000000|0.000000|0.000000|0.000000|0.000000|0.000000|0.000000|0.000000|0.000000|0.000000|0.000000|
20170425_170924|36840|337|20.833333|0|CarroTeste2|0|circulo_r68_xc160_yc120|0|0|0|0|0.000000|0.000000|0.000000|0.000000|0.000000|0.000000|0.000000|0.000000|0.000000|0.000000|0.000000|0.000000|
20170425_170924|36926|338|10.989011|0|CarroTeste2|0|circulo_r68_xc160_yc120|0|0|0|0|0.000000|0.000000|0.000000|0.000000|0.000000|0.000000|0.000000|0.000000|0.000000|0.000000|0.000000|0.000000|
20170425_170924|36973|339|21.276596|0|CarroTeste2|0|circulo_r68_xc160_yc120|0|0|0|0|0.000000|0.000000|0.000000|0.000000|0.000000|0.000000|0.000000|0.000000|0.000000|0.000000|0.000000|0.000000|
20170425_170924|37023|340|20.000000|0|CarroTeste2|0|circulo_r68_xc160_yc120|0|0|0|0|0.000000|0.000000|0.000000|0.000000|0.000000|0.000000|0.000000|0.000000|0.000000|0.000000|0.000000|0.000000|
20170425_170924|37115|341|11.235955|0|CarroTeste2|0|circulo_r68_xc160_yc120|0|0|0|0|0.000000|0.000000|0.000000|0.000000|0.000000|0.000000|0.000000|0.000000|0.000000|0.000000|0.000000|0.000000|
20170425_170924|37161|342|20.408163|0|CarroTeste2|0|circulo_r68_xc160_yc120|0|0|0|0|0.000000|0.000000|0.000000|0.000000|0.000000|0.000000|0.000000|0.000000|0.000000|0.000000|0.000000|0.000000|
20170425_170924|37208|343|20.833333|0|CarroTeste2|0|circulo_r68_xc160_yc120|0|0|0|0|0.000000|0.000000|0.000000|0.000000|0.000000|0.000000|0.000000|0.000000|0.000000|0.000000|0.000000|0.000000|
20170425_170925|37253|344|22.222222|0|CarroTeste2|0|circulo_r68_xc160_yc120|0|0|0|0|0.000000|0.000000|0.000000|0.000000|0.000000|0.000000|0.000000|0.000000|0.000000|0.000000|0.000000|0.000000|
20170425_170925|37300|345|21.276596|0|CarroTeste2|0|circulo_r68_xc160_yc120|0|0|0|0|0.000000|0.000000|0.000000|0.000000|0.000000|0.000000|0.000000|0.000000|0.000000|0.000000|0.000000|0.000000|
20170425_170925|37348|346|21.276596|0|CarroTeste2|0|circulo_r68_xc160_yc120|0|0|0|0|0.000000|0.000000|0.000000|0.000000|0.000000|0.000000|0.000000|0.000000|0.000000|0.000000|0.000000|0.000000|
20170425_170925|37400|347|20.000000|0|CarroTeste2|0|circulo_r68_xc160_yc120|0|0|0|0|0.000000|0.000000|0.000000|0.000000|0.000000|0.000000|0.000000|0.000000|0.000000|0.000000|0.000000|0.000000|
20170425_170925|37458|348|16.949153|0|CarroTeste2|0|circulo_r68_xc160_yc120|0|0|0|0|0.000000|0.000000|0.000000|0.000000|0.000000|0.000000|0.000000|0.000000|0.000000|0.000000|0.000000|0.000000|
20170425_170925|37492|349|27.777778|0|CarroTeste2|0|circulo_r68_xc160_yc120|0|0|0|0|0.000000|0.000000|0.000000|0.000000|0.000000|0.000000|0.000000|0.000000|0.000000|0.000000|0.000000|0.000000|
20170425_170925|37540|350|21.276596|0|CarroTeste2|0|circulo_r68_xc160_yc120|0|0|0|0|0.000000|0.000000|0.000000|0.000000|0.000000|0.000000|0.000000|0.000000|0.000000|0.000000|0.000000|0.000000|
20170425_170925|37589|351|20.408163|0|CarroTeste2|0|circulo_r68_xc160_yc120|0|0|0|0|0.000000|0.000000|0.000000|0.000000|0.000000|0.000000|0.000000|0.000000|0.000000|0.000000|0.000000|0.000000|
20170425_170925|37634|352|21.739130|0|CarroTeste2|0|circulo_r68_xc160_yc120|0|0|0|0|0.000000|0.000000|0.000000|0.000000|0.000000|0.000000|0.000000|0.000000|0.000000|0.000000|0.000000|0.000000|
20170425_170925|37681|353|21.739130|0|CarroTeste2|0|circulo_r68_xc160_yc120|0|0|0|0|0.000000|0.000000|0.000000|0.000000|0.000000|0.000000|0.000000|0.000000|0.000000|0.000000|0.000000|0.000000|
20170425_170925|37726|354|22.222222|0|CarroTeste2|0|circulo_r68_xc160_yc120|0|0|0|0|0.000000|0.000000|0.000000|0.000000|0.000000|0.000000|0.000000|0.000000|0.000000|0.000000|0.000000|0.000000|
20170425_170925|37780|355|17.857143|0|CarroTeste2|0|circulo_r68_xc160_yc120|0|0|0|0|0.000000|0.000000|0.000000|0.000000|0.000000|0.000000|0.000000|0.000000|0.000000|0.000000|0.000000|0.000000|
20170425_170925|37821|356|25.641026|0|CarroTeste2|0|circulo_r68_xc160_yc120|0|0|0|0|0.000000|0.000000|0.000000|0.000000|0.000000|0.000000|0.000000|0.000000|0.000000|0.000000|0.000000|0.000000|
20170425_170925|37872|357|19.230769|0|CarroTeste2|0|circulo_r68_xc160_yc120|0|0|0|0|0.000000|0.000000|0.000000|0.000000|0.000000|0.000000|0.000000|0.000000|0.000000|0.000000|0.000000|0.000000|
20170425_170925|37912|358|25.000000|0|CarroTeste2|0|circulo_r68_xc160_yc120|0|0|0|0|0.000000|0.000000|0.000000|0.000000|0.000000|0.000000|0.000000|0.000000|0.000000|0.000000|0.000000|0.000000|
20170425_170925|37959|359|21.276596|0|CarroTeste2|0|circulo_r68_xc160_yc120|0|0|0|0|0.000000|0.000000|0.000000|0.000000|0.000000|0.000000|0.000000|0.000000|0.000000|0.000000|0.000000|0.000000|
20170425_170925|38011|360|19.607843|0|CarroTeste2|0|circulo_r68_xc160_yc120|0|0|0|0|0.000000|0.000000|0.000000|0.000000|0.000000|0.000000|0.000000|0.000000|0.000000|0.000000|0.000000|0.000000|
20170425_170925|38064|361|20.408163|0|CarroTeste2|0|circulo_r68_xc160_yc120|0|0|0|0|0.000000|0.000000|0.000000|0.000000|0.000000|0.000000|0.000000|0.000000|0.000000|0.000000|0.000000|0.000000|
20170425_170925|38114|362|19.607843|0|CarroTeste2|0|circulo_r68_xc160_yc120|0|0|0|0|0.000000|0.000000|0.000000|0.000000|0.000000|0.000000|0.000000|0.000000|0.000000|0.000000|0.000000|0.000000|
20170425_170925|38163|363|20.408163|0|CarroTeste2|0|circulo_r68_xc160_yc120|0|0|0|0|0.000000|0.000000|0.000000|0.000000|0.000000|0.000000|0.000000|0.000000|0.000000|0.000000|0.000000|0.000000|
20170425_170926|38237|364|12.820513|0|CarroTeste2|0|circulo_r68_xc160_yc120|0|0|0|0|0.000000|0.000000|0.000000|0.000000|0.000000|0.000000|0.000000|0.000000|0.000000|0.000000|0.000000|0.000000|
20170425_170926|38286|365|20.408163|0|CarroTeste2|0|circulo_r68_xc160_yc120|0|0|0|0|0.000000|0.000000|0.000000|0.000000|0.000000|0.000000|0.000000|0.000000|0.000000|0.000000|0.000000|0.000000|
20170425_170926|38334|366|21.739130|0|CarroTeste2|0|circulo_r68_xc160_yc120|0|0|0|0|0.000000|0.000000|0.000000|0.000000|0.000000|0.000000|0.000000|0.000000|0.000000|0.000000|0.000000|0.000000|
20170425_170926|38391|367|16.949153|0|CarroTeste2|0|circulo_r68_xc160_yc120|0|0|0|0|0.000000|0.000000|0.000000|0.000000|0.000000|0.000000|0.000000|0.000000|0.000000|0.000000|0.000000|0.000000|
20170425_170926|38445|368|21.276596|0|CarroTeste2|0|circulo_r68_xc160_yc120|0|0|0|0|0.000000|0.000000|0.000000|0.000000|0.000000|0.000000|0.000000|0.000000|0.000000|0.000000|0.000000|0.000000|
20170425_170926|38524|369|11.904762|0|CarroTeste2|0|circulo_r68_xc160_yc120|0|0|0|0|0.000000|0.000000|0.000000|0.000000|0.000000|0.000000|0.000000|0.000000|0.000000|0.000000|0.000000|0.000000|
20170425_170926|38615|370|10.869565|0|CarroTeste2|0|circulo_r68_xc160_yc120|0|0|0|0|0.000000|0.000000|0.000000|0.000000|0.000000|0.000000|0.000000|0.000000|0.000000|0.000000|0.000000|0.000000|
20170425_170926|38659|371|21.739130|0|CarroTeste2|0|circulo_r68_xc160_yc120|0|0|0|0|0.000000|0.000000|0.000000|0.000000|0.000000|0.000000|0.000000|0.000000|0.000000|0.000000|0.000000|0.000000|
20170425_170926|38706|372|21.739130|0|CarroTeste2|0|circulo_r68_xc160_yc120|0|0|0|0|0.000000|0.000000|0.000000|0.000000|0.000000|0.000000|0.000000|0.000000|0.000000|0.000000|0.000000|0.000000|
20170425_170926|38754|373|21.276596|0|CarroTeste2|0|circulo_r68_xc160_yc120|0|0|0|0|0.000000|0.000000|0.000000|0.000000|0.000000|0.000000|0.000000|0.000000|0.000000|0.000000|0.000000|0.000000|
20170425_170926|38799|374|21.739130|0|CarroTeste2|0|circulo_r68_xc160_yc120|0|0|0|0|0.000000|0.000000|0.000000|0.000000|0.000000|0.000000|0.000000|0.000000|0.000000|0.000000|0.000000|0.000000|
20170425_170926|38849|375|20.000000|0|CarroTeste2|0|circulo_r68_xc160_yc120|0|0|0|0|0.000000|0.000000|0.000000|0.000000|0.000000|0.000000|0.000000|0.000000|0.000000|0.000000|0.000000|0.000000|
20170425_170926|38896|376|21.276596|0|CarroTeste2|0|circulo_r68_xc160_yc120|0|0|0|0|0.000000|0.000000|0.000000|0.000000|0.000000|0.000000|0.000000|0.000000|0.000000|0.000000|0.000000|0.000000|
20170425_170926|38945|377|21.739130|0|CarroTeste2|0|circulo_r68_xc160_yc120|0|0|0|0|0.000000|0.000000|0.000000|0.000000|0.000000|0.000000|0.000000|0.000000|0.000000|0.000000|0.000000|0.000000|
20170425_170926|39044|378|10.638298|0|CarroTeste2|0|circulo_r68_xc160_yc120|0|0|0|0|0.000000|0.000000|0.000000|0.000000|0.000000|0.000000|0.000000|0.000000|0.000000|0.000000|0.000000|0.000000|
20170425_170926|39098|379|18.518519|0|CarroTeste2|0|circulo_r68_xc160_yc120|0|0|0|0|0.000000|0.000000|0.000000|0.000000|0.000000|0.000000|0.000000|0.000000|0.000000|0.000000|0.000000|0.000000|
20170425_170926|39147|380|17.857143|0|CarroTeste2|0|circulo_r68_xc160_yc120|0|0|0|0|0.000000|0.000000|0.000000|0.000000|0.000000|0.000000|0.000000|0.000000|0.000000|0.000000|0.000000|0.000000|
20170425_170926|39225|381|12.658228|0|CarroTeste2|0|circulo_r68_xc160_yc120|0|0|0|0|0.000000|0.000000|0.000000|0.000000|0.000000|0.000000|0.000000|0.000000|0.000000|0.000000|0.000000|0.000000|
20170425_170927|39318|382|10.869565|0|CarroTeste2|0|circulo_r68_xc160_yc120|0|0|0|0|0.000000|0.000000|0.000000|0.000000|0.000000|0.000000|0.000000|0.000000|0.000000|0.000000|0.000000|0.000000|
20170425_170927|39364|383|21.276596|0|CarroTeste2|0|circulo_r68_xc160_yc120|0|0|0|0|0.000000|0.000000|0.000000|0.000000|0.000000|0.000000|0.000000|0.000000|0.000000|0.000000|0.000000|0.000000|
20170425_170927|39411|384|21.276596|0|CarroTeste2|0|circulo_r68_xc160_yc120|0|0|0|0|0.000000|0.000000|0.000000|0.000000|0.000000|0.000000|0.000000|0.000000|0.000000|0.000000|0.000000|0.000000|
