TimeStamp|Ticks|FrameNum|FPS|LogaDados|Robo|achou|trajetoria|Xd|Yd|Xa|Ya|DistMelhorPonto|velAtual|velDesejada|erroVel|SaidaControleLinear|angAtual|angDesejado|erroAng|SaidaControleAngular|SinalDeControle1|SinalDeControle2|
20170128_113312|80952|1494|-1,#QNAN0|1|CarroTeste|1|circulo_r68_xc160_yc120|99|88|35|55|72,006944|0,810644|89,000000|88,189356|346,170172|0,661043|-0,373205|-1,034248|-7,763659|9,136235|25,480782|
20170128_113312|80957|1494|-1,#QNAN0|1|CarroTeste2|0||99|88|0|0|72,006944|0,810644|89,000000|88,189356|346,170172|0,661043|-0,373205|-1,034248|-7,763659|9,136235|25,480782|
20170128_113312|81014|1496|-1,#QNAN0|1|CarroTeste|1|circulo_r68_xc160_yc120|99|88|35|55|72,006944|0,000000|89,000000|89,000000|352,291840|0,661043|-0,373205|-1,034248|-7,798134|9,406029|25,823155|
20170128_113312|81019|1496|-1,#QNAN0|1|CarroTeste2|0||99|88|0|0|72,006944|0,000000|89,000000|89,000000|352,291840|0,661043|-0,373205|-1,034248|-7,798134|9,406029|25,823155|
20170128_113312|81061|1498|-1,#QNAN0|1|CarroTeste|1|circulo_r68_xc160_yc120|99|88|35|55|72,006944|0,000000|89,000000|89,000000|355,258507|0,661043|-0,373205|-1,034248|-7,832609|9,518073|26,007777|
20170128_113312|81067|1498|-1,#QNAN0|1|CarroTeste2|0||99|88|0|0|72,006944|0,000000|89,000000|89,000000|355,258507|0,661043|-0,373205|-1,034248|-7,832609|9,518073|26,007777|
20170128_113312|81108|1500|-1,#QNAN0|1|CarroTeste|1|circulo_r68_xc160_yc120|99|88|35|55|72,006944|0,000000|89,000000|89,000000|358,225174|0,661043|-0,373205|-1,034248|-7,867084|9,630117|26,192400|
20170128_113312|81112|1500|-1,#QNAN0|1|CarroTeste2|0||99|88|0|0|72,006944|0,000000|89,000000|89,000000|358,225174|0,661043|-0,373205|-1,034248|-7,867084|9,630117|26,192400|
20170128_113312|81155|1502|-1,#QNAN0|1|CarroTeste|1|circulo_r68_xc160_yc120|99|88|35|55|72,006944|0,000000|89,000000|89,000000|361,191840|0,661043|-0,373205|-1,034248|-7,901559|9,742161|26,377023|
20170128_113312|81160|1502|-1,#QNAN0|1|CarroTeste2|0||99|88|0|0|72,006944|0,000000|89,000000|89,000000|361,191840|0,661043|-0,373205|-1,034248|-7,901559|9,742161|26,377023|
20170128_113312|81204|1504|-1,#QNAN0|1|CarroTeste|1|circulo_r68_xc160_yc120|99|88|35|55|72,006944|0,000000|89,000000|89,000000|364,158507|0,661043|-0,373205|-1,034248|-7,936034|9,854205|26,561646|
20170128_113312|81210|1504|-1,#QNAN0|1|CarroTeste2|0||99|88|0|0|72,006944|0,000000|89,000000|89,000000|364,158507|0,661043|-0,373205|-1,034248|-7,936034|9,854205|26,561646|
20170128_113312|81248|1506|-1,#QNAN0|1|CarroTeste|0|circulo_r68_xc160_yc120|0|0|35|55|72,006944|0,000000|89,000000|89,000000|364,158507|0,661043|-0,373205|-1,034248|-7,936034|9,854205|26,561646|
20170128_113312|81252|1506|-1,#QNAN0|1|CarroTeste2|0||0|0|0|0|72,006944|0,000000|89,000000|89,000000|364,158507|0,661043|-0,373205|-1,034248|-7,936034|9,854205|26,561646|
20170128_113312|81296|1508|-1,#QNAN0|1|CarroTeste|0|circulo_r68_xc160_yc120|0|0|35|55|72,006944|0,000000|89,000000|89,000000|364,158507|0,661043|-0,373205|-1,034248|-7,936034|9,854205|26,561646|
20170128_113312|81300|1508|-1,#QNAN0|1|CarroTeste2|0||0|0|0|0|72,006944|0,000000|89,000000|89,000000|364,158507|0,661043|-0,373205|-1,034248|-7,936034|9,854205|26,561646|
20170128_113312|81343|1510|-1,#QNAN0|1|CarroTeste|1|circulo_r68_xc160_yc120|99|88|36|56|70,661163|10,174198|89,000000|78,825802|327,188335|0,540420|-0,386663|-0,927082|-7,166060|8,816195|23,902638|
20170128_113313|81347|1510|-1,#QNAN0|1|CarroTeste2|0||99|88|0|0|70,661163|10,174198|89,000000|78,825802|327,188335|0,540420|-0,386663|-0,927082|-7,166060|8,816195|23,902638|
20170128_113313|81389|1512|-1,#QNAN0|1|CarroTeste|1|circulo_r68_xc160_yc120|99|88|37|56|69,771054|21,739130|89,000000|67,260870|284,419970|0,426627|-0,395564|-0,822191|-6,409591|7,474060|20,967937|
20170128_113313|81394|1512|-1,#QNAN0|1|CarroTeste2|0||99|88|0|0|69,771054|21,739130|89,000000|67,260870|284,419970|0,426627|-0,395564|-0,822191|-6,409591|7,474060|20,967937|
20170128_113313|81435|1514|-1,#QNAN0|1|CarroTeste|1|circulo_r68_xc160_yc120|99|88|36|56|70,661163|21,739130|89,000000|67,260870|286,661999|0,380506|-0,386663|-0,767169|-6,023970|7,992079|20,674121|
20170128_113313|81440|1514|-1,#QNAN0|1|CarroTeste2|0||99|88|0|0|70,661163|21,739130|89,000000|67,260870|286,661999|0,380506|-0,386663|-0,767169|-6,023970|7,992079|20,674121|
20170128_113313|81484|1516|-1,#QNAN0|1|CarroTeste|0|circulo_r68_xc160_yc120|0|0|36|56|70,661163|21,739130|89,000000|67,260870|286,661999|0,380506|-0,386663|-0,767169|-6,023970|7,992079|20,674121|
20170128_113313|81489|1516|-1,#QNAN0|1|CarroTeste2|0||0|0|0|0|70,661163|21,739130|89,000000|67,260870|286,661999|0,380506|-0,386663|-0,767169|-6,023970|7,992079|20,674121|
20170128_113313|81530|1518|-1,#QNAN0|1|CarroTeste|0|circulo_r68_xc160_yc120|0|0|36|56|0,000000|0,000000|0,000000|0,000000|0,000000|0,000000|0,000000|0,000000|0,000000|0,000000|0,000000|
20170128_113313|81534|1518|-1,#QNAN0|1|CarroTeste2|0||0|0|0|0|0,000000|0,000000|0,000000|0,000000|0,000000|0,000000|0,000000|0,000000|0,000000|0,000000|0,000000|
20170128_113313|81575|1520|-1,#QNAN0|1|CarroTeste|0|circulo_r68_xc160_yc120|0|0|36|56|0,000000|0,000000|0,000000|0,000000|0,000000|0,000000|0,000000|0,000000|0,000000|0,000000|0,000000|
20170128_113313|81579|1520|-1,#QNAN0|1|CarroTeste2|0||0|0|0|0|0,000000|0,000000|0,000000|0,000000|0,000000|0,000000|0,000000|0,000000|0,000000|0,000000|0,000000|
20170128_113313|81625|1522|-1,#QNAN0|1|CarroTeste|1|circulo_r68_xc160_yc120|99|88|38|57|68,425142|11,768779|89,000000|77,231221|328,040708|0,266252|-0,409023|-0,675275|-5,359732|10,760212|22,043859|
20170128_113313|81629|1522|-1,#QNAN0|1|CarroTeste2|0||99|88|0|0|68,425142|11,768779|89,000000|77,231221|328,040708|0,266252|-0,409023|-0,675275|-5,359732|10,760212|22,043859|
20170128_113313|81671|1524|-1,#QNAN0|1|CarroTeste|1|circulo_r68_xc160_yc120|99|88|38|57|68,425142|0,000000|89,000000|89,000000|376,811132|0,165149|-0,409023|-0,574172|-4,623302|13,973923|23,707190|
20170128_113313|81675|1524|-1,#QNAN0|1|CarroTeste2|0||99|88|0|0|68,425142|0,000000|89,000000|89,000000|376,811132|0,165149|-0,409023|-0,574172|-4,623302|13,973923|23,707190|
20170128_113313|81719|1526|-1,#QNAN0|1|CarroTeste|0|circulo_r68_xc160_yc120|0|0|38|57|68,425142|0,000000|89,000000|89,000000|376,811132|0,165149|-0,409023|-0,574172|-4,623302|13,973923|23,707190|
20170128_113313|81725|1526|-1,#QNAN0|1|CarroTeste2|0||0|0|0|0|68,425142|0,000000|89,000000|89,000000|376,811132|0,165149|-0,409023|-0,574172|-4,623302|13,973923|23,707190|
20170128_113313|81763|1528|-1,#QNAN0|1|CarroTeste|0|circulo_r68_xc160_yc120|0|0|38|57|68,425142|0,000000|89,000000|89,000000|376,811132|0,165149|-0,409023|-0,574172|-4,623302|13,973923|23,707190|
20170128_113313|81767|1528|-1,#QNAN0|1|CarroTeste2|0||0|0|0|0|68,425142|0,000000|89,000000|89,000000|376,811132|0,165149|-0,409023|-0,574172|-4,623302|13,973923|23,707190|
20170128_113313|81811|1530|-1,#QNAN0|1|CarroTeste|0|circulo_r68_xc160_yc120|0|0|38|57|68,425142|0,000000|89,000000|89,000000|376,811132|0,165149|-0,409023|-0,574172|-4,623302|13,973923|23,707190|
20170128_113313|81816|1530|-1,#QNAN0|1|CarroTeste2|0||0|0|0|0|68,425142|0,000000|89,000000|89,000000|376,811132|0,165149|-0,409023|-0,574172|-4,623302|13,973923|23,707190|
20170128_113313|81860|1532|-1,#QNAN0|1|CarroTeste|1|circulo_r68_xc160_yc120|100|86|40|57|66,640828|10,582011|89,000000|78,417989|338,240176|0,000000|-0,395450|-0,395450|-3,300854|13,437425|20,386592|
20170128_113313|81864|1532|-1,#QNAN0|1|CarroTeste2|0||100|86|0|0|66,640828|10,582011|89,000000|78,417989|338,240176|0,000000|-0,395450|-0,395450|-3,300854|13,437425|20,386592|
20170128_113313|81905|1534|-1,#QNAN0|1|CarroTeste|1|circulo_r68_xc160_yc120|100|86|40|57|66,640828|0,000000|89,000000|89,000000|382,391732|0,000000|-0,395450|-0,395450|-3,314036|15,631128|22,608046|
20170128_113313|81909|1534|-1,#QNAN0|1|CarroTeste2|0||100|86|0|0|66,640828|0,000000|89,000000|89,000000|382,391732|0,000000|-0,395450|-0,395450|-3,314036|15,631128|22,608046|
20170128_113313|81953|1536|-1,#QNAN0|1|CarroTeste|1|circulo_r68_xc160_yc120|100|86|40|57|66,640828|0,000000|89,000000|89,000000|385,358399|0,000000|-0,395450|-0,395450|-3,327218|15,765586|22,770254|
20170128_113313|81959|1536|-1,#QNAN0|1|CarroTeste2|0||100|86|0|0|66,640828|0,000000|89,000000|89,000000|385,358399|0,000000|-0,395450|-0,395450|-3,327218|15,765586|22,770254|
20170128_113313|81998|1538|-1,#QNAN0|1|CarroTeste|1|circulo_r68_xc160_yc120|100|86|40|57|66,640828|0,000000|89,000000|89,000000|388,325065|-0,090660|-0,395450|-0,304790|-2,659854|16,616407|22,216100|
20170128_113313|82003|1538|-1,#QNAN0|1|CarroTeste2|0||100|86|0|0|66,640828|0,000000|89,000000|89,000000|388,325065|-0,090660|-0,395450|-0,304790|-2,659854|16,616407|22,216100|
20170128_113313|82045|1540|-1,#QNAN0|1|CarroTeste|1|circulo_r68_xc160_yc120|100|86|40|57|66,640828|0,000000|89,000000|89,000000|391,291732|-0,165149|-0,395450|-0,230301|-2,110858|17,342631|21,786543|
20170128_113313|82050|1540|-1,#QNAN0|1|CarroTeste2|0||100|86|0|0|66,640828|0,000000|89,000000|89,000000|391,291732|-0,165149|-0,395450|-0,230301|-2,110858|17,342631|21,786543|
20170128_113313|82091|1542|-1,#QNAN0|1|CarroTeste|1|circulo_r68_xc160_yc120|100|86|41|57|65,741920|21,276596|89,000000|67,723404|310,741261|-0,165149|-0,404439|-0,239290|-2,186012|13,235998|17,838128|
20170128_113313|82096|1542|-1,#QNAN0|1|CarroTeste2|0||100|86|0|0|65,741920|21,276596|89,000000|67,723404|310,741261|-0,165149|-0,404439|-0,239290|-2,186012|13,235998|17,838128|
20170128_113313|82138|1544|-1,#QNAN0|1|CarroTeste|1|circulo_r68_xc160_yc120|100|86|41|57|65,741920|0,000000|89,000000|89,000000|396,515846|-0,165149|-0,404439|-0,239290|-2,193988|17,516331|22,135254|
20170128_113313|82143|1544|-1,#QNAN0|1|CarroTeste2|0||100|86|0|0|65,741920|0,000000|89,000000|89,000000|396,515846|-0,165149|-0,404439|-0,239290|-2,193988|17,516331|22,135254|
20170128_113313|82188|1546|-1,#QNAN0|1|CarroTeste|1|circulo_r68_xc160_yc120|100|86|42|57|64,845971|20,000000|89,000000|69,000000|320,976399|-0,165149|-0,413399|-0,248250|-2,269220|13,660167|18,437472|
20170128_113313|82193|1546|-1,#QNAN0|1|CarroTeste2|0||100|86|0|0|64,845971|20,000000|89,000000|69,000000|320,976399|-0,165149|-0,413399|-0,248250|-2,269220|13,660167|18,437472|
20170128_113313|82231|1548|-1,#QNAN0|1|CarroTeste|0|circulo_r68_xc160_yc120|0|0|42|57|0,000000|0,000000|0,000000|0,000000|0,000000|0,000000|0,000000|0,000000|0,000000|0,000000|0,000000|
20170128_113313|82236|1548|-1,#QNAN0|1|CarroTeste2|0||0|0|0|0|0,000000|0,000000|0,000000|0,000000|0,000000|0,000000|0,000000|0,000000|0,000000|0,000000|0,000000|
20170128_113313|82280|1550|-1,#QNAN0|1|CarroTeste|1|circulo_r68_xc160_yc120|100|86|43|57|63,953108|10,989011|89,000000|78,010989|358,647284|-0,197396|-0,422327|-0,224932|-2,102455|15,719254|20,145474|
20170128_113313|82285|1550|-1,#QNAN0|1|CarroTeste2|0||100|86|0|0|63,953108|10,989011|89,000000|78,010989|358,647284|-0,197396|-0,422327|-0,224932|-2,102455|15,719254|20,145474|
20170128_113313|82326|1552|-1,#QNAN0|1|CarroTeste|1|circulo_r68_xc160_yc120|100|86|43|57|63,953108|0,000000|89,000000|89,000000|404,382879|-0,090660|-0,422327|-0,331667|-2,911172|17,154753|23,283535|
20170128_113313|82331|1552|-1,#QNAN0|1|CarroTeste2|0||100|86|0|0|63,953108|0,000000|89,000000|89,000000|404,382879|-0,090660|-0,422327|-0,331667|-2,911172|17,154753|23,283535|
20170128_113314|82374|1554|-1,#QNAN0|1|CarroTeste|0|circulo_r68_xc160_yc120|0|0|43|57|63,953108|0,000000|89,000000|89,000000|404,382879|-0,090660|-0,422327|-0,331667|-2,911172|17,154753|23,283535|
20170128_113314|82378|1554|-1,#QNAN0|1|CarroTeste2|0||0|0|0|0|63,953108|0,000000|89,000000|89,000000|404,382879|-0,090660|-0,422327|-0,331667|-2,911172|17,154753|23,283535|
20170128_113314|82422|1556|-1,#QNAN0|1|CarroTeste|1|circulo_r68_xc160_yc120|101|84|44|56|63,505905|14,731391|89,000000|74,268609|349,524333|-0,165149|-0,389100|-0,223951|-2,113650|15,251322|19,701112|
20170128_113314|82426|1556|-1,#QNAN0|1|CarroTeste2|0||101|84|0|0|63,505905|14,731391|89,000000|74,268609|349,524333|-0,165149|-0,389100|-0,223951|-2,113650|15,251322|19,701112|
20170128_113314|82467|1558|-1,#QNAN0|1|CarroTeste|1|circulo_r68_xc160_yc120|101|84|45|57|62,169124|31,426968|89,000000|57,573032|286,464713|-0,321751|-0,402468|-0,080717|-1,045918|13,222269|15,424202|
20170128_113314|82472|1558|-1,#QNAN0|1|CarroTeste2|0||101|84|0|0|62,169124|31,426968|89,000000|57,573032|286,464713|-0,321751|-0,402468|-0,080717|-1,045918|13,222269|15,424202|
20170128_113314|82515|1560|-1,#QNAN0|1|CarroTeste|1|circulo_r68_xc160_yc120|101|84|45|56|62,609903|21,276596|89,000000|67,723404|328,227129|-0,266252|-0,398060|-0,131808|-1,432125|14,903857|17,918856|
20170128_113314|82519|1560|-1,#QNAN0|1|CarroTeste2|0||101|84|0|0|62,609903|21,276596|89,000000|67,723404|328,227129|-0,266252|-0,398060|-0,131808|-1,432125|14,903857|17,918856|
20170128_113314|82560|1562|-1,#QNAN0|1|CarroTeste|0|circulo_r68_xc160_yc120|0|0|45|56|62,609903|21,276596|89,000000|67,723404|328,227129|-0,266252|-0,398060|-0,131808|-1,432125|14,903857|17,918856|
20170128_113314|82566|1562|-1,#QNAN0|1|CarroTeste2|0||0|0|0|0|62,609903|21,276596|89,000000|67,723404|328,227129|-0,266252|-0,398060|-0,131808|-1,432125|14,903857|17,918856|
20170128_113314|82609|1564|-1,#QNAN0|1|CarroTeste|1|circulo_r68_xc160_yc120|101|84|46|57|61,269895|15,044825|89,000000|73,955175|354,946181|-0,226799|-0,411460|-0,184661|-1,833265|15,817556|19,677062|
20170128_113314|82614|1564|-1,#QNAN0|1|CarroTeste2|0||101|84|0|0|61,269895|15,044825|89,000000|73,955175|354,946181|-0,226799|-0,411460|-0,184661|-1,833265|15,817556|19,677062|
20170128_113314|82654|1566|-1,#QNAN0|1|CarroTeste|1|circulo_r68_xc160_yc120|101|84|46|57|61,269895|0,000000|89,000000|89,000000|416,466886|-0,226799|-0,411460|-0,184661|-1,839421|18,887112|22,759577|
20170128_113314|82661|1566|-1,#QNAN0|1|CarroTeste2|0||101|84|0|0|61,269895|0,000000|89,000000|89,000000|416,466886|-0,226799|-0,411460|-0,184661|-1,839421|18,887112|22,759577|
20170128_113314|82702|1568|-1,#QNAN0|1|CarroTeste|1|circulo_r68_xc160_yc120|101|84|47|57|60,373835|20,833333|89,000000|68,166667|337,656352|-0,321751|-0,420421|-0,098670|-1,200078|15,619578|18,146057|
20170128_113314|82711|1568|-1,#QNAN0|1|CarroTeste2|0||101|84|0|0|60,373835|20,833333|89,000000|68,166667|337,656352|-0,321751|-0,420421|-0,098670|-1,200078|15,619578|18,146057|
20170128_113314|82749|1570|-1,#QNAN0|1|CarroTeste|1|circulo_r68_xc160_yc120|101|84|47|56|60,827625|20,833333|89,000000|68,166667|339,928574|-0,266252|-0,415883|-0,149631|-1,585906|15,327054|18,665803|
20170128_113314|82758|1570|-1,#QNAN0|1|CarroTeste2|0||101|84|0|0|60,827625|20,833333|89,000000|68,166667|339,928574|-0,266252|-0,415883|-0,149631|-1,585906|15,327054|18,665803|
20170128_113314|82797|1572|-1,#QNAN0|1|CarroTeste|1|circulo_r68_xc160_yc120|101|84|47|56|60,827625|0,000000|89,000000|89,000000|423,977997|-0,266252|-0,415883|-0,149631|-1,590894|19,524275|22,873525|
20170128_113314|82804|1572|-1,#QNAN0|1|CarroTeste2|0||101|84|0|0|60,827625|0,000000|89,000000|89,000000|423,977997|-0,266252|-0,415883|-0,149631|-1,590894|19,524275|22,873525|
20170128_113314|82843|1574|-1,#QNAN0|1|CarroTeste|0|circulo_r68_xc160_yc120|0|0|47|56|60,827625|0,000000|89,000000|89,000000|423,977997|-0,266252|-0,415883|-0,149631|-1,590894|19,524275|22,873525|
20170128_113314|82850|1574|-1,#QNAN0|1|CarroTeste2|0||0|0|0|0|60,827625|0,000000|89,000000|89,000000|423,977997|-0,266252|-0,415883|-0,149631|-1,590894|19,524275|22,873525|
20170128_113314|82891|1576|-1,#QNAN0|1|CarroTeste|0|circulo_r68_xc160_yc120|0|0|47|56|60,827625|0,000000|89,000000|89,000000|423,977997|-0,266252|-0,415883|-0,149631|-1,590894|19,524275|22,873525|
20170128_113314|82899|1576|-1,#QNAN0|1|CarroTeste2|0||0|0|0|0|60,827625|0,000000|89,000000|89,000000|423,977997|-0,266252|-0,415883|-0,149631|-1,590894|19,524275|22,873525|
20170128_113314|82935|1578|-1,#QNAN0|1|CarroTeste|1|circulo_r68_xc160_yc120|101|84|49|56|59,059292|14,388489|89,000000|74,611511|370,465443|-0,321751|-0,433566|-0,111816|-1,312019|17,142199|19,904345|
20170128_113314|82943|1578|-1,#QNAN0|1|CarroTeste2|0||101|84|0|0|59,059292|14,388489|89,000000|74,611511|370,465443|-0,321751|-0,433566|-0,111816|-1,312019|17,142199|19,904345|
20170128_113314|82985|1580|-1,#QNAN0|1|CarroTeste|1|circulo_r68_xc160_yc120|101|84|49|56|59,059292|0,000000|89,000000|89,000000|429,431714|-0,321751|-0,433566|-0,111816|-1,315746|20,086590|22,856582|
20170128_113314|82993|1580|-1,#QNAN0|1|CarroTeste2|0||101|84|0|0|59,059292|0,000000|89,000000|89,000000|429,431714|-0,321751|-0,433566|-0,111816|-1,315746|20,086590|22,856582|
20170128_113314|83030|1582|-1,#QNAN0|1|CarroTeste|0|circulo_r68_xc160_yc120|0|0|49|56|59,059292|0,000000|89,000000|89,000000|429,431714|-0,321751|-0,433566|-0,111816|-1,315746|20,086590|22,856582|
20170128_113314|83040|1582|-1,#QNAN0|1|CarroTeste2|0||0|0|0|0|59,059292|0,000000|89,000000|89,000000|429,431714|-0,321751|-0,433566|-0,111816|-1,315746|20,086590|22,856582|
20170128_113314|83078|1584|-1,#QNAN0|1|CarroTeste|1|circulo_r68_xc160_yc120|101|84|50|56|58,180753|10,752688|89,000000|78,247312|390,190791|-0,426627|-0,442352|-0,015724|-0,598155|18,879903|20,139176|
20170128_113314|83085|1584|-1,#QNAN0|1|CarroTeste2|0||101|84|0|0|58,180753|10,752688|89,000000|78,247312|390,190791|-0,426627|-0,442352|-0,015724|-0,598155|18,879903|20,139176|
20170128_113314|83123|1586|-1,#QNAN0|1|CarroTeste|1|circulo_r68_xc160_yc120|101|84|51|56|57,306195|21,739130|89,000000|67,260870|349,673894|-0,321751|-0,451097|-0,129347|-1,451595|15,955700|19,011690|
20170128_113314|83132|1586|-1,#QNAN0|1|CarroTeste2|0||101|84|0|0|57,306195|21,739130|89,000000|67,260870|349,673894|-0,321751|-0,451097|-0,129347|-1,451595|15,955700|19,011690|
20170128_113314|83173|1588|-1,#QNAN0|1|CarroTeste|1|circulo_r68_xc160_yc120|101|84|51|55|57,801384|20,408163|89,000000|68,591837|357,140377|-0,321751|-0,446145|-0,124395|-1,418735|16,363614|19,350424|
20170128_113314|83180|1588|-1,#QNAN0|1|CarroTeste2|0||101|84|0|0|57,801384|20,408163|89,000000|68,591837|357,140377|-0,321751|-0,446145|-0,124395|-1,418735|16,363614|19,350424|
20170128_113314|83220|1590|-1,#QNAN0|1|CarroTeste|0|circulo_r68_xc160_yc120|0|0|51|55|57,801384|20,408163|89,000000|68,591837|357,140377|-0,321751|-0,446145|-0,124395|-1,418735|16,363614|19,350424|
20170128_113314|83229|1590|-1,#QNAN0|1|CarroTeste2|0||0|0|0|0|57,801384|20,408163|89,000000|68,591837|357,140377|-0,321751|-0,446145|-0,124395|-1,418735|16,363614|19,350424|
20170128_113314|83263|1592|-1,#QNAN0|1|CarroTeste|0|circulo_r68_xc160_yc120|0|0|51|55|57,801384|20,408163|89,000000|68,591837|357,140377|-0,321751|-0,446145|-0,124395|-1,418735|16,363614|19,350424|
20170128_113314|83270|1592|-1,#QNAN0|1|CarroTeste2|0||0|0|0|0|57,801384|20,408163|89,000000|68,591837|357,140377|-0,321751|-0,446145|-0,124395|-1,418735|16,363614|19,350424|
20170128_113314|83311|1594|-1,#QNAN0|1|CarroTeste|1|circulo_r68_xc160_yc120|101|84|52|55|56,938563|7,246377|89,000000|81,753623|411,090810|-0,426627|-0,454774|-0,028146|-0,700383|19,817295|21,291786|
20170128_113314|83317|1594|-1,#QNAN0|1|CarroTeste2|0||101|84|0|0|56,938563|7,246377|89,000000|81,753623|411,090810|-0,426627|-0,454774|-0,028146|-0,700383|19,817295|21,291786|
20170128_113315|83357|1596|-1,#QNAN0|1|CarroTeste|1|circulo_r68_xc160_yc120|101|84|53|55|56,080300|21,276596|89,000000|67,723404|358,743031|-0,321751|-0,463356|-0,141606|-1,553014|16,302400|19,571903|
20170128_113315|83365|1596|-1,#QNAN0|1|CarroTeste2|0||101|84|0|0|56,080300|21,276596|89,000000|67,723404|358,743031|-0,321751|-0,463356|-0,141606|-1,553014|16,302400|19,571903|
20170128_113315|83405|1598|-1,#QNAN0|1|CarroTeste|1|circulo_r68_xc160_yc120|101|84|53|54|56,603887|21,276596|89,000000|67,723404|361,000478|-0,367174|-0,458120|-0,090947|-1,177458|16,810595|19,289453|
20170128_113315|83412|1598|-1,#QNAN0|1|CarroTeste2|0||101|84|0|0|56,603887|21,276596|89,000000|67,723404|361,000478|-0,367174|-0,458120|-0,090947|-1,177458|16,810595|19,289453|
20170128_113315|83453|1600|-1,#QNAN0|1|CarroTeste|0|circulo_r68_xc160_yc120|0|0|53|54|56,603887|21,276596|89,000000|67,723404|361,000478|-0,367174|-0,458120|-0,090947|-1,177458|16,810595|19,289453|
20170128_113315|83461|1600|-1,#QNAN0|1|CarroTeste2|0||0|0|0|0|56,603887|21,276596|89,000000|67,723404|361,000478|-0,367174|-0,458120|-0,090947|-1,177458|16,810595|19,289453|
20170128_113315|83499|1602|-1,#QNAN0|1|CarroTeste|0|circulo_r68_xc160_yc120|0|0|53|54|56,603887|21,276596|89,000000|67,723404|361,000478|-0,367174|-0,458120|-0,090947|-1,177458|16,810595|19,289453|
20170128_113315|83506|1602|-1,#QNAN0|1|CarroTeste2|0||0|0|0|0|56,603887|21,276596|89,000000|67,723404|361,000478|-0,367174|-0,458120|-0,090947|-1,177458|16,810595|19,289453|
20170128_113315|83545|1604|-1,#QNAN0|1|CarroTeste|1|circulo_r68_xc160_yc120|101|84|54|54|55,758407|7,142857|89,000000|81,857143|418,737165|-0,426627|-0,466575|-0,039948|-0,797662|20,097214|21,776503|
20170128_113315|83551|1604|-1,#QNAN0|1|CarroTeste2|0||101|84|0|0|55,758407|7,142857|89,000000|81,857143|418,737165|-0,426627|-0,466575|-0,039948|-0,797662|20,097214|21,776503|
20170128_113315|83592|1606|-1,#QNAN0|1|CarroTeste|1|circulo_r68_xc160_yc120|101|84|55|53|55,470713|29,462783|89,000000|59,537217|333,853210|-0,367174|-0,469452|-0,102278|-1,266883|15,359099|18,026222|
20170128_113315|83599|1606|-1,#QNAN0|1|CarroTeste2|0||101|84|0|0|55,470713|29,462783|89,000000|59,537217|333,853210|-0,367174|-0,469452|-0,102278|-1,266883|15,359099|18,026222|
20170128_113315|83638|1608|-1,#QNAN0|1|CarroTeste|0|circulo_r68_xc160_yc120|0|0|55|53|55,470713|29,462783|89,000000|59,537217|333,853210|-0,367174|-0,469452|-0,102278|-1,266883|15,359099|18,026222|
20170128_113315|83645|1608|-1,#QNAN0|1|CarroTeste2|0||0|0|0|0|55,470713|29,462783|89,000000|59,537217|333,853210|-0,367174|-0,469452|-0,102278|-1,266883|15,359099|18,026222|
20170128_113315|83686|1610|-1,#QNAN0|1|CarroTeste|0|circulo_r68_xc160_yc120|0|0|55|53|55,470713|29,462783|89,000000|59,537217|333,853210|-0,367174|-0,469452|-0,102278|-1,266883|15,359099|18,026222|
20170128_113315|83693|1610|-1,#QNAN0|1|CarroTeste2|0||0|0|0|0|55,470713|29,462783|89,000000|59,537217|333,853210|-0,367174|-0,469452|-0,102278|-1,266883|15,359099|18,026222|
20170128_113315|83734|1612|-1,#QNAN0|1|CarroTeste|1|circulo_r68_xc160_yc120|101|84|56|52|55,217751|10,029883|89,000000|78,970117|412,117855|-0,566729|-0,471982|0,094748|0,208696|20,825573|20,386213|
20170128_113315|83741|1612|-1,#QNAN0|1|CarroTeste2|0||101|84|0|0|55,217751|10,029883|89,000000|78,970117|412,117855|-0,566729|-0,471982|0,094748|0,208696|20,825573|20,386213|
20170128_113315|83780|1614|-1,#QNAN0|1|CarroTeste|1|circulo_r68_xc160_yc120|101|84|56|52|55,217751|0,000000|89,000000|89,000000|454,120545|-0,463648|-0,471982|-0,008334|-0,561936|22,114516|23,297538|
20170128_113315|83787|1614|-1,#QNAN0|1|CarroTeste2|0||101|84|0|0|55,217751|0,000000|89,000000|89,000000|454,120545|-0,463648|-0,471982|-0,008334|-0,561936|22,114516|23,297538|
20170128_113315|83828|1616|-1,#QNAN0|1|CarroTeste|1|circulo_r68_xc160_yc120|101|84|56|52|55,217751|0,000000|89,000000|89,000000|457,087212|-0,426627|-0,471982|-0,045354|-0,840108|21,970037|23,738684|
20170128_113315|83835|1616|-1,#QNAN0|1|CarroTeste2|0||101|84|0|0|55,217751|0,000000|89,000000|89,000000|457,087212|-0,426627|-0,471982|-0,045354|-0,840108|21,970037|23,738684|
20170128_113315|83874|1618|-1,#QNAN0|1|CarroTeste|1|circulo_r68_xc160_yc120|103|81|57|52|54,378304|21,739130|89,000000|67,260870|374,721148|-0,426627|-0,430111|-0,003483|-0,527311|18,180993|19,291122|
20170128_113315|83880|1618|-1,#QNAN0|1|CarroTeste2|0||103|81|0|0|54,378304|21,739130|89,000000|67,260870|374,721148|-0,426627|-0,430111|-0,003483|-0,527311|18,180993|19,291122|
20170128_113315|83921|1620|-1,#QNAN0|1|CarroTeste|1|circulo_r68_xc160_yc120|103|81|58|52|53,535035|21,276596|89,000000|67,723404|378,778770|-0,540420|-0,438543|0,101876|0,263460|19,216265|18,661612|
20170128_113315|83926|1620|-1,#QNAN0|1|CarroTeste2|0||103|81|0|0|53,535035|21,276596|89,000000|67,723404|378,778770|-0,540420|-0,438543|0,101876|0,263460|19,216265|18,661612|
20170128_113315|83966|1622|-1,#QNAN0|1|CarroTeste|1|circulo_r68_xc160_yc120|103|81|58|52|53,535035|0,000000|89,000000|89,000000|464,553354|-0,540420|-0,438543|0,101876|0,266856|23,508568|22,946767|
20170128_113315|83974|1622|-1,#QNAN0|1|CarroTeste2|0||103|81|0|0|53,535035|0,000000|89,000000|89,000000|464,553354|-0,540420|-0,438543|0,101876|0,266856|23,508568|22,946767|
20170128_113315|84014|1624|-1,#QNAN0|1|CarroTeste|1|circulo_r68_xc160_yc120|103|81|59|51|53,254108|29,462783|89,000000|59,537217|351,869597|-0,426627|-0,441353|-0,014725|-0,605024|16,956612|18,230348|
20170128_113315|84020|1624|-1,#QNAN0|1|CarroTeste2|0||103|81|0|0|53,254108|29,462783|89,000000|59,537217|351,869597|-0,426627|-0,441353|-0,014725|-0,605024|16,956612|18,230348|
20170128_113315|84061|1626|-1,#QNAN0|1|CarroTeste|0|circulo_r68_xc160_yc120|0|0|59|51|53,254108|29,462783|89,000000|59,537217|351,869597|-0,426627|-0,441353|-0,014725|-0,605024|16,956612|18,230348|
20170128_113315|84068|1626|-1,#QNAN0|1|CarroTeste2|0||0|0|0|0|53,254108|29,462783|89,000000|59,537217|351,869597|-0,426627|-0,441353|-0,014725|-0,605024|16,956612|18,230348|
20170128_113315|84108|1628|-1,#QNAN0|1|CarroTeste|1|circulo_r68_xc160_yc120|103|81|60|51|52,430907|10,638298|89,000000|78,361702|427,746024|-0,540420|-0,449585|0,090835|0,186879|21,584015|21,190587|
20170128_113315|84114|1628|-1,#QNAN0|1|CarroTeste2|0||103|81|0|0|52,430907|10,638298|89,000000|78,361702|427,746024|-0,540420|-0,449585|0,090835|0,186879|21,584015|21,190587|
20170128_113315|84154|1630|-1,#QNAN0|1|CarroTeste|1|circulo_r68_xc160_yc120|103|81|60|50|53,009433|21,276596|89,000000|67,723404|388,599514|-0,426627|-0,443799|-0,017172|-0,620854|18,776445|20,083506|
20170128_113315|84161|1630|-1,#QNAN0|1|CarroTeste2|0||103|81|0|0|53,009433|21,276596|89,000000|67,723404|388,599514|-0,426627|-0,443799|-0,017172|-0,620854|18,776445|20,083506|
20170128_113315|84204|1632|-1,#QNAN0|1|CarroTeste|1|circulo_r68_xc160_yc120|103|81|61|50|52,201533|20,408163|89,000000|68,591837|394,265822|-0,321751|-0,451878|-0,130128|-1,469339|18,166619|21,259964|
20170128_113315|84211|1632|-1,#QNAN0|1|CarroTeste2|0||103|81|0|0|52,201533|20,408163|89,000000|68,591837|394,265822|-0,321751|-0,451878|-0,130128|-1,469339|18,166619|21,259964|
20170128_113315|84250|1634|-1,#QNAN0|1|CarroTeste|1|circulo_r68_xc160_yc120|103|81|61|49|52,801515|21,739130|89,000000|67,260870|391,327762|-0,463648|-0,445879|0,017769|-0,363477|19,183780|19,948996|
20170128_113315|84257|1634|-1,#QNAN0|1|CarroTeste2|0||103|81|0|0|52,801515|21,739130|89,000000|67,260870|391,327762|-0,463648|-0,445879|0,017769|-0,363477|19,183780|19,948996|
20170128_113315|84296|1636|-1,#QNAN0|1|CarroTeste|1|circulo_r68_xc160_yc120|103|81|62|49|52,009614|21,739130|89,000000|67,260870|393,569791|-0,566729|-0,453798|0,112932|0,351460|20,048447|19,308532|
20170128_113315|84305|1636|-1,#QNAN0|1|CarroTeste2|0||103|81|0|0|52,009614|21,739130|89,000000|67,260870|393,569791|-0,566729|-0,453798|0,112932|0,351460|20,048447|19,308532|
20170128_113315|84342|1638|-1,#QNAN0|1|CarroTeste|1|circulo_r68_xc160_yc120|103|81|62|49|52,009614|0,000000|89,000000|89,000000|481,144551|-0,540420|-0,453798|0,086622|0,157728|24,223257|23,891198|
20170128_113316|84349|1638|-1,#QNAN0|1|CarroTeste2|0||103|81|0|0|52,009614|0,000000|89,000000|89,000000|481,144551|-0,540420|-0,453798|0,086622|0,157728|24,223257|23,891198|
20170128_113316|84389|1640|-1,#QNAN0|1|CarroTeste|1|circulo_r68_xc160_yc120|103|81|62|49|52,009614|0,000000|89,000000|89,000000|484,111217|-0,426627|-0,453798|-0,027170|-0,693572|23,475485|24,935637|
20170128_113316|84396|1640|-1,#QNAN0|1|CarroTeste2|0||103|81|0|0|52,009614|0,000000|89,000000|89,000000|484,111217|-0,426627|-0,453798|-0,027170|-0,693572|23,475485|24,935637|
20170128_113316|84435|1642|-1,#QNAN0|1|CarroTeste|0|circulo_r68_xc160_yc120|0|0|62|49|52,009614|0,000000|89,000000|89,000000|484,111217|-0,426627|-0,453798|-0,027170|-0,693572|23,475485|24,935637|
20170128_113316|84441|1642|-1,#QNAN0|1|CarroTeste2|0||0|0|0|0|52,009614|0,000000|89,000000|89,000000|484,111217|-0,426627|-0,453798|-0,027170|-0,693572|23,475485|24,935637|
20170128_113316|84486|1644|-1,#QNAN0|1|CarroTeste|1|circulo_r68_xc160_yc120|106|77|64|48|51,039201|23,052247|89,000000|65,947753|396,590768|-0,566729|-0,394387|0,172343|0,803178|20,674989|18,984087|
20170128_113316|84493|1644|-1,#QNAN0|1|CarroTeste2|0||106|77|0|0|51,039201|23,052247|89,000000|65,947753|396,590768|-0,566729|-0,394387|0,172343|0,803178|20,674989|18,984087|
20170128_113316|84529|1646|-1,#QNAN0|1|CarroTeste|1|circulo_r68_xc160_yc120|106|77|64|48|51,039201|0,000000|89,000000|89,000000|489,276142|-0,540420|-0,394387|0,146033|0,611427|25,107415|23,820199|
20170128_113316|84536|1646|-1,#QNAN0|1|CarroTeste2|0||106|77|0|0|51,039201|0,000000|89,000000|89,000000|489,276142|-0,540420|-0,394387|0,146033|0,611427|25,107415|23,820199|
20170128_113316|84576|1648|-1,#QNAN0|1|CarroTeste|1|circulo_r68_xc160_yc120|106|77|64|48|51,039201|0,000000|89,000000|89,000000|492,242809|-0,426627|-0,394387|0,032241|-0,237893|24,361727|24,862554|
20170128_113316|84582|1648|-1,#QNAN0|1|CarroTeste2|0||106|77|0|0|51,039201|0,000000|89,000000|89,000000|492,242809|-0,426627|-0,394387|0,032241|-0,237893|24,361727|24,862554|
20170128_113316|84623|1650|-1,#QNAN0|1|CarroTeste|0|circulo_r68_xc160_yc120|0|0|64|48|51,039201|0,000000|89,000000|89,000000|492,242809|-0,426627|-0,394387|0,032241|-0,237893|24,361727|24,862554|
20170128_113316|84631|1650|-1,#QNAN0|1|CarroTeste2|0||0|0|0|0|51,039201|0,000000|89,000000|89,000000|492,242809|-0,426627|-0,394387|0,032241|-0,237893|24,361727|24,862554|
20170128_113316|84669|1652|-1,#QNAN0|1|CarroTeste|1|circulo_r68_xc160_yc120|106|77|66|47|50,000000|24,043742|89,000000|64,956258|400,830443|-0,540420|-0,404779|0,135641|0,539361|20,609271|19,473773|
20170128_113316|84674|1652|-1,#QNAN0|1|CarroTeste2|0||106|77|0|0|50,000000|24,043742|89,000000|64,956258|400,830443|-0,540420|-0,404779|0,135641|0,539361|20,609271|19,473773|
20170128_113316|84717|1654|-1,#QNAN0|1|CarroTeste|1|circulo_r68_xc160_yc120|106|77|66|47|50,000000|0,000000|89,000000|89,000000|497,374684|-0,426627|-0,404779|0,021849|-0,310305|24,542097|25,195372|
20170128_113316|84724|1654|-1,#QNAN0|1|CarroTeste2|0||106|77|0|0|50,000000|0,000000|89,000000|89,000000|497,374684|-0,426627|-0,404779|0,021849|-0,310305|24,542097|25,195372|
20170128_113316|84764|1656|-1,#QNAN0|1|CarroTeste|0|circulo_r68_xc160_yc120|0|0|66|47|50,000000|0,000000|89,000000|89,000000|497,374684|-0,426627|-0,404779|0,021849|-0,310305|24,542097|25,195372|
20170128_113316|84770|1656|-1,#QNAN0|1|CarroTeste2|0||0|0|0|0|50,000000|0,000000|89,000000|89,000000|497,374684|-0,426627|-0,404779|0,021849|-0,310305|24,542097|25,195372|
20170128_113316|84810|1658|-1,#QNAN0|1|CarroTeste|1|circulo_r68_xc160_yc120|106|77|67|46|49,819675|15,206597|89,000000|73,793403|440,650814|-0,463648|-0,406582|0,057066|-0,045219|21,984942|22,080140|
20170128_113316|84817|1658|-1,#QNAN0|1|CarroTeste2|0||106|77|0|0|49,819675|15,206597|89,000000|73,793403|440,650814|-0,463648|-0,406582|0,057066|-0,045219|21,984942|22,080140|
20170128_113316|84858|1660|-1,#QNAN0|1|CarroTeste|1|circulo_r68_xc160_yc120|106|77|68|46|49,040799|20,833333|89,000000|68,166667|421,023931|-0,540420|-0,414371|0,126049|0,474510|21,550681|20,551712|
20170128_113316|84863|1660|-1,#QNAN0|1|CarroTeste2|0||106|77|0|0|49,040799|20,833333|89,000000|68,166667|421,023931|-0,540420|-0,414371|0,126049|0,474510|21,550681|20,551712|
20170128_113316|84905|1662|-1,#QNAN0|1|CarroTeste|1|circulo_r68_xc160_yc120|106|77|68|45|49,678969|21,739130|89,000000|67,260870|419,740623|-0,463648|-0,407989|0,055659|-0,049677|20,934739|21,039323|
20170128_113316|84910|1662|-1,#QNAN0|1|CarroTeste2|0||106|77|0|0|49,678969|21,739130|89,000000|67,260870|419,740623|-0,463648|-0,407989|0,055659|-0,049677|20,934739|21,039323|
20170128_113316|84953|1664|-1,#QNAN0|1|CarroTeste|1|circulo_r68_xc160_yc120|106|77|69|45|48,918299|20,833333|89,000000|68,166667|425,538182|-0,426627|-0,415596|0,011032|-0,382817|20,873944|21,679874|
20170128_113316|84960|1664|-1,#QNAN0|1|CarroTeste2|0||106|77|0|0|48,918299|20,833333|89,000000|68,166667|425,538182|-0,426627|-0,415596|0,011032|-0,382817|20,873944|21,679874|
20170128_113316|84999|1666|-1,#QNAN0|1|CarroTeste|0|circulo_r68_xc160_yc120|0|0|69|45|48,918299|20,833333|89,000000|68,166667|425,538182|-0,426627|-0,415596|0,011032|-0,382817|20,873944|21,679874|
20170128_113316|85007|1666|-1,#QNAN0|1|CarroTeste2|0||0|0|0|0|48,918299|20,833333|89,000000|68,166667|425,538182|-0,426627|-0,415596|0,011032|-0,382817|20,873944|21,679874|
20170128_113316|85044|1668|-1,#QNAN0|1|CarroTeste|1|circulo_r68_xc160_yc120|106|77|70|45|48,166378|10,989011|89,000000|78,010989|466,452376|-0,540420|-0,423115|0,117305|0,415296|23,759772|22,885465|
20170128_113316|85049|1668|-1,#QNAN0|1|CarroTeste2|0||106|77|0|0|48,166378|10,989011|89,000000|78,010989|466,452376|-0,540420|-0,423115|0,117305|0,415296|23,759772|22,885465|
20170128_113316|85092|1670|-1,#QNAN0|1|CarroTeste|1|circulo_r68_xc160_yc120|106|77|70|44|48,836462|20,408163|89,000000|68,591837|432,079695|-0,463648|-0,416414|0,047234|-0,106788|21,491577|21,716393|
20170128_113316|85098|1670|-1,#QNAN0|1|CarroTeste2|0||106|77|0|0|48,836462|20,408163|89,000000|68,591837|432,079695|-0,463648|-0,416414|0,047234|-0,106788|21,491577|21,716393|
20170128_113316|85138|1672|-1,#QNAN0|1|CarroTeste|1|circulo_r68_xc160_yc120|106|77|70|44|48,836462|0,000000|89,000000|89,000000|514,474365|-0,463648|-0,416414|0,047234|-0,105213|25,612968|25,834469|
20170128_113316|85143|1672|-1,#QNAN0|1|CarroTeste2|0||106|77|0|0|48,836462|0,000000|89,000000|89,000000|514,474365|-0,463648|-0,416414|0,047234|-0,105213|25,612968|25,834469|
20170128_113316|85185|1674|-1,#QNAN0|1|CarroTeste|1|circulo_r68_xc160_yc120|106|77|71|44|48,104054|21,276596|89,000000|67,723404|433,923895|-0,463648|-0,423738|0,039909|-0,158618|21,529229|21,863161|
20170128_113316|85190|1674|-1,#QNAN0|1|CarroTeste2|0||106|77|0|0|48,104054|21,276596|89,000000|67,723404|433,923895|-0,463648|-0,423738|0,039909|-0,158618|21,529229|21,863161|
20170128_113316|85233|1676|-1,#QNAN0|1|CarroTeste|1|circulo_r68_xc160_yc120|106|77|72|44|47,381431|21,276596|89,000000|67,723404|436,181341|-0,540420|-0,430964|0,109455|0,364762|22,193027|21,425107|
20170128_113316|85238|1676|-1,#QNAN0|1|CarroTeste2|0||106|77|0|0|47,381431|21,276596|89,000000|67,723404|436,181341|-0,540420|-0,430964|0,109455|0,364762|22,193027|21,425107|
20170128_113316|85281|1678|-1,#QNAN0|1|CarroTeste|1|circulo_r68_xc160_yc120|111|71|72|43|48,010416|20,833333|89,000000|68,166667|440,178725|-0,463648|-0,305294|0,158354|0,735471|22,783116|21,234756|
20170128_113316|85285|1678|-1,#QNAN0|1|CarroTeste2|0||111|71|0|0|48,010416|20,833333|89,000000|68,166667|440,178725|-0,463648|-0,305294|0,158354|0,735471|22,783116|21,234756|
20170128_113316|85326|1680|-1,#QNAN0|1|CarroTeste|1|circulo_r68_xc160_yc120|111|71|73|43|47,201695|21,739130|89,000000|67,260870|438,895418|-0,426627|-0,313381|0,113246|0,402148|22,368084|21,521457|
20170128_113316|85331|1680|-1,#QNAN0|1|CarroTeste2|0||111|71|0|0|47,201695|21,739130|89,000000|67,260870|438,895418|-0,426627|-0,313381|0,113246|0,402148|22,368084|21,521457|
20170128_113317|85373|1682|-1,#QNAN0|1|CarroTeste|1|circulo_r68_xc160_yc120|111|71|73|43|47,201695|0,000000|89,000000|89,000000|526,470177|-0,463648|-0,313381|0,150266|0,683817|27,043316|25,603702|
20170128_113317|85379|1682|-1,#QNAN0|1|CarroTeste2|0||111|71|0|0|47,201695|0,000000|89,000000|89,000000|526,470177|-0,463648|-0,313381|0,150266|0,683817|27,043316|25,603702|
20170128_113317|85422|1684|-1,#QNAN0|1|CarroTeste|1|circulo_r68_xc160_yc120|111|71|74|43|46,400431|20,408163|89,000000|68,591837|449,328568|-0,540420|-0,321394|0,219026|1,204972|23,734820|21,198036|
20170128_113317|85428|1684|-1,#QNAN0|1|CarroTeste2|0||111|71|0|0|46,400431|20,408163|89,000000|68,591837|449,328568|-0,540420|-0,321394|0,219026|1,204972|23,734820|21,198036|
20170128_113317|85467|1686|-1,#QNAN0|1|CarroTeste|1|circulo_r68_xc160_yc120|111|71|74|42|47,010637|22,222222|89,000000|66,777778|444,494229|-0,566729|-0,315292|0,251437|1,455575|23,756895|20,692528|
20170128_113317|85473|1686|-1,#QNAN0|1|CarroTeste2|0||111|71|0|0|47,010637|22,222222|89,000000|66,777778|444,494229|-0,566729|-0,315292|0,251437|1,455575|23,756895|20,692528|
20170128_113317|85515|1688|-1,#QNAN0|1|CarroTeste|1|circulo_r68_xc160_yc120|111|71|75|42|46,227697|21,276596|89,000000|67,723404|450,432027|-0,426627|-0,323121|0,103506|0,353500|22,893707|22,149496|
20170128_113317|85521|1688|-1,#QNAN0|1|CarroTeste2|0||111|71|0|0|46,227697|21,276596|89,000000|67,723404|450,432027|-0,426627|-0,323121|0,103506|0,353500|22,893707|22,149496|
20170128_113317|85563|1690|-1,#QNAN0|1|CarroTeste|0|circulo_r68_xc160_yc120|0|0|75|42|46,227697|21,276596|89,000000|67,723404|450,432027|-0,426627|-0,323121|0,103506|0,353500|22,893707|22,149496|
20170128_113317|85569|1690|-1,#QNAN0|1|CarroTeste2|0||0|0|0|0|46,227697|21,276596|89,000000|67,723404|450,432027|-0,426627|-0,323121|0,103506|0,353500|22,893707|22,149496|
20170128_113317|85610|1692|-1,#QNAN0|1|CarroTeste|1|circulo_r68_xc160_yc120|111|71|76|41|46,097722|14,886459|89,000000|74,113541|477,772715|-0,463648|-0,324421|0,139227|0,625088|24,546623|23,230649|
20170128_113317|85616|1692|-1,#QNAN0|1|CarroTeste2|0||111|71|0|0|46,097722|14,886459|89,000000|74,113541|477,772715|-0,463648|-0,324421|0,139227|0,625088|24,546623|23,230649|
20170128_113317|85654|1694|-1,#QNAN0|1|CarroTeste|1|circulo_r68_xc160_yc120|111|71|76|41|46,097722|0,000000|89,000000|89,000000|538,677062|-0,426627|-0,324421|0,102207|0,351834|27,304205|26,563501|
20170128_113317|85660|1694|-1,#QNAN0|1|CarroTeste2|0||111|71|0|0|46,097722|0,000000|89,000000|89,000000|538,677062|-0,426627|-0,324421|0,102207|0,351834|27,304205|26,563501|
20170128_113317|85703|1696|-1,#QNAN0|1|CarroTeste|1|circulo_r68_xc160_yc120|111|71|77|40|46,010868|29,462783|89,000000|59,537217|425,993305|-0,463648|-0,325289|0,138358|0,626616|21,959261|20,640070|
20170128_113317|85711|1696|-1,#QNAN0|1|CarroTeste2|0||111|71|0|0|46,010868|29,462783|89,000000|59,537217|425,993305|-0,463648|-0,325289|0,138358|0,626616|21,959261|20,640070|
20170128_113317|85751|1698|-1,#QNAN0|1|CarroTeste|1|circulo_r68_xc160_yc120|111|71|78|40|45,276926|20,833333|89,000000|68,166667|461,851102|-0,566729|-0,332629|0,234100|1,349923|24,513527|21,671583|
20170128_113317|85756|1698|-1,#QNAN0|1|CarroTeste2|0||111|71|0|0|45,276926|20,833333|89,000000|68,166667|461,851102|-0,566729|-0,332629|0,234100|1,349923|24,513527|21,671583|
20170128_113317|85795|1700|-1,#QNAN0|1|CarroTeste|1|circulo_r68_xc160_yc120|111|71|78|40|45,276926|0,000000|89,000000|89,000000|545,900525|-0,426627|-0,332629|0,093999|0,306043|27,617177|26,972876|
20170128_113317|85800|1700|-1,#QNAN0|1|CarroTeste2|0||111|71|0|0|45,276926|0,000000|89,000000|89,000000|545,900525|-0,426627|-0,332629|0,093999|0,306043|27,617177|26,972876|
20170128_113317|85844|1702|-1,#QNAN0|1|CarroTeste|0|circulo_r68_xc160_yc120|0|0|78|40|45,276926|0,000000|89,000000|89,000000|545,900525|-0,426627|-0,332629|0,093999|0,306043|27,617177|26,972876|
20170128_113317|85849|1702|-1,#QNAN0|1|CarroTeste2|0||0|0|0|0|45,276926|0,000000|89,000000|89,000000|545,900525|-0,426627|-0,332629|0,093999|0,306043|27,617177|26,972876|
20170128_113317|85889|1704|-1,#QNAN0|1|CarroTeste|1|circulo_r68_xc160_yc120|111|71|80|39|44,553339|23,537558|89,000000|65,462442|456,475087|-0,540420|-0,339865|0,200555|1,109048|23,991173|21,656336|
20170128_113317|85894|1704|-1,#QNAN0|1|CarroTeste2|0||111|71|0|0|44,553339|23,537558|89,000000|65,462442|456,475087|-0,540420|-0,339865|0,200555|1,109048|23,991173|21,656336|
20170128_113317|85936|1706|-1,#QNAN0|1|CarroTeste|1|circulo_r68_xc160_yc120|111|71|80|39|44,553339|0,000000|89,000000|89,000000|551,049273|-0,426627|-0,339865|0,086763|0,261545|27,827774|27,277153|
20170128_113317|85940|1706|-1,#QNAN0|1|CarroTeste2|0||111|71|0|0|44,553339|0,000000|89,000000|89,000000|551,049273|-0,426627|-0,339865|0,086763|0,261545|27,827774|27,277153|
20170128_113317|85982|1708|-1,#QNAN0|1|CarroTeste|1|circulo_r68_xc160_yc120|111|71|81|38|44,598206|30,089650|89,000000|58,910350|435,904870|-0,426627|-0,339416|0,087211|0,267805|22,077143|21,513344|
20170128_113317|85988|1708|-1,#QNAN0|1|CarroTeste2|0||111|71|0|0|44,598206|30,089650|89,000000|58,910350|435,904870|-0,426627|-0,339416|0,087211|0,267805|22,077143|21,513344|
20170128_113317|86029|1710|-1,#QNAN0|1|CarroTeste|1|circulo_r68_xc160_yc120|111|71|82|38|43,931765|21,739130|89,000000|67,260870|470,646888|-0,566729|-0,346081|0,220649|1,272369|24,871680|22,193009|
20170128_113317|86034|1710|-1,#QNAN0|1|CarroTeste2|0||111|71|0|0|43,931765|21,739130|89,000000|67,260870|470,646888|-0,566729|-0,346081|0,220649|1,272369|24,871680|22,193009|
20170128_113317|86077|1712|-1,#QNAN0|1|CarroTeste|1|circulo_r68_xc160_yc120|111|71|83|38|43,278170|20,833333|89,000000|68,166667|476,444447|-0,321751|-0,352616|-0,030866|-0,608289|23,181918|24,462527|
20170128_113317|86082|1712|-1,#QNAN0|1|CarroTeste2|0||111|71|0|0|43,278170|20,833333|89,000000|68,166667|476,444447|-0,321751|-0,352616|-0,030866|-0,608289|23,181918|24,462527|
20170128_113317|86124|1714|-1,#QNAN0|1|CarroTeste|1|circulo_r68_xc160_yc120|111|71|83|37|44,045431|21,276596|89,000000|67,723404|476,976732|-0,426627|-0,344944|0,081684|0,235543|24,096777|23,600896|
20170128_113317|86129|1714|-1,#QNAN0|1|CarroTeste2|0||111|71|0|0|44,045431|21,276596|89,000000|67,723404|476,976732|-0,426627|-0,344944|0,081684|0,235543|24,096777|23,600896|
20170128_113317|86169|1716|-1,#QNAN0|1|CarroTeste|0|circulo_r68_xc160_yc120|0|0|83|37|44,045431|21,276596|89,000000|67,723404|476,976732|-0,426627|-0,344944|0,081684|0,235543|24,096777|23,600896|
20170128_113317|86174|1716|-1,#QNAN0|1|CarroTeste2|0||0|0|0|0|44,045431|21,276596|89,000000|67,723404|476,976732|-0,426627|-0,344944|0,081684|0,235543|24,096777|23,600896|
20170128_113317|86217|1718|-1,#QNAN0|1|CarroTeste|1|circulo_r68_xc160_yc120|111|71|84|37|43,416587|10,638298|89,000000|78,361702|520,992746|-0,426627|-0,351232|0,075395|0,191062|26,250755|25,848520|
20170128_113317|86222|1718|-1,#QNAN0|1|CarroTeste2|0||111|71|0|0|43,416587|10,638298|89,000000|78,361702|520,992746|-0,426627|-0,351232|0,075395|0,191062|26,250755|25,848520|
20170128_113317|86263|1720|-1,#QNAN0|1|CarroTeste|1|circulo_r68_xc160_yc120|111|71|84|36|44,204072|22,222222|89,000000|66,777778|478,134364|-0,463648|-0,343357|0,120290|0,530582|24,465226|23,348211|
20170128_113317|86268|1720|-1,#QNAN0|1|CarroTeste2|0||111|71|0|0|44,204072|22,222222|89,000000|66,777778|478,134364|-0,463648|-0,343357|0,120290|0,530582|24,465226|23,348211|
20170128_113317|86312|1722|-1,#QNAN0|1|CarroTeste|1|circulo_r68_xc160_yc120|111|71|85|36|43,600459|20,408163|89,000000|68,591837|487,481023|-0,426627|-0,349394|0,077234|0,211387|24,596564|24,151539|
20170128_113317|86317|1722|-1,#QNAN0|1|CarroTeste2|0||111|71|0|0|43,600459|20,408163|89,000000|68,591837|487,481023|-0,426627|-0,349394|0,077234|0,211387|24,596564|24,151539|
20170128_113318|86358|1724|-1,#QNAN0|1|CarroTeste|1|circulo_r68_xc160_yc120|111|71|86|36|43,011626|21,739130|89,000000|67,260870|484,542963|-0,540420|-0,355282|0,185138|1,023948|25,304989|23,149308|
20170128_113318|86363|1724|-1,#QNAN0|1|CarroTeste2|0||111|71|0|0|43,011626|21,739130|89,000000|67,260870|484,542963|-0,540420|-0,355282|0,185138|1,023948|25,304989|23,149308|
20170128_113318|86407|1726|-1,#QNAN0|1|CarroTeste|1|circulo_r68_xc160_yc120|117|66|87|35|43,139309|28,861501|89,000000|60,138499|458,827512|-0,321751|-0,240908|0,080843|0,247223|23,201611|22,681141|
20170128_113318|86413|1726|-1,#QNAN0|1|CarroTeste2|0||117|66|0|0|43,139309|28,861501|89,000000|60,138499|458,827512|-0,321751|-0,240908|0,080843|0,247223|23,201611|22,681141|
20170128_113318|86452|1728|-1,#QNAN0|1|CarroTeste|1|circulo_r68_xc160_yc120|117|66|87|35|43,139309|0,000000|89,000000|89,000000|574,122339|-0,426627|-0,240908|0,185720|1,037184|29,797890|27,614344|
20170128_113318|86458|1728|-1,#QNAN0|1|CarroTeste2|0||117|66|0|0|43,139309|0,000000|89,000000|89,000000|574,122339|-0,426627|-0,240908|0,185720|1,037184|29,797890|27,614344|
20170128_113318|86498|1730|-1,#QNAN0|1|CarroTeste|1|circulo_r68_xc160_yc120|117|66|88|35|42,449971|22,222222|89,000000|66,777778|489,859996|-0,540420|-0,247801|0,292618|1,845817|26,435965|22,550034|
20170128_113318|86503|1730|-1,#QNAN0|1|CarroTeste2|0||117|66|0|0|42,449971|22,222222|89,000000|66,777778|489,859996|-0,540420|-0,247801|0,292618|1,845817|26,435965|22,550034|
20170128_113318|86547|1732|-1,#QNAN0|1|CarroTeste|1|circulo_r68_xc160_yc120|117|66|88|35|42,449971|0,000000|89,000000|89,000000|579,314932|-0,540420|-0,247801|0,292618|1,855571|30,918980|27,012514|
20170128_113318|86552|1732|-1,#QNAN0|1|CarroTeste2|0||117|66|0|0|42,449971|0,000000|89,000000|89,000000|579,314932|-0,540420|-0,247801|0,292618|1,855571|30,918980|27,012514|
20170128_113318|86592|1734|-1,#QNAN0|1|CarroTeste|1|circulo_r68_xc160_yc120|117|66|89|34|42,520583|31,426968|89,000000|57,573032|458,921146|-0,321751|-0,247095|0,074656|0,229171|23,187290|22,704824|
20170128_113318|86597|1734|-1,#QNAN0|1|CarroTeste2|0||117|66|0|0|42,520583|31,426968|89,000000|57,573032|458,921146|-0,321751|-0,247095|0,074656|0,229171|23,187290|22,704824|
20170128_113318|86638|1736|-1,#QNAN0|1|CarroTeste|0|circulo_r68_xc160_yc120|0|0|89|34|42,520583|31,426968|89,000000|57,573032|458,921146|-0,321751|-0,247095|0,074656|0,229171|23,187290|22,704824|
20170128_113318|86643|1736|-1,#QNAN0|1|CarroTeste2|0||0|0|0|0|42,520583|31,426968|89,000000|57,573032|458,921146|-0,321751|-0,247095|0,074656|0,229171|23,187290|22,704824|
20170128_113318|86685|1738|-1,#QNAN0|1|CarroTeste|1|circulo_r68_xc160_yc120|117|66|91|33|42,011903|24,305087|89,000000|64,694913|488,795811|-0,321751|-0,252182|0,069569|0,193475|24,643449|24,236132|
20170128_113318|86690|1738|-1,#QNAN0|1|CarroTeste2|0||117|66|0|0|42,011903|24,305087|89,000000|64,694913|488,795811|-0,321751|-0,252182|0,069569|0,193475|24,643449|24,236132|
20170128_113318|86733|1740|-1,#QNAN0|1|CarroTeste|1|circulo_r68_xc160_yc120|117|66|91|33|42,011903|0,000000|89,000000|89,000000|586,357196|-0,321751|-0,252182|0,069569|0,195794|29,523959|29,111761|
20170128_113318|86737|1740|-1,#QNAN0|1|CarroTeste2|0||117|66|0|0|42,011903|0,000000|89,000000|89,000000|586,357196|-0,321751|-0,252182|0,069569|0,195794|29,523959|29,111761|
20170128_113318|86779|1742|-1,#QNAN0|1|CarroTeste|1|circulo_r68_xc160_yc120|117|66|92|32|42,201896|30,743773|89,000000|58,256227|468,645163|-0,566729|-0,250282|0,316447|2,051326|25,591548|21,272968|
20170128_113318|86784|1742|-1,#QNAN0|1|CarroTeste2|0||117|66|0|0|42,201896|30,743773|89,000000|58,256227|468,645163|-0,566729|-0,250282|0,316447|2,051326|25,591548|21,272968|
20170128_113318|86826|1744|-1,#QNAN0|1|CarroTeste|1|circulo_r68_xc160_yc120|117|66|92|32|42,201896|0,000000|89,000000|89,000000|591,265737|-0,426627|-0,250282|0,176346|1,010190|30,626645|28,499929|
20170128_113318|86831|1744|-1,#QNAN0|1|CarroTeste2|0||117|66|0|0|42,201896|0,000000|89,000000|89,000000|591,265737|-0,426627|-0,250282|0,176346|1,010190|30,626645|28,499929|
20170128_113318|86874|1746|-1,#QNAN0|1|CarroTeste|1|circulo_r68_xc160_yc120|117|66|93|32|41,617304|20,833333|89,000000|68,166667|512,455204|-0,426627|-0,256128|0,170500|0,972185|26,646113|24,599407|
20170128_113318|86879|1746|-1,#QNAN0|1|CarroTeste2|0||117|66|0|0|41,617304|20,833333|89,000000|68,166667|512,455204|-0,426627|-0,256128|0,170500|0,972185|26,646113|24,599407|
20170128_113318|86924|1748|-1,#QNAN0|1|CarroTeste|1|circulo_r68_xc160_yc120|117|66|93|31|42,438190|20,000000|89,000000|69,000000|517,998513|-0,463648|-0,247919|0,215729|1,317383|27,286645|24,513206|
20170128_113318|86928|1748|-1,#QNAN0|1|CarroTeste2|0||117|66|0|0|42,438190|20,000000|89,000000|69,000000|517,998513|-0,463648|-0,247919|0,215729|1,317383|27,286645|24,513206|
20170128_113318|86969|1750|-1,#QNAN0|1|CarroTeste|1|circulo_r68_xc160_yc120|121|63|95|32|40,459857|48,610173|89,000000|40,389827|407,994842|-0,321751|-0,198587|0,123163|0,629726|21,062611|19,736873|
20170128_113318|86975|1750|-1,#QNAN0|1|CarroTeste2|0||121|63|0|0|40,459857|48,610173|89,000000|40,389827|407,994842|-0,321751|-0,198587|0,123163|0,629726|21,062611|19,736873|
20170128_113318|87014|1752|-1,#QNAN0|1|CarroTeste|1|circulo_r68_xc160_yc120|121|63|95|31|41,231056|22,727273|89,000000|66,272727|510,939465|-0,426627|-0,190875|0,235752|1,478988|27,103803|23,990144|
20170128_113318|87019|1752|-1,#QNAN0|1|CarroTeste2|0||121|63|0|0|41,231056|22,727273|89,000000|66,272727|510,939465|-0,426627|-0,190875|0,235752|1,478988|27,103803|23,990144|
20170128_113318|87060|1754|-1,#QNAN0|1|CarroTeste|1|circulo_r68_xc160_yc120|121|63|96|31|40,607881|21,276596|89,000000|67,723404|518,842907|-0,321751|-0,197107|0,124644|0,652801|26,629304|25,254986|
20170128_113318|87065|1754|-1,#QNAN0|1|CarroTeste2|0||121|63|0|0|40,607881|21,276596|89,000000|67,723404|518,842907|-0,321751|-0,197107|0,124644|0,652801|26,629304|25,254986|
20170128_113318|87109|1756|-1,#QNAN0|1|CarroTeste|1|circulo_r68_xc160_yc120|121|63|97|31|40,000000|20,833333|89,000000|68,166667|522,840291|-0,321751|-0,203186|0,118565|0,611325|26,785514|25,498515|
20170128_113318|87114|1756|-1,#QNAN0|1|CarroTeste2|0||121|63|0|0|40,000000|20,833333|89,000000|68,166667|522,840291|-0,321751|-0,203186|0,118565|0,611325|26,785514|25,498515|
20170128_113318|87154|1758|-1,#QNAN0|1|CarroTeste|1|circulo_r68_xc160_yc120|121|63|97|30|40,804412|21,739130|89,000000|67,260870|521,556983|-0,426627|-0,195142|0,231486|1,462927|27,617773|24,537926|
20170128_113318|87159|1758|-1,#QNAN0|1|CarroTeste2|0||121|63|0|0|40,804412|21,739130|89,000000|67,260870|521,556983|-0,426627|-0,195142|0,231486|1,462927|27,617773|24,537926|
20170128_113318|87201|1760|-1,#QNAN0|1|CarroTeste|1|circulo_r68_xc160_yc120|121|63|98|30|40,224371|21,739130|89,000000|67,260870|523,799012|-0,321751|-0,200942|0,120808|0,639836|26,863462|25,516439|
20170128_113318|87207|1760|-1,#QNAN0|1|CarroTeste2|0||121|63|0|0|40,224371|21,739130|89,000000|67,260870|523,799012|-0,321751|-0,200942|0,120808|0,639836|26,863462|25,516439|
20170128_113318|87249|1762|-1,#QNAN0|1|CarroTeste|1|circulo_r68_xc160_yc120|121|63|99|29|40,496913|28,861501|89,000000|60,138499|498,083562|-0,367174|-0,198217|0,168957|1,005294|25,962383|23,845973|
20170128_113318|87254|1762|-1,#QNAN0|1|CarroTeste2|0||121|63|0|0|40,496913|28,861501|89,000000|60,138499|498,083562|-0,367174|-0,198217|0,168957|1,005294|25,962383|23,845973|
20170128_113318|87294|1764|-1,#QNAN0|1|CarroTeste|1|circulo_r68_xc160_yc120|121|63|99|29|40,496913|0,000000|89,000000|89,000000|613,378388|-0,266252|-0,198217|0,068035|0,253349|30,935603|30,402236|
20170128_113318|87299|1764|-1,#QNAN0|1|CarroTeste2|0||121|63|0|0|40,496913|0,000000|89,000000|89,000000|613,378388|-0,266252|-0,198217|0,068035|0,253349|30,935603|30,402236|
20170128_113318|87342|1766|-1,#QNAN0|1|CarroTeste|1|circulo_r68_xc160_yc120|121|63|100|29|39,962482|21,276596|89,000000|67,723404|532,827918|-0,321751|-0,203561|0,118190|0,632104|27,306768|25,976024|
20170128_113319|87347|1766|-1,#QNAN0|1|CarroTeste2|0||121|63|0|0|39,962482|21,276596|89,000000|67,723404|532,827918|-0,321751|-0,203561|0,118190|0,632104|27,306768|25,976024|
20170128_113319|87389|1768|-1,#QNAN0|1|CarroTeste|1|circulo_r68_xc160_yc120|124|61|101|29|39,408121|21,276596|89,000000|67,723404|535,085364|-0,321751|-0,152556|0,169195|1,018916|27,826812|25,681725|
20170128_113319|87393|1768|-1,#QNAN0|1|CarroTeste2|0||124|61|0|0|39,408121|21,276596|89,000000|67,723404|535,085364|-0,321751|-0,152556|0,169195|1,018916|27,826812|25,681725|
20170128_113319|87435|1770|-1,#QNAN0|1|CarroTeste|1|circulo_r68_xc160_yc120|124|61|101|29|39,408121|0,000000|89,000000|89,000000|620,859949|-0,321751|-0,152556|0,169195|1,024556|32,121478|29,964517|
20170128_113319|87440|1770|-1,#QNAN0|1|CarroTeste2|0||124|61|0|0|39,408121|0,000000|89,000000|89,000000|620,859949|-0,321751|-0,152556|0,169195|1,024556|32,121478|29,964517|
20170128_113319|87483|1772|-1,#QNAN0|1|CarroTeste|1|circulo_r68_xc160_yc120|124|61|102|28|39,661064|30,089650|89,000000|58,910350|505,715546|-0,426627|-0,150026|0,276601|1,836450|27,218883|23,352672|
20170128_113319|87487|1772|-1,#QNAN0|1|CarroTeste2|0||124|61|0|0|39,661064|30,089650|89,000000|58,910350|505,715546|-0,426627|-0,150026|0,276601|1,836450|27,218883|23,352672|
20170128_113319|87532|1774|-1,#QNAN0|1|CarroTeste|1|circulo_r68_xc160_yc120|124|61|103|28|39,115214|20,408163|89,000000|68,591837|545,682018|-0,321751|-0,155485|0,166266|1,017429|28,355079|26,213123|
20170128_113319|87536|1774|-1,#QNAN0|1|CarroTeste2|0||124|61|0|0|39,115214|20,408163|89,000000|68,591837|545,682018|-0,321751|-0,155485|0,166266|1,017429|28,355079|26,213123|
20170128_113319|87577|1776|-1,#QNAN0|1|CarroTeste|1|circulo_r68_xc160_yc120|124|61|104|28|38,587563|22,222222|89,000000|66,777778|540,847679|-0,321751|-0,160761|0,160989|0,983362|28,077502|26,007266|
20170128_113319|87582|1776|-1,#QNAN0|1|CarroTeste2|0||124|61|0|0|38,587563|22,222222|89,000000|66,777778|540,847679|-0,321751|-0,160761|0,160989|0,983362|28,077502|26,007266|
20170128_113319|87623|1778|-1,#QNAN0|1|CarroTeste|1|circulo_r68_xc160_yc120|124|61|105|27|38,948684|30,089650|89,000000|58,910350|512,191545|-0,321751|-0,157150|0,164600|1,015837|26,678879|24,540276|
20170128_113319|87628|1778|-1,#QNAN0|1|CarroTeste2|0||124|61|0|0|38,948684|30,089650|89,000000|58,910350|512,191545|-0,321751|-0,157150|0,164600|1,015837|26,678879|24,540276|
20170128_113319|87671|1780|-1,#QNAN0|1|CarroTeste|1|circulo_r68_xc160_yc120|124|61|106|27|38,470768|21,276596|89,000000|67,723404|548,749155|-0,321751|-0,161929|0,159821|0,985448|28,474772|26,400144|
20170128_113319|87676|1780|-1,#QNAN0|1|CarroTeste2|0||124|61|0|0|38,470768|21,276596|89,000000|67,723404|548,749155|-0,321751|-0,161929|0,159821|0,985448|28,474772|26,400144|
20170128_113319|87719|1782|-1,#QNAN0|1|CarroTeste|1|circulo_r68_xc160_yc120|124|61|106|27|38,470768|0,000000|89,000000|89,000000|634,523739|-0,226799|-0,161929|0,064869|0,278014|32,018833|31,433541|
20170128_113319|87724|1782|-1,#QNAN0|1|CarroTeste2|0||124|61|0|0|38,470768|0,000000|89,000000|89,000000|634,523739|-0,226799|-0,161929|0,064869|0,278014|32,018833|31,433541|
20170128_113319|87763|1784|-1,#QNAN0|1|CarroTeste|1|circulo_r68_xc160_yc120|124|61|107|27|38,013156|22,222222|89,000000|66,777778|550,261397|-0,321751|-0,166506|0,155245|0,958587|28,522109|26,504031|
20170128_113319|87769|1784|-1,#QNAN0|1|CarroTeste2|0||124|61|0|0|38,013156|22,222222|89,000000|66,777778|550,261397|-0,321751|-0,166506|0,155245|0,958587|28,522109|26,504031|
20170128_113319|87811|1786|-1,#QNAN0|1|CarroTeste|1|circulo_r68_xc160_yc120|124|61|107|26|38,910153|21,276596|89,000000|67,723404|556,199194|-0,321751|-0,157536|0,164215|1,031095|28,895323|26,724596|
20170128_113319|87815|1786|-1,#QNAN0|1|CarroTeste2|0||124|61|0|0|38,910153|21,276596|89,000000|67,723404|556,199194|-0,321751|-0,157536|0,164215|1,031095|28,895323|26,724596|
20170128_113319|87857|1788|-1,#QNAN0|1|CarroTeste|0|circulo_r68_xc160_yc120|0|0|107|26|38,910153|21,276596|89,000000|67,723404|556,199194|-0,321751|-0,157536|0,164215|1,031095|28,895323|26,724596|
20170128_113319|87864|1788|-1,#QNAN0|1|CarroTeste2|0||0|0|0|0|38,910153|21,276596|89,000000|67,723404|556,199194|-0,321751|-0,157536|0,164215|1,031095|28,895323|26,724596|
20170128_113319|87906|1790|-1,#QNAN0|1|CarroTeste|1|circulo_r68_xc160_yc120|126|60|109|26|38,013156|21,052632|89,000000|67,947368|559,335767|-0,321751|-0,135090|0,186661|1,205061|29,235274|26,698303|
20170128_113319|87911|1790|-1,#QNAN0|1|CarroTeste2|0||126|60|0|0|38,013156|21,052632|89,000000|67,947368|559,335767|-0,321751|-0,135090|0,186661|1,205061|29,235274|26,698303|
20170128_113319|87953|1792|-1,#QNAN0|1|CarroTeste|1|circulo_r68_xc160_yc120|128|59|110|25|38,470768|30,089650|89,000000|58,910350|526,127621|-0,321751|-0,099098|0,222653|1,481461|27,865813|24,746949|
20170128_113319|87960|1792|-1,#QNAN0|1|CarroTeste2|0||128|59|0|0|38,470768|30,089650|89,000000|58,910350|526,127621|-0,321751|-0,099098|0,222653|1,481461|27,865813|24,746949|
20170128_113319|88000|1794|-1,#QNAN0|1|CarroTeste|1|circulo_r68_xc160_yc120|128|59|111|25|38,013156|20,833333|89,000000|68,166667|564,425169|-0,266252|-0,103674|0,162578|1,037928|29,313814|27,128703|
20170128_113319|88006|1794|-1,#QNAN0|1|CarroTeste2|0||128|59|0|0|38,013156|20,833333|89,000000|68,166667|564,425169|-0,266252|-0,103674|0,162578|1,037928|29,313814|27,128703|
20170128_113319|88047|1796|-1,#QNAN0|1|CarroTeste|1|circulo_r68_xc160_yc120|130|58|112|24|38,470768|30,743773|89,000000|58,256227|527,795891|-0,266252|-0,067682|0,198570|1,313524|27,772451|25,007138|
20170128_113319|88054|1796|-1,#QNAN0|1|CarroTeste2|0||130|58|0|0|38,470768|30,743773|89,000000|58,256227|527,795891|-0,266252|-0,067682|0,198570|1,313524|27,772451|25,007138|
20170128_113319|88091|1798|-1,#QNAN0|1|CarroTeste|0|circulo_r68_xc160_yc120|0|0|112|24|38,470768|30,743773|89,000000|58,256227|527,795891|-0,266252|-0,067682|0,198570|1,313524|27,772451|25,007138|
20170128_113319|88097|1798|-1,#QNAN0|1|CarroTeste2|0||0|0|0|0|38,470768|30,743773|89,000000|58,256227|527,795891|-0,266252|-0,067682|0,198570|1,313524|27,772451|25,007138|
20170128_113319|88139|1800|-1,#QNAN0|1|CarroTeste|1|circulo_r68_xc160_yc120|130|58|113|24|38,013156|10,752688|89,000000|78,247312|608,208876|-0,321751|-0,072258|0,249493|1,702396|32,202439|28,618448|
20170128_113319|88144|1800|-1,#QNAN0|1|CarroTeste2|0||130|58|0|0|38,013156|10,752688|89,000000|78,247312|608,208876|-0,321751|-0,072258|0,249493|1,702396|32,202439|28,618448|
20170128_113319|88185|1802|-1,#QNAN0|1|CarroTeste|1|circulo_r68_xc160_yc120|130|58|114|24|37,576588|22,222222|89,000000|66,777778|565,795700|-0,226799|-0,076623|0,150175|0,965179|29,305763|27,273807|
20170128_113319|88190|1802|-1,#QNAN0|1|CarroTeste2|0||130|58|0|0|37,576588|22,222222|89,000000|66,777778|565,795700|-0,226799|-0,076623|0,150175|0,965179|29,305763|27,273807|
20170128_113319|88232|1804|-1,#QNAN0|1|CarroTeste|1|circulo_r68_xc160_yc120|132|57|115|23|38,013156|30,089650|89,000000|58,910350|537,139566|-0,266252|-0,040842|0,225410|1,534940|28,472705|25,241252|
20170128_113319|88237|1804|-1,#QNAN0|1|CarroTeste2|0||132|57|0|0|38,013156|30,089650|89,000000|58,910350|537,139566|-0,266252|-0,040842|0,225410|1,534940|28,472705|25,241252|
20170128_113319|88280|1806|-1,#QNAN0|1|CarroTeste|1|circulo_r68_xc160_yc120|132|57|116|23|37,576588|20,833333|89,000000|68,166667|575,437113|-0,321751|-0,045208|0,276543|1,926286|30,799525|26,744186|
20170128_113319|88285|1806|-1,#QNAN0|1|CarroTeste2|0||132|57|0|0|37,576588|20,833333|89,000000|68,166667|575,437113|-0,321751|-0,045208|0,276543|1,926286|30,799525|26,744186|
20170128_113319|88326|1808|-1,#QNAN0|1|CarroTeste|1|circulo_r68_xc160_yc120|134|56|117|23|37,121422|21,276596|89,000000|67,723404|575,969398|-0,321751|-0,012060|0,309690|2,184328|31,097763|26,499177|
20170128_113319|88331|1808|-1,#QNAN0|1|CarroTeste2|0||134|56|0|0|37,121422|21,276596|89,000000|67,723404|575,969398|-0,321751|-0,012060|0,309690|2,184328|31,097763|26,499177|
20170128_113320|88374|1810|-1,#QNAN0|1|CarroTeste|1|circulo_r68_xc160_yc120|134|56|117|23|37,121422|0,000000|89,000000|89,000000|661,743983|-0,226799|-0,012060|0,214739|1,481889|34,647082|31,527316|
20170128_113320|88379|1810|-1,#QNAN0|1|CarroTeste2|0||134|56|0|0|37,121422|0,000000|89,000000|89,000000|661,743983|-0,226799|-0,012060|0,214739|1,481889|34,647082|31,527316|
20170128_113320|88420|1812|-1,#QNAN0|1|CarroTeste|1|circulo_r68_xc160_yc120|134|56|118|23|36,674242|21,276596|89,000000|67,723404|581,193512|-0,226799|-0,016532|0,210267|1,455479|30,591759|27,527592|
20170128_113320|88425|1812|-1,#QNAN0|1|CarroTeste2|0||134|56|0|0|36,674242|21,276596|89,000000|67,723404|581,193512|-0,226799|-0,016532|0,210267|1,455479|30,591759|27,527592|
20170128_113320|88466|1814|-1,#QNAN0|1|CarroTeste|1|circulo_r68_xc160_yc120|134|56|119|22|37,161808|31,426968|89,000000|57,573032|543,607644|-0,266252|-0,011656|0,254596|1,795246|29,070115|25,290650|
20170128_113320|88471|1814|-1,#QNAN0|1|CarroTeste2|0||134|56|0|0|37,161808|31,426968|89,000000|57,573032|543,607644|-0,266252|-0,011656|0,254596|1,795246|29,070115|25,290650|
20170128_113320|88514|1816|-1,#QNAN0|1|CarroTeste|1|circulo_r68_xc160_yc120|134|56|120|21|37,696154|29,462783|89,000000|59,537217|553,236773|-0,266252|-0,006313|0,259939|1,843844|29,602727|25,720951|
20170128_113320|88518|1816|-1,#QNAN0|1|CarroTeste2|0||134|56|0|0|37,696154|29,462783|89,000000|59,537217|553,236773|-0,266252|-0,006313|0,259939|1,843844|29,602727|25,720951|
20170128_113320|88563|1818|-1,#QNAN0|1|CarroTeste|1|circulo_r68_xc160_yc120|134|56|120|21|37,696154|0,000000|89,000000|89,000000|670,871771|-0,165149|-0,006313|0,158836|1,093568|34,694713|32,392464|
20170128_113320|88567|1818|-1,#QNAN0|1|CarroTeste2|0||134|56|0|0|37,696154|0,000000|89,000000|89,000000|670,871771|-0,165149|-0,006313|0,158836|1,093568|34,694713|32,392464|
20170128_113320|88608|1820|-1,#QNAN0|1|CarroTeste|1|circulo_r68_xc160_yc120|134|56|121|21|37,336309|22,222222|89,000000|66,777778|586,609429|-0,165149|-0,009911|0,155237|1,071851|30,458735|28,202207|
20170128_113320|88613|1820|-1,#QNAN0|1|CarroTeste2|0||134|56|0|0|37,336309|22,222222|89,000000|66,777778|586,609429|-0,165149|-0,009911|0,155237|1,071851|30,458735|28,202207|
20170128_113320|88656|1822|-1,#QNAN0|1|CarroTeste|0|circulo_r68_xc160_yc120|0|0|121|21|37,336309|22,222222|89,000000|66,777778|586,609429|-0,165149|-0,009911|0,155237|1,071851|30,458735|28,202207|
20170128_113320|88660|1822|-1,#QNAN0|1|CarroTeste2|0||0|0|0|0|37,336309|22,222222|89,000000|66,777778|586,609429|-0,165149|-0,009911|0,155237|1,071851|30,458735|28,202207|
20170128_113320|88703|1824|-1,#QNAN0|1|CarroTeste|1|circulo_r68_xc160_yc120|134|56|123|21|36,687873|20,833333|89,000000|68,166667|594,287163|-0,226799|-0,016396|0,210403|1,491132|31,283970|28,144746|
20170128_113320|88710|1824|-1,#QNAN0|1|CarroTeste2|0||134|56|0|0|36,687873|20,833333|89,000000|68,166667|594,287163|-0,226799|-0,016396|0,210403|1,491132|31,283970|28,144746|
20170128_113320|88752|1826|-1,#QNAN0|1|CarroTeste|1|circulo_r68_xc160_yc120|134|56|124|21|36,400549|20,833333|89,000000|68,166667|596,559385|-0,226799|-0,019269|0,207530|1,476577|31,382261|28,273678|
20170128_113320|88756|1826|-1,#QNAN0|1|CarroTeste2|0||134|56|0|0|36,400549|20,833333|89,000000|68,166667|596,559385|-0,226799|-0,019269|0,207530|1,476577|31,382261|28,273678|
20170128_113320|88798|1828|-1,#QNAN0|1|CarroTeste|1|circulo_r68_xc160_yc120|137|55|125|20|37,000000|30,089650|89,000000|58,910350|562,497739|-0,165149|0,030708|0,195857|1,395868|29,594221|26,655553|
20170128_113320|88804|1828|-1,#QNAN0|1|CarroTeste2|0||137|55|0|0|37,000000|30,089650|89,000000|58,910350|562,497739|-0,165149|0,030708|0,195857|1,395868|29,594221|26,655553|
20170128_113320|88844|1830|-1,#QNAN0|1|CarroTeste|1|circulo_r68_xc160_yc120|137|55|126|20|36,687873|21,739130|89,000000|67,260870|597,239756|-0,165149|0,027587|0,192735|1,378966|31,313531|28,410445|
20170128_113320|88851|1830|-1,#QNAN0|1|CarroTeste2|0||137|55|0|0|36,687873|21,739130|89,000000|67,260870|597,239756|-0,165149|0,027587|0,192735|1,378966|31,313531|28,410445|
20170128_113320|88889|1832|-1,#QNAN0|1|CarroTeste|1|circulo_r68_xc160_yc120|137|55|127|20|36,400549|22,727273|89,000000|66,272727|595,603027|-0,226799|0,024713|0,251512|1,826604|31,702892|27,857410|
20170128_113320|88894|1832|-1,#QNAN0|1|CarroTeste2|0||137|55|0|0|36,400549|22,727273|89,000000|66,272727|595,603027|-0,226799|0,024713|0,251512|1,826604|31,702892|27,857410|
20170128_113320|88936|1834|-1,#QNAN0|1|CarroTeste|1|circulo_r68_xc160_yc120|140|54|128|20|36,055513|20,833333|89,000000|68,166667|605,246406|-0,076772|0,065245|0,142017|1,013055|31,328694|29,195946|
20170128_113320|88941|1834|-1,#QNAN0|1|CarroTeste2|0||140|54|0|0|36,055513|20,833333|89,000000|68,166667|605,246406|-0,076772|0,065245|0,142017|1,013055|31,328694|29,195946|
20170128_113320|88983|1836|-1,#QNAN0|1|CarroTeste|1|circulo_r68_xc160_yc120|140|54|129|19|36,687873|30,743773|89,000000|58,256227|568,617129|-0,165149|0,071569|0,236718|1,728665|30,250503|26,611209|
20170128_113320|88988|1836|-1,#QNAN0|1|CarroTeste2|0||140|54|0|0|36,687873|30,743773|89,000000|58,256227|568,617129|-0,165149|0,071569|0,236718|1,728665|30,250503|26,611209|
20170128_113320|89029|1838|-1,#QNAN0|1|CarroTeste|1|circulo_r68_xc160_yc120|140|54|130|19|36,400549|21,739130|89,000000|67,260870|605,904973|-0,076772|0,068696|0,145468|1,051580|31,402175|29,188322|
20170128_113320|89035|1838|-1,#QNAN0|1|CarroTeste2|0||140|54|0|0|36,400549|21,739130|89,000000|67,260870|605,904973|-0,076772|0,068696|0,145468|1,051580|31,402175|29,188322|
20170128_113320|89076|1840|-1,#QNAN0|1|CarroTeste|0|circulo_r68_xc160_yc120|0|0|130|19|36,400549|21,739130|89,000000|67,260870|605,904973|-0,076772|0,068696|0,145468|1,051580|31,402175|29,188322|
20170128_113320|89082|1840|-1,#QNAN0|1|CarroTeste2|0||0|0|0|0|36,400549|21,739130|89,000000|67,260870|605,904973|-0,076772|0,068696|0,145468|1,051580|31,402175|29,188322|
20170128_113320|89124|1842|-1,#QNAN0|1|CarroTeste|1|circulo_r68_xc160_yc120|143|53|132|19|35,735137|21,052632|89,000000|67,947368|610,841720|0,000000|0,118590|0,118590|0,854672|31,441741|29,642431|
20170128_113320|89129|1842|-1,#QNAN0|1|CarroTeste2|0||143|53|0|0|35,735137|21,052632|89,000000|67,947368|610,841720|0,000000|0,118590|0,118590|0,854672|31,441741|29,642431|
20170128_113320|89170|1844|-1,#QNAN0|1|CarroTeste|1|circulo_r68_xc160_yc120|143|53|132|19|35,735137|0,000000|89,000000|89,000000|695,744644|-0,090660|0,118590|0,209250|1,539170|36,407412|33,167053|
20170128_113320|89176|1844|-1,#QNAN0|1|CarroTeste2|0||143|53|0|0|35,735137|0,000000|89,000000|89,000000|695,744644|-0,090660|0,118590|0,209250|1,539170|36,407412|33,167053|
20170128_113320|89217|1846|-1,#QNAN0|1|CarroTeste|1|circulo_r68_xc160_yc120|143|53|134|19|35,171011|42,553191|89,000000|46,446809|531,677032|0,000000|0,112949|0,112949|0,823254|27,450434|25,717269|
20170128_113320|89224|1846|-1,#QNAN0|1|CarroTeste2|0||143|53|0|0|35,171011|42,553191|89,000000|46,446809|531,677032|0,000000|0,112949|0,112949|0,823254|27,450434|25,717269|
20170128_113320|89263|1848|-1,#QNAN0|1|CarroTeste|1|circulo_r68_xc160_yc120|143|53|134|18|36,138622|21,276596|89,000000|67,723404|616,742400|-0,165149|0,122625|0,287774|2,139354|33,089071|28,585169|
20170128_113320|89270|1848|-1,#QNAN0|1|CarroTeste2|0||143|53|0|0|36,138622|21,276596|89,000000|67,723404|616,742400|-0,165149|0,122625|0,287774|2,139354|33,089071|28,585169|
20170128_113320|89311|1850|-1,#QNAN0|1|CarroTeste|1|circulo_r68_xc160_yc120|143|53|136|18|35,693137|42,553191|89,000000|46,446809|535,482706|-0,076772|0,118170|0,194942|1,452099|28,302660|25,245610|
20170128_113320|89317|1850|-1,#QNAN0|1|CarroTeste2|0||143|53|0|0|35,693137|42,553191|89,000000|46,446809|535,482706|-0,076772|0,118170|0,194942|1,452099|28,302660|25,245610|
20170128_113321|89357|1852|-1,#QNAN0|1|CarroTeste|1|circulo_r68_xc160_yc120|143|53|136|18|35,693137|0,000000|89,000000|89,000000|704,065211|-0,165149|0,118170|0,283319|2,122004|37,436949|32,969572|
20170128_113321|89363|1852|-1,#QNAN0|1|CarroTeste2|0||143|53|0|0|35,693137|0,000000|89,000000|89,000000|704,065211|-0,165149|0,118170|0,283319|2,122004|37,436949|32,969572|
20170128_113321|89405|1854|-1,#QNAN0|1|CarroTeste|1|circulo_r68_xc160_yc120|143|53|137|18|35,510562|20,833333|89,000000|68,166667|625,254678|-0,165149|0,116345|0,281493|2,117743|33,491937|29,033531|
20170128_113321|89411|1854|-1,#QNAN0|1|CarroTeste2|0||143|53|0|0|35,510562|20,833333|89,000000|68,166667|625,254678|-0,165149|0,116345|0,281493|2,117743|33,491937|29,033531|
20170128_113321|89454|1856|-1,#QNAN0|1|CarroTeste|1|circulo_r68_xc160_yc120|143|53|138|18|35,355339|20,408163|89,000000|68,591837|629,195824|-0,090660|0,114792|0,205452|1,556318|33,098021|29,821562|
20170128_113321|89462|1856|-1,#QNAN0|1|CarroTeste2|0||143|53|0|0|35,355339|20,408163|89,000000|68,591837|629,195824|-0,090660|0,114792|0,205452|1,556318|33,098021|29,821562|
20170128_113321|89499|1858|-1,#QNAN0|1|CarroTeste|1|circulo_r68_xc160_yc120|148|52|139|18|35,171011|21,739130|89,000000|67,260870|626,257765|-0,090660|0,182064|0,272724|2,068147|33,489885|29,135891|
20170128_113321|89506|1858|-1,#QNAN0|1|CarroTeste2|0||148|52|0|0|35,171011|21,739130|89,000000|67,260870|626,257765|-0,090660|0,182064|0,272724|2,068147|33,489885|29,135891|
20170128_113321|89544|1860|-1,#QNAN0|1|CarroTeste|0|circulo_r68_xc160_yc120|0|0|139|18|35,171011|21,739130|89,000000|67,260870|626,257765|-0,090660|0,182064|0,272724|2,068147|33,489885|29,135891|
20170128_113321|89550|1860|-1,#QNAN0|1|CarroTeste2|0||0|0|0|0|35,171011|21,739130|89,000000|67,260870|626,257765|-0,090660|0,182064|0,272724|2,068147|33,489885|29,135891|
20170128_113321|89593|1862|-1,#QNAN0|1|CarroTeste|1|circulo_r68_xc160_yc120|148|52|141|18|34,713110|21,505376|89,000000|67,494624|629,417351|-0,090660|0,177485|0,268145|2,042865|33,621252|29,320483|
20170128_113321|89599|1862|-1,#QNAN0|1|CarroTeste2|0||148|52|0|0|34,713110|21,505376|89,000000|67,494624|629,417351|-0,090660|0,177485|0,268145|2,042865|33,621252|29,320483|
20170128_113321|89640|1864|-1,#QNAN0|1|CarroTeste|1|circulo_r68_xc160_yc120|148|52|143|17|35,355339|47,575914|89,000000|41,424086|529,332344|-0,076772|0,183907|0,260679|1,995761|28,567419|24,365816|
20170128_113321|89647|1864|-1,#QNAN0|1|CarroTeste2|0||148|52|0|0|35,355339|47,575914|89,000000|41,424086|529,332344|-0,076772|0,183907|0,260679|1,995761|28,567419|24,365816|
20170128_113321|89685|1866|-1,#QNAN0|1|CarroTeste|1|circulo_r68_xc160_yc120|148|52|144|17|35,227830|22,222222|89,000000|66,777778|630,234138|0,000000|0,182632|0,182632|1,418585|33,004955|30,018459|
20170128_113321|89691|1866|-1,#QNAN0|1|CarroTeste2|0||148|52|0|0|35,227830|22,222222|89,000000|66,777778|630,234138|0,000000|0,182632|0,182632|1,418585|33,004955|30,018459|
20170128_113321|89732|1868|-1,#QNAN0|1|CarroTeste|1|circulo_r68_xc160_yc120|148|52|144|17|35,227830|0,000000|89,000000|89,000000|719,689073|0,000000|0,182632|0,182632|1,424673|37,484110|34,484798|
20170128_113321|89738|1868|-1,#QNAN0|1|CarroTeste2|0||148|52|0|0|35,227830|0,000000|89,000000|89,000000|719,689073|0,000000|0,182632|0,182632|1,424673|37,484110|34,484798|
20170128_113321|89780|1870|-1,#QNAN0|1|CarroTeste|1|circulo_r68_xc160_yc120|148|52|145|17|35,128336|20,833333|89,000000|68,166667|640,878540|0,000000|0,181637|0,181637|1,423292|33,542129|30,545725|
20170128_113321|89786|1870|-1,#QNAN0|1|CarroTeste2|0||148|52|0|0|35,128336|20,833333|89,000000|68,166667|640,878540|0,000000|0,181637|0,181637|1,423292|33,542129|30,545725|
20170128_113321|89827|1872|-1,#QNAN0|1|CarroTeste|1|circulo_r68_xc160_yc120|148|52|146|17|35,057096|21,276596|89,000000|67,723404|641,410825|0,000000|0,180925|0,180925|1,423999|33,569488|30,571595|
20170128_113321|89833|1872|-1,#QNAN0|1|CarroTeste2|0||148|52|0|0|35,057096|21,276596|89,000000|67,723404|641,410825|0,000000|0,180925|0,180925|1,423999|33,569488|30,571595|
20170128_113321|89874|1874|-1,#QNAN0|1|CarroTeste|1|circulo_r68_xc160_yc120|148|52|146|17|35,057096|0,000000|89,000000|89,000000|727,185409|-0,165149|0,180925|0,346074|2,669731|39,169514|33,549027|
20170128_113321|89880|1874|-1,#QNAN0|1|CarroTeste2|0||148|52|0|0|35,057096|0,000000|89,000000|89,000000|727,185409|-0,165149|0,180925|0,346074|2,669731|39,169514|33,549027|
20170128_113321|89922|1876|-1,#QNAN0|1|CarroTeste|1|circulo_r68_xc160_yc120|148|52|148|17|35,000000|41,666667|89,000000|47,333333|566,597679|-0,076772|0,180354|0,257126|2,013574|30,449435|26,210333|
20170128_113321|89927|1876|-1,#QNAN0|1|CarroTeste2|0||148|52|0|0|35,000000|41,666667|89,000000|47,333333|566,597679|-0,076772|0,180354|0,257126|2,013574|30,449435|26,210333|
20170128_113321|89966|1878|-1,#QNAN0|1|CarroTeste|1|circulo_r68_xc160_yc120|148|52|148|17|35,000000|0,000000|89,000000|89,000000|731,729854|-0,076772|0,180354|0,257126|2,022145|38,715066|34,457919|
20170128_113321|89973|1878|-1,#QNAN0|1|CarroTeste2|0||148|52|0|0|35,000000|0,000000|89,000000|89,000000|731,729854|-0,076772|0,180354|0,257126|2,022145|38,715066|34,457919|
20170128_113321|90013|1880|-1,#QNAN0|1|CarroTeste|1|circulo_r68_xc160_yc120|148|52|148|17|35,000000|0,000000|89,000000|89,000000|734,696520|-0,165149|0,180354|0,345503|2,694122|39,570744|33,898908|
20170128_113321|90020|1880|-1,#QNAN0|1|CarroTeste2|0||148|52|0|0|35,000000|0,000000|89,000000|89,000000|734,696520|-0,165149|0,180354|0,345503|2,694122|39,570744|33,898908|
20170128_113321|90061|1882|-1,#QNAN0|1|CarroTeste|1|circulo_r68_xc160_yc120|149|52|149|17|35,000000|20,833333|89,000000|68,166667|655,885986|-0,165149|0,192920|0,358069|2,799970|35,741636|29,846963|
20170128_113321|90068|1882|-1,#QNAN0|1|CarroTeste2|0||149|52|0|0|35,000000|20,833333|89,000000|68,166667|655,885986|-0,165149|0,192920|0,358069|2,799970|35,741636|29,846963|
20170128_113321|90109|1884|-1,#QNAN0|1|CarroTeste|1|circulo_r68_xc160_yc120|150|52|150|17|35,000000|20,833333|89,000000|68,166667|658,158209|-0,076772|0,205487|0,282259|2,242829|35,268783|30,547038|
20170128_113321|90116|1884|-1,#QNAN0|1|CarroTeste2|0||150|52|0|0|35,000000|20,833333|89,000000|68,166667|658,158209|-0,076772|0,205487|0,282259|2,242829|35,268783|30,547038|
20170128_113321|90156|1886|-1,#QNAN0|1|CarroTeste|1|circulo_r68_xc160_yc120|150|52|150|17|35,000000|0,000000|89,000000|89,000000|742,207631|-0,076772|0,205487|0,282259|2,252237|39,481158|34,739606|
20170128_113321|90165|1886|-1,#QNAN0|1|CarroTeste2|0||150|52|0|0|35,000000|0,000000|89,000000|89,000000|742,207631|-0,076772|0,205487|0,282259|2,252237|39,481158|34,739606|
20170128_113321|90203|1888|-1,#QNAN0|1|CarroTeste|0|circulo_r68_xc160_yc120|0|0|150|17|35,000000|0,000000|89,000000|89,000000|742,207631|-0,076772|0,205487|0,282259|2,252237|39,481158|34,739606|
20170128_113321|90211|1888|-1,#QNAN0|1|CarroTeste2|0||0|0|0|0|35,000000|0,000000|89,000000|89,000000|742,207631|-0,076772|0,205487|0,282259|2,252237|39,481158|34,739606|
20170128_113321|90248|1890|-1,#QNAN0|1|CarroTeste|1|circulo_r68_xc160_yc120|152|52|152|17|35,000000|21,505376|89,000000|67,494624|660,759126|-0,076772|0,236903|0,313675|2,497472|35,666874|30,409038|
20170128_113321|90254|1890|-1,#QNAN0|1|CarroTeste2|0||152|52|0|0|35,000000|21,505376|89,000000|67,494624|660,759126|-0,076772|0,236903|0,313675|2,497472|35,666874|30,409038|
20170128_113321|90296|1892|-1,#QNAN0|1|CarroTeste|1|circulo_r68_xc160_yc120|152|52|152|17|35,000000|0,000000|89,000000|89,000000|747,424119|-0,076772|0,236903|0,313675|2,507928|40,011130|34,731282|
20170128_113321|90302|1892|-1,#QNAN0|1|CarroTeste2|0||152|52|0|0|35,000000|0,000000|89,000000|89,000000|747,424119|-0,076772|0,236903|0,313675|2,507928|40,011130|34,731282|
20170128_113321|90342|1894|-1,#QNAN0|1|CarroTeste|0|circulo_r68_xc160_yc120|0|0|152|17|35,000000|0,000000|89,000000|89,000000|747,424119|-0,076772|0,236903|0,313675|2,507928|40,011130|34,731282|
20170128_113322|90349|1894|-1,#QNAN0|1|CarroTeste2|0||0|0|0|0|35,000000|0,000000|89,000000|89,000000|747,424119|-0,076772|0,236903|0,313675|2,507928|40,011130|34,731282|
20170128_113322|90388|1896|-1,#QNAN0|1|CarroTeste|1|circulo_r68_xc160_yc120|153|52|153|17|35,000000|10,869565|89,000000|78,130435|707,724420|-0,165149|0,249469|0,414618|3,276121|38,834769|31,937673|
20170128_113322|90394|1896|-1,#QNAN0|1|CarroTeste2|0||153|52|0|0|35,000000|10,869565|89,000000|78,130435|707,724420|-0,165149|0,249469|0,414618|3,276121|38,834769|31,937673|
20170128_113322|90436|1898|-1,#QNAN0|1|CarroTeste|1|circulo_r68_xc160_yc120|154|52|154|17|35,000000|20,408163|89,000000|68,591837|672,886857|-0,076772|0,262035|0,338807|2,720865|36,508411|30,780275|
20170128_113322|90443|1898|-1,#QNAN0|1|CarroTeste2|0||154|52|0|0|35,000000|20,408163|89,000000|68,591837|672,886857|-0,076772|0,262035|0,338807|2,720865|36,508411|30,780275|
20170128_113322|90483|1900|-1,#QNAN0|1|CarroTeste|1|circulo_r68_xc160_yc120|154|52|154|17|35,000000|0,000000|89,000000|89,000000|755,281528|-0,165149|0,262035|0,427184|3,395565|41,338356|34,189797|
20170128_113322|90489|1900|-1,#QNAN0|1|CarroTeste2|0||154|52|0|0|35,000000|0,000000|89,000000|89,000000|755,281528|-0,165149|0,262035|0,427184|3,395565|41,338356|34,189797|
20170128_113322|90530|1902|-1,#QNAN0|1|CarroTeste|1|circulo_r68_xc160_yc120|155|52|155|17|35,000000|21,739130|89,000000|67,260870|672,915464|-0,165149|0,280885|0,446034|3,551300|37,383984|29,907562|
20170128_113322|90536|1902|-1,#QNAN0|1|CarroTeste2|0||155|52|0|0|35,000000|21,739130|89,000000|67,260870|672,915464|-0,165149|0,280885|0,446034|3,551300|37,383984|29,907562|
20170128_113322|90579|1904|-1,#QNAN0|1|CarroTeste|1|circulo_r68_xc160_yc120|156|52|156|17|35,000000|20,408163|89,000000|68,591837|680,381948|-0,076772|0,293451|0,370223|2,997092|37,173931|30,864264|
20170128_113322|90585|1904|-1,#QNAN0|1|CarroTeste2|0||156|52|0|0|35,000000|20,408163|89,000000|68,591837|680,381948|-0,076772|0,293451|0,370223|2,997092|37,173931|30,864264|
20170128_113322|90625|1906|-1,#QNAN0|1|CarroTeste|1|circulo_r68_xc160_yc120|156|52|156|17|35,000000|0,000000|89,000000|89,000000|762,776618|-0,076772|0,293451|0,370223|3,009432|41,306655|34,971007|
20170128_113322|90632|1906|-1,#QNAN0|1|CarroTeste2|0||156|52|0|0|35,000000|0,000000|89,000000|89,000000|762,776618|-0,076772|0,293451|0,370223|3,009432|41,306655|34,971007|
20170128_113322|90669|1908|-1,#QNAN0|1|CarroTeste|1|circulo_r68_xc160_yc120|156|52|156|17|35,000000|0,000000|89,000000|89,000000|765,743285|-0,165149|0,293451|0,458600|3,685180|42,166301|34,408027|
20170128_113322|90676|1908|-1,#QNAN0|1|CarroTeste2|0||156|52|0|0|35,000000|0,000000|89,000000|89,000000|765,743285|-0,165149|0,293451|0,458600|3,685180|42,166301|34,408027|
20170128_113322|90720|1910|-1,#QNAN0|1|CarroTeste|1|circulo_r68_xc160_yc120|157|52|157|17|35,000000|20,000000|89,000000|69,000000|690,203838|-0,165149|0,306018|0,471166|3,794797|38,504715|30,515669|
20170128_113322|90729|1910|-1,#QNAN0|1|CarroTeste2|0||157|52|0|0|35,000000|20,000000|89,000000|69,000000|690,203838|-0,165149|0,306018|0,471166|3,794797|38,504715|30,515669|
20170128_113322|90766|1912|-1,#QNAN0|1|CarroTeste|1|circulo_r68_xc160_yc120|158|52|158|18|34,000000|30,743773|89,000000|58,256227|650,331251|0,000000|0,314867|0,314867|2,637232|35,292596|29,740529|
20170128_113322|90772|1912|-1,#QNAN0|1|CarroTeste2|0||158|52|0|0|34,000000|30,743773|89,000000|58,256227|650,331251|0,000000|0,314867|0,314867|2,637232|35,292596|29,740529|
20170128_113322|90810|1914|-1,#QNAN0|1|CarroTeste|1|circulo_r68_xc160_yc120|159|52|159|17|35,000000|32,141217|89,000000|56,858783|646,787729|-0,076772|0,337434|0,414206|3,393417|35,911405|28,767368|
20170128_113322|90817|1914|-1,#QNAN0|1|CarroTeste2|0||159|52|0|0|35,000000|32,141217|89,000000|56,858783|646,787729|-0,076772|0,337434|0,414206|3,393417|35,911405|28,767368|
20170128_113322|90859|1916|-1,#QNAN0|1|CarroTeste|1|circulo_r68_xc160_yc120|159|52|159|17|35,000000|0,000000|89,000000|89,000000|774,847118|-0,165149|0,337434|0,502582|4,070631|43,027231|34,457481|
20170128_113322|90865|1916|-1,#QNAN0|1|CarroTeste2|0||159|52|0|0|35,000000|0,000000|89,000000|89,000000|774,847118|-0,165149|0,337434|0,502582|4,070631|43,027231|34,457481|
20170128_113322|90904|1918|-1,#QNAN0|1|CarroTeste|1|circulo_r68_xc160_yc120|160|52|160|17|35,000000|21,739130|89,000000|67,260870|692,481055|-0,076772|0,350000|0,426772|3,518307|38,327534|30,920571|
20170128_113322|90910|1918|-1,#QNAN0|1|CarroTeste2|0||160|52|0|0|35,000000|21,739130|89,000000|67,260870|692,481055|-0,076772|0,350000|0,426772|3,518307|38,327534|30,920571|
20170128_113322|90954|1920|-1,#QNAN0|1|CarroTeste|1|circulo_r68_xc160_yc120|160|52|160|17|35,000000|0,000000|89,000000|89,000000|780,055814|-0,165149|0,350000|0,515149|4,195940|43,419570|34,586011|
20170128_113322|90962|1920|-1,#QNAN0|1|CarroTeste2|0||160|52|0|0|35,000000|0,000000|89,000000|89,000000|780,055814|-0,165149|0,350000|0,515149|4,195940|43,419570|34,586011|
20170128_113322|90999|1922|-1,#QNAN0|1|CarroTeste|1|circulo_r68_xc160_yc120|161|52|161|17|35,000000|22,222222|89,000000|66,777778|695,793471|-0,076772|0,368850|0,445621|3,691200|38,675147|30,904200|
20170128_113322|91005|1922|-1,#QNAN0|1|CarroTeste2|0||161|52|0|0|35,000000|22,222222|89,000000|66,777778|695,793471|-0,076772|0,368850|0,445621|3,691200|38,675147|30,904200|
20170128_113322|91045|1924|-1,#QNAN0|1|CarroTeste|1|circulo_r68_xc160_yc120|161|52|161|18|34,000000|21,739130|89,000000|67,260870|699,915676|-0,090660|0,358850|0,449509|3,735240|38,927615|31,063952|
20170128_113322|91051|1924|-1,#QNAN0|1|CarroTeste2|0||161|52|0|0|34,000000|21,739130|89,000000|67,260870|699,915676|-0,090660|0,358850|0,449509|3,735240|38,927615|31,063952|
20170128_113322|91092|1926|-1,#QNAN0|1|CarroTeste|1|circulo_r68_xc160_yc120|162|52|162|17|35,000000|30,089650|89,000000|58,910350|669,379366|-0,165149|0,381416|0,546565|4,478775|38,183469|28,754468|
20170128_113322|91098|1926|-1,#QNAN0|1|CarroTeste2|0||162|52|0|0|35,000000|30,089650|89,000000|58,910350|669,379366|-0,165149|0,381416|0,546565|4,478775|38,183469|28,754468|
20170128_113322|91140|1928|-1,#QNAN0|1|CarroTeste|1|circulo_r68_xc160_yc120|163|52|163|17|35,000000|20,833333|89,000000|68,166667|707,676914|-0,076772|0,400265|0,477037|3,975083|39,568143|31,199548|
20170128_113322|91147|1928|-1,#QNAN0|1|CarroTeste2|0||163|52|0|0|35,000000|20,833333|89,000000|68,166667|707,676914|-0,076772|0,400265|0,477037|3,975083|39,568143|31,199548|
20170128_113322|91188|1930|-1,#QNAN0|1|CarroTeste|1|circulo_r68_xc160_yc120|164|52|164|18|34,000000|28,861501|89,000000|60,138499|678,436126|0,000000|0,402832|0,402832|3,433955|37,536496|30,307117|
20170128_113322|91194|1930|-1,#QNAN0|1|CarroTeste2|0||164|52|0|0|34,000000|28,861501|89,000000|60,138499|678,436126|0,000000|0,402832|0,402832|3,433955|37,536496|30,307117|
20170128_113322|91235|1932|-1,#QNAN0|1|CarroTeste|1|circulo_r68_xc160_yc120|164|52|164|17|35,000000|21,276596|89,000000|67,723404|710,213815|-0,165149|0,412832|0,577981|4,762149|40,523479|30,497902|
20170128_113322|91242|1932|-1,#QNAN0|1|CarroTeste2|0||164|52|0|0|35,000000|21,276596|89,000000|67,723404|710,213815|-0,165149|0,412832|0,577981|4,762149|40,523479|30,497902|
20170128_113322|91281|1934|-1,#QNAN0|1|CarroTeste|1|circulo_r68_xc160_yc120|165|52|165|17|35,000000|22,222222|89,000000|66,777778|708,759390|-0,076772|0,425398|0,502170|4,212339|39,872010|31,003929|
20170128_113322|91287|1934|-1,#QNAN0|1|CarroTeste2|0||165|52|0|0|35,000000|22,222222|89,000000|66,777778|708,759390|-0,076772|0,425398|0,502170|4,212339|39,872010|31,003929|
20170128_113322|91329|1936|-1,#QNAN0|1|CarroTeste|1|circulo_r68_xc160_yc120|166|52|166|17|35,000000|20,833333|89,000000|68,166667|716,437125|-0,076772|0,444248|0,521020|4,370573|40,422460|31,221253|
20170128_113322|91336|1936|-1,#QNAN0|1|CarroTeste2|0||166|52|0|0|35,000000|20,833333|89,000000|68,166667|716,437125|-0,076772|0,444248|0,521020|4,370573|40,422460|31,221253|
20170128_113323|91373|1938|-1,#QNAN0|1|CarroTeste|1|circulo_r68_xc160_yc120|166|52|166|17|35,000000|0,000000|89,000000|89,000000|800,486548|-0,076772|0,444248|0,521020|4,387941|44,643212|35,405442|
20170128_113323|91379|1938|-1,#QNAN0|1|CarroTeste2|0||166|52|0|0|35,000000|0,000000|89,000000|89,000000|800,486548|-0,076772|0,444248|0,521020|4,387941|44,643212|35,405442|
20170128_113323|91422|1940|-1,#QNAN0|1|CarroTeste|1|circulo_r68_xc160_yc120|167|52|167|17|35,000000|20,833333|89,000000|68,166667|721,676014|-0,076772|0,456814|0,533586|4,499638|40,820262|31,347340|
20170128_113323|91428|1940|-1,#QNAN0|1|CarroTeste2|0||167|52|0|0|35,000000|20,833333|89,000000|68,166667|721,676014|-0,076772|0,456814|0,533586|4,499638|40,820262|31,347340|
20170128_113323|91467|1942|-1,#QNAN0|1|CarroTeste|1|circulo_r68_xc160_yc120|167|52|167|17|35,000000|0,000000|89,000000|89,000000|805,725437|-0,165149|0,456814|0,621963|5,180831|45,739779|34,832765|
20170128_113323|91473|1942|-1,#QNAN0|1|CarroTeste2|0||167|52|0|0|35,000000|0,000000|89,000000|89,000000|805,725437|-0,165149|0,456814|0,621963|5,180831|45,739779|34,832765|
20170128_113323|91515|1944|-1,#QNAN0|1|CarroTeste|1|circulo_r68_xc160_yc120|168|52|168|17|35,000000|21,276596|89,000000|67,723404|725,174966|-0,076772|0,469381|0,546152|4,632487|41,135050|31,382446|
20170128_113323|91522|1944|-1,#QNAN0|1|CarroTeste2|0||168|52|0|0|35,000000|21,276596|89,000000|67,723404|725,174966|-0,076772|0,469381|0,546152|4,632487|41,135050|31,382446|
20170128_113323|91563|1946|-1,#QNAN0|1|CarroTeste|1|circulo_r68_xc160_yc120|169|52|169|17|35,000000|20,833333|89,000000|68,166667|729,172350|-0,076772|0,488230|0,565002|4,792188|41,503026|31,414209|
20170128_113323|91569|1946|-1,#QNAN0|1|CarroTeste2|0||169|52|0|0|35,000000|20,833333|89,000000|68,166667|729,172350|-0,076772|0,488230|0,565002|4,792188|41,503026|31,414209|
20170128_113323|91609|1948|-1,#QNAN0|1|CarroTeste|1|circulo_r68_xc160_yc120|169|52|169|17|35,000000|0,000000|89,000000|89,000000|813,221772|-0,165149|0,488230|0,653379|5,474428|46,423645|34,898533|
20170128_113323|91617|1948|-1,#QNAN0|1|CarroTeste2|0||169|52|0|0|35,000000|0,000000|89,000000|89,000000|813,221772|-0,165149|0,488230|0,653379|5,474428|46,423645|34,898533|
20170128_113323|91655|1950|-1,#QNAN0|1|CarroTeste|1|circulo_r68_xc160_yc120|170|52|170|17|35,000000|21,739130|89,000000|67,260870|730,855709|-0,076772|0,500796|0,577568|4,927131|41,729239|31,356332|
20170128_113323|91661|1950|-1,#QNAN0|1|CarroTeste2|0||170|52|0|0|35,000000|21,739130|89,000000|67,260870|730,855709|-0,076772|0,500796|0,577568|4,927131|41,729239|31,356332|
20170128_113323|91704|1952|-1,#QNAN0|1|CarroTeste|1|circulo_r68_xc160_yc120|171|52|171|17|35,000000|20,408163|89,000000|68,591837|738,322192|-0,165149|0,513363|0,678512|5,704120|42,920447|30,911772|
20170128_113323|91712|1952|-1,#QNAN0|1|CarroTeste2|0||171|52|0|0|35,000000|20,408163|89,000000|68,591837|738,322192|-0,165149|0,513363|0,678512|5,704120|42,920447|30,911772|
20170128_113323|91750|1954|-1,#QNAN0|1|CarroTeste|1|circulo_r68_xc160_yc120|171|52|172|17|35,014283|21,739130|89,000000|67,260870|735,384132|-0,076772|0,513506|0,590278|5,064403|42,100157|31,438256|
20170128_113323|91756|1954|-1,#QNAN0|1|CarroTeste2|0||171|52|0|0|35,014283|21,739130|89,000000|67,260870|735,384132|-0,076772|0,513506|0,590278|5,064403|42,100157|31,438256|
20170128_113323|91796|1956|-1,#QNAN0|1|CarroTeste|1|circulo_r68_xc160_yc120|171|52|172|17|35,014283|0,000000|89,000000|89,000000|822,958892|-0,076772|0,513506|0,590278|5,084078|46,499606|35,796283|
20170128_113323|91803|1956|-1,#QNAN0|1|CarroTeste2|0||171|52|0|0|35,014283|0,000000|89,000000|89,000000|822,958892|-0,076772|0,513506|0,590278|5,084078|46,499606|35,796283|
20170128_113323|91845|1958|-1,#QNAN0|1|CarroTeste|1|circulo_r68_xc160_yc120|171|52|173|17|35,057096|20,408163|89,000000|68,591837|745,817282|-0,076772|0,513934|0,590706|5,106968|42,666620|31,915108|
20170128_113323|91852|1958|-1,#QNAN0|1|CarroTeste2|0||171|52|0|0|35,057096|20,408163|89,000000|68,591837|745,817282|-0,076772|0,513934|0,590706|5,106968|42,666620|31,915108|
20170128_113323|91889|1960|-1,#QNAN0|1|CarroTeste|1|circulo_r68_xc160_yc120|171|52|174|17|35,128336|22,727273|89,000000|66,272727|739,000464|-0,076772|0,514646|0,591418|5,132006|42,352135|31,547911|
20170128_113323|91895|1960|-1,#QNAN0|1|CarroTeste2|0||171|52|0|0|35,128336|22,727273|89,000000|66,272727|739,000464|-0,076772|0,514646|0,591418|5,132006|42,352135|31,547911|
20170128_113323|91938|1962|-1,#QNAN0|1|CarroTeste|1|circulo_r68_xc160_yc120|171|52|174|17|35,128336|0,000000|89,000000|89,000000|830,421044|-0,076772|0,514646|0,591418|5,151720|46,943916|36,098189|
20170128_113323|91944|1962|-1,#QNAN0|1|CarroTeste2|0||171|52|0|0|35,128336|0,000000|89,000000|89,000000|830,421044|-0,076772|0,514646|0,591418|5,151720|46,943916|36,098189|
20170128_113323|91985|1964|-1,#QNAN0|1|CarroTeste|1|circulo_r68_xc160_yc120|171|52|175|17|35,227830|21,276596|89,000000|67,723404|749,870573|-0,165149|0,515641|0,680790|5,842309|43,643328|31,343729|
20170128_113323|91994|1964|-1,#QNAN0|1|CarroTeste2|0||171|52|0|0|35,227830|21,276596|89,000000|67,723404|749,870573|-0,165149|0,515641|0,680790|5,842309|43,643328|31,343729|
20170128_113323|92030|1966|-1,#QNAN0|1|CarroTeste|1|circulo_r68_xc160_yc120|171|52|176|17|35,355339|21,739130|89,000000|67,260870|750,312427|-0,076772|0,516916|0,593688|5,211167|43,001061|32,030182|
20170128_113323|92039|1966|-1,#QNAN0|1|CarroTeste2|0||171|52|0|0|35,355339|21,739130|89,000000|67,260870|750,312427|-0,076772|0,516916|0,593688|5,211167|43,001061|32,030182|
