TimeStamp|Ticks|FrameNum|FPS|Robo|achou|trajetoria|Xd|Yd|Xa|Ya|DistMelhorPonto|velAtual|velDesejada|erroVel|angAtual|angDesejado|erroAng|
20170115_122344|9932|1|1.18742e-006||0||0|0|0|0|-9.25596e+061|-9.25596e+061|-9.25596e+061|-9.25596e+061|-9.25596e+061|-9.25596e+061|-9.25596e+061|
20170115_122345|10111|2|5.31915||0||0|0|0|0|-9.25596e+061|-9.25596e+061|-9.25596e+061|-9.25596e+061|-9.25596e+061|-9.25596e+061|-9.25596e+061|
20170115_122345|10231|3|10.6383||0||0|0|0|0|-9.25596e+061|-9.25596e+061|-9.25596e+061|-9.25596e+061|-9.25596e+061|-9.25596e+061|-9.25596e+061|
20170115_122345|10356|4|7.04225||0||0|0|0|0|-9.25596e+061|-9.25596e+061|-9.25596e+061|-9.25596e+061|-9.25596e+061|-9.25596e+061|-9.25596e+061|
20170115_122345|10474|5|7.40741||0||0|0|0|0|-9.25596e+061|-9.25596e+061|-9.25596e+061|-9.25596e+061|-9.25596e+061|-9.25596e+061|-9.25596e+061|
20170115_122345|10649|6|6.28931||0||0|0|0|0|-9.25596e+061|-9.25596e+061|-9.25596e+061|-9.25596e+061|-9.25596e+061|-9.25596e+061|-9.25596e+061|
20170115_122345|10824|7|5.68182||0||0|0|0|0|-9.25596e+061|-9.25596e+061|-9.25596e+061|-9.25596e+061|-9.25596e+061|-9.25596e+061|-9.25596e+061|
20170115_122346|11003|8|6.13497||0||0|0|0|0|-9.25596e+061|-9.25596e+061|-9.25596e+061|-9.25596e+061|-9.25596e+061|-9.25596e+061|-9.25596e+061|
20170115_122346|11143|9|6.32911||0||0|0|0|0|-9.25596e+061|-9.25596e+061|-9.25596e+061|-9.25596e+061|-9.25596e+061|-9.25596e+061|-9.25596e+061|
20170115_122346|11318|10|5.68182||0||0|0|0|0|-9.25596e+061|-9.25596e+061|-9.25596e+061|-9.25596e+061|-9.25596e+061|-9.25596e+061|-9.25596e+061|
20170115_122346|11503|11|6.25||0||0|0|0|0|-9.25596e+061|-9.25596e+061|-9.25596e+061|-9.25596e+061|-9.25596e+061|-9.25596e+061|-9.25596e+061|
20170115_122346|11659|12|5.71429||0||0|0|0|0|-9.25596e+061|-9.25596e+061|-9.25596e+061|-9.25596e+061|-9.25596e+061|-9.25596e+061|-9.25596e+061|
20170115_122346|11810|13|6.25||0||0|0|0|0|-9.25596e+061|-9.25596e+061|-9.25596e+061|-9.25596e+061|-9.25596e+061|-9.25596e+061|-9.25596e+061|
20170115_122347|11994|14|6.21118||0||0|0|0|0|-9.25596e+061|-9.25596e+061|-9.25596e+061|-9.25596e+061|-9.25596e+061|-9.25596e+061|-9.25596e+061|
20170115_122347|12172|15|5.68182||0||0|0|0|0|-9.25596e+061|-9.25596e+061|-9.25596e+061|-9.25596e+061|-9.25596e+061|-9.25596e+061|-9.25596e+061|
20170115_122347|12328|16|6.28931||0||0|0|0|0|-9.25596e+061|-9.25596e+061|-9.25596e+061|-9.25596e+061|-9.25596e+061|-9.25596e+061|-9.25596e+061|
20170115_122347|12505|17|5.64972||0||0|0|0|0|-9.25596e+061|-9.25596e+061|-9.25596e+061|-9.25596e+061|-9.25596e+061|-9.25596e+061|-9.25596e+061|
20170115_122347|12638|18|6.25||0||0|0|0|0|-9.25596e+061|-9.25596e+061|-9.25596e+061|-9.25596e+061|-9.25596e+061|-9.25596e+061|-9.25596e+061|
20170115_122347|12814|19|5.71429||0||0|0|0|0|-9.25596e+061|-9.25596e+061|-9.25596e+061|-9.25596e+061|-9.25596e+061|-9.25596e+061|-9.25596e+061|
20170115_122348|12980|20|6.21118||0||0|0|0|0|-9.25596e+061|-9.25596e+061|-9.25596e+061|-9.25596e+061|-9.25596e+061|-9.25596e+061|-9.25596e+061|
20170115_122348|13139|21|6.25||0||0|0|0|0|-9.25596e+061|-9.25596e+061|-9.25596e+061|-9.25596e+061|-9.25596e+061|-9.25596e+061|-9.25596e+061|
20170115_122348|13312|22|5.71429||0||0|0|0|0|-9.25596e+061|-9.25596e+061|-9.25596e+061|-9.25596e+061|-9.25596e+061|-9.25596e+061|-9.25596e+061|
20170115_122348|13481|23|6.17284||0||0|0|0|0|-9.25596e+061|-9.25596e+061|-9.25596e+061|-9.25596e+061|-9.25596e+061|-9.25596e+061|-9.25596e+061|
20170115_122348|13680|24|5.74713||0||0|0|0|0|-9.25596e+061|-9.25596e+061|-9.25596e+061|-9.25596e+061|-9.25596e+061|-9.25596e+061|-9.25596e+061|
20170115_122348|13807|25|6.25||0||0|0|0|0|-9.25596e+061|-9.25596e+061|-9.25596e+061|-9.25596e+061|-9.25596e+061|-9.25596e+061|-9.25596e+061|
20170115_122349|13990|26|6.21118||0||0|0|0|0|-9.25596e+061|-9.25596e+061|-9.25596e+061|-9.25596e+061|-9.25596e+061|-9.25596e+061|-9.25596e+061|
20170115_122349|14141|27|5.68182||0||0|0|0|0|-9.25596e+061|-9.25596e+061|-9.25596e+061|-9.25596e+061|-9.25596e+061|-9.25596e+061|-9.25596e+061|
20170115_122349|14307|28|6.28931||0||0|0|0|0|-9.25596e+061|-9.25596e+061|-9.25596e+061|-9.25596e+061|-9.25596e+061|-9.25596e+061|-9.25596e+061|
20170115_122349|14492|29|5.68182||0||0|0|0|0|-9.25596e+061|-9.25596e+061|-9.25596e+061|-9.25596e+061|-9.25596e+061|-9.25596e+061|-9.25596e+061|
20170115_122349|14642|30|6.21118||0||0|0|0|0|-9.25596e+061|-9.25596e+061|-9.25596e+061|-9.25596e+061|-9.25596e+061|-9.25596e+061|-9.25596e+061|
20170115_122349|14848|31|5.68182||0||0|0|0|0|-9.25596e+061|-9.25596e+061|-9.25596e+061|-9.25596e+061|-9.25596e+061|-9.25596e+061|-9.25596e+061|
20170115_122350|14993|32|6.21118||0||0|0|0|0|-9.25596e+061|-9.25596e+061|-9.25596e+061|-9.25596e+061|-9.25596e+061|-9.25596e+061|-9.25596e+061|
20170115_122350|15156|33|6.28931||0||0|0|0|0|-9.25596e+061|-9.25596e+061|-9.25596e+061|-9.25596e+061|-9.25596e+061|-9.25596e+061|-9.25596e+061|
20170115_122350|15318|34|5.71429||0||0|0|0|0|-9.25596e+061|-9.25596e+061|-9.25596e+061|-9.25596e+061|-9.25596e+061|-9.25596e+061|-9.25596e+061|
20170115_122350|15494|35|6.21118||0||0|0|0|0|-9.25596e+061|-9.25596e+061|-9.25596e+061|-9.25596e+061|-9.25596e+061|-9.25596e+061|-9.25596e+061|
20170115_122350|15667|36|5.68182||0||0|0|0|0|-9.25596e+061|-9.25596e+061|-9.25596e+061|-9.25596e+061|-9.25596e+061|-9.25596e+061|-9.25596e+061|
20170115_122350|15817|37|6.28931||0||0|0|0|0|-9.25596e+061|-9.25596e+061|-9.25596e+061|-9.25596e+061|-9.25596e+061|-9.25596e+061|-9.25596e+061|
20170115_122351|15974|38|6.21118||0||0|0|0|0|-9.25596e+061|-9.25596e+061|-9.25596e+061|-9.25596e+061|-9.25596e+061|-9.25596e+061|-9.25596e+061|
20170115_122351|16168|39|5.68182|CarroTeste|0|circulo_r120_xc320_yc240|0|0|0|0|-9.25596e+061|-9.25596e+061|-9.25596e+061|-9.25596e+061|-9.25596e+061|-9.25596e+061|-9.25596e+061|
20170115_122351|16306|40|6.25|CarroTeste|0|circulo_r120_xc320_yc240|0|0|0|0|-9.25596e+061|-9.25596e+061|-9.25596e+061|-9.25596e+061|-9.25596e+061|-9.25596e+061|-9.25596e+061|
20170115_122351|16526|41|5.68182|CarroTeste|0|circulo_r120_xc320_yc240|0|0|0|0|-9.25596e+061|-9.25596e+061|-9.25596e+061|-9.25596e+061|-9.25596e+061|-9.25596e+061|-9.25596e+061|
20170115_122351|16636|42|6.28931|CarroTeste|0|circulo_r120_xc320_yc240|0|0|0|0|-9.25596e+061|-9.25596e+061|-9.25596e+061|-9.25596e+061|-9.25596e+061|-9.25596e+061|-9.25596e+061|
20170115_122351|16824|43|5.71429|CarroTeste|0|circulo_r120_xc320_yc240|0|0|0|0|-9.25596e+061|-9.25596e+061|-9.25596e+061|-9.25596e+061|-9.25596e+061|-9.25596e+061|-9.25596e+061|
20170115_122352|16985|44|6.25|CarroTeste|0|circulo_r120_xc320_yc240|0|0|0|0|-9.25596e+061|-9.25596e+061|-9.25596e+061|-9.25596e+061|-9.25596e+061|-9.25596e+061|-9.25596e+061|
20170115_122352|17142|45|6.21118|CarroTeste|0|circulo_r120_xc320_yc240|0|0|0|0|-9.25596e+061|-9.25596e+061|-9.25596e+061|-9.25596e+061|-9.25596e+061|-9.25596e+061|-9.25596e+061|
20170115_122352|17322|46|5.68182|CarroTeste|0|circulo_r120_xc320_yc240|0|0|0|0|-9.25596e+061|-9.25596e+061|-9.25596e+061|-9.25596e+061|-9.25596e+061|-9.25596e+061|-9.25596e+061|
20170115_122352|17488|47|6.25|CarroTeste|0|circulo_r120_xc320_yc240|0|0|0|0|-9.25596e+061|-9.25596e+061|-9.25596e+061|-9.25596e+061|-9.25596e+061|-9.25596e+061|-9.25596e+061|
20170115_122352|17665|48|5.68182|CarroTeste|0|circulo_r120_xc320_yc240|0|0|0|0|-9.25596e+061|-9.25596e+061|-9.25596e+061|-9.25596e+061|-9.25596e+061|-9.25596e+061|-9.25596e+061|
20170115_122352|17840|49|6.21118|CarroTeste|0|circulo_r120_xc320_yc240|0|0|0|0|-9.25596e+061|-9.25596e+061|-9.25596e+061|-9.25596e+061|-9.25596e+061|-9.25596e+061|-9.25596e+061|
20170115_122353|18002|50|6.21118|CarroTeste|0|circulo_r120_xc320_yc240|0|0|0|0|-9.25596e+061|-9.25596e+061|-9.25596e+061|-9.25596e+061|-9.25596e+061|-9.25596e+061|-9.25596e+061|
20170115_122353|18162|51|5.74713|CarroTeste|0|circulo_r120_xc320_yc240|0|0|0|0|-9.25596e+061|-9.25596e+061|-9.25596e+061|-9.25596e+061|-9.25596e+061|-9.25596e+061|-9.25596e+061|
20170115_122353|18306|52|6.21118|CarroTeste|0|circulo_r120_xc320_yc240|0|0|0|0|-9.25596e+061|-9.25596e+061|-9.25596e+061|-9.25596e+061|-9.25596e+061|-9.25596e+061|-9.25596e+061|
20170115_122353|18534|53|5.74713|CarroTeste|0|circulo_r120_xc320_yc240|0|0|0|0|-9.25596e+061|-9.25596e+061|-9.25596e+061|-9.25596e+061|-9.25596e+061|-9.25596e+061|-9.25596e+061|
20170115_122353|18664|54|6.17284|CarroTeste|0|circulo_r120_xc320_yc240|0|0|0|0|-9.25596e+061|-9.25596e+061|-9.25596e+061|-9.25596e+061|-9.25596e+061|-9.25596e+061|-9.25596e+061|
20170115_122353|18877|55|5.71429|CarroTeste|0|circulo_r120_xc320_yc240|0|0|0|0|-9.25596e+061|-9.25596e+061|-9.25596e+061|-9.25596e+061|-9.25596e+061|-9.25596e+061|-9.25596e+061|
20170115_122354|18982|56|6.21118|CarroTeste|0|circulo_r120_xc320_yc240|0|0|0|0|-9.25596e+061|-9.25596e+061|-9.25596e+061|-9.25596e+061|-9.25596e+061|-9.25596e+061|-9.25596e+061|
20170115_122354|19151|57|6.28931|CarroTeste|0|circulo_r120_xc320_yc240|0|0|0|0|-9.25596e+061|-9.25596e+061|-9.25596e+061|-9.25596e+061|-9.25596e+061|-9.25596e+061|-9.25596e+061|
20170115_122354|19336|58|5.64972|CarroTeste|0|circulo_r120_xc320_yc240|0|0|0|0|-9.25596e+061|-9.25596e+061|-9.25596e+061|-9.25596e+061|-9.25596e+061|-9.25596e+061|-9.25596e+061|
