TimeStamp|Ticks|FrameNum|FPS|LogaDados|Robo|achou|trajetoria|Xd|Yd|Xa|Ya|DistMelhorPonto|velAtual|velAtualDerivSuja|velDesejada|erroVel|SaidaControleLinear|angAtual|angDesejado|erroAng|SaidaControleAngular|SinalDeControle1|SinalDeControle2|
20170502_151032|44287|46|22.000000|1|CarroTeste|0|circulo_r60_xc160_yc120|0|0|0|0|0.000000|0.000000|0.000000|0.000000|0.000000|0.000000|0.000000|0.000000|0.000000|0.000000|0.000000|0.000000|
20170502_151032|44308|46|22.000000|1|CarroTeste2|1|circulo_r60_xc160_yc120|0|0|202|81|0.000000|0.000000|0.000000|0.000000|0.000000|-2294.646536|202.000000|134.942350|-67.057650|0.000000|-114.732327|-114.732327|
20170502_151032|44311|46|22.000000|1|Caçula|1|circulo_r60_xc160_yc120|0|0|64536|81|0.000000|0.000000|0.000000|0.000000|0.000000|-2203744.800198|64536.000000|134.818687|-64401.181313|0.000000|-255.000000|-255.000000|
20170502_151033|44371|48|11.627907|1|CarroTeste|0|circulo_r60_xc160_yc120|0|0|0|0|0.000000|0.000000|0.000000|0.000000|0.000000|0.000000|0.000000|0.000000|0.000000|0.000000|0.000000|0.000000|
20170502_151033|44374|48|11.627907|1|CarroTeste2|1|circulo_r60_xc160_yc120|0|0|202|81|0.000000|0.000000|0.000000|0.000000|0.000000|-2305.178660|202.000000|134.432621|-67.567379|0.000000|-115.258933|-115.258933|
20170502_151033|44377|48|11.627907|1|Caçula|1|circulo_r60_xc160_yc120|0|0|64536|81|0.000000|0.000000|0.000000|0.000000|0.000000|-2197172.096331|64536.000000|134.414888|-64401.585112|0.000000|-255.000000|-255.000000|
20170502_151033|44447|50|12.987013|1|CarroTeste|0|circulo_r60_xc160_yc120|0|0|0|0|0.000000|0.000000|0.000000|0.000000|0.000000|0.000000|0.000000|0.000000|0.000000|0.000000|0.000000|0.000000|
20170502_151033|44450|50|12.987013|1|CarroTeste2|1|circulo_r60_xc160_yc120|0|0|202|81|0.000000|0.000000|0.000000|0.000000|0.000000|-2320.878678|202.000000|133.999155|-68.000845|0.000000|-116.043934|-116.043934|
20170502_151033|44452|50|12.987013|1|Caçula|1|circulo_r60_xc160_yc120|0|0|64536|81|0.000000|0.000000|0.000000|0.000000|0.000000|-2198050.188430|64536.000000|133.982246|-64402.017754|0.000000|-255.000000|-255.000000|
20170502_151033|44526|52|12.987013|1|CarroTeste|0|circulo_r60_xc160_yc120|0|0|0|0|0.000000|0.000000|0.000000|0.000000|0.000000|0.000000|0.000000|0.000000|0.000000|0.000000|0.000000|0.000000|
20170502_151033|44528|52|12.987013|1|CarroTeste2|1|circulo_r60_xc160_yc120|0|0|202|81|0.000000|0.000000|0.000000|0.000000|0.000000|-2335.694539|202.000000|133.565054|-68.434946|0.000000|-116.784727|-116.784727|
20170502_151033|44530|52|12.987013|1|Caçula|1|circulo_r60_xc160_yc120|0|0|64536|81|0.000000|0.000000|0.000000|0.000000|0.000000|-2198064.736026|64536.000000|133.554367|-64402.445633|0.000000|-255.000000|-255.000000|
20170502_151033|44603|54|12.987013|1|CarroTeste|0|circulo_r60_xc160_yc120|0|0|0|0|0.000000|0.000000|0.000000|0.000000|0.000000|0.000000|0.000000|0.000000|0.000000|0.000000|0.000000|0.000000|
20170502_151033|44606|54|12.987013|1|CarroTeste2|1|circulo_r60_xc160_yc120|0|0|202|81|0.000000|0.000000|0.000000|0.000000|0.000000|-2349.365401|202.000000|133.164503|-68.835497|0.000000|-117.468270|-117.468270|
20170502_151033|44608|54|12.987013|1|Caçula|1|circulo_r60_xc160_yc120|0|0|64536|81|0.000000|0.000000|0.000000|0.000000|0.000000|-2198078.559003|64536.000000|133.149353|-64402.850647|0.000000|-255.000000|-255.000000|
20170502_151033|44681|56|12.987013|1|CarroTeste|0|circulo_r60_xc160_yc120|0|0|0|0|0.000000|0.000000|0.000000|0.000000|0.000000|0.000000|0.000000|0.000000|0.000000|0.000000|0.000000|0.000000|
20170502_151033|44684|56|12.987013|1|CarroTeste2|1|circulo_r60_xc160_yc120|0|0|202|81|0.000000|0.000000|0.000000|0.000000|0.000000|-2362.589201|202.000000|132.777051|-69.222949|0.000000|-118.129460|-118.129460|
20170502_151033|44688|56|12.987013|1|Caçula|1|circulo_r60_xc160_yc120|0|0|64536|81|0.000000|0.000000|0.000000|0.000000|0.000000|-2198091.751513|64536.000000|132.762812|-64403.237188|0.000000|-255.000000|-255.000000|
20170502_151033|44759|58|12.987013|1|CarroTeste|0|circulo_r60_xc160_yc120|0|0|0|0|0.000000|0.000000|0.000000|0.000000|0.000000|0.000000|0.000000|0.000000|0.000000|0.000000|0.000000|0.000000|
20170502_151033|44761|58|12.987013|1|CarroTeste2|1|circulo_r60_xc160_yc120|0|0|202|81|0.000000|0.000000|0.000000|0.000000|0.000000|-2374.685284|202.000000|132.422641|-69.577359|0.000000|-118.734264|-118.734264|
20170502_151033|44763|58|12.987013|1|Caçula|1|circulo_r60_xc160_yc120|0|0|64536|81|0.000000|0.000000|0.000000|0.000000|0.000000|-2198103.665020|64536.000000|132.413744|-64403.586256|0.000000|-255.000000|-255.000000|
20170502_151033|44838|60|12.987013|1|CarroTeste|0|circulo_r60_xc160_yc120|0|0|0|0|0.000000|0.000000|0.000000|0.000000|0.000000|0.000000|0.000000|0.000000|0.000000|0.000000|0.000000|0.000000|
20170502_151033|44841|60|12.987013|1|CarroTeste2|1|circulo_r60_xc160_yc120|0|0|202|81|0.000000|0.000000|0.000000|0.000000|0.000000|-2386.412504|202.000000|132.079038|-69.920962|0.000000|-119.320625|-119.320625|
20170502_151033|44843|60|12.987013|1|Caçula|1|circulo_r60_xc160_yc120|0|0|64536|81|0.000000|0.000000|0.000000|0.000000|0.000000|-2198115.371252|64536.000000|132.070772|-64403.929228|0.000000|-255.000000|-255.000000|
20170502_151033|44914|62|12.987013|1|CarroTeste|0|circulo_r60_xc160_yc120|0|0|0|0|0.000000|0.000000|0.000000|0.000000|0.000000|0.000000|0.000000|0.000000|0.000000|0.000000|0.000000|0.000000|
20170502_151033|44916|62|12.987013|1|CarroTeste2|1|circulo_r60_xc160_yc120|0|0|202|81|0.000000|0.000000|0.000000|0.000000|0.000000|-2396.619808|202.000000|131.779968|-70.220032|0.000000|-119.830990|-119.830990|
20170502_151033|44919|62|12.987013|1|Caçula|1|circulo_r60_xc160_yc120|0|0|64536|81|0.000000|0.000000|0.000000|0.000000|0.000000|-2198125.558578|64536.000000|131.772300|-64404.227700|0.000000|-255.000000|-255.000000|
20170502_151033|44992|64|12.987013|1|CarroTeste|0|circulo_r60_xc160_yc120|0|0|0|0|0.000000|0.000000|0.000000|0.000000|0.000000|0.000000|0.000000|0.000000|0.000000|0.000000|0.000000|0.000000|
20170502_151033|44994|64|12.987013|1|CarroTeste2|1|circulo_r60_xc160_yc120|0|0|202|81|0.000000|0.000000|0.000000|0.000000|0.000000|-2406.418553|202.000000|131.492868|-70.507132|0.000000|-120.320928|-120.320928|
20170502_151033|44997|64|12.987013|1|Caçula|1|circulo_r60_xc160_yc120|0|0|64536|81|0.000000|0.000000|0.000000|0.000000|0.000000|-2198135.334929|64536.000000|131.485830|-64404.514170|0.000000|-255.000000|-255.000000|
20170502_151033|45070|66|12.987013|1|CarroTeste|0|circulo_r60_xc160_yc120|0|0|0|0|0.000000|0.000000|0.000000|0.000000|0.000000|0.000000|0.000000|0.000000|0.000000|0.000000|0.000000|0.000000|
20170502_151033|45073|66|12.987013|1|CarroTeste2|1|circulo_r60_xc160_yc120|0|0|202|81|0.000000|0.000000|0.000000|0.000000|0.000000|-2415.376074|202.000000|131.230416|-70.769584|0.000000|-120.768804|-120.768804|
20170502_151033|45076|66|12.987013|1|Caçula|1|circulo_r60_xc160_yc120|0|0|64536|81|0.000000|0.000000|0.000000|0.000000|0.000000|-2198144.380713|64536.000000|131.220817|-64404.779183|0.000000|-255.000000|-255.000000|
20170502_151033|45148|68|12.987013|1|CarroTeste|0|circulo_r60_xc160_yc120|0|0|0|0|0.000000|0.000000|0.000000|0.000000|0.000000|0.000000|0.000000|0.000000|0.000000|0.000000|0.000000|0.000000|
20170502_151033|45150|68|12.987013|1|CarroTeste2|1|circulo_r60_xc160_yc120|0|0|202|81|0.000000|0.000000|0.000000|0.000000|0.000000|-2423.484626|202.000000|130.992839|-71.007161|0.000000|-121.174231|-121.174231|
20170502_151033|45153|68|12.987013|1|Caçula|1|circulo_r60_xc160_yc120|0|0|64536|81|0.000000|0.000000|0.000000|0.000000|0.000000|-2198152.357395|64536.000000|130.987076|-64405.012924|0.000000|-255.000000|-255.000000|
20170502_151033|45226|70|12.987013|1|CarroTeste|0|circulo_r60_xc160_yc120|0|0|0|0|0.000000|0.000000|0.000000|0.000000|0.000000|0.000000|0.000000|0.000000|0.000000|0.000000|0.000000|0.000000|
20170502_151033|45228|70|12.987013|1|CarroTeste2|1|circulo_r60_xc160_yc120|0|0|202|81|0.000000|0.000000|0.000000|0.000000|0.000000|-2430.737198|202.000000|130.780341|-71.219659|0.000000|-121.536860|-121.536860|
20170502_151033|45231|70|12.987013|1|Caçula|1|circulo_r60_xc160_yc120|0|0|64536|81|0.000000|0.000000|0.000000|0.000000|0.000000|-2198159.587870|64536.000000|130.775224|-64405.224776|0.000000|-255.000000|-255.000000|
20170502_151033|45306|72|12.987013|1|CarroTeste|0|circulo_r60_xc160_yc120|0|0|0|0|0.000000|0.000000|0.000000|0.000000|0.000000|0.000000|0.000000|0.000000|0.000000|0.000000|0.000000|0.000000|
20170502_151033|45308|72|12.987013|1|CarroTeste2|1|circulo_r60_xc160_yc120|0|0|202|81|0.000000|0.000000|0.000000|0.000000|0.000000|-2437.279986|202.000000|130.588640|-71.411360|0.000000|-121.863999|-121.863999|
20170502_151033|45310|72|12.987013|1|Caçula|1|circulo_r60_xc160_yc120|0|0|64536|81|0.000000|0.000000|0.000000|0.000000|0.000000|-2198166.108580|64536.000000|130.584190|-64405.415810|0.000000|-255.000000|-255.000000|
20170502_151034|45383|74|12.987013|1|CarroTeste|0|circulo_r60_xc160_yc120|0|0|0|0|0.000000|0.000000|0.000000|0.000000|0.000000|0.000000|0.000000|0.000000|0.000000|0.000000|0.000000|0.000000|
20170502_151034|45388|74|12.987013|1|CarroTeste2|1|circulo_r60_xc160_yc120|0|0|202|81|0.000000|0.000000|0.000000|0.000000|0.000000|-2442.715212|202.000000|130.429390|-71.570610|0.000000|-122.135761|-122.135761|
20170502_151034|45390|74|12.987013|1|Caçula|1|circulo_r60_xc160_yc120|0|0|64536|81|0.000000|0.000000|0.000000|0.000000|0.000000|-2198171.715723|64536.000000|130.419909|-64405.580091|0.000000|-255.000000|-255.000000|
20170502_151034|45460|76|12.987013|1|CarroTeste|0|circulo_r60_xc160_yc120|0|0|0|0|0.000000|0.000000|0.000000|0.000000|0.000000|0.000000|0.000000|0.000000|0.000000|0.000000|0.000000|0.000000|
20170502_151034|45463|76|12.987013|1|CarroTeste2|1|circulo_r60_xc160_yc120|0|0|202|81|0.000000|0.000000|0.000000|0.000000|0.000000|-2447.300062|202.000000|130.295056|-71.704944|0.000000|-122.365003|-122.365003|
20170502_151034|45465|76|12.987013|1|Caçula|1|circulo_r60_xc160_yc120|0|0|64536|81|0.000000|0.000000|0.000000|0.000000|0.000000|-2198176.138195|64536.000000|130.290328|-64405.709672|0.000000|-255.000000|-255.000000|
20170502_151034|45539|78|12.987013|1|CarroTeste|0|circulo_r60_xc160_yc120|0|0|0|0|0.000000|0.000000|0.000000|0.000000|0.000000|0.000000|0.000000|0.000000|0.000000|0.000000|0.000000|0.000000|
20170502_151034|45541|78|12.987013|1|CarroTeste2|1|circulo_r60_xc160_yc120|0|0|202|81|0.000000|0.000000|0.000000|0.000000|0.000000|-2451.116158|202.000000|130.183246|-71.816754|0.000000|-122.555808|-122.555808|
20170502_151034|45543|78|12.987013|1|Caçula|1|circulo_r60_xc160_yc120|0|0|64536|81|0.000000|0.000000|0.000000|0.000000|0.000000|-2198179.877332|64536.000000|130.180758|-64405.819242|0.000000|-255.000000|-255.000000|
20170502_151034|45616|80|12.987013|1|CarroTeste|0|circulo_r60_xc160_yc120|0|0|0|0|0.000000|0.000000|0.000000|0.000000|0.000000|0.000000|0.000000|0.000000|0.000000|0.000000|0.000000|0.000000|
20170502_151034|45620|80|12.987013|1|CarroTeste2|1|circulo_r60_xc160_yc120|0|0|202|81|0.000000|0.000000|0.000000|0.000000|0.000000|-2453.967078|202.000000|130.099715|-71.900285|0.000000|-122.698354|-122.698354|
20170502_151034|45623|80|12.987013|1|Caçula|1|circulo_r60_xc160_yc120|0|0|64536|81|0.000000|0.000000|0.000000|0.000000|0.000000|-2198182.768730|64536.000000|130.096063|-64405.903937|0.000000|-255.000000|-255.000000|
20170502_151034|45693|82|12.987013|1|CarroTeste|0|circulo_r60_xc160_yc120|0|0|0|0|0.000000|0.000000|0.000000|0.000000|0.000000|0.000000|0.000000|0.000000|0.000000|0.000000|0.000000|0.000000|
20170502_151034|45695|82|12.987013|1|CarroTeste2|1|circulo_r60_xc160_yc120|0|0|203|81|0.000000|0.000000|0.000000|0.000000|0.000000|-2490.088278|203.000000|130.041377|-72.958623|0.000000|-124.504414|-124.504414|
20170502_151034|45698|82|12.987013|1|Caçula|1|circulo_r60_xc160_yc120|0|0|64536|81|0.000000|0.000000|0.000000|0.000000|0.000000|-2198184.694848|64536.000000|130.039615|-64405.960385|0.000000|-255.000000|-255.000000|
20170502_151034|45772|84|12.987013|1|CarroTeste|0|circulo_r60_xc160_yc120|0|0|0|0|0.000000|0.000000|0.000000|0.000000|0.000000|0.000000|0.000000|0.000000|0.000000|0.000000|0.000000|0.000000|
20170502_151034|45775|84|12.987013|1|CarroTeste2|1|circulo_r60_xc160_yc120|0|0|202|81|0.000000|0.000000|0.000000|0.000000|0.000000|-2457.105524|202.000000|130.007760|-71.992240|0.000000|-122.855276|-122.855276|
20170502_151034|45777|84|12.987013|1|Caçula|1|circulo_r60_xc160_yc120|0|0|64536|81|0.000000|0.000000|0.000000|0.000000|0.000000|-2198185.807449|64536.000000|130.007007|-64405.992993|0.000000|-255.000000|-255.000000|
20170502_151034|45848|86|12.987013|1|CarroTeste|0|circulo_r60_xc160_yc120|0|0|0|0|0.000000|0.000000|0.000000|0.000000|0.000000|0.000000|0.000000|0.000000|0.000000|0.000000|0.000000|0.000000|
20170502_151034|45850|86|12.987013|1|CarroTeste2|1|circulo_r60_xc160_yc120|0|0|202|81|0.000000|0.000000|0.000000|0.000000|0.000000|-2457.352501|202.000000|130.000523|-71.999477|0.000000|-122.867625|-122.867625|
20170502_151034|45853|86|12.987013|1|Caçula|1|circulo_r60_xc160_yc120|0|0|64536|81|0.000000|0.000000|0.000000|0.000000|0.000000|-2198186.024056|64536.000000|130.000665|-64405.999335|0.000000|-255.000000|-255.000000|
20170502_151034|45925|88|12.987013|1|CarroTeste|0|circulo_r60_xc160_yc120|0|0|0|0|0.000000|0.000000|0.000000|0.000000|0.000000|0.000000|0.000000|0.000000|0.000000|0.000000|0.000000|0.000000|
20170502_151034|45928|88|12.987013|1|CarroTeste2|1|circulo_r60_xc160_yc120|0|0|202|81|0.000000|0.000000|0.000000|0.000000|0.000000|-2456.745627|202.000000|130.018304|-71.981696|0.000000|-122.837281|-122.837281|
20170502_151034|45931|88|12.987013|1|Caçula|1|circulo_r60_xc160_yc120|0|0|64536|81|0.000000|0.000000|0.000000|0.000000|0.000000|-2198185.381416|64536.000000|130.019509|-64405.980491|0.000000|-255.000000|-255.000000|
20170502_151034|46003|90|12.987013|1|CarroTeste|0|circulo_r60_xc160_yc120|0|0|0|0|0.000000|0.000000|0.000000|0.000000|0.000000|0.000000|0.000000|0.000000|0.000000|0.000000|0.000000|0.000000|
20170502_151034|46005|90|12.987013|1|CarroTeste2|1|circulo_r60_xc160_yc120|0|0|202|81|0.000000|0.000000|0.000000|0.000000|0.000000|-2455.251808|202.000000|130.062073|-71.937927|0.000000|-122.762590|-122.762590|
20170502_151034|46008|90|12.987013|1|Caçula|1|circulo_r60_xc160_yc120|0|0|64536|81|0.000000|0.000000|0.000000|0.000000|0.000000|-2198183.878607|64536.000000|130.063536|-64405.936464|0.000000|-255.000000|-255.000000|
20170502_151034|46079|92|12.987013|1|CarroTeste|0|circulo_r60_xc160_yc120|0|0|0|0|0.000000|0.000000|0.000000|0.000000|0.000000|0.000000|0.000000|0.000000|0.000000|0.000000|0.000000|0.000000|
20170502_151034|46082|92|12.987013|1|CarroTeste2|1|circulo_r60_xc160_yc120|0|0|202|81|0.000000|0.000000|0.000000|0.000000|0.000000|-2452.946518|202.000000|130.129617|-71.870383|0.000000|-122.647326|-122.647326|
20170502_151034|46084|92|12.987013|1|Caçula|1|circulo_r60_xc160_yc120|0|0|64536|81|0.000000|0.000000|0.000000|0.000000|0.000000|-2198181.515234|64536.000000|130.132787|-64405.867213|0.000000|-255.000000|-255.000000|
20170502_151034|46159|94|12.987013|1|CarroTeste|0|circulo_r60_xc160_yc120|0|0|0|0|0.000000|0.000000|0.000000|0.000000|0.000000|0.000000|0.000000|0.000000|0.000000|0.000000|0.000000|0.000000|
20170502_151034|46162|94|12.987013|1|CarroTeste2|1|circulo_r60_xc160_yc120|0|0|202|81|0.000000|0.000000|0.000000|0.000000|0.000000|-2449.615887|202.000000|130.227203|-71.772797|0.000000|-122.480794|-122.480794|
20170502_151034|46164|94|12.987013|1|Caçula|1|circulo_r60_xc160_yc120|0|0|64536|81|0.000000|0.000000|0.000000|0.000000|0.000000|-2198178.149945|64536.000000|130.231390|-64405.768610|0.000000|-255.000000|-255.000000|
20170502_151034|46235|96|12.987013|1|CarroTeste|0|circulo_r60_xc160_yc120|0|0|0|0|0.000000|0.000000|0.000000|0.000000|0.000000|0.000000|0.000000|0.000000|0.000000|0.000000|0.000000|0.000000|
20170502_151034|46239|96|12.987013|1|CarroTeste2|1|circulo_r60_xc160_yc120|0|0|202|81|0.000000|0.000000|0.000000|0.000000|0.000000|-2445.537245|202.000000|130.346706|-71.653294|0.000000|-122.276862|-122.276862|
20170502_151034|46241|96|12.987013|1|Caçula|1|circulo_r60_xc160_yc120|0|0|64536|81|0.000000|0.000000|0.000000|0.000000|0.000000|-2198174.037971|64536.000000|130.351868|-64405.648132|0.000000|-255.000000|-255.000000|
20170502_151034|46312|98|12.987013|1|CarroTeste|0|circulo_r60_xc160_yc120|0|0|0|0|0.000000|0.000000|0.000000|0.000000|0.000000|0.000000|0.000000|0.000000|0.000000|0.000000|0.000000|0.000000|
20170502_151034|46315|98|12.987013|1|CarroTeste2|1|circulo_r60_xc160_yc120|0|0|202|81|0.000000|0.000000|0.000000|0.000000|0.000000|-2440.675341|202.000000|130.489158|-71.510842|0.000000|-122.033767|-122.033767|
20170502_151034|46317|98|12.987013|1|Caçula|1|circulo_r60_xc160_yc120|0|0|64536|81|0.000000|0.000000|0.000000|0.000000|0.000000|-2198169.143349|64536.000000|130.495279|-64405.504721|0.000000|-255.000000|-255.000000|
20170502_151035|46391|100|12.987013|1|CarroTeste|0|circulo_r60_xc160_yc120|0|0|0|0|0.000000|0.000000|0.000000|0.000000|0.000000|0.000000|0.000000|0.000000|0.000000|0.000000|0.000000|0.000000|
20170502_151035|46393|100|12.987013|1|CarroTeste2|1|circulo_r60_xc160_yc120|0|0|202|81|0.000000|0.000000|0.000000|0.000000|0.000000|-2434.745226|202.000000|130.662908|-71.337092|0.000000|-121.737261|-121.737261|
20170502_151035|46396|100|12.987013|1|Caçula|1|circulo_r60_xc160_yc120|0|0|64536|81|0.000000|0.000000|0.000000|0.000000|0.000000|-2198163.260299|64536.000000|130.667645|-64405.332355|0.000000|-255.000000|-255.000000|
20170502_151035|46468|102|12.987013|1|CarroTeste|0|circulo_r60_xc160_yc120|0|0|0|0|0.000000|0.000000|0.000000|0.000000|0.000000|0.000000|0.000000|0.000000|0.000000|0.000000|0.000000|0.000000|
20170502_151035|46473|102|12.987013|1|CarroTeste2|1|circulo_r60_xc160_yc120|0|0|202|81|0.000000|0.000000|0.000000|0.000000|0.000000|-2428.110577|202.000000|130.857300|-71.142700|0.000000|-121.405529|-121.405529|
20170502_151035|46476|102|12.987013|1|Caçula|1|circulo_r60_xc160_yc120|0|0|64536|81|0.000000|0.000000|0.000000|0.000000|0.000000|-2198156.327378|64536.000000|130.870774|-64405.129226|0.000000|-255.000000|-255.000000|
20170502_151035|46546|104|12.987013|1|CarroTeste|0|circulo_r60_xc160_yc120|0|0|0|0|0.000000|0.000000|0.000000|0.000000|0.000000|0.000000|0.000000|0.000000|0.000000|0.000000|0.000000|0.000000|
20170502_151035|46549|104|12.987013|1|CarroTeste2|1|circulo_r60_xc160_yc120|0|0|202|81|0.000000|0.000000|0.000000|0.000000|0.000000|-2420.432648|202.000000|131.082261|-70.917739|0.000000|-121.021632|-121.021632|
20170502_151035|46552|104|12.987013|1|Caçula|1|circulo_r60_xc160_yc120|0|0|64536|81|0.000000|0.000000|0.000000|0.000000|0.000000|-2198148.903362|64536.000000|131.088290|-64404.911710|0.000000|-255.000000|-255.000000|
20170502_151035|46624|106|12.987013|1|CarroTeste|0|circulo_r60_xc160_yc120|0|0|0|0|0.000000|0.000000|0.000000|0.000000|0.000000|0.000000|0.000000|0.000000|0.000000|0.000000|0.000000|0.000000|
20170502_151035|46627|106|12.987013|1|CarroTeste2|1|circulo_r60_xc160_yc120|0|0|202|81|0.000000|0.000000|0.000000|0.000000|0.000000|-2411.993069|202.000000|131.329537|-70.670463|0.000000|-120.599653|-120.599653|
20170502_151035|46629|106|12.987013|1|Caçula|1|circulo_r60_xc160_yc120|0|0|64536|81|0.000000|0.000000|0.000000|0.000000|0.000000|-2198140.441839|64536.000000|131.336204|-64404.663796|0.000000|-255.000000|-255.000000|
20170502_151035|46702|108|12.987013|1|CarroTeste|0|circulo_r60_xc160_yc120|0|0|0|0|0.000000|0.000000|0.000000|0.000000|0.000000|0.000000|0.000000|0.000000|0.000000|0.000000|0.000000|0.000000|
20170502_151035|46705|108|12.987013|1|CarroTeste2|1|circulo_r60_xc160_yc120|0|0|202|81|0.000000|0.000000|0.000000|0.000000|0.000000|-2402.831812|202.000000|131.597958|-70.402042|0.000000|-120.141591|-120.141591|
20170502_151035|46708|108|12.987013|1|Caçula|1|circulo_r60_xc160_yc120|0|0|64536|81|0.000000|0.000000|0.000000|0.000000|0.000000|-2198131.134746|64536.000000|131.608902|-64404.391098|0.000000|-255.000000|-255.000000|
20170502_151035|46781|110|12.987013|1|CarroTeste|0|circulo_r60_xc160_yc120|0|0|0|0|0.000000|0.000000|0.000000|0.000000|0.000000|0.000000|0.000000|0.000000|0.000000|0.000000|0.000000|0.000000|
20170502_151035|46783|110|12.987013|1|CarroTeste2|1|circulo_r60_xc160_yc120|0|0|202|81|0.000000|0.000000|0.000000|0.000000|0.000000|-2392.583806|202.000000|131.898221|-70.101779|0.000000|-119.629190|-119.629190|
20170502_151035|46787|110|12.987013|1|Caçula|1|circulo_r60_xc160_yc120|0|0|64536|81|0.000000|0.000000|0.000000|0.000000|0.000000|-2198120.990099|64536.000000|131.906147|-64404.093853|0.000000|-255.000000|-255.000000|
20170502_151035|46858|112|12.987013|1|CarroTeste|0|circulo_r60_xc160_yc120|0|0|0|0|0.000000|0.000000|0.000000|0.000000|0.000000|0.000000|0.000000|0.000000|0.000000|0.000000|0.000000|0.000000|
20170502_151035|46861|112|12.987013|1|CarroTeste2|1|circulo_r60_xc160_yc120|0|0|202|81|0.000000|0.000000|0.000000|0.000000|0.000000|-2381.776535|202.000000|132.214870|-69.785130|0.000000|-119.088827|-119.088827|
20170502_151035|46863|112|12.987013|1|Caçula|1|circulo_r60_xc160_yc120|0|0|64536|81|0.000000|0.000000|0.000000|0.000000|0.000000|-2198110.015659|64536.000000|132.227682|-64403.772318|0.000000|-255.000000|-255.000000|
20170502_151035|46935|114|12.987013|1|CarroTeste|0|circulo_r60_xc160_yc120|0|0|0|0|0.000000|0.000000|0.000000|0.000000|0.000000|0.000000|0.000000|0.000000|0.000000|0.000000|0.000000|0.000000|
20170502_151035|46938|114|12.987013|1|CarroTeste2|1|circulo_r60_xc160_yc120|0|0|202|81|0.000000|0.000000|0.000000|0.000000|0.000000|-2370.170231|202.000000|132.554930|-69.445070|0.000000|-118.508512|-118.508512|
20170502_151035|46941|114|12.987013|1|Caçula|1|circulo_r60_xc160_yc120|0|0|64536|81|0.000000|0.000000|0.000000|0.000000|0.000000|-2198098.378583|64536.000000|132.568649|-64403.431351|0.000000|-255.000000|-255.000000|
20170502_151035|47013|116|12.987013|1|CarroTeste|0|circulo_r60_xc160_yc120|0|0|0|0|0.000000|0.000000|0.000000|0.000000|0.000000|0.000000|0.000000|0.000000|0.000000|0.000000|0.000000|0.000000|
20170502_151035|47017|116|12.987013|1|CarroTeste2|1|circulo_r60_xc160_yc120|0|0|203|81|0.000000|0.000000|0.000000|0.000000|0.000000|-2391.572427|203.000000|132.927854|-70.072146|0.000000|-119.578621|-119.578621|
20170502_151035|47021|116|12.987013|1|Caçula|1|circulo_r60_xc160_yc120|0|0|64536|81|0.000000|0.000000|0.000000|0.000000|0.000000|-2198085.619822|64536.000000|132.942491|-64403.057509|0.000000|-255.000000|-255.000000|
20170502_151035|47092|118|12.987013|1|CarroTeste|0|circulo_r60_xc160_yc120|0|0|0|0|0.000000|0.000000|0.000000|0.000000|0.000000|0.000000|0.000000|0.000000|0.000000|0.000000|0.000000|0.000000|
20170502_151035|47095|118|12.987013|1|CarroTeste2|1|circulo_r60_xc160_yc120|0|0|202|81|0.000000|0.000000|0.000000|0.000000|0.000000|-2344.071423|202.000000|133.319615|-68.680385|0.000000|-117.203571|-117.203571|
20170502_151035|47097|118|12.987013|1|Caçula|1|circulo_r60_xc160_yc120|0|0|64536|81|0.000000|0.000000|0.000000|0.000000|0.000000|-2198072.217486|64536.000000|133.335146|-64402.664854|0.000000|-255.000000|-255.000000|
20170502_151035|47169|120|12.987013|1|CarroTeste|0|circulo_r60_xc160_yc120|0|0|0|0|0.000000|0.000000|0.000000|0.000000|0.000000|0.000000|0.000000|0.000000|0.000000|0.000000|0.000000|0.000000|
20170502_151035|47172|120|12.987013|1|CarroTeste2|1|circulo_r60_xc160_yc120|0|0|202|81|0.000000|0.000000|0.000000|0.000000|0.000000|-2329.913223|202.000000|133.734445|-68.265555|0.000000|-116.495661|-116.495661|
20170502_151035|47175|120|12.987013|1|Caçula|1|circulo_r60_xc160_yc120|0|0|64536|81|0.000000|0.000000|0.000000|0.000000|0.000000|-2198058.216417|64536.000000|133.745382|-64402.254618|0.000000|-255.000000|-255.000000|
20170502_151035|47247|122|12.987013|1|CarroTeste|0|circulo_r60_xc160_yc120|0|0|0|0|0.000000|0.000000|0.000000|0.000000|0.000000|0.000000|0.000000|0.000000|0.000000|0.000000|0.000000|0.000000|
20170502_151035|47249|122|12.987013|1|CarroTeste2|1|circulo_r60_xc160_yc120|0|0|202|81|0.000000|0.000000|0.000000|0.000000|0.000000|-2315.176256|202.000000|134.166232|-67.833768|0.000000|-115.758813|-115.758813|
20170502_151035|47253|122|12.987013|1|Caçula|1|circulo_r60_xc160_yc120|0|0|64536|81|0.000000|0.000000|0.000000|0.000000|0.000000|-2198043.263476|64536.000000|134.183498|-64401.816502|0.000000|-255.000000|-255.000000|
20170502_151035|47326|124|12.987013|1|CarroTeste|0|circulo_r60_xc160_yc120|0|0|0|0|0.000000|0.000000|0.000000|0.000000|0.000000|0.000000|0.000000|0.000000|0.000000|0.000000|0.000000|0.000000|
20170502_151035|47328|124|12.987013|1|CarroTeste2|1|circulo_r60_xc160_yc120|0|0|202|81|0.000000|0.000000|0.000000|0.000000|0.000000|-2299.284516|202.000000|134.631854|-67.368146|0.000000|-114.964226|-114.964226|
20170502_151035|47330|124|12.987013|1|Caçula|1|circulo_r60_xc160_yc120|0|0|64536|81|0.000000|0.000000|0.000000|0.000000|0.000000|-2198027.548668|64536.000000|134.643936|-64401.356064|0.000000|-255.000000|-255.000000|
20170502_151036|47404|126|12.987013|1|CarroTeste|0|circulo_r60_xc160_yc120|0|0|0|0|0.000000|0.000000|0.000000|0.000000|0.000000|0.000000|0.000000|0.000000|0.000000|0.000000|0.000000|0.000000|
20170502_151036|47407|126|12.987013|1|CarroTeste2|1|circulo_r60_xc160_yc120|0|0|202|81|0.000000|0.000000|0.000000|0.000000|0.000000|-2282.840485|202.000000|135.113658|-66.886342|0.000000|-114.142024|-114.142024|
20170502_151036|47409|126|12.987013|1|Caçula|1|circulo_r60_xc160_yc120|0|0|64536|81|0.000000|0.000000|0.000000|0.000000|0.000000|-2198010.869508|64536.000000|135.132621|-64400.867379|0.000000|-255.000000|-255.000000|
20170502_151036|47484|128|12.987013|1|CarroTeste|0|circulo_r60_xc160_yc120|0|0|0|0|0.000000|0.000000|0.000000|0.000000|0.000000|0.000000|0.000000|0.000000|0.000000|0.000000|0.000000|0.000000|
20170502_151036|47489|128|12.987013|1|CarroTeste2|1|circulo_r60_xc160_yc120|0|0|202|81|0.000000|0.000000|0.000000|0.000000|0.000000|-2264.986902|202.000000|135.636761|-66.363239|0.000000|-113.249345|-113.249345|
20170502_151036|47492|128|12.987013|1|Caçula|1|circulo_r60_xc160_yc120|0|0|64536|81|0.000000|0.000000|0.000000|0.000000|0.000000|-2197992.761538|64536.000000|135.663186|-64400.336814|0.000000|-255.000000|-255.000000|
20170502_151036|47560|130|12.987013|1|CarroTeste|0|circulo_r60_xc160_yc120|0|0|0|0|0.000000|0.000000|0.000000|0.000000|0.000000|0.000000|0.000000|0.000000|0.000000|0.000000|0.000000|0.000000|
20170502_151036|47562|130|12.987013|1|CarroTeste2|1|circulo_r60_xc160_yc120|0|0|202|81|0.000000|0.000000|0.000000|0.000000|0.000000|-2247.764143|202.000000|136.141381|-65.858619|0.000000|-112.388207|-112.388207|
20170502_151036|47565|130|12.987013|1|Caçula|1|circulo_r60_xc160_yc120|0|0|64536|81|0.000000|0.000000|0.000000|0.000000|0.000000|-2197975.972580|64536.000000|136.155101|-64399.844899|0.000000|-255.000000|-255.000000|
20170502_151036|47638|132|12.987013|1|CarroTeste|0|circulo_r60_xc160_yc120|0|0|0|0|0.000000|0.000000|0.000000|0.000000|0.000000|0.000000|0.000000|0.000000|0.000000|0.000000|0.000000|0.000000|
20170502_151036|47640|132|12.987013|1|CarroTeste2|1|circulo_r60_xc160_yc120|0|0|203|81|0.000000|0.000000|0.000000|0.000000|0.000000|-2263.292296|203.000000|136.686412|-66.313588|0.000000|-113.164615|-113.164615|
20170502_151036|47643|132|12.987013|1|Caçula|1|circulo_r60_xc160_yc120|0|0|64536|81|0.000000|0.000000|0.000000|0.000000|0.000000|-2197957.353016|64536.000000|136.700654|-64399.299346|0.000000|-255.000000|-255.000000|
20170502_151036|47715|134|12.987013|1|CarroTeste|0|circulo_r60_xc160_yc120|0|0|0|0|0.000000|0.000000|0.000000|0.000000|0.000000|0.000000|0.000000|0.000000|0.000000|0.000000|0.000000|0.000000|
20170502_151036|47719|134|12.987013|1|CarroTeste2|1|circulo_r60_xc160_yc120|0|0|202|81|0.000000|0.000000|0.000000|0.000000|0.000000|-2209.872218|202.000000|137.251600|-64.748400|0.000000|-110.493611|-110.493611|
20170502_151036|47721|134|12.987013|1|Caçula|1|circulo_r60_xc160_yc120|0|0|64536|81|0.000000|0.000000|0.000000|0.000000|0.000000|-2197937.793639|64536.000000|137.273734|-64398.726266|0.000000|-255.000000|-255.000000|
20170502_151036|47795|136|12.987013|1|CarroTeste|0|circulo_r60_xc160_yc120|0|0|0|0|0.000000|0.000000|0.000000|0.000000|0.000000|0.000000|0.000000|0.000000|0.000000|0.000000|0.000000|0.000000|
20170502_151036|47801|136|12.987013|1|CarroTeste2|1|circulo_r60_xc160_yc120|0|0|202|81|0.000000|0.000000|0.000000|0.000000|0.000000|-2189.390470|202.000000|137.851707|-64.148293|0.000000|-109.469523|-109.469523|
20170502_151036|47803|136|12.987013|1|Caçula|1|circulo_r60_xc160_yc120|0|0|64536|81|0.000000|0.000000|0.000000|0.000000|0.000000|-2197916.763833|64536.000000|137.889888|-64398.110112|0.000000|-255.000000|-255.000000|
20170502_151036|47871|138|12.987013|1|CarroTeste|0|circulo_r60_xc160_yc120|0|0|0|0|0.000000|0.000000|0.000000|0.000000|0.000000|0.000000|0.000000|0.000000|0.000000|0.000000|0.000000|0.000000|
20170502_151036|47874|138|12.987013|1|CarroTeste2|1|circulo_r60_xc160_yc120|0|0|202|81|0.000000|0.000000|0.000000|0.000000|0.000000|-2169.564066|202.000000|138.432613|-63.567387|0.000000|-108.478203|-108.478203|
20170502_151036|47877|138|12.987013|1|Caçula|1|circulo_r60_xc160_yc120|0|0|64536|81|0.000000|0.000000|0.000000|0.000000|0.000000|-2197897.435181|64536.000000|138.456211|-64397.543789|0.000000|-255.000000|-255.000000|
20170502_151036|47949|140|12.987013|1|CarroTeste|0|circulo_r60_xc160_yc120|0|0|0|0|0.000000|0.000000|0.000000|0.000000|0.000000|0.000000|0.000000|0.000000|0.000000|0.000000|0.000000|0.000000|
20170502_151036|47952|140|12.987013|1|CarroTeste2|1|circulo_r60_xc160_yc120|0|0|202|81|0.000000|0.000000|0.000000|0.000000|0.000000|-2148.320634|202.000000|139.055037|-62.944963|0.000000|-107.416032|-107.416032|
20170502_151036|47954|140|12.987013|1|Caçula|1|circulo_r60_xc160_yc120|0|0|64536|81|0.000000|0.000000|0.000000|0.000000|0.000000|-2197876.167191|64536.000000|139.079342|-64396.920658|0.000000|-255.000000|-255.000000|
20170502_151036|48027|142|12.987013|1|CarroTeste|0|circulo_r60_xc160_yc120|0|0|0|0|0.000000|0.000000|0.000000|0.000000|0.000000|0.000000|0.000000|0.000000|0.000000|0.000000|0.000000|0.000000|
20170502_151036|48030|142|12.987013|1|CarroTeste2|1|circulo_r60_xc160_yc120|0|0|202|81|0.000000|0.000000|0.000000|0.000000|0.000000|-2126.174926|202.000000|139.703898|-62.296102|0.000000|-106.308746|-106.308746|
20170502_151036|48032|142|12.987013|1|Caçula|1|circulo_r60_xc160_yc120|0|0|64536|81|0.000000|0.000000|0.000000|0.000000|0.000000|-2197854.283211|64536.000000|139.720561|-64396.279439|0.000000|-255.000000|-255.000000|
20170502_151036|48108|144|12.987013|1|CarroTeste|0|circulo_r60_xc160_yc120|0|0|0|0|0.000000|0.000000|0.000000|0.000000|0.000000|0.000000|0.000000|0.000000|0.000000|0.000000|0.000000|0.000000|
20170502_151036|48110|144|12.987013|1|CarroTeste2|1|circulo_r60_xc160_yc120|0|0|202|81|0.000000|0.000000|0.000000|0.000000|0.000000|-2103.122885|202.000000|140.379314|-61.620686|0.000000|-105.156144|-105.156144|
20170502_151036|48113|144|12.987013|1|Caçula|1|circulo_r60_xc160_yc120|0|0|64536|81|0.000000|0.000000|0.000000|0.000000|0.000000|-2197830.923123|64536.000000|140.404993|-64395.595007|0.000000|-255.000000|-255.000000|
20170502_151036|48182|146|12.987013|1|CarroTeste|0|circulo_r60_xc160_yc120|0|0|0|0|0.000000|0.000000|0.000000|0.000000|0.000000|0.000000|0.000000|0.000000|0.000000|0.000000|0.000000|0.000000|
20170502_151036|48186|146|12.987013|1|CarroTeste2|1|circulo_r60_xc160_yc120|0|0|202|81|0.000000|0.000000|0.000000|0.000000|0.000000|-2081.257016|202.000000|141.019975|-60.980025|0.000000|-104.062851|-104.062851|
20170502_151036|48189|146|12.987013|1|Caçula|1|circulo_r60_xc160_yc120|0|0|64536|81|0.000000|0.000000|0.000000|0.000000|0.000000|-2197808.438154|64536.000000|141.063802|-64394.936198|0.000000|-255.000000|-255.000000|
20170502_151036|48261|148|12.987013|1|CarroTeste|0|circulo_r60_xc160_yc120|0|0|0|0|0.000000|0.000000|0.000000|0.000000|0.000000|0.000000|0.000000|0.000000|0.000000|0.000000|0.000000|0.000000|
20170502_151036|48264|148|12.987013|1|CarroTeste2|1|circulo_r60_xc160_yc120|0|0|202|81|0.000000|0.000000|0.000000|0.000000|0.000000|-2057.357793|202.000000|141.720213|-60.279787|0.000000|-102.867890|-102.867890|
20170502_151036|48267|148|12.987013|1|Caçula|1|circulo_r60_xc160_yc120|0|0|64536|81|0.000000|0.000000|0.000000|0.000000|0.000000|-2197784.809460|64536.000000|141.756105|-64394.243895|0.000000|-255.000000|-255.000000|
20170502_151036|48337|150|12.987013|1|CarroTeste|0|circulo_r60_xc160_yc120|0|0|0|0|0.000000|0.000000|0.000000|0.000000|0.000000|0.000000|0.000000|0.000000|0.000000|0.000000|0.000000|0.000000|
20170502_151036|48340|150|12.987013|1|CarroTeste2|1|circulo_r60_xc160_yc120|0|0|202|81|0.000000|0.000000|0.000000|0.000000|0.000000|-2033.843655|202.000000|142.409169|-59.590831|0.000000|-101.692183|-101.692183|
20170502_151036|48342|150|12.987013|1|Caçula|1|circulo_r60_xc160_yc120|0|0|64536|81|0.000000|0.000000|0.000000|0.000000|0.000000|-2197761.582031|64536.000000|142.436664|-64393.563336|0.000000|-255.000000|-255.000000|
20170502_151037|48415|152|12.987013|1|CarroTeste|0|circulo_r60_xc160_yc120|0|0|0|0|0.000000|0.000000|0.000000|0.000000|0.000000|0.000000|0.000000|0.000000|0.000000|0.000000|0.000000|0.000000|
20170502_151037|48419|152|12.987013|1|CarroTeste2|1|circulo_r60_xc160_yc120|0|0|202|81|0.000000|0.000000|0.000000|0.000000|0.000000|-2009.198464|202.000000|143.131263|-58.868737|0.000000|-100.459923|-100.459923|
20170502_151037|48422|152|12.987013|1|Caçula|1|circulo_r60_xc160_yc120|0|0|64536|81|0.000000|0.000000|0.000000|0.000000|0.000000|-2197736.597784|64536.000000|143.168692|-64392.831308|0.000000|-255.000000|-255.000000|
20170502_151037|48493|154|12.987013|1|CarroTeste|0|circulo_r60_xc160_yc120|0|0|0|0|0.000000|0.000000|0.000000|0.000000|0.000000|0.000000|0.000000|0.000000|0.000000|0.000000|0.000000|0.000000|
20170502_151037|48496|154|12.987013|1|CarroTeste2|1|circulo_r60_xc160_yc120|0|0|202|81|0.000000|0.000000|0.000000|0.000000|0.000000|-1984.055490|202.000000|143.867943|-58.132057|0.000000|-99.202774|-99.202774|
20170502_151037|48499|154|12.987013|1|Caçula|1|circulo_r60_xc160_yc120|0|0|64536|81|0.000000|0.000000|0.000000|0.000000|0.000000|-2197711.755017|64536.000000|143.896559|-64392.103441|0.000000|-255.000000|-255.000000|
20170502_151037|48571|156|12.987013|1|CarroTeste|0|circulo_r60_xc160_yc120|0|0|0|0|0.000000|0.000000|0.000000|0.000000|0.000000|0.000000|0.000000|0.000000|0.000000|0.000000|0.000000|0.000000|
20170502_151037|48574|156|12.987013|1|CarroTeste2|1|circulo_r60_xc160_yc120|0|0|202|81|0.000000|0.000000|0.000000|0.000000|0.000000|-1958.105027|202.000000|144.628281|-57.371719|0.000000|-97.905251|-97.905251|
20170502_151037|48577|156|12.987013|1|Caçula|1|circulo_r60_xc160_yc120|0|0|64536|81|0.000000|0.000000|0.000000|0.000000|0.000000|-2197686.118622|64536.000000|144.647710|-64391.352290|0.000000|-255.000000|-255.000000|
20170502_151037|48650|158|12.987013|1|CarroTeste|0|circulo_r60_xc160_yc120|0|0|0|0|0.000000|0.000000|0.000000|0.000000|0.000000|0.000000|0.000000|0.000000|0.000000|0.000000|0.000000|0.000000|
20170502_151037|48654|158|12.987013|1|CarroTeste2|1|circulo_r60_xc160_yc120|0|0|202|81|0.000000|0.000000|0.000000|0.000000|0.000000|-1931.689251|202.000000|145.402253|-56.597747|0.000000|-96.584463|-96.584463|
20170502_151037|48657|158|12.987013|1|Caçula|1|circulo_r60_xc160_yc120|0|0|64536|81|0.000000|0.000000|0.000000|0.000000|0.000000|-2197659.016685|64536.000000|145.441792|-64390.558208|0.000000|-255.000000|-255.000000|
20170502_151037|48727|160|12.987013|1|CarroTeste|0|circulo_r60_xc160_yc120|0|0|0|0|0.000000|0.000000|0.000000|0.000000|0.000000|0.000000|0.000000|0.000000|0.000000|0.000000|0.000000|0.000000|
20170502_151037|48730|160|12.987013|1|CarroTeste2|1|circulo_r60_xc160_yc120|0|0|202|81|0.000000|0.000000|0.000000|0.000000|0.000000|-1905.859290|202.000000|146.159061|-55.840939|0.000000|-95.292965|-95.292965|
20170502_151037|48732|160|12.987013|1|Caçula|1|circulo_r60_xc160_yc120|0|0|64536|81|0.000000|0.000000|0.000000|0.000000|0.000000|-2197633.508491|64536.000000|146.189172|-64389.810828|0.000000|-255.000000|-255.000000|
20170502_151037|48807|162|12.987013|1|CarroTeste|0|circulo_r60_xc160_yc120|0|0|0|0|0.000000|0.000000|0.000000|0.000000|0.000000|0.000000|0.000000|0.000000|0.000000|0.000000|0.000000|0.000000|
20170502_151037|48812|162|12.987013|1|CarroTeste2|1|circulo_r60_xc160_yc120|0|0|202|81|0.000000|0.000000|0.000000|0.000000|0.000000|-1877.903643|202.000000|146.978151|-55.021849|0.000000|-93.895182|-93.895182|
20170502_151037|48814|162|12.987013|1|Caçula|1|circulo_r60_xc160_yc120|0|0|64536|81|0.000000|0.000000|0.000000|0.000000|0.000000|-2197605.188984|64536.000000|147.018920|-64388.981080|0.000000|-255.000000|-255.000000|
20170502_151037|48883|164|12.987013|1|CarroTeste|0|circulo_r60_xc160_yc120|0|0|0|0|0.000000|0.000000|0.000000|0.000000|0.000000|0.000000|0.000000|0.000000|0.000000|0.000000|0.000000|0.000000|
20170502_151037|48888|164|12.987013|1|CarroTeste2|1|circulo_r60_xc160_yc120|0|0|202|81|0.000000|0.000000|0.000000|0.000000|0.000000|-1851.296349|202.000000|147.757734|-54.242266|0.000000|-92.564817|-92.564817|
20170502_151037|48890|164|12.987013|1|Caçula|1|circulo_r60_xc160_yc120|0|0|64536|81|0.000000|0.000000|0.000000|0.000000|0.000000|-2197578.563428|64536.000000|147.799049|-64388.200951|0.000000|-255.000000|-255.000000|
20170502_151037|48962|166|12.987013|1|CarroTeste|0|circulo_r60_xc160_yc120|0|0|0|0|0.000000|0.000000|0.000000|0.000000|0.000000|0.000000|0.000000|0.000000|0.000000|0.000000|0.000000|0.000000|
20170502_151037|48964|166|12.987013|1|CarroTeste2|1|circulo_r60_xc160_yc120|0|0|202|81|0.000000|0.000000|0.000000|0.000000|0.000000|-1823.632435|202.000000|148.568276|-53.431724|0.000000|-91.181622|-91.181622|
20170502_151037|48967|166|12.987013|1|Caçula|1|circulo_r60_xc160_yc120|0|0|64536|81|0.000000|0.000000|0.000000|0.000000|0.000000|-2197551.595399|64536.000000|148.589192|-64387.410808|0.000000|-255.000000|-255.000000|
20170502_151037|49040|168|12.987013|1|CarroTeste|0|circulo_r60_xc160_yc120|0|0|0|0|0.000000|0.000000|0.000000|0.000000|0.000000|0.000000|0.000000|0.000000|0.000000|0.000000|0.000000|0.000000|
20170502_151037|49042|168|12.987013|1|CarroTeste2|1|circulo_r60_xc160_yc120|0|0|202|81|0.000000|0.000000|0.000000|0.000000|0.000000|-1795.631179|202.000000|149.388702|-52.611298|0.000000|-89.781559|-89.781559|
20170502_151037|49044|168|12.987013|1|Caçula|1|circulo_r60_xc160_yc120|0|0|64536|81|0.000000|0.000000|0.000000|0.000000|0.000000|-2197523.585533|64536.000000|149.409862|-64386.590138|0.000000|-255.000000|-255.000000|
20170502_151037|49116|170|12.987013|1|CarroTeste|0|circulo_r60_xc160_yc120|0|0|0|0|0.000000|0.000000|0.000000|0.000000|0.000000|0.000000|0.000000|0.000000|0.000000|0.000000|0.000000|0.000000|
20170502_151037|49120|170|12.987013|1|CarroTeste2|1|circulo_r60_xc160_yc120|0|0|203|81|0.000000|0.000000|0.000000|0.000000|0.000000|-1801.811812|203.000000|150.207612|-52.792388|0.000000|-90.090591|-90.090591|
20170502_151037|49123|170|12.987013|1|Caçula|1|circulo_r60_xc160_yc120|0|0|64536|81|0.000000|0.000000|0.000000|0.000000|0.000000|-2197495.263367|64536.000000|150.239689|-64385.760311|0.000000|-255.000000|-255.000000|
20170502_151037|49194|172|12.987013|1|CarroTeste|0|circulo_r60_xc160_yc120|0|0|0|0|0.000000|0.000000|0.000000|0.000000|0.000000|0.000000|0.000000|0.000000|0.000000|0.000000|0.000000|0.000000|
20170502_151037|49196|172|12.987013|1|CarroTeste2|1|circulo_r60_xc160_yc120|0|0|202|81|0.000000|0.000000|0.000000|0.000000|0.000000|-1739.450576|202.000000|151.034772|-50.965228|0.000000|-86.972529|-86.972529|
20170502_151037|49199|172|12.987013|1|Caçula|1|circulo_r60_xc160_yc120|0|0|64536|81|0.000000|0.000000|0.000000|0.000000|0.000000|-2197467.021391|64536.000000|151.067157|-64384.932843|0.000000|-255.000000|-255.000000|
20170502_151037|49273|174|12.987013|1|CarroTeste|0|circulo_r60_xc160_yc120|0|0|0|0|0.000000|0.000000|0.000000|0.000000|0.000000|0.000000|0.000000|0.000000|0.000000|0.000000|0.000000|0.000000|
20170502_151037|49276|174|12.987013|1|CarroTeste2|1|circulo_r60_xc160_yc120|0|0|202|81|0.000000|0.000000|0.000000|0.000000|0.000000|-1709.846796|202.000000|151.902151|-50.097849|0.000000|-85.492340|-85.492340|
20170502_151037|49278|174|12.987013|1|Caçula|1|circulo_r60_xc160_yc120|0|0|64536|81|0.000000|0.000000|0.000000|0.000000|0.000000|-2197437.779964|64536.000000|151.923933|-64384.076067|0.000000|-255.000000|-255.000000|
20170502_151037|49349|176|12.987013|1|CarroTeste|0|circulo_r60_xc160_yc120|0|0|0|0|0.000000|0.000000|0.000000|0.000000|0.000000|0.000000|0.000000|0.000000|0.000000|0.000000|0.000000|0.000000|
20170502_151038|49354|176|12.987013|1|CarroTeste2|1|circulo_r60_xc160_yc120|0|0|203|81|0.000000|0.000000|0.000000|0.000000|0.000000|-1715.620096|203.000000|152.732995|-50.267005|0.000000|-85.781005|-85.781005|
20170502_151038|49357|176|12.987013|1|Caçula|1|circulo_r60_xc160_yc120|0|0|64536|81|0.000000|0.000000|0.000000|0.000000|0.000000|-2197408.294019|64536.000000|152.787873|-64383.212127|0.000000|-255.000000|-255.000000|
20170502_151038|49428|178|12.987013|1|CarroTeste|0|circulo_r60_xc160_yc120|0|0|0|0|0.000000|0.000000|0.000000|0.000000|0.000000|0.000000|0.000000|0.000000|0.000000|0.000000|0.000000|0.000000|
20170502_151038|49432|178|12.987013|1|CarroTeste2|1|circulo_r60_xc160_yc120|0|0|202|81|0.000000|0.000000|0.000000|0.000000|0.000000|-1651.798309|202.000000|153.602950|-48.397050|0.000000|-82.589915|-82.589915|
20170502_151038|49434|178|12.987013|1|Caçula|1|circulo_r60_xc160_yc120|0|0|64536|81|0.000000|0.000000|0.000000|0.000000|0.000000|-2197379.343199|64536.000000|153.636103|-64382.363897|0.000000|-255.000000|-255.000000|
20170502_151038|49506|180|12.987013|1|CarroTeste|0|circulo_r60_xc160_yc120|0|0|0|0|0.000000|0.000000|0.000000|0.000000|0.000000|0.000000|0.000000|0.000000|0.000000|0.000000|0.000000|0.000000|
20170502_151038|49508|180|12.987013|1|CarroTeste2|1|circulo_r60_xc160_yc120|0|0|202|81|0.000000|0.000000|0.000000|0.000000|0.000000|-1622.671762|202.000000|154.456346|-47.543654|0.000000|-81.133588|-81.133588|
20170502_151038|49511|180|12.987013|1|Caçula|1|circulo_r60_xc160_yc120|0|0|64536|81|0.000000|0.000000|0.000000|0.000000|0.000000|-2197350.590000|64536.000000|154.478577|-64381.521423|0.000000|-255.000000|-255.000000|
20170502_151038|49583|182|12.987013|1|CarroTeste|0|circulo_r60_xc160_yc120|0|0|0|0|0.000000|0.000000|0.000000|0.000000|0.000000|0.000000|0.000000|0.000000|0.000000|0.000000|0.000000|0.000000|
20170502_151038|49587|182|12.987013|1|CarroTeste2|1|circulo_r60_xc160_yc120|0|0|202|81|0.000000|0.000000|0.000000|0.000000|0.000000|-1593.004525|202.000000|155.325584|-46.674416|0.000000|-79.650226|-79.650226|
20170502_151038|49589|182|12.987013|1|Caçula|1|circulo_r60_xc160_yc120|0|0|64536|81|0.000000|0.000000|0.000000|0.000000|0.000000|-2197320.537213|64536.000000|155.359102|-64380.640898|0.000000|-255.000000|-255.000000|
20170502_151038|49661|184|12.987013|1|CarroTeste|0|circulo_r60_xc160_yc120|0|0|0|0|0.000000|0.000000|0.000000|0.000000|0.000000|0.000000|0.000000|0.000000|0.000000|0.000000|0.000000|0.000000|
20170502_151038|49663|184|12.987013|1|CarroTeste2|1|circulo_r60_xc160_yc120|0|0|202|81|0.000000|0.000000|0.000000|0.000000|0.000000|-1563.582232|202.000000|156.187646|-45.812354|0.000000|-78.179112|-78.179112|
20170502_151038|49666|184|12.987013|1|Caçula|1|circulo_r60_xc160_yc120|0|0|64536|81|0.000000|0.000000|0.000000|0.000000|0.000000|-2197291.110395|64536.000000|156.221303|-64379.778697|0.000000|-255.000000|-255.000000|
20170502_151038|49740|186|12.987013|1|CarroTeste|0|circulo_r60_xc160_yc120|0|0|0|0|0.000000|0.000000|0.000000|0.000000|0.000000|0.000000|0.000000|0.000000|0.000000|0.000000|0.000000|0.000000|
20170502_151038|49743|186|12.987013|1|CarroTeste2|1|circulo_r60_xc160_yc120|0|0|202|81|0.000000|0.000000|0.000000|0.000000|0.000000|-1533.282005|202.000000|157.075431|-44.924569|0.000000|-76.664100|-76.664100|
20170502_151038|49745|186|12.987013|1|Caçula|1|circulo_r60_xc160_yc120|0|0|64536|81|0.000000|0.000000|0.000000|0.000000|0.000000|-2197260.805944|64536.000000|157.109201|-64378.890799|0.000000|-255.000000|-255.000000|
20170502_151038|49817|188|12.987013|1|CarroTeste|0|circulo_r60_xc160_yc120|0|0|0|0|0.000000|0.000000|0.000000|0.000000|0.000000|0.000000|0.000000|0.000000|0.000000|0.000000|0.000000|0.000000|
20170502_151038|49819|188|12.987013|1|CarroTeste2|1|circulo_r60_xc160_yc120|0|0|202|81|0.000000|0.000000|0.000000|0.000000|0.000000|-1503.663458|202.000000|157.943243|-44.056757|0.000000|-75.183173|-75.183173|
20170502_151038|49822|188|12.987013|1|Caçula|1|circulo_r60_xc160_yc120|0|0|64536|81|0.000000|0.000000|0.000000|0.000000|0.000000|-2197231.569232|64536.000000|157.965810|-64378.034190|0.000000|-255.000000|-255.000000|
20170502_151038|49895|190|12.987013|1|CarroTeste|0|circulo_r60_xc160_yc120|0|0|0|0|0.000000|0.000000|0.000000|0.000000|0.000000|0.000000|0.000000|0.000000|0.000000|0.000000|0.000000|0.000000|
20170502_151038|49898|190|12.987013|1|CarroTeste2|1|circulo_r60_xc160_yc120|0|0|202|81|0.000000|0.000000|0.000000|0.000000|0.000000|-1473.600061|202.000000|158.824089|-43.175911|0.000000|-73.680003|-73.680003|
20170502_151038|49901|190|12.987013|1|Caçula|1|circulo_r60_xc160_yc120|0|0|64536|81|0.000000|0.000000|0.000000|0.000000|0.000000|-2197201.120061|64536.000000|158.857993|-64377.142007|0.000000|-255.000000|-255.000000|
20170502_151038|49973|192|12.987013|1|CarroTeste|0|circulo_r60_xc160_yc120|0|0|0|0|0.000000|0.000000|0.000000|0.000000|0.000000|0.000000|0.000000|0.000000|0.000000|0.000000|0.000000|0.000000|
20170502_151038|49976|192|12.987013|1|CarroTeste2|1|circulo_r60_xc160_yc120|0|0|202|81|0.000000|0.000000|0.000000|0.000000|0.000000|-1443.501963|202.000000|159.705952|-42.294048|0.000000|-72.175098|-72.175098|
20170502_151038|49978|192|12.987013|1|Caçula|1|circulo_r60_xc160_yc120|0|0|64536|81|0.000000|0.000000|0.000000|0.000000|0.000000|-2197171.020976|64536.000000|159.739879|-64376.260121|0.000000|-255.000000|-255.000000|
20170502_151038|50050|194|12.987013|1|CarroTeste|0|circulo_r60_xc160_yc120|0|0|0|0|0.000000|0.000000|0.000000|0.000000|0.000000|0.000000|0.000000|0.000000|0.000000|0.000000|0.000000|0.000000|
20170502_151038|50054|194|12.987013|1|CarroTeste2|1|circulo_r60_xc160_yc120|0|0|203|81|0.000000|0.000000|0.000000|0.000000|0.000000|-1447.911254|203.000000|160.576761|-42.423239|0.000000|-72.395563|-72.395563|
20170502_151038|50056|194|12.987013|1|Caçula|1|circulo_r60_xc160_yc120|0|0|64536|81|0.000000|0.000000|0.000000|0.000000|0.000000|-2197140.913269|64536.000000|160.621991|-64375.378009|0.000000|-255.000000|-255.000000|
20170502_151038|50128|196|12.987013|1|CarroTeste|0|circulo_r60_xc160_yc120|0|0|0|0|0.000000|0.000000|0.000000|0.000000|0.000000|0.000000|0.000000|0.000000|0.000000|0.000000|0.000000|0.000000|
20170502_151038|50131|196|12.987013|1|CarroTeste2|1|circulo_r60_xc160_yc120|0|0|202|81|0.000000|0.000000|0.000000|0.000000|0.000000|-1383.691318|202.000000|161.458381|-40.541619|0.000000|-69.184566|-69.184566|
20170502_151038|50133|196|12.987013|1|Caçula|1|circulo_r60_xc160_yc120|0|0|64536|81|0.000000|0.000000|0.000000|0.000000|0.000000|-2197111.210836|64536.000000|161.492269|-64374.507731|0.000000|-255.000000|-255.000000|
20170502_151038|50206|198|12.987013|1|CarroTeste|0|circulo_r60_xc160_yc120|0|0|0|0|0.000000|0.000000|0.000000|0.000000|0.000000|0.000000|0.000000|0.000000|0.000000|0.000000|0.000000|0.000000|
20170502_151038|50209|198|12.987013|1|CarroTeste2|1|circulo_r60_xc160_yc120|0|0|202|81|0.000000|0.000000|0.000000|0.000000|0.000000|-1353.644537|202.000000|162.338739|-39.661261|0.000000|-67.682227|-67.682227|
20170502_151038|50211|198|12.987013|1|Caçula|1|circulo_r60_xc160_yc120|0|0|64536|81|0.000000|0.000000|0.000000|0.000000|0.000000|-2197081.166837|64536.000000|162.372564|-64373.627436|0.000000|-255.000000|-255.000000|
20170502_151038|50283|200|12.987013|1|CarroTeste|0|circulo_r60_xc160_yc120|0|0|0|0|0.000000|0.000000|0.000000|0.000000|0.000000|0.000000|0.000000|0.000000|0.000000|0.000000|0.000000|0.000000|
20170502_151038|50287|200|12.987013|1|CarroTeste2|1|circulo_r60_xc160_yc120|0|0|202|81|0.000000|0.000000|0.000000|0.000000|0.000000|-1323.666779|202.000000|163.217076|-38.782924|0.000000|-66.183339|-66.183339|
20170502_151038|50289|200|12.987013|1|Caçula|1|circulo_r60_xc160_yc120|0|0|64536|81|0.000000|0.000000|0.000000|0.000000|0.000000|-2197051.191608|64536.000000|163.250808|-64372.749192|0.000000|-255.000000|-255.000000|
20170502_151039|50362|202|12.987013|1|CarroTeste|0|circulo_r60_xc160_yc120|0|0|0|0|0.000000|0.000000|0.000000|0.000000|0.000000|0.000000|0.000000|0.000000|0.000000|0.000000|0.000000|0.000000|
20170502_151039|50364|202|12.987013|1|CarroTeste2|1|circulo_r60_xc160_yc120|0|0|202|81|0.000000|0.000000|0.000000|0.000000|0.000000|-1293.783954|202.000000|164.092631|-37.907369|0.000000|-64.689198|-64.689198|
20170502_151039|50366|202|12.987013|1|Caçula|1|circulo_r60_xc160_yc120|0|0|64536|81|0.000000|0.000000|0.000000|0.000000|0.000000|-2197021.695769|64536.000000|164.115038|-64371.884962|0.000000|-255.000000|-255.000000|
20170502_151039|50440|204|12.987013|1|CarroTeste|0|circulo_r60_xc160_yc120|0|0|0|0|0.000000|0.000000|0.000000|0.000000|0.000000|0.000000|0.000000|0.000000|0.000000|0.000000|0.000000|0.000000|
20170502_151039|50442|204|12.987013|1|CarroTeste2|1|circulo_r60_xc160_yc120|0|0|202|81|0.000000|0.000000|0.000000|0.000000|0.000000|-1264.021900|202.000000|164.964648|-37.035352|0.000000|-63.201095|-63.201095|
20170502_151039|50444|204|12.987013|1|Caçula|1|circulo_r60_xc160_yc120|0|0|64536|81|0.000000|0.000000|0.000000|0.000000|0.000000|-2196991.937642|64536.000000|164.986954|-64371.013046|0.000000|-255.000000|-255.000000|
20170502_151039|50518|206|12.987013|1|CarroTeste|0|circulo_r60_xc160_yc120|0|0|0|0|0.000000|0.000000|0.000000|0.000000|0.000000|0.000000|0.000000|0.000000|0.000000|0.000000|0.000000|0.000000|
20170502_151039|50521|206|12.987013|1|CarroTeste2|1|circulo_r60_xc160_yc120|0|0|202|81|0.000000|0.000000|0.000000|0.000000|0.000000|-1234.027725|202.000000|165.843466|-36.156534|0.000000|-61.701386|-61.701386|
20170502_151039|50524|206|12.987013|1|Caçula|1|circulo_r60_xc160_yc120|0|0|64536|81|0.000000|0.000000|0.000000|0.000000|0.000000|-2196961.947034|64536.000000|165.865650|-64370.134350|0.000000|-255.000000|-255.000000|
20170502_151039|50595|208|12.987013|1|CarroTeste|0|circulo_r60_xc160_yc120|0|0|0|0|0.000000|0.000000|0.000000|0.000000|0.000000|0.000000|0.000000|0.000000|0.000000|0.000000|0.000000|0.000000|
20170502_151039|50598|208|12.987013|1|CarroTeste2|1|circulo_r60_xc160_yc120|0|0|202|81|0.000000|0.000000|0.000000|0.000000|0.000000|-1205.339191|202.000000|166.684029|-35.315971|0.000000|-60.266960|-60.266960|
20170502_151039|50601|208|12.987013|1|Caçula|1|circulo_r60_xc160_yc120|0|0|64536|81|0.000000|0.000000|0.000000|0.000000|0.000000|-2196932.886704|64536.000000|166.717101|-64369.282899|0.000000|-255.000000|-255.000000|
20170502_151039|50672|210|12.987013|1|CarroTeste|0|circulo_r60_xc160_yc120|0|0|0|0|0.000000|0.000000|0.000000|0.000000|0.000000|0.000000|0.000000|0.000000|0.000000|0.000000|0.000000|0.000000|
20170502_151039|50675|210|12.987013|1|CarroTeste2|1|circulo_r60_xc160_yc120|0|0|202|81|0.000000|0.000000|0.000000|0.000000|0.000000|-1176.464249|202.000000|167.530053|-34.469947|0.000000|-58.823212|-58.823212|
20170502_151039|50677|210|12.987013|1|Caçula|1|circulo_r60_xc160_yc120|0|0|64536|81|0.000000|0.000000|0.000000|0.000000|0.000000|-2196904.019786|64536.000000|167.562891|-64368.437109|0.000000|-255.000000|-255.000000|
20170502_151039|50750|212|12.987013|1|CarroTeste|0|circulo_r60_xc160_yc120|0|0|0|0|0.000000|0.000000|0.000000|0.000000|0.000000|0.000000|0.000000|0.000000|0.000000|0.000000|0.000000|0.000000|
20170502_151039|50754|212|12.987013|1|CarroTeste2|1|circulo_r60_xc160_yc120|0|0|202|81|0.000000|0.000000|0.000000|0.000000|0.000000|-1147.064581|202.000000|168.391452|-33.608548|0.000000|-57.353229|-57.353229|
20170502_151039|50757|212|12.987013|1|Caçula|1|circulo_r60_xc160_yc120|0|0|64536|81|0.000000|0.000000|0.000000|0.000000|0.000000|-2196874.630340|64536.000000|168.424022|-64367.575978|0.000000|-255.000000|-255.000000|
20170502_151039|50829|214|12.987013|1|CarroTeste|0|circulo_r60_xc160_yc120|0|0|0|0|0.000000|0.000000|0.000000|0.000000|0.000000|0.000000|0.000000|0.000000|0.000000|0.000000|0.000000|0.000000|
20170502_151039|50831|214|12.987013|1|CarroTeste2|1|circulo_r60_xc160_yc120|0|0|202|81|0.000000|0.000000|0.000000|0.000000|0.000000|-1118.286166|202.000000|169.234649|-32.765351|0.000000|-55.914308|-55.914308|
20170502_151039|50835|214|12.987013|1|Caçula|1|circulo_r60_xc160_yc120|0|0|64536|81|0.000000|0.000000|0.000000|0.000000|0.000000|-2196845.861615|64536.000000|169.266924|-64366.733076|0.000000|-255.000000|-255.000000|
20170502_151039|50907|216|12.987013|1|CarroTeste|0|circulo_r60_xc160_yc120|0|0|0|0|0.000000|0.000000|0.000000|0.000000|0.000000|0.000000|0.000000|0.000000|0.000000|0.000000|0.000000|0.000000|
20170502_151039|50910|216|12.987013|1|CarroTeste2|1|circulo_r60_xc160_yc120|0|0|202|81|0.000000|0.000000|0.000000|0.000000|0.000000|-1089.780259|202.000000|170.069861|-31.930139|0.000000|-54.489013|-54.489013|
20170502_151039|50912|216|12.987013|1|Caçula|1|circulo_r60_xc160_yc120|0|0|64536|81|0.000000|0.000000|0.000000|0.000000|0.000000|-2196817.366291|64536.000000|170.101815|-64365.898185|0.000000|-255.000000|-255.000000|
20170502_151039|50982|218|12.987013|1|CarroTeste|0|circulo_r60_xc160_yc120|0|0|0|0|0.000000|0.000000|0.000000|0.000000|0.000000|0.000000|0.000000|0.000000|0.000000|0.000000|0.000000|0.000000|
20170502_151039|50987|218|12.987013|1|CarroTeste2|1|circulo_r60_xc160_yc120|0|0|202|81|0.000000|0.000000|0.000000|0.000000|0.000000|-1062.290895|202.000000|170.875288|-31.124712|0.000000|-53.114545|-53.114545|
20170502_151039|50989|218|12.987013|1|Caçula|1|circulo_r60_xc160_yc120|0|0|64536|81|0.000000|0.000000|0.000000|0.000000|0.000000|-2196789.529010|64536.000000|170.917438|-64365.082562|0.000000|-255.000000|-255.000000|
20170502_151039|51061|220|12.987013|1|CarroTeste|0|circulo_r60_xc160_yc120|0|0|0|0|0.000000|0.000000|0.000000|0.000000|0.000000|0.000000|0.000000|0.000000|0.000000|0.000000|0.000000|0.000000|
20170502_151039|51065|220|12.987013|1|CarroTeste2|1|circulo_r60_xc160_yc120|0|0|202|81|0.000000|0.000000|0.000000|0.000000|0.000000|-1033.684297|202.000000|171.713451|-30.286549|0.000000|-51.684215|-51.684215|
20170502_151039|51069|220|12.987013|1|Caçula|1|circulo_r60_xc160_yc120|0|0|64536|81|0.000000|0.000000|0.000000|0.000000|0.000000|-2196761.649589|64536.000000|171.734271|-64364.265729|0.000000|-255.000000|-255.000000|
20170502_151039|51139|222|12.987013|1|CarroTeste|0|circulo_r60_xc160_yc120|0|0|0|0|0.000000|0.000000|0.000000|0.000000|0.000000|0.000000|0.000000|0.000000|0.000000|0.000000|0.000000|0.000000|
20170502_151039|51142|222|12.987013|1|CarroTeste2|1|circulo_r60_xc160_yc120|0|0|202|81|0.000000|0.000000|0.000000|0.000000|0.000000|-1006.493553|202.000000|172.510129|-29.489871|0.000000|-50.324678|-50.324678|
20170502_151039|51145|222|12.987013|1|Caçula|1|circulo_r60_xc160_yc120|0|0|64536|81|0.000000|0.000000|0.000000|0.000000|0.000000|-2196734.469367|64536.000000|172.530684|-64363.469316|0.000000|-255.000000|-255.000000|
20170502_151039|51218|224|12.987013|1|CarroTeste|0|circulo_r60_xc160_yc120|0|0|0|0|0.000000|0.000000|0.000000|0.000000|0.000000|0.000000|0.000000|0.000000|0.000000|0.000000|0.000000|0.000000|
20170502_151039|51221|224|12.987013|1|CarroTeste2|1|circulo_r60_xc160_yc120|0|0|202|81|0.000000|0.000000|0.000000|0.000000|0.000000|-979.316580|202.000000|173.306404|-28.693596|0.000000|-48.965829|-48.965829|
20170502_151039|51224|224|12.987013|1|Caçula|1|circulo_r60_xc160_yc120|0|0|64536|81|0.000000|0.000000|0.000000|0.000000|0.000000|-2196706.956169|64536.000000|173.336804|-64362.663196|0.000000|-255.000000|-255.000000|
20170502_151039|51293|226|12.987013|1|CarroTeste|0|circulo_r60_xc160_yc120|0|0|0|0|0.000000|0.000000|0.000000|0.000000|0.000000|0.000000|0.000000|0.000000|0.000000|0.000000|0.000000|0.000000|
20170502_151039|51297|226|12.987013|1|CarroTeste2|1|circulo_r60_xc160_yc120|0|0|202|81|0.000000|0.000000|0.000000|0.000000|0.000000|-953.213951|202.000000|174.071201|-27.928799|0.000000|-47.660698|-47.660698|
20170502_151039|51299|226|12.987013|1|Caçula|1|circulo_r60_xc160_yc120|0|0|64536|81|0.000000|0.000000|0.000000|0.000000|0.000000|-2196680.867969|64536.000000|174.101157|-64361.898843|0.000000|-255.000000|-255.000000|
20170502_151040|51373|228|12.987013|1|CarroTeste|0|circulo_r60_xc160_yc120|0|0|0|0|0.000000|0.000000|0.000000|0.000000|0.000000|0.000000|0.000000|0.000000|0.000000|0.000000|0.000000|0.000000|
20170502_151040|51375|228|12.987013|1|CarroTeste2|1|circulo_r60_xc160_yc120|0|0|202|81|0.000000|0.000000|0.000000|0.000000|0.000000|-926.499110|202.000000|174.853935|-27.146065|0.000000|-46.324956|-46.324956|
20170502_151040|51378|228|12.987013|1|Caçula|1|circulo_r60_xc160_yc120|0|0|64536|81|0.000000|0.000000|0.000000|0.000000|0.000000|-2196654.505275|64536.000000|174.873583|-64361.126417|0.000000|-255.000000|-255.000000|
20170502_151040|51449|230|12.987013|1|CarroTeste|0|circulo_r60_xc160_yc120|0|0|0|0|0.000000|0.000000|0.000000|0.000000|0.000000|0.000000|0.000000|0.000000|0.000000|0.000000|0.000000|0.000000|
20170502_151040|51453|230|12.987013|1|CarroTeste2|1|circulo_r60_xc160_yc120|0|0|202|81|0.000000|0.000000|0.000000|0.000000|0.000000|-900.893112|202.000000|175.604181|-26.395819|0.000000|-45.044656|-45.044656|
20170502_151040|51456|230|12.987013|1|Caçula|1|circulo_r60_xc160_yc120|0|0|64536|81|0.000000|0.000000|0.000000|0.000000|0.000000|-2196628.251662|64536.000000|175.642801|-64360.357199|0.000000|-255.000000|-255.000000|
20170502_151040|51528|232|12.987013|1|CarroTeste|0|circulo_r60_xc160_yc120|0|0|0|0|0.000000|0.000000|0.000000|0.000000|0.000000|0.000000|0.000000|0.000000|0.000000|0.000000|0.000000|0.000000|
20170502_151040|51530|232|12.987013|1|CarroTeste2|1|circulo_r60_xc160_yc120|0|0|202|81|0.000000|0.000000|0.000000|0.000000|0.000000|-875.412180|202.000000|176.350762|-25.649238|0.000000|-43.770609|-43.770609|
20170502_151040|51532|232|12.987013|1|Caçula|1|circulo_r60_xc160_yc120|0|0|64536|81|0.000000|0.000000|0.000000|0.000000|0.000000|-2196603.442017|64536.000000|176.369722|-64359.630278|0.000000|-255.000000|-255.000000|
20170502_151040|51605|234|12.987013|1|CarroTeste|0|circulo_r60_xc160_yc120|0|0|0|0|0.000000|0.000000|0.000000|0.000000|0.000000|0.000000|0.000000|0.000000|0.000000|0.000000|0.000000|0.000000|
20170502_151040|51608|234|12.987013|1|CarroTeste2|1|circulo_r60_xc160_yc120|0|0|203|81|0.000000|0.000000|0.000000|0.000000|0.000000|-884.861231|203.000000|177.073908|-25.926092|0.000000|-44.243062|-44.243062|
20170502_151040|51610|234|12.987013|1|Caçula|1|circulo_r60_xc160_yc120|0|0|64536|81|0.000000|0.000000|0.000000|0.000000|0.000000|-2196578.455244|64536.000000|177.101796|-64358.898204|0.000000|-255.000000|-255.000000|
20170502_151040|51681|236|12.987013|1|CarroTeste|0|circulo_r60_xc160_yc120|0|0|0|0|0.000000|0.000000|0.000000|0.000000|0.000000|0.000000|0.000000|0.000000|0.000000|0.000000|0.000000|0.000000|
20170502_151040|51685|236|12.987013|1|CarroTeste2|1|circulo_r60_xc160_yc120|0|0|202|81|0.000000|0.000000|0.000000|0.000000|0.000000|-826.851944|202.000000|177.773559|-24.226441|0.000000|-41.342597|-41.342597|
20170502_151040|51687|236|12.987013|1|Caçula|1|circulo_r60_xc160_yc120|0|0|64536|81|0.000000|0.000000|0.000000|0.000000|0.000000|-2196554.285503|64536.000000|177.809983|-64358.190017|0.000000|-255.000000|-255.000000|
20170502_151040|51758|238|12.987013|1|CarroTeste|0|circulo_r60_xc160_yc120|0|0|0|0|0.000000|0.000000|0.000000|0.000000|0.000000|0.000000|0.000000|0.000000|0.000000|0.000000|0.000000|0.000000|
20170502_151040|51760|238|12.987013|1|CarroTeste2|1|circulo_r60_xc160_yc120|0|0|203|81|0.000000|0.000000|0.000000|0.000000|0.000000|-837.296606|203.000000|178.467534|-24.532466|0.000000|-41.864830|-41.864830|
20170502_151040|51763|238|12.987013|1|Caçula|1|circulo_r60_xc160_yc120|0|0|64536|81|0.000000|0.000000|0.000000|0.000000|0.000000|-2196530.930676|64536.000000|178.494260|-64357.505740|0.000000|-255.000000|-255.000000|
20170502_151040|51837|240|12.987013|1|CarroTeste|0|circulo_r60_xc160_yc120|0|0|0|0|0.000000|0.000000|0.000000|0.000000|0.000000|0.000000|0.000000|0.000000|0.000000|0.000000|0.000000|0.000000|
20170502_151040|51839|240|12.987013|1|CarroTeste2|1|circulo_r60_xc160_yc120|0|0|202|81|0.000000|0.000000|0.000000|0.000000|0.000000|-779.417931|202.000000|179.163357|-22.836643|0.000000|-38.970897|-38.970897|
20170502_151040|51842|240|12.987013|1|Caçula|1|circulo_r60_xc160_yc120|0|0|64536|81|0.000000|0.000000|0.000000|0.000000|0.000000|-2196507.500473|64536.000000|179.180755|-64356.819245|0.000000|-255.000000|-255.000000|
20170502_151040|51914|242|12.987013|1|CarroTeste|0|circulo_r60_xc160_yc120|0|0|0|0|0.000000|0.000000|0.000000|0.000000|0.000000|0.000000|0.000000|0.000000|0.000000|0.000000|0.000000|0.000000|
20170502_151040|51917|242|12.987013|1|CarroTeste2|1|circulo_r60_xc160_yc120|0|0|203|81|0.000000|0.000000|0.000000|0.000000|0.000000|-790.958820|203.000000|179.825213|-23.174787|0.000000|-39.547941|-39.547941|
20170502_151040|51920|242|12.987013|1|Caçula|1|circulo_r60_xc160_yc120|0|0|64536|81|0.000000|0.000000|0.000000|0.000000|0.000000|-2196484.636088|64536.000000|179.850665|-64356.149335|0.000000|-255.000000|-255.000000|
20170502_151040|51992|244|12.987013|1|CarroTeste|0|circulo_r60_xc160_yc120|0|0|0|0|0.000000|0.000000|0.000000|0.000000|0.000000|0.000000|0.000000|0.000000|0.000000|0.000000|0.000000|0.000000|
20170502_151040|51994|244|12.987013|1|CarroTeste2|1|circulo_r60_xc160_yc120|0|0|202|81|0.000000|0.000000|0.000000|0.000000|0.000000|-734.527445|202.000000|180.478631|-21.521369|0.000000|-36.726372|-36.726372|
20170502_151040|51996|244|12.987013|1|Caçula|1|circulo_r60_xc160_yc120|0|0|64536|81|0.000000|0.000000|0.000000|0.000000|0.000000|-2196462.639930|64536.000000|180.495155|-64355.504845|0.000000|-255.000000|-255.000000|
20170502_151040|52069|246|12.987013|1|CarroTeste|0|circulo_r60_xc160_yc120|0|0|0|0|0.000000|0.000000|0.000000|0.000000|0.000000|0.000000|0.000000|0.000000|0.000000|0.000000|0.000000|0.000000|
20170502_151040|52072|246|12.987013|1|CarroTeste2|1|circulo_r60_xc160_yc120|0|0|202|81|0.000000|0.000000|0.000000|0.000000|0.000000|-712.830501|202.000000|181.114342|-20.885658|0.000000|-35.641525|-35.641525|
20170502_151040|52075|246|12.987013|1|Caçula|1|circulo_r60_xc160_yc120|0|0|64536|81|0.000000|0.000000|0.000000|0.000000|0.000000|-2196440.958886|64536.000000|181.130405|-64354.869595|0.000000|-255.000000|-255.000000|
20170502_151040|52149|248|12.987013|1|CarroTeste|0|circulo_r60_xc160_yc120|0|0|0|0|0.000000|0.000000|0.000000|0.000000|0.000000|0.000000|0.000000|0.000000|0.000000|0.000000|0.000000|0.000000|
20170502_151040|52153|248|12.987013|1|CarroTeste2|1|circulo_r60_xc160_yc120|0|0|202|81|0.000000|0.000000|0.000000|0.000000|0.000000|-691.224633|202.000000|181.747386|-20.252614|0.000000|-34.561232|-34.561232|
20170502_151040|52156|248|12.987013|1|Caçula|1|circulo_r60_xc160_yc120|0|0|64536|81|0.000000|0.000000|0.000000|0.000000|0.000000|-2196418.838363|64536.000000|181.778524|-64354.221476|0.000000|-255.000000|-255.000000|
20170502_151040|52225|250|12.987013|1|CarroTeste|0|circulo_r60_xc160_yc120|0|0|0|0|0.000000|0.000000|0.000000|0.000000|0.000000|0.000000|0.000000|0.000000|0.000000|0.000000|0.000000|0.000000|
20170502_151040|52228|250|12.987013|1|CarroTeste2|1|circulo_r60_xc160_yc120|0|0|202|81|0.000000|0.000000|0.000000|0.000000|0.000000|-671.581877|202.000000|182.322911|-19.677089|0.000000|-33.579094|-33.579094|
20170502_151040|52230|250|12.987013|1|Caçula|1|circulo_r60_xc160_yc120|0|0|64536|81|0.000000|0.000000|0.000000|0.000000|0.000000|-2196399.485309|64536.000000|182.345564|-64353.654436|0.000000|-255.000000|-255.000000|
20170502_151040|52304|252|12.987013|1|CarroTeste|0|circulo_r60_xc160_yc120|0|0|0|0|0.000000|0.000000|0.000000|0.000000|0.000000|0.000000|0.000000|0.000000|0.000000|0.000000|0.000000|0.000000|
20170502_151040|52306|252|12.987013|1|CarroTeste2|1|circulo_r60_xc160_yc120|0|0|202|81|0.000000|0.000000|0.000000|0.000000|0.000000|-651.550430|202.000000|182.909825|-19.090175|0.000000|-32.577522|-32.577522|
20170502_151040|52308|252|12.987013|1|Caçula|1|circulo_r60_xc160_yc120|0|0|64536|81|0.000000|0.000000|0.000000|0.000000|0.000000|-2196379.728498|64536.000000|182.924422|-64353.075578|0.000000|-255.000000|-255.000000|
20170502_151041|52381|254|12.987013|1|CarroTeste|0|circulo_r60_xc160_yc120|0|0|0|0|0.000000|0.000000|0.000000|0.000000|0.000000|0.000000|0.000000|0.000000|0.000000|0.000000|0.000000|0.000000|
20170502_151041|52385|254|12.987013|1|CarroTeste2|1|circulo_r60_xc160_yc120|0|0|202|81|0.000000|0.000000|0.000000|0.000000|0.000000|-632.693351|202.000000|183.462330|-18.537670|0.000000|-31.634668|-31.634668|
20170502_151041|52388|254|12.987013|1|Caçula|1|circulo_r60_xc160_yc120|0|0|64536|81|0.000000|0.000000|0.000000|0.000000|0.000000|-2196360.408318|64536.000000|183.490495|-64352.509505|0.000000|-255.000000|-255.000000|
20170502_151041|52460|256|12.987013|1|CarroTeste|0|circulo_r60_xc160_yc120|0|0|0|0|0.000000|0.000000|0.000000|0.000000|0.000000|0.000000|0.000000|0.000000|0.000000|0.000000|0.000000|0.000000|
20170502_151041|52462|256|12.987013|1|CarroTeste2|1|circulo_r60_xc160_yc120|0|0|202|81|0.000000|0.000000|0.000000|0.000000|0.000000|-614.047850|202.000000|184.008636|-17.991364|0.000000|-30.702393|-30.702393|
20170502_151041|52464|256|12.987013|1|Caçula|1|circulo_r60_xc160_yc120|0|0|64536|81|0.000000|0.000000|0.000000|0.000000|0.000000|-2196342.261856|64536.000000|184.022192|-64351.977808|0.000000|-255.000000|-255.000000|
20170502_151041|52538|258|12.987013|1|CarroTeste|0|circulo_r60_xc160_yc120|0|0|0|0|0.000000|0.000000|0.000000|0.000000|0.000000|0.000000|0.000000|0.000000|0.000000|0.000000|0.000000|0.000000|
20170502_151041|52541|258|12.987013|1|CarroTeste2|1|circulo_r60_xc160_yc120|0|0|202|81|0.000000|0.000000|0.000000|0.000000|0.000000|-596.351320|202.000000|184.527137|-17.472863|0.000000|-29.817566|-29.817566|
20170502_151041|52543|258|12.987013|1|Caçula|1|circulo_r60_xc160_yc120|0|0|64536|81|0.000000|0.000000|0.000000|0.000000|0.000000|-2196324.361210|64536.000000|184.546659|-64351.453341|0.000000|-255.000000|-255.000000|
20170502_151041|52618|260|12.987013|1|CarroTeste|0|circulo_r60_xc160_yc120|0|0|0|0|0.000000|0.000000|0.000000|0.000000|0.000000|0.000000|0.000000|0.000000|0.000000|0.000000|0.000000|0.000000|
20170502_151041|52621|260|12.987013|1|CarroTeste2|1|circulo_r60_xc160_yc120|0|0|202|81|0.000000|0.000000|0.000000|0.000000|0.000000|-578.740424|202.000000|185.043130|-16.956870|0.000000|-28.937021|-28.937021|
20170502_151041|52624|260|12.987013|1|Caçula|1|circulo_r60_xc160_yc120|0|0|64536|81|0.000000|0.000000|0.000000|0.000000|0.000000|-2196306.992177|64536.000000|185.055577|-64350.944423|0.000000|-255.000000|-255.000000|
20170502_151041|52692|262|12.987013|1|CarroTeste|0|circulo_r60_xc160_yc120|0|0|0|0|0.000000|0.000000|0.000000|0.000000|0.000000|0.000000|0.000000|0.000000|0.000000|0.000000|0.000000|0.000000|
20170502_151041|52695|262|12.987013|1|CarroTeste2|1|circulo_r60_xc160_yc120|0|0|202|81|0.000000|0.000000|0.000000|0.000000|0.000000|-563.347665|202.000000|185.494132|-16.505868|0.000000|-28.167383|-28.167383|
20170502_151041|52698|262|12.987013|1|Caçula|1|circulo_r60_xc160_yc120|0|0|64536|81|0.000000|0.000000|0.000000|0.000000|0.000000|-2196291.414864|64536.000000|185.511999|-64350.488001|0.000000|-255.000000|-255.000000|
20170502_151041|52774|264|12.987013|1|CarroTeste|0|circulo_r60_xc160_yc120|0|0|0|0|0.000000|0.000000|0.000000|0.000000|0.000000|0.000000|0.000000|0.000000|0.000000|0.000000|0.000000|0.000000|
20170502_151041|52777|264|12.987013|1|CarroTeste2|1|circulo_r60_xc160_yc120|0|0|202|81|0.000000|0.000000|0.000000|0.000000|0.000000|-547.275499|202.000000|185.965040|-16.034960|0.000000|-27.363775|-27.363775|
20170502_151041|52779|264|12.987013|1|Caçula|1|circulo_r60_xc160_yc120|0|0|64536|81|0.000000|0.000000|0.000000|0.000000|0.000000|-2196275.372320|64536.000000|185.982019|-64350.017981|0.000000|-255.000000|-255.000000|
20170502_151041|52850|266|12.987013|1|CarroTeste|0|circulo_r60_xc160_yc120|0|0|0|0|0.000000|0.000000|0.000000|0.000000|0.000000|0.000000|0.000000|0.000000|0.000000|0.000000|0.000000|0.000000|
20170502_151041|52853|266|12.987013|1|CarroTeste2|1|circulo_r60_xc160_yc120|0|0|202|81|0.000000|0.000000|0.000000|0.000000|0.000000|-532.946516|202.000000|186.384874|-15.615126|0.000000|-26.647326|-26.647326|
20170502_151041|52855|266|12.987013|1|Caçula|1|circulo_r60_xc160_yc120|0|0|64536|81|0.000000|0.000000|0.000000|0.000000|0.000000|-2196261.072787|64536.000000|186.401004|-64349.598996|0.000000|-255.000000|-255.000000|
