TimeStamp|Ticks|FrameNum|FPS|LogaDados|Robo|achou|trajetoria|Xd|Yd|Xa|Ya|DistMelhorPonto|velAtual|velAtualDerivSuja|velDesejada|erroVel|SaidaControleLinear|angAtual|angDesejado|erroAng|SaidaControleAngular|SinalDeControle1|SinalDeControle2|
20170128_200524|14904|85|0,067132|1|CarroTeste|0|circulo_r68_xc160_yc120|0|0|0|0|2,000000|0,000000|0,000000|0,000000|0,000000|0,000000|0,000000|0,000000|0,000000|0,000000|0,000000|36,000000|
20170128_200524|14910|85|0,067132|1|CarroTeste2|0|circulo_r68_xc160_yc120|0|0|0|0|2,000000|0,000000|0,000000|0,000000|0,000000|0,000000|0,000000|0,000000|0,000000|0,000000|0,000000|36,000000|
20170128_200524|14947|87|22,727273|1|CarroTeste|0|circulo_r68_xc160_yc120|0|0|0|0|0,000000|0,000000|0,000000|0,000000|0,000000|0,000000|0,000000|0,000000|0,000000|0,000000|0,000000|36,000002|
20170128_200524|14953|87|22,727273|1|CarroTeste2|0|circulo_r68_xc160_yc120|0|0|0|0|0,000000|0,000000|0,000000|0,000000|0,000000|0,000000|0,000000|0,000000|0,000000|0,000000|0,000000|36,000002|
20170128_200524|14993|89|22,222222|1|CarroTeste|0|circulo_r68_xc160_yc120|0|0|0|0|0,000000|0,000000|0,000000|0,000000|0,000000|0,000000|0,000000|0,000000|0,000000|0,000000|0,000000|36,000002|
20170128_200524|14999|89|22,222222|1|CarroTeste2|0|circulo_r68_xc160_yc120|0|0|0|0|0,000000|0,000000|0,000000|0,000000|0,000000|0,000000|0,000000|0,000000|0,000000|0,000000|0,000000|36,000002|
20170128_200524|15041|91|21,739130|1|CarroTeste|0|circulo_r68_xc160_yc120|0|0|0|0|0,000000|0,000000|0,000000|0,000000|0,000000|0,000000|0,000000|0,000000|0,000000|0,000000|0,000000|36,000002|
20170128_200524|15046|91|21,739130|1|CarroTeste2|0|circulo_r68_xc160_yc120|0|0|0|0|0,000000|0,000000|0,000000|0,000000|0,000000|0,000000|0,000000|0,000000|0,000000|0,000000|0,000000|36,000002|
20170128_200524|15087|93|21,739130|1|CarroTeste|0|circulo_r68_xc160_yc120|0|0|0|0|0,000000|0,000000|0,000000|0,000000|0,000000|0,000000|0,000000|0,000000|0,000000|0,000000|0,000000|36,000002|
20170128_200524|15093|93|21,739130|1|CarroTeste2|0|circulo_r68_xc160_yc120|0|0|0|0|0,000000|0,000000|0,000000|0,000000|0,000000|0,000000|0,000000|0,000000|0,000000|0,000000|0,000000|36,000002|
20170128_200524|15133|95|22,222222|1|CarroTeste|0|circulo_r68_xc160_yc120|0|0|0|0|0,000000|0,000000|0,000000|0,000000|0,000000|0,000000|0,000000|0,000000|0,000000|0,000000|0,000000|0,000000|
20170128_200524|15139|95|22,222222|1|CarroTeste2|0|circulo_r68_xc160_yc120|0|0|0|0|0,000000|0,000000|0,000000|0,000000|0,000000|0,000000|0,000000|0,000000|0,000000|0,000000|0,000000|0,000000|
20170128_200525|15181|97|21,276596|1|CarroTeste|0|circulo_r68_xc160_yc120|0|0|0|0|0,000000|0,000000|0,000000|0,000000|0,000000|0,000000|0,000000|0,000000|0,000000|0,000000|0,000000|0,000000|
20170128_200525|15187|97|21,276596|1|CarroTeste2|0|circulo_r68_xc160_yc120|0|0|0|0|0,000000|0,000000|0,000000|0,000000|0,000000|0,000000|0,000000|0,000000|0,000000|0,000000|0,000000|0,000000|
20170128_200525|15227|99|22,222222|1|CarroTeste|0|circulo_r68_xc160_yc120|0|0|0|0|0,000000|0,000000|0,000000|0,000000|0,000000|0,000000|0,000000|0,000000|0,000000|0,000000|0,000000|0,000000|
20170128_200525|15233|99|22,222222|1|CarroTeste2|0|circulo_r68_xc160_yc120|0|0|0|0|0,000000|0,000000|0,000000|0,000000|0,000000|0,000000|0,000000|0,000000|0,000000|0,000000|0,000000|0,000000|
20170128_200525|15276|101|20,833333|1|CarroTeste|0|circulo_r68_xc160_yc120|0|0|0|0|0,000000|0,000000|0,000000|0,000000|0,000000|0,000000|0,000000|0,000000|0,000000|0,000000|0,000000|0,000000|
20170128_200525|15282|101|20,833333|1|CarroTeste2|0|circulo_r68_xc160_yc120|0|0|0|0|0,000000|0,000000|0,000000|0,000000|0,000000|0,000000|0,000000|0,000000|0,000000|0,000000|0,000000|0,000000|
20170128_200525|15322|103|22,727273|1|CarroTeste|0|circulo_r68_xc160_yc120|0|0|0|0|0,000000|0,000000|0,000000|0,000000|0,000000|0,000000|0,000000|0,000000|0,000000|0,000000|0,000000|0,000000|
20170128_200525|15328|103|22,727273|1|CarroTeste2|0|circulo_r68_xc160_yc120|0|0|0|0|0,000000|0,000000|0,000000|0,000000|0,000000|0,000000|0,000000|0,000000|0,000000|0,000000|0,000000|0,000000|
20170128_200525|15369|105|21,739130|1|CarroTeste|0|circulo_r68_xc160_yc120|0|0|0|0|0,000000|0,000000|0,000000|0,000000|0,000000|0,000000|0,000000|0,000000|0,000000|0,000000|0,000000|0,000000|
20170128_200525|15376|105|21,739130|1|CarroTeste2|0|circulo_r68_xc160_yc120|0|0|0|0|0,000000|0,000000|0,000000|0,000000|0,000000|0,000000|0,000000|0,000000|0,000000|0,000000|0,000000|0,000000|
20170128_200525|15415|107|22,222222|1|CarroTeste|0|circulo_r68_xc160_yc120|0|0|0|0|0,000000|0,000000|0,000000|0,000000|0,000000|0,000000|0,000000|0,000000|0,000000|0,000000|0,000000|0,000000|
20170128_200525|15421|107|22,222222|1|CarroTeste2|0|circulo_r68_xc160_yc120|0|0|0|0|0,000000|0,000000|0,000000|0,000000|0,000000|0,000000|0,000000|0,000000|0,000000|0,000000|0,000000|0,000000|
20170128_200525|15463|109|21,276596|1|CarroTeste|0|circulo_r68_xc160_yc120|0|0|0|0|0,000000|0,000000|0,000000|0,000000|0,000000|0,000000|0,000000|0,000000|0,000000|0,000000|0,000000|0,000000|
20170128_200525|15469|109|21,276596|1|CarroTeste2|0|circulo_r68_xc160_yc120|0|0|0|0|0,000000|0,000000|0,000000|0,000000|0,000000|0,000000|0,000000|0,000000|0,000000|0,000000|0,000000|0,000000|
20170128_200525|15508|111|22,727273|1|CarroTeste|0|circulo_r68_xc160_yc120|0|0|0|0|0,000000|0,000000|0,000000|0,000000|0,000000|0,000000|0,000000|0,000000|0,000000|0,000000|0,000000|0,000000|
20170128_200525|15513|111|22,727273|1|CarroTeste2|0|circulo_r68_xc160_yc120|0|0|0|0|0,000000|0,000000|0,000000|0,000000|0,000000|0,000000|0,000000|0,000000|0,000000|0,000000|0,000000|0,000000|
20170128_200525|15557|113|20,833333|1|CarroTeste|0|circulo_r68_xc160_yc120|0|0|0|0|0,000000|0,000000|0,000000|0,000000|0,000000|0,000000|0,000000|0,000000|0,000000|0,000000|0,000000|0,000000|
20170128_200525|15564|113|20,833333|1|CarroTeste2|0|circulo_r68_xc160_yc120|0|0|0|0|0,000000|0,000000|0,000000|0,000000|0,000000|0,000000|0,000000|0,000000|0,000000|0,000000|0,000000|0,000000|
20170128_200525|15603|115|22,727273|1|CarroTeste|0|circulo_r68_xc160_yc120|0|0|0|0|0,000000|0,000000|0,000000|0,000000|0,000000|0,000000|0,000000|0,000000|0,000000|0,000000|0,000000|0,000000|
20170128_200525|15609|115|22,727273|1|CarroTeste2|0|circulo_r68_xc160_yc120|0|0|0|0|0,000000|0,000000|0,000000|0,000000|0,000000|0,000000|0,000000|0,000000|0,000000|0,000000|0,000000|0,000000|
20170128_200525|15650|117|21,276596|1|CarroTeste|0|circulo_r68_xc160_yc120|0|0|0|0|0,000000|0,000000|0,000000|0,000000|0,000000|0,000000|0,000000|0,000000|0,000000|0,000000|0,000000|0,000000|
20170128_200525|15657|117|21,276596|1|CarroTeste2|0|circulo_r68_xc160_yc120|0|0|0|0|0,000000|0,000000|0,000000|0,000000|0,000000|0,000000|0,000000|0,000000|0,000000|0,000000|0,000000|0,000000|
20170128_200525|15694|119|23,255814|1|CarroTeste|0|circulo_r68_xc160_yc120|0|0|0|0|0,000000|0,000000|0,000000|0,000000|0,000000|0,000000|0,000000|0,000000|0,000000|0,000000|0,000000|0,000000|
20170128_200525|15700|119|23,255814|1|CarroTeste2|0|circulo_r68_xc160_yc120|0|0|0|0|0,000000|0,000000|0,000000|0,000000|0,000000|0,000000|0,000000|0,000000|0,000000|0,000000|0,000000|0,000000|
20170128_200525|15744|121|20,408163|1|CarroTeste|0|circulo_r68_xc160_yc120|0|0|0|0|0,000000|0,000000|0,000000|0,000000|0,000000|0,000000|0,000000|0,000000|0,000000|0,000000|0,000000|0,000000|
20170128_200525|15751|121|20,408163|1|CarroTeste2|0|circulo_r68_xc160_yc120|0|0|0|0|0,000000|0,000000|0,000000|0,000000|0,000000|0,000000|0,000000|0,000000|0,000000|0,000000|0,000000|0,000000|
20170128_200525|15788|123|22,727273|1|CarroTeste|0|circulo_r68_xc160_yc120|0|0|0|0|0,000000|0,000000|0,000000|0,000000|0,000000|0,000000|0,000000|0,000000|0,000000|0,000000|0,000000|0,000000|
20170128_200525|15795|123|22,727273|1|CarroTeste2|0|circulo_r68_xc160_yc120|0|0|0|0|0,000000|0,000000|0,000000|0,000000|0,000000|0,000000|0,000000|0,000000|0,000000|0,000000|0,000000|0,000000|
20170128_200525|15837|125|20,833333|1|CarroTeste|0|circulo_r68_xc160_yc120|0|0|0|0|0,000000|0,000000|0,000000|0,000000|0,000000|0,000000|0,000000|0,000000|0,000000|0,000000|0,000000|0,000000|
20170128_200525|15844|125|20,833333|1|CarroTeste2|0|circulo_r68_xc160_yc120|0|0|0|0|0,000000|0,000000|0,000000|0,000000|0,000000|0,000000|0,000000|0,000000|0,000000|0,000000|0,000000|0,000000|
20170128_200525|15883|127|21,739130|1|CarroTeste|0|circulo_r68_xc160_yc120|0|0|0|0|0,000000|0,000000|0,000000|0,000000|0,000000|0,000000|0,000000|0,000000|0,000000|0,000000|0,000000|0,000000|
20170128_200525|15890|127|21,739130|1|CarroTeste2|0|circulo_r68_xc160_yc120|0|0|0|0|0,000000|0,000000|0,000000|0,000000|0,000000|0,000000|0,000000|0,000000|0,000000|0,000000|0,000000|0,000000|
20170128_200525|15932|129|21,276596|1|CarroTeste|0|circulo_r68_xc160_yc120|0|0|0|0|0,000000|0,000000|0,000000|0,000000|0,000000|0,000000|0,000000|0,000000|0,000000|0,000000|0,000000|0,000000|
20170128_200525|15938|129|21,276596|1|CarroTeste2|0|circulo_r68_xc160_yc120|0|0|0|0|0,000000|0,000000|0,000000|0,000000|0,000000|0,000000|0,000000|0,000000|0,000000|0,000000|0,000000|0,000000|
20170128_200525|15977|131|22,727273|1|CarroTeste|0|circulo_r68_xc160_yc120|0|0|0|0|0,000000|0,000000|0,000000|0,000000|0,000000|0,000000|0,000000|0,000000|0,000000|0,000000|0,000000|0,000000|
20170128_200525|15983|131|22,727273|1|CarroTeste2|0|circulo_r68_xc160_yc120|0|0|0|0|0,000000|0,000000|0,000000|0,000000|0,000000|0,000000|0,000000|0,000000|0,000000|0,000000|0,000000|0,000000|
20170128_200525|16025|133|21,276596|1|CarroTeste|0|circulo_r68_xc160_yc120|0|0|0|0|0,000000|0,000000|0,000000|0,000000|0,000000|0,000000|0,000000|0,000000|0,000000|0,000000|0,000000|0,000000|
20170128_200525|16032|133|21,276596|1|CarroTeste2|0|circulo_r68_xc160_yc120|0|0|0|0|0,000000|0,000000|0,000000|0,000000|0,000000|0,000000|0,000000|0,000000|0,000000|0,000000|0,000000|0,000000|
20170128_200525|16071|135|22,222222|1|CarroTeste|0|circulo_r68_xc160_yc120|0|0|0|0|0,000000|0,000000|0,000000|0,000000|0,000000|0,000000|0,000000|0,000000|0,000000|0,000000|0,000000|0,000000|
20170128_200525|16078|135|22,222222|1|CarroTeste2|0|circulo_r68_xc160_yc120|0|0|0|0|0,000000|0,000000|0,000000|0,000000|0,000000|0,000000|0,000000|0,000000|0,000000|0,000000|0,000000|0,000000|
20170128_200525|16119|137|21,276596|1|CarroTeste|0|circulo_r68_xc160_yc120|0|0|0|0|0,000000|0,000000|0,000000|0,000000|0,000000|0,000000|0,000000|0,000000|0,000000|0,000000|0,000000|0,000000|
20170128_200525|16127|137|21,276596|1|CarroTeste2|0|circulo_r68_xc160_yc120|0|0|0|0|0,000000|0,000000|0,000000|0,000000|0,000000|0,000000|0,000000|0,000000|0,000000|0,000000|0,000000|0,000000|
20170128_200526|16166|139|21,739130|1|CarroTeste|0|circulo_r68_xc160_yc120|0|0|0|0|0,000000|0,000000|0,000000|0,000000|0,000000|0,000000|0,000000|0,000000|0,000000|0,000000|0,000000|0,000000|
20170128_200526|16173|139|21,739130|1|CarroTeste2|0|circulo_r68_xc160_yc120|0|0|0|0|0,000000|0,000000|0,000000|0,000000|0,000000|0,000000|0,000000|0,000000|0,000000|0,000000|0,000000|0,000000|
20170128_200526|16211|141|22,222222|1|CarroTeste|0|circulo_r68_xc160_yc120|0|0|0|0|0,000000|0,000000|0,000000|0,000000|0,000000|0,000000|0,000000|0,000000|0,000000|0,000000|0,000000|0,000000|
20170128_200526|16219|141|22,222222|1|CarroTeste2|0|circulo_r68_xc160_yc120|0|0|0|0|0,000000|0,000000|0,000000|0,000000|0,000000|0,000000|0,000000|0,000000|0,000000|0,000000|0,000000|0,000000|
20170128_200526|16257|143|22,222222|1|CarroTeste|0|circulo_r68_xc160_yc120|0|0|0|0|0,000000|0,000000|0,000000|0,000000|0,000000|0,000000|0,000000|0,000000|0,000000|0,000000|0,000000|0,000000|
20170128_200526|16264|143|22,222222|1|CarroTeste2|0|circulo_r68_xc160_yc120|0|0|0|0|0,000000|0,000000|0,000000|0,000000|0,000000|0,000000|0,000000|0,000000|0,000000|0,000000|0,000000|0,000000|
20170128_200526|16306|145|20,833333|1|CarroTeste|0|circulo_r68_xc160_yc120|0|0|0|0|0,000000|0,000000|0,000000|0,000000|0,000000|0,000000|0,000000|0,000000|0,000000|0,000000|0,000000|0,000000|
20170128_200526|16314|145|20,833333|1|CarroTeste2|0|circulo_r68_xc160_yc120|0|0|0|0|0,000000|0,000000|0,000000|0,000000|0,000000|0,000000|0,000000|0,000000|0,000000|0,000000|0,000000|0,000000|
20170128_200526|16352|147|22,222222|1|CarroTeste|0|circulo_r68_xc160_yc120|0|0|0|0|0,000000|0,000000|0,000000|0,000000|0,000000|0,000000|0,000000|0,000000|0,000000|0,000000|0,000000|0,000000|
20170128_200526|16358|147|22,222222|1|CarroTeste2|0|circulo_r68_xc160_yc120|0|0|0|0|0,000000|0,000000|0,000000|0,000000|0,000000|0,000000|0,000000|0,000000|0,000000|0,000000|0,000000|0,000000|
20170128_200526|16399|149|21,739130|1|CarroTeste|0|circulo_r68_xc160_yc120|0|0|0|0|0,000000|0,000000|0,000000|0,000000|0,000000|0,000000|0,000000|0,000000|0,000000|0,000000|0,000000|0,000000|
20170128_200526|16407|149|21,739130|1|CarroTeste2|0|circulo_r68_xc160_yc120|0|0|0|0|0,000000|0,000000|0,000000|0,000000|0,000000|0,000000|0,000000|0,000000|0,000000|0,000000|0,000000|0,000000|
20170128_200526|16446|151|21,276596|1|CarroTeste|0|circulo_r68_xc160_yc120|0|0|0|0|0,000000|0,000000|0,000000|0,000000|0,000000|0,000000|0,000000|0,000000|0,000000|0,000000|0,000000|0,000000|
20170128_200526|16454|151|21,276596|1|CarroTeste2|0|circulo_r68_xc160_yc120|0|0|0|0|0,000000|0,000000|0,000000|0,000000|0,000000|0,000000|0,000000|0,000000|0,000000|0,000000|0,000000|0,000000|
20170128_200526|16493|153|21,739130|1|CarroTeste|0|circulo_r68_xc160_yc120|0|0|0|0|0,000000|0,000000|0,000000|0,000000|0,000000|0,000000|0,000000|0,000000|0,000000|0,000000|0,000000|0,000000|
20170128_200526|16501|153|21,739130|1|CarroTeste2|0|circulo_r68_xc160_yc120|0|0|0|0|0,000000|0,000000|0,000000|0,000000|0,000000|0,000000|0,000000|0,000000|0,000000|0,000000|0,000000|0,000000|
20170128_200526|16540|155|21,739130|1|CarroTeste|0|circulo_r68_xc160_yc120|0|0|0|0|0,000000|0,000000|0,000000|0,000000|0,000000|0,000000|0,000000|0,000000|0,000000|0,000000|0,000000|0,000000|
20170128_200526|16549|155|21,739130|1|CarroTeste2|0|circulo_r68_xc160_yc120|0|0|0|0|0,000000|0,000000|0,000000|0,000000|0,000000|0,000000|0,000000|0,000000|0,000000|0,000000|0,000000|0,000000|
20170128_200526|16587|157|21,739130|1|CarroTeste|0|circulo_r68_xc160_yc120|0|0|0|0|0,000000|0,000000|0,000000|0,000000|0,000000|0,000000|0,000000|0,000000|0,000000|0,000000|0,000000|0,000000|
20170128_200526|16596|157|21,739130|1|CarroTeste2|0|circulo_r68_xc160_yc120|0|0|0|0|0,000000|0,000000|0,000000|0,000000|0,000000|0,000000|0,000000|0,000000|0,000000|0,000000|0,000000|0,000000|
20170128_200526|16633|159|22,222222|1|CarroTeste|0|circulo_r68_xc160_yc120|0|0|0|0|0,000000|0,000000|0,000000|0,000000|0,000000|0,000000|0,000000|0,000000|0,000000|0,000000|0,000000|0,000000|
20170128_200526|16642|159|22,222222|1|CarroTeste2|0|circulo_r68_xc160_yc120|0|0|0|0|0,000000|0,000000|0,000000|0,000000|0,000000|0,000000|0,000000|0,000000|0,000000|0,000000|0,000000|0,000000|
20170128_200526|16681|161|21,276596|1|CarroTeste|0|circulo_r68_xc160_yc120|0|0|0|0|0,000000|0,000000|0,000000|0,000000|0,000000|0,000000|0,000000|0,000000|0,000000|0,000000|0,000000|0,000000|
20170128_200526|16691|161|21,276596|1|CarroTeste2|0|circulo_r68_xc160_yc120|0|0|0|0|0,000000|0,000000|0,000000|0,000000|0,000000|0,000000|0,000000|0,000000|0,000000|0,000000|0,000000|0,000000|
20170128_200526|16728|163|21,739130|1|CarroTeste|0|circulo_r68_xc160_yc120|0|0|0|0|0,000000|0,000000|0,000000|0,000000|0,000000|0,000000|0,000000|0,000000|0,000000|0,000000|0,000000|0,000000|
20170128_200526|16738|163|21,739130|1|CarroTeste2|0|circulo_r68_xc160_yc120|0|0|0|0|0,000000|0,000000|0,000000|0,000000|0,000000|0,000000|0,000000|0,000000|0,000000|0,000000|0,000000|0,000000|
20170128_200526|16774|165|22,727273|1|CarroTeste|0|circulo_r68_xc160_yc120|0|0|0|0|0,000000|0,000000|0,000000|0,000000|0,000000|0,000000|0,000000|0,000000|0,000000|0,000000|0,000000|0,000000|
20170128_200526|16783|165|22,727273|1|CarroTeste2|0|circulo_r68_xc160_yc120|0|0|0|0|0,000000|0,000000|0,000000|0,000000|0,000000|0,000000|0,000000|0,000000|0,000000|0,000000|0,000000|0,000000|
20170128_200526|16821|167|21,739130|1|CarroTeste|0|circulo_r68_xc160_yc120|0|0|0|0|0,000000|0,000000|0,000000|0,000000|0,000000|0,000000|0,000000|0,000000|0,000000|0,000000|0,000000|0,000000|
20170128_200526|16831|167|21,739130|1|CarroTeste2|0|circulo_r68_xc160_yc120|0|0|0|0|0,000000|0,000000|0,000000|0,000000|0,000000|0,000000|0,000000|0,000000|0,000000|0,000000|0,000000|0,000000|
20170128_200526|16869|169|21,739130|1|CarroTeste|0|circulo_r68_xc160_yc120|0|0|0|0|0,000000|0,000000|0,000000|0,000000|0,000000|0,000000|0,000000|0,000000|0,000000|0,000000|0,000000|0,000000|
20170128_200526|16879|169|21,739130|1|CarroTeste2|0|circulo_r68_xc160_yc120|0|0|0|0|0,000000|0,000000|0,000000|0,000000|0,000000|0,000000|0,000000|0,000000|0,000000|0,000000|0,000000|0,000000|
20170128_200526|16914|171|22,727273|1|CarroTeste|0|circulo_r68_xc160_yc120|0|0|0|0|0,000000|0,000000|0,000000|0,000000|0,000000|0,000000|0,000000|0,000000|0,000000|0,000000|0,000000|0,000000|
20170128_200526|16924|171|22,727273|1|CarroTeste2|0|circulo_r68_xc160_yc120|0|0|0|0|0,000000|0,000000|0,000000|0,000000|0,000000|0,000000|0,000000|0,000000|0,000000|0,000000|0,000000|0,000000|
20170128_200526|16962|173|21,276596|1|CarroTeste|0|circulo_r68_xc160_yc120|0|0|0|0|0,000000|0,000000|0,000000|0,000000|0,000000|0,000000|0,000000|0,000000|0,000000|0,000000|0,000000|0,000000|
20170128_200526|16971|173|21,276596|1|CarroTeste2|0|circulo_r68_xc160_yc120|0|0|0|0|0,000000|0,000000|0,000000|0,000000|0,000000|0,000000|0,000000|0,000000|0,000000|0,000000|0,000000|0,000000|
20170128_200526|17007|175|22,222222|1|CarroTeste|0|circulo_r68_xc160_yc120|0|0|0|0|0,000000|0,000000|0,000000|0,000000|0,000000|0,000000|0,000000|0,000000|0,000000|0,000000|0,000000|0,000000|
20170128_200526|17015|175|22,222222|1|CarroTeste2|0|circulo_r68_xc160_yc120|0|0|0|0|0,000000|0,000000|0,000000|0,000000|0,000000|0,000000|0,000000|0,000000|0,000000|0,000000|0,000000|0,000000|
20170128_200526|17056|177|20,833333|1|CarroTeste|0|circulo_r68_xc160_yc120|0|0|0|0|0,000000|0,000000|0,000000|0,000000|0,000000|0,000000|0,000000|0,000000|0,000000|0,000000|0,000000|0,000000|
20170128_200526|17066|177|20,833333|1|CarroTeste2|0|circulo_r68_xc160_yc120|0|0|0|0|0,000000|0,000000|0,000000|0,000000|0,000000|0,000000|0,000000|0,000000|0,000000|0,000000|0,000000|0,000000|
20170128_200526|17102|179|22,222222|1|CarroTeste|0|circulo_r68_xc160_yc120|0|0|0|0|0,000000|0,000000|0,000000|0,000000|0,000000|0,000000|0,000000|0,000000|0,000000|0,000000|0,000000|0,000000|
20170128_200526|17112|179|22,222222|1|CarroTeste2|0|circulo_r68_xc160_yc120|0|0|0|0|0,000000|0,000000|0,000000|0,000000|0,000000|0,000000|0,000000|0,000000|0,000000|0,000000|0,000000|0,000000|
20170128_200526|17150|181|21,276596|1|CarroTeste|0|circulo_r68_xc160_yc120|0|0|0|0|0,000000|0,000000|0,000000|0,000000|0,000000|0,000000|0,000000|0,000000|0,000000|0,000000|0,000000|0,000000|
20170128_200526|17161|181|21,276596|1|CarroTeste2|0|circulo_r68_xc160_yc120|0|0|0|0|0,000000|0,000000|0,000000|0,000000|0,000000|0,000000|0,000000|0,000000|0,000000|0,000000|0,000000|0,000000|
20170128_200527|17196|183|22,222222|1|CarroTeste|0|circulo_r68_xc160_yc120|0|0|0|0|0,000000|0,000000|0,000000|0,000000|0,000000|0,000000|0,000000|0,000000|0,000000|0,000000|0,000000|0,000000|
20170128_200527|17205|183|22,222222|1|CarroTeste2|0|circulo_r68_xc160_yc120|0|0|0|0|0,000000|0,000000|0,000000|0,000000|0,000000|0,000000|0,000000|0,000000|0,000000|0,000000|0,000000|0,000000|
20170128_200527|17245|185|20,833333|1|CarroTeste|0|circulo_r68_xc160_yc120|0|0|0|0|0,000000|0,000000|0,000000|0,000000|0,000000|0,000000|0,000000|0,000000|0,000000|0,000000|0,000000|0,000000|
20170128_200527|17255|185|20,833333|1|CarroTeste2|0|circulo_r68_xc160_yc120|0|0|0|0|0,000000|0,000000|0,000000|0,000000|0,000000|0,000000|0,000000|0,000000|0,000000|0,000000|0,000000|0,000000|
20170128_200527|17290|187|22,222222|1|CarroTeste|0|circulo_r68_xc160_yc120|0|0|0|0|0,000000|0,000000|0,000000|0,000000|0,000000|0,000000|0,000000|0,000000|0,000000|0,000000|0,000000|0,000000|
20170128_200527|17301|187|22,222222|1|CarroTeste2|0|circulo_r68_xc160_yc120|0|0|0|0|0,000000|0,000000|0,000000|0,000000|0,000000|0,000000|0,000000|0,000000|0,000000|0,000000|0,000000|0,000000|
20170128_200527|17338|189|21,276596|1|CarroTeste|0|circulo_r68_xc160_yc120|0|0|0|0|0,000000|0,000000|0,000000|0,000000|0,000000|0,000000|0,000000|0,000000|0,000000|0,000000|0,000000|0,000000|
20170128_200527|17349|189|21,276596|1|CarroTeste2|0|circulo_r68_xc160_yc120|0|0|0|0|0,000000|0,000000|0,000000|0,000000|0,000000|0,000000|0,000000|0,000000|0,000000|0,000000|0,000000|0,000000|
20170128_200527|17383|191|22,727273|1|CarroTeste|0|circulo_r68_xc160_yc120|0|0|0|0|0,000000|0,000000|0,000000|0,000000|0,000000|0,000000|0,000000|0,000000|0,000000|0,000000|0,000000|0,000000|
20170128_200527|17394|191|22,727273|1|CarroTeste2|0|circulo_r68_xc160_yc120|0|0|0|0|0,000000|0,000000|0,000000|0,000000|0,000000|0,000000|0,000000|0,000000|0,000000|0,000000|0,000000|0,000000|
20170128_200527|17431|193|21,276596|1|CarroTeste|0|circulo_r68_xc160_yc120|0|0|0|0|0,000000|0,000000|0,000000|0,000000|0,000000|0,000000|0,000000|0,000000|0,000000|0,000000|0,000000|0,000000|
20170128_200527|17443|193|21,276596|1|CarroTeste2|0|circulo_r68_xc160_yc120|0|0|0|0|0,000000|0,000000|0,000000|0,000000|0,000000|0,000000|0,000000|0,000000|0,000000|0,000000|0,000000|0,000000|
20170128_200527|17477|195|22,222222|1|CarroTeste|0|circulo_r68_xc160_yc120|0|0|0|0|0,000000|0,000000|0,000000|0,000000|0,000000|0,000000|0,000000|0,000000|0,000000|0,000000|0,000000|0,000000|
20170128_200527|17488|195|22,222222|1|CarroTeste2|0|circulo_r68_xc160_yc120|0|0|0|0|0,000000|0,000000|0,000000|0,000000|0,000000|0,000000|0,000000|0,000000|0,000000|0,000000|0,000000|0,000000|
20170128_200527|17524|197|21,276596|1|CarroTeste|0|circulo_r68_xc160_yc120|0|0|0|0|0,000000|0,000000|0,000000|0,000000|0,000000|0,000000|0,000000|0,000000|0,000000|0,000000|0,000000|0,000000|
20170128_200527|17536|197|21,276596|1|CarroTeste2|0|circulo_r68_xc160_yc120|0|0|0|0|0,000000|0,000000|0,000000|0,000000|0,000000|0,000000|0,000000|0,000000|0,000000|0,000000|0,000000|0,000000|
20170128_200527|17572|199|21,276596|1|CarroTeste|0|circulo_r68_xc160_yc120|0|0|0|0|0,000000|0,000000|0,000000|0,000000|0,000000|0,000000|0,000000|0,000000|0,000000|0,000000|0,000000|0,000000|
20170128_200527|17584|199|21,276596|1|CarroTeste2|0|circulo_r68_xc160_yc120|0|0|0|0|0,000000|0,000000|0,000000|0,000000|0,000000|0,000000|0,000000|0,000000|0,000000|0,000000|0,000000|0,000000|
20170128_200527|17620|201|21,739130|1|CarroTeste|0|circulo_r68_xc160_yc120|0|0|0|0|0,000000|0,000000|0,000000|0,000000|0,000000|0,000000|0,000000|0,000000|0,000000|0,000000|0,000000|0,000000|
20170128_200527|17631|201|21,739130|1|CarroTeste2|0|circulo_r68_xc160_yc120|0|0|0|0|0,000000|0,000000|0,000000|0,000000|0,000000|0,000000|0,000000|0,000000|0,000000|0,000000|0,000000|0,000000|
20170128_200527|17665|203|22,727273|1|CarroTeste|0|circulo_r68_xc160_yc120|0|0|0|0|0,000000|0,000000|0,000000|0,000000|0,000000|0,000000|0,000000|0,000000|0,000000|0,000000|0,000000|0,000000|
20170128_200527|17678|203|22,727273|1|CarroTeste2|0|circulo_r68_xc160_yc120|0|0|0|0|0,000000|0,000000|0,000000|0,000000|0,000000|0,000000|0,000000|0,000000|0,000000|0,000000|0,000000|0,000000|
20170128_200527|17711|205|22,222222|1|CarroTeste|0|circulo_r68_xc160_yc120|0|0|0|0|0,000000|0,000000|0,000000|0,000000|0,000000|0,000000|0,000000|0,000000|0,000000|0,000000|0,000000|0,000000|
20170128_200527|17722|205|22,222222|1|CarroTeste2|0|circulo_r68_xc160_yc120|0|0|0|0|0,000000|0,000000|0,000000|0,000000|0,000000|0,000000|0,000000|0,000000|0,000000|0,000000|0,000000|0,000000|
20170128_200527|17758|207|21,276596|1|CarroTeste|0|circulo_r68_xc160_yc120|0|0|0|0|0,000000|0,000000|0,000000|0,000000|0,000000|0,000000|0,000000|0,000000|0,000000|0,000000|0,000000|0,000000|
20170128_200527|17770|207|21,276596|1|CarroTeste2|0|circulo_r68_xc160_yc120|0|0|0|0|0,000000|0,000000|0,000000|0,000000|0,000000|0,000000|0,000000|0,000000|0,000000|0,000000|0,000000|0,000000|
20170128_200527|17806|209|21,276596|1|CarroTeste|0|circulo_r68_xc160_yc120|0|0|0|0|0,000000|0,000000|0,000000|0,000000|0,000000|0,000000|0,000000|0,000000|0,000000|0,000000|0,000000|0,000000|
20170128_200527|17818|209|21,276596|1|CarroTeste2|0|circulo_r68_xc160_yc120|0|0|0|0|0,000000|0,000000|0,000000|0,000000|0,000000|0,000000|0,000000|0,000000|0,000000|0,000000|0,000000|0,000000|
20170128_200527|17852|211|22,727273|1|CarroTeste|0|circulo_r68_xc160_yc120|0|0|0|0|0,000000|0,000000|0,000000|0,000000|0,000000|0,000000|0,000000|0,000000|0,000000|0,000000|0,000000|0,000000|
20170128_200527|17863|211|22,727273|1|CarroTeste2|0|circulo_r68_xc160_yc120|0|0|0|0|0,000000|0,000000|0,000000|0,000000|0,000000|0,000000|0,000000|0,000000|0,000000|0,000000|0,000000|0,000000|
20170128_200527|17900|213|20,833333|1|CarroTeste|0|circulo_r68_xc160_yc120|0|0|0|0|0,000000|0,000000|0,000000|0,000000|0,000000|0,000000|0,000000|0,000000|0,000000|0,000000|0,000000|0,000000|
20170128_200527|17912|213|20,833333|1|CarroTeste2|0|circulo_r68_xc160_yc120|0|0|0|0|0,000000|0,000000|0,000000|0,000000|0,000000|0,000000|0,000000|0,000000|0,000000|0,000000|0,000000|0,000000|
20170128_200527|17944|215|22,727273|1|CarroTeste|0|circulo_r68_xc160_yc120|0|0|0|0|0,000000|0,000000|0,000000|0,000000|0,000000|0,000000|0,000000|0,000000|0,000000|0,000000|0,000000|0,000000|
20170128_200527|17956|215|22,727273|1|CarroTeste2|0|circulo_r68_xc160_yc120|0|0|0|0|0,000000|0,000000|0,000000|0,000000|0,000000|0,000000|0,000000|0,000000|0,000000|0,000000|0,000000|0,000000|
20170128_200527|17994|217|20,408163|1|CarroTeste|0|circulo_r68_xc160_yc120|0|0|0|0|0,000000|0,000000|0,000000|0,000000|0,000000|0,000000|0,000000|0,000000|0,000000|0,000000|0,000000|0,000000|
20170128_200527|18006|217|20,408163|1|CarroTeste2|0|circulo_r68_xc160_yc120|0|0|0|0|0,000000|0,000000|0,000000|0,000000|0,000000|0,000000|0,000000|0,000000|0,000000|0,000000|0,000000|0,000000|
20170128_200527|18040|219|22,222222|1|CarroTeste|0|circulo_r68_xc160_yc120|0|0|0|0|0,000000|0,000000|0,000000|0,000000|0,000000|0,000000|0,000000|0,000000|0,000000|0,000000|0,000000|0,000000|
20170128_200527|18052|219|22,222222|1|CarroTeste2|0|circulo_r68_xc160_yc120|0|0|0|0|0,000000|0,000000|0,000000|0,000000|0,000000|0,000000|0,000000|0,000000|0,000000|0,000000|0,000000|0,000000|
20170128_200527|18087|221|21,739130|1|CarroTeste|0|circulo_r68_xc160_yc120|0|0|0|0|0,000000|0,000000|0,000000|0,000000|0,000000|0,000000|0,000000|0,000000|0,000000|0,000000|0,000000|0,000000|
20170128_200527|18101|221|21,739130|1|CarroTeste2|0|circulo_r68_xc160_yc120|0|0|0|0|0,000000|0,000000|0,000000|0,000000|0,000000|0,000000|0,000000|0,000000|0,000000|0,000000|0,000000|0,000000|
20170128_200527|18133|223|22,727273|1|CarroTeste|0|circulo_r68_xc160_yc120|0|0|0|0|0,000000|0,000000|0,000000|0,000000|0,000000|0,000000|0,000000|0,000000|0,000000|0,000000|0,000000|0,000000|
20170128_200527|18145|223|22,727273|1|CarroTeste2|0|circulo_r68_xc160_yc120|0|0|0|0|0,000000|0,000000|0,000000|0,000000|0,000000|0,000000|0,000000|0,000000|0,000000|0,000000|0,000000|0,000000|
20170128_200528|18182|225|20,408163|1|CarroTeste|0|circulo_r68_xc160_yc120|0|0|0|0|0,000000|0,000000|0,000000|0,000000|0,000000|0,000000|0,000000|0,000000|0,000000|0,000000|0,000000|0,000000|
20170128_200528|18194|225|20,408163|1|CarroTeste2|0|circulo_r68_xc160_yc120|0|0|0|0|0,000000|0,000000|0,000000|0,000000|0,000000|0,000000|0,000000|0,000000|0,000000|0,000000|0,000000|0,000000|
20170128_200528|18228|227|22,222222|1|CarroTeste|0|circulo_r68_xc160_yc120|0|0|0|0|0,000000|0,000000|0,000000|0,000000|0,000000|0,000000|0,000000|0,000000|0,000000|0,000000|0,000000|0,000000|
20170128_200528|18240|227|22,222222|1|CarroTeste2|0|circulo_r68_xc160_yc120|0|0|0|0|0,000000|0,000000|0,000000|0,000000|0,000000|0,000000|0,000000|0,000000|0,000000|0,000000|0,000000|0,000000|
20170128_200528|18274|229|22,727273|1|CarroTeste|0|circulo_r68_xc160_yc120|0|0|0|0|0,000000|0,000000|0,000000|0,000000|0,000000|0,000000|0,000000|0,000000|0,000000|0,000000|0,000000|0,000000|
20170128_200528|18287|229|22,727273|1|CarroTeste2|0|circulo_r68_xc160_yc120|0|0|0|0|0,000000|0,000000|0,000000|0,000000|0,000000|0,000000|0,000000|0,000000|0,000000|0,000000|0,000000|0,000000|
20170128_200528|18320|231|22,222222|1|CarroTeste|0|circulo_r68_xc160_yc120|0|0|0|0|0,000000|0,000000|0,000000|0,000000|0,000000|0,000000|0,000000|0,000000|0,000000|0,000000|0,000000|0,000000|
20170128_200528|18333|231|22,222222|1|CarroTeste2|0|circulo_r68_xc160_yc120|0|0|0|0|0,000000|0,000000|0,000000|0,000000|0,000000|0,000000|0,000000|0,000000|0,000000|0,000000|0,000000|0,000000|
20170128_200528|18369|233|20,833333|1|CarroTeste|0|circulo_r68_xc160_yc120|0|0|0|0|0,000000|0,000000|0,000000|0,000000|0,000000|0,000000|0,000000|0,000000|0,000000|0,000000|0,000000|0,000000|
20170128_200528|18382|233|20,833333|1|CarroTeste2|0|circulo_r68_xc160_yc120|0|0|0|0|0,000000|0,000000|0,000000|0,000000|0,000000|0,000000|0,000000|0,000000|0,000000|0,000000|0,000000|0,000000|
20170128_200528|18415|235|22,222222|1|CarroTeste|0|circulo_r68_xc160_yc120|0|0|0|0|0,000000|0,000000|0,000000|0,000000|0,000000|0,000000|0,000000|0,000000|0,000000|0,000000|0,000000|0,000000|
20170128_200528|18427|235|22,222222|1|CarroTeste2|0|circulo_r68_xc160_yc120|0|0|0|0|0,000000|0,000000|0,000000|0,000000|0,000000|0,000000|0,000000|0,000000|0,000000|0,000000|0,000000|0,000000|
20170128_200528|18462|237|21,739130|1|CarroTeste|0|circulo_r68_xc160_yc120|0|0|0|0|0,000000|0,000000|0,000000|0,000000|0,000000|0,000000|0,000000|0,000000|0,000000|0,000000|0,000000|0,000000|
20170128_200528|18474|237|21,739130|1|CarroTeste2|0|circulo_r68_xc160_yc120|0|0|0|0|0,000000|0,000000|0,000000|0,000000|0,000000|0,000000|0,000000|0,000000|0,000000|0,000000|0,000000|0,000000|
20170128_200528|18509|239|21,739130|1|CarroTeste|0|circulo_r68_xc160_yc120|0|0|0|0|0,000000|0,000000|0,000000|0,000000|0,000000|0,000000|0,000000|0,000000|0,000000|0,000000|0,000000|0,000000|
20170128_200528|18520|239|21,739130|1|CarroTeste2|0|circulo_r68_xc160_yc120|0|0|0|0|0,000000|0,000000|0,000000|0,000000|0,000000|0,000000|0,000000|0,000000|0,000000|0,000000|0,000000|0,000000|
20170128_200528|18557|241|21,276596|1|CarroTeste|0|circulo_r68_xc160_yc120|0|0|0|0|0,000000|0,000000|0,000000|0,000000|0,000000|0,000000|0,000000|0,000000|0,000000|0,000000|0,000000|0,000000|
20170128_200528|18570|241|21,276596|1|CarroTeste2|0|circulo_r68_xc160_yc120|0|0|0|0|0,000000|0,000000|0,000000|0,000000|0,000000|0,000000|0,000000|0,000000|0,000000|0,000000|0,000000|0,000000|
20170128_200528|18603|243|22,222222|1|CarroTeste|0|circulo_r68_xc160_yc120|0|0|0|0|0,000000|0,000000|0,000000|0,000000|0,000000|0,000000|0,000000|0,000000|0,000000|0,000000|0,000000|0,000000|
20170128_200528|18613|243|22,222222|1|CarroTeste2|0|circulo_r68_xc160_yc120|0|0|0|0|0,000000|0,000000|0,000000|0,000000|0,000000|0,000000|0,000000|0,000000|0,000000|0,000000|0,000000|0,000000|
20170128_200528|18649|245|22,222222|1|CarroTeste|0|circulo_r68_xc160_yc120|0|0|0|0|0,000000|0,000000|0,000000|0,000000|0,000000|0,000000|0,000000|0,000000|0,000000|0,000000|0,000000|0,000000|
20170128_200528|18663|245|22,222222|1|CarroTeste2|0|circulo_r68_xc160_yc120|0|0|0|0|0,000000|0,000000|0,000000|0,000000|0,000000|0,000000|0,000000|0,000000|0,000000|0,000000|0,000000|0,000000|
20170128_200528|18697|247|21,276596|1|CarroTeste|0|circulo_r68_xc160_yc120|0|0|0|0|0,000000|0,000000|0,000000|0,000000|0,000000|0,000000|0,000000|0,000000|0,000000|0,000000|0,000000|0,000000|
20170128_200528|18710|247|21,276596|1|CarroTeste2|0|circulo_r68_xc160_yc120|0|0|0|0|0,000000|0,000000|0,000000|0,000000|0,000000|0,000000|0,000000|0,000000|0,000000|0,000000|0,000000|0,000000|
20170128_200528|18744|249|22,222222|1|CarroTeste|0|circulo_r68_xc160_yc120|0|0|0|0|0,000000|0,000000|0,000000|0,000000|0,000000|0,000000|0,000000|0,000000|0,000000|0,000000|0,000000|0,000000|
20170128_200528|18758|249|22,222222|1|CarroTeste2|0|circulo_r68_xc160_yc120|0|0|0|0|0,000000|0,000000|0,000000|0,000000|0,000000|0,000000|0,000000|0,000000|0,000000|0,000000|0,000000|0,000000|
20170128_200528|18791|251|21,739130|1|CarroTeste|0|circulo_r68_xc160_yc120|0|0|0|0|0,000000|0,000000|0,000000|0,000000|0,000000|0,000000|0,000000|0,000000|0,000000|0,000000|0,000000|0,000000|
20170128_200528|18803|251|21,739130|1|CarroTeste2|0|circulo_r68_xc160_yc120|0|0|0|0|0,000000|0,000000|0,000000|0,000000|0,000000|0,000000|0,000000|0,000000|0,000000|0,000000|0,000000|0,000000|
20170128_200528|18837|253|22,222222|1|CarroTeste|0|circulo_r68_xc160_yc120|0|0|0|0|0,000000|0,000000|0,000000|0,000000|0,000000|0,000000|0,000000|0,000000|0,000000|0,000000|0,000000|0,000000|
20170128_200528|18852|253|22,222222|1|CarroTeste2|0|circulo_r68_xc160_yc120|0|0|0|0|0,000000|0,000000|0,000000|0,000000|0,000000|0,000000|0,000000|0,000000|0,000000|0,000000|0,000000|0,000000|
20170128_200528|18885|255|21,739130|1|CarroTeste|0|circulo_r68_xc160_yc120|0|0|0|0|0,000000|0,000000|0,000000|0,000000|0,000000|0,000000|0,000000|0,000000|0,000000|0,000000|0,000000|0,000000|
20170128_200528|18899|255|21,739130|1|CarroTeste2|0|circulo_r68_xc160_yc120|0|0|0|0|0,000000|0,000000|0,000000|0,000000|0,000000|0,000000|0,000000|0,000000|0,000000|0,000000|0,000000|0,000000|
20170128_200528|18931|257|21,739130|1|CarroTeste|0|circulo_r68_xc160_yc120|0|0|0|0|0,000000|0,000000|0,000000|0,000000|0,000000|0,000000|0,000000|0,000000|0,000000|0,000000|0,000000|0,000000|
20170128_200528|18941|257|21,739130|1|CarroTeste2|0|circulo_r68_xc160_yc120|0|0|0|0|0,000000|0,000000|0,000000|0,000000|0,000000|0,000000|0,000000|0,000000|0,000000|0,000000|0,000000|0,000000|
20170128_200528|18976|259|22,222222|1|CarroTeste|0|circulo_r68_xc160_yc120|0|0|0|0|0,000000|0,000000|0,000000|0,000000|0,000000|0,000000|0,000000|0,000000|0,000000|0,000000|0,000000|0,000000|
20170128_200528|18986|259|22,222222|1|CarroTeste2|0|circulo_r68_xc160_yc120|0|0|0|0|0,000000|0,000000|0,000000|0,000000|0,000000|0,000000|0,000000|0,000000|0,000000|0,000000|0,000000|0,000000|
20170128_200528|19024|261|20,833333|1|CarroTeste|0|circulo_r68_xc160_yc120|0|0|0|0|0,000000|0,000000|0,000000|0,000000|0,000000|0,000000|0,000000|0,000000|0,000000|0,000000|0,000000|0,000000|
20170128_200528|19036|261|20,833333|1|CarroTeste2|0|circulo_r68_xc160_yc120|0|0|0|0|0,000000|0,000000|0,000000|0,000000|0,000000|0,000000|0,000000|0,000000|0,000000|0,000000|0,000000|0,000000|
20170128_200528|19071|263|21,739130|1|CarroTeste|0|circulo_r68_xc160_yc120|0|0|0|0|0,000000|0,000000|0,000000|0,000000|0,000000|0,000000|0,000000|0,000000|0,000000|0,000000|0,000000|0,000000|
20170128_200528|19080|263|21,739130|1|CarroTeste2|0|circulo_r68_xc160_yc120|0|0|0|0|0,000000|0,000000|0,000000|0,000000|0,000000|0,000000|0,000000|0,000000|0,000000|0,000000|0,000000|0,000000|
20170128_200528|19119|265|21,739130|1|CarroTeste|0|circulo_r68_xc160_yc120|0|0|0|0|0,000000|0,000000|0,000000|0,000000|0,000000|0,000000|0,000000|0,000000|0,000000|0,000000|0,000000|0,000000|
20170128_200528|19131|265|21,739130|1|CarroTeste2|0|circulo_r68_xc160_yc120|0|0|0|0|0,000000|0,000000|0,000000|0,000000|0,000000|0,000000|0,000000|0,000000|0,000000|0,000000|0,000000|0,000000|
20170128_200529|19166|267|21,739130|1|CarroTeste|0|circulo_r68_xc160_yc120|0|0|0|0|0,000000|0,000000|0,000000|0,000000|0,000000|0,000000|0,000000|0,000000|0,000000|0,000000|0,000000|0,000000|
20170128_200529|19176|267|21,739130|1|CarroTeste2|0|circulo_r68_xc160_yc120|0|0|0|0|0,000000|0,000000|0,000000|0,000000|0,000000|0,000000|0,000000|0,000000|0,000000|0,000000|0,000000|0,000000|
20170128_200529|19211|269|22,222222|1|CarroTeste|0|circulo_r68_xc160_yc120|0|0|0|0|0,000000|0,000000|0,000000|0,000000|0,000000|0,000000|0,000000|0,000000|0,000000|0,000000|0,000000|0,000000|
20170128_200529|19224|269|22,222222|1|CarroTeste2|0|circulo_r68_xc160_yc120|0|0|0|0|0,000000|0,000000|0,000000|0,000000|0,000000|0,000000|0,000000|0,000000|0,000000|0,000000|0,000000|0,000000|
20170128_200529|19258|271|22,222222|1|CarroTeste|0|circulo_r68_xc160_yc120|0|0|0|0|0,000000|0,000000|0,000000|0,000000|0,000000|0,000000|0,000000|0,000000|0,000000|0,000000|0,000000|0,000000|
20170128_200529|19268|271|22,222222|1|CarroTeste2|0|circulo_r68_xc160_yc120|0|0|0|0|0,000000|0,000000|0,000000|0,000000|0,000000|0,000000|0,000000|0,000000|0,000000|0,000000|0,000000|0,000000|
20170128_200529|19307|273|20,833333|1|CarroTeste|0|circulo_r68_xc160_yc120|0|0|0|0|0,000000|0,000000|0,000000|0,000000|0,000000|0,000000|0,000000|0,000000|0,000000|0,000000|0,000000|0,000000|
20170128_200529|19319|273|20,833333|1|CarroTeste2|0|circulo_r68_xc160_yc120|0|0|0|0|0,000000|0,000000|0,000000|0,000000|0,000000|0,000000|0,000000|0,000000|0,000000|0,000000|0,000000|0,000000|
20170128_200529|19354|275|21,739130|1|CarroTeste|0|circulo_r68_xc160_yc120|0|0|0|0|0,000000|0,000000|0,000000|0,000000|0,000000|0,000000|0,000000|0,000000|0,000000|0,000000|0,000000|0,000000|
20170128_200529|19364|275|21,739130|1|CarroTeste2|0|circulo_r68_xc160_yc120|0|0|0|0|0,000000|0,000000|0,000000|0,000000|0,000000|0,000000|0,000000|0,000000|0,000000|0,000000|0,000000|0,000000|
20170128_200529|19400|277|22,222222|1|CarroTeste|0|circulo_r68_xc160_yc120|0|0|0|0|0,000000|0,000000|0,000000|0,000000|0,000000|0,000000|0,000000|0,000000|0,000000|0,000000|0,000000|0,000000|
20170128_200529|19412|277|22,222222|1|CarroTeste2|0|circulo_r68_xc160_yc120|0|0|0|0|0,000000|0,000000|0,000000|0,000000|0,000000|0,000000|0,000000|0,000000|0,000000|0,000000|0,000000|0,000000|
20170128_200529|19446|279|22,222222|1|CarroTeste|0|circulo_r68_xc160_yc120|0|0|0|0|0,000000|0,000000|0,000000|0,000000|0,000000|0,000000|0,000000|0,000000|0,000000|0,000000|0,000000|0,000000|
20170128_200529|19458|279|22,222222|1|CarroTeste2|0|circulo_r68_xc160_yc120|0|0|0|0|0,000000|0,000000|0,000000|0,000000|0,000000|0,000000|0,000000|0,000000|0,000000|0,000000|0,000000|0,000000|
20170128_200529|19494|281|21,276596|1|CarroTeste|0|circulo_r68_xc160_yc120|0|0|0|0|0,000000|0,000000|0,000000|0,000000|0,000000|0,000000|0,000000|0,000000|0,000000|0,000000|0,000000|0,000000|
20170128_200529|19509|281|21,276596|1|CarroTeste2|0|circulo_r68_xc160_yc120|0|0|0|0|0,000000|0,000000|0,000000|0,000000|0,000000|0,000000|0,000000|0,000000|0,000000|0,000000|0,000000|0,000000|
20170128_200529|19541|283|21,276596|1|CarroTeste|0|circulo_r68_xc160_yc120|0|0|0|0|0,000000|0,000000|0,000000|0,000000|0,000000|0,000000|0,000000|0,000000|0,000000|0,000000|0,000000|0,000000|
20170128_200529|19556|283|21,276596|1|CarroTeste2|0|circulo_r68_xc160_yc120|0|0|0|0|0,000000|0,000000|0,000000|0,000000|0,000000|0,000000|0,000000|0,000000|0,000000|0,000000|0,000000|0,000000|
20170128_200529|19588|285|21,739130|1|CarroTeste|0|circulo_r68_xc160_yc120|0|0|0|0|0,000000|0,000000|0,000000|0,000000|0,000000|0,000000|0,000000|0,000000|0,000000|0,000000|0,000000|0,000000|
20170128_200529|19604|285|21,739130|1|CarroTeste2|0|circulo_r68_xc160_yc120|0|0|0|0|0,000000|0,000000|0,000000|0,000000|0,000000|0,000000|0,000000|0,000000|0,000000|0,000000|0,000000|0,000000|
20170128_200529|19633|287|22,727273|1|CarroTeste|0|circulo_r68_xc160_yc120|0|0|0|0|0,000000|0,000000|0,000000|0,000000|0,000000|0,000000|0,000000|0,000000|0,000000|0,000000|0,000000|0,000000|
20170128_200529|19649|287|22,727273|1|CarroTeste2|0|circulo_r68_xc160_yc120|0|0|0|0|0,000000|0,000000|0,000000|0,000000|0,000000|0,000000|0,000000|0,000000|0,000000|0,000000|0,000000|0,000000|
20170128_200529|19681|289|21,276596|1|CarroTeste|0|circulo_r68_xc160_yc120|0|0|0|0|0,000000|0,000000|0,000000|0,000000|0,000000|0,000000|0,000000|0,000000|0,000000|0,000000|0,000000|0,000000|
20170128_200529|19697|289|21,276596|1|CarroTeste2|0|circulo_r68_xc160_yc120|0|0|0|0|0,000000|0,000000|0,000000|0,000000|0,000000|0,000000|0,000000|0,000000|0,000000|0,000000|0,000000|0,000000|
20170128_200529|19729|291|21,276596|1|CarroTeste|0|circulo_r68_xc160_yc120|0|0|0|0|0,000000|0,000000|0,000000|0,000000|0,000000|0,000000|0,000000|0,000000|0,000000|0,000000|0,000000|0,000000|
20170128_200529|19744|291|21,276596|1|CarroTeste2|0|circulo_r68_xc160_yc120|0|0|0|0|0,000000|0,000000|0,000000|0,000000|0,000000|0,000000|0,000000|0,000000|0,000000|0,000000|0,000000|0,000000|
20170128_200529|19775|293|22,222222|1|CarroTeste|0|circulo_r68_xc160_yc120|0|0|0|0|0,000000|0,000000|0,000000|0,000000|0,000000|0,000000|0,000000|0,000000|0,000000|0,000000|0,000000|0,000000|
20170128_200529|19789|293|22,222222|1|CarroTeste2|0|circulo_r68_xc160_yc120|0|0|0|0|0,000000|0,000000|0,000000|0,000000|0,000000|0,000000|0,000000|0,000000|0,000000|0,000000|0,000000|0,000000|
20170128_200529|19821|295|22,222222|1|CarroTeste|0|circulo_r68_xc160_yc120|0|0|0|0|0,000000|0,000000|0,000000|0,000000|0,000000|0,000000|0,000000|0,000000|0,000000|0,000000|0,000000|0,000000|
20170128_200529|19834|295|22,222222|1|CarroTeste2|0|circulo_r68_xc160_yc120|0|0|0|0|0,000000|0,000000|0,000000|0,000000|0,000000|0,000000|0,000000|0,000000|0,000000|0,000000|0,000000|0,000000|
20170128_200529|19868|297|21,739130|1|CarroTeste|0|circulo_r68_xc160_yc120|0|0|0|0|0,000000|0,000000|0,000000|0,000000|0,000000|0,000000|0,000000|0,000000|0,000000|0,000000|0,000000|0,000000|
20170128_200529|19883|297|21,739130|1|CarroTeste2|0|circulo_r68_xc160_yc120|0|0|0|0|0,000000|0,000000|0,000000|0,000000|0,000000|0,000000|0,000000|0,000000|0,000000|0,000000|0,000000|0,000000|
20170128_200529|19915|299|21,739130|1|CarroTeste|0|circulo_r68_xc160_yc120|0|0|0|0|0,000000|0,000000|0,000000|0,000000|0,000000|0,000000|0,000000|0,000000|0,000000|0,000000|0,000000|0,000000|
20170128_200529|19931|299|21,739130|1|CarroTeste2|0|circulo_r68_xc160_yc120|0|0|0|0|0,000000|0,000000|0,000000|0,000000|0,000000|0,000000|0,000000|0,000000|0,000000|0,000000|0,000000|0,000000|
20170128_200529|19962|301|21,739130|1|CarroTeste|0|circulo_r68_xc160_yc120|0|0|0|0|0,000000|0,000000|0,000000|0,000000|0,000000|0,000000|0,000000|0,000000|0,000000|0,000000|0,000000|0,000000|
20170128_200529|19978|301|21,739130|1|CarroTeste2|0|circulo_r68_xc160_yc120|0|0|0|0|0,000000|0,000000|0,000000|0,000000|0,000000|0,000000|0,000000|0,000000|0,000000|0,000000|0,000000|0,000000|
20170128_200529|20009|303|21,739130|1|CarroTeste|0|circulo_r68_xc160_yc120|0|0|0|0|0,000000|0,000000|0,000000|0,000000|0,000000|0,000000|0,000000|0,000000|0,000000|0,000000|0,000000|0,000000|
20170128_200529|20025|303|21,739130|1|CarroTeste2|0|circulo_r68_xc160_yc120|0|0|0|0|0,000000|0,000000|0,000000|0,000000|0,000000|0,000000|0,000000|0,000000|0,000000|0,000000|0,000000|0,000000|
20170128_200529|20055|305|22,222222|1|CarroTeste|0|circulo_r68_xc160_yc120|0|0|0|0|0,000000|0,000000|0,000000|0,000000|0,000000|0,000000|0,000000|0,000000|0,000000|0,000000|0,000000|0,000000|
20170128_200529|20079|305|22,222222|1|CarroTeste2|0|circulo_r68_xc160_yc120|0|0|0|0|0,000000|0,000000|0,000000|0,000000|0,000000|0,000000|0,000000|0,000000|0,000000|0,000000|0,000000|0,000000|
20170128_200529|20149|307|10,752688|1|CarroTeste|0|circulo_r68_xc160_yc120|0|0|0|0|0,000000|0,000000|0,000000|0,000000|0,000000|0,000000|0,000000|0,000000|0,000000|0,000000|0,000000|0,000000|
20170128_200530|20171|307|10,752688|1|CarroTeste2|0|circulo_r68_xc160_yc120|0|0|0|0|0,000000|0,000000|0,000000|0,000000|0,000000|0,000000|0,000000|0,000000|0,000000|0,000000|0,000000|0,000000|
20170128_200530|20244|309|10,638298|1|CarroTeste|0|circulo_r68_xc160_yc120|0|0|0|0|0,000000|0,000000|0,000000|0,000000|0,000000|0,000000|0,000000|0,000000|0,000000|0,000000|0,000000|0,000000|
20170128_200530|20270|309|10,638298|1|CarroTeste2|0|circulo_r68_xc160_yc120|0|0|0|0|0,000000|0,000000|0,000000|0,000000|0,000000|0,000000|0,000000|0,000000|0,000000|0,000000|0,000000|0,000000|
20170128_200530|20337|311|10,869565|1|CarroTeste|0|circulo_r68_xc160_yc120|0|0|0|0|0,000000|0,000000|0,000000|0,000000|0,000000|0,000000|0,000000|0,000000|0,000000|0,000000|0,000000|0,000000|
20170128_200530|20354|311|10,869565|1|CarroTeste2|0|circulo_r68_xc160_yc120|0|0|0|0|0,000000|0,000000|0,000000|0,000000|0,000000|0,000000|0,000000|0,000000|0,000000|0,000000|0,000000|0,000000|
20170128_200530|20384|313|22,222222|1|CarroTeste|0|circulo_r68_xc160_yc120|0|0|0|0|0,000000|0,000000|0,000000|0,000000|0,000000|0,000000|0,000000|0,000000|0,000000|0,000000|0,000000|0,000000|
20170128_200530|20401|313|22,222222|1|CarroTeste2|0|circulo_r68_xc160_yc120|0|0|0|0|0,000000|0,000000|0,000000|0,000000|0,000000|0,000000|0,000000|0,000000|0,000000|0,000000|0,000000|0,000000|
20170128_200530|20432|315|21,276596|1|CarroTeste|0|circulo_r68_xc160_yc120|0|0|0|0|0,000000|0,000000|0,000000|0,000000|0,000000|0,000000|0,000000|0,000000|0,000000|0,000000|0,000000|0,000000|
20170128_200530|20449|315|21,276596|1|CarroTeste2|0|circulo_r68_xc160_yc120|0|0|0|0|0,000000|0,000000|0,000000|0,000000|0,000000|0,000000|0,000000|0,000000|0,000000|0,000000|0,000000|0,000000|
20170128_200530|20479|317|22,222222|1|CarroTeste|0|circulo_r68_xc160_yc120|0|0|0|0|0,000000|0,000000|0,000000|0,000000|0,000000|0,000000|0,000000|0,000000|0,000000|0,000000|0,000000|0,000000|
20170128_200530|20491|317|22,222222|1|CarroTeste2|0|circulo_r68_xc160_yc120|0|0|0|0|0,000000|0,000000|0,000000|0,000000|0,000000|0,000000|0,000000|0,000000|0,000000|0,000000|0,000000|0,000000|
20170128_200530|20525|319|22,222222|1|CarroTeste|0|circulo_r68_xc160_yc120|0|0|0|0|0,000000|0,000000|0,000000|0,000000|0,000000|0,000000|0,000000|0,000000|0,000000|0,000000|0,000000|0,000000|
20170128_200530|20538|319|22,222222|1|CarroTeste2|0|circulo_r68_xc160_yc120|0|0|0|0|0,000000|0,000000|0,000000|0,000000|0,000000|0,000000|0,000000|0,000000|0,000000|0,000000|0,000000|0,000000|
20170128_200530|20571|321|22,222222|1|CarroTeste|0|circulo_r68_xc160_yc120|0|0|0|0|0,000000|0,000000|0,000000|0,000000|0,000000|0,000000|0,000000|0,000000|0,000000|0,000000|0,000000|0,000000|
20170128_200530|20584|321|22,222222|1|CarroTeste2|0|circulo_r68_xc160_yc120|0|0|0|0|0,000000|0,000000|0,000000|0,000000|0,000000|0,000000|0,000000|0,000000|0,000000|0,000000|0,000000|0,000000|
20170128_200530|20620|323|20,833333|1|CarroTeste|0|circulo_r68_xc160_yc120|0|0|0|0|0,000000|0,000000|0,000000|0,000000|0,000000|0,000000|0,000000|0,000000|0,000000|0,000000|0,000000|0,000000|
20170128_200530|20637|323|20,833333|1|CarroTeste2|0|circulo_r68_xc160_yc120|0|0|0|0|0,000000|0,000000|0,000000|0,000000|0,000000|0,000000|0,000000|0,000000|0,000000|0,000000|0,000000|0,000000|
20170128_200530|20666|325|22,727273|1|CarroTeste|0|circulo_r68_xc160_yc120|0|0|0|0|0,000000|0,000000|0,000000|0,000000|0,000000|0,000000|0,000000|0,000000|0,000000|0,000000|0,000000|0,000000|
20170128_200530|20683|325|22,727273|1|CarroTeste2|0|circulo_r68_xc160_yc120|0|0|0|0|0,000000|0,000000|0,000000|0,000000|0,000000|0,000000|0,000000|0,000000|0,000000|0,000000|0,000000|0,000000|
20170128_200530|20712|327|22,222222|1|CarroTeste|0|circulo_r68_xc160_yc120|0|0|0|0|0,000000|0,000000|0,000000|0,000000|0,000000|0,000000|0,000000|0,000000|0,000000|0,000000|0,000000|0,000000|
20170128_200530|20730|327|22,222222|1|CarroTeste2|0|circulo_r68_xc160_yc120|0|0|0|0|0,000000|0,000000|0,000000|0,000000|0,000000|0,000000|0,000000|0,000000|0,000000|0,000000|0,000000|0,000000|
20170128_200530|20759|329|21,739130|1|CarroTeste|0|circulo_r68_xc160_yc120|0|0|0|0|0,000000|0,000000|0,000000|0,000000|0,000000|0,000000|0,000000|0,000000|0,000000|0,000000|0,000000|0,000000|
20170128_200530|20776|329|21,739130|1|CarroTeste2|0|circulo_r68_xc160_yc120|0|0|0|0|0,000000|0,000000|0,000000|0,000000|0,000000|0,000000|0,000000|0,000000|0,000000|0,000000|0,000000|0,000000|
20170128_200530|20805|331|22,222222|1|CarroTeste|0|circulo_r68_xc160_yc120|0|0|0|0|0,000000|0,000000|0,000000|0,000000|0,000000|0,000000|0,000000|0,000000|0,000000|0,000000|0,000000|0,000000|
20170128_200530|20823|331|22,222222|1|CarroTeste2|0|circulo_r68_xc160_yc120|0|0|0|0|0,000000|0,000000|0,000000|0,000000|0,000000|0,000000|0,000000|0,000000|0,000000|0,000000|0,000000|0,000000|
20170128_200530|20854|333|20,833333|1|CarroTeste|0|circulo_r68_xc160_yc120|0|0|0|0|0,000000|0,000000|0,000000|0,000000|0,000000|0,000000|0,000000|0,000000|0,000000|0,000000|0,000000|0,000000|
20170128_200530|20872|333|20,833333|1|CarroTeste2|0|circulo_r68_xc160_yc120|0|0|0|0|0,000000|0,000000|0,000000|0,000000|0,000000|0,000000|0,000000|0,000000|0,000000|0,000000|0,000000|0,000000|
20170128_200530|20947|335|10,989011|1|CarroTeste|0|circulo_r68_xc160_yc120|0|0|0|0|0,000000|0,000000|0,000000|0,000000|0,000000|0,000000|0,000000|0,000000|0,000000|0,000000|0,000000|0,000000|
20170128_200530|20964|335|10,989011|1|CarroTeste2|0|circulo_r68_xc160_yc120|0|0|0|0|0,000000|0,000000|0,000000|0,000000|0,000000|0,000000|0,000000|0,000000|0,000000|0,000000|0,000000|0,000000|
20170128_200530|20994|337|22,222222|1|CarroTeste|0|circulo_r68_xc160_yc120|0|0|0|0|0,000000|0,000000|0,000000|0,000000|0,000000|0,000000|0,000000|0,000000|0,000000|0,000000|0,000000|0,000000|
20170128_200530|21011|337|22,222222|1|CarroTeste2|0|circulo_r68_xc160_yc120|0|0|0|0|0,000000|0,000000|0,000000|0,000000|0,000000|0,000000|0,000000|0,000000|0,000000|0,000000|0,000000|0,000000|
20170128_200530|21040|339|22,222222|1|CarroTeste|0|circulo_r68_xc160_yc120|0|0|0|0|0,000000|0,000000|0,000000|0,000000|0,000000|0,000000|0,000000|0,000000|0,000000|0,000000|0,000000|0,000000|
20170128_200530|21058|339|22,222222|1|CarroTeste2|0|circulo_r68_xc160_yc120|0|0|0|0|0,000000|0,000000|0,000000|0,000000|0,000000|0,000000|0,000000|0,000000|0,000000|0,000000|0,000000|0,000000|
20170128_200530|21088|341|21,739130|1|CarroTeste|0|circulo_r68_xc160_yc120|0|0|0|0|0,000000|0,000000|0,000000|0,000000|0,000000|0,000000|0,000000|0,000000|0,000000|0,000000|0,000000|0,000000|
20170128_200530|21106|341|21,739130|1|CarroTeste2|0|circulo_r68_xc160_yc120|0|0|0|0|0,000000|0,000000|0,000000|0,000000|0,000000|0,000000|0,000000|0,000000|0,000000|0,000000|0,000000|0,000000|
20170128_200531|21181|343|10,869565|1|CarroTeste|0|circulo_r68_xc160_yc120|0|0|0|0|0,000000|0,000000|0,000000|0,000000|0,000000|0,000000|0,000000|0,000000|0,000000|0,000000|0,000000|0,000000|
20170128_200531|21195|343|10,869565|1|CarroTeste2|0|circulo_r68_xc160_yc120|0|0|0|0|0,000000|0,000000|0,000000|0,000000|0,000000|0,000000|0,000000|0,000000|0,000000|0,000000|0,000000|0,000000|
20170128_200531|21228|345|21,739130|1|CarroTeste|0|circulo_r68_xc160_yc120|0|0|0|0|0,000000|0,000000|0,000000|0,000000|0,000000|0,000000|0,000000|0,000000|0,000000|0,000000|0,000000|0,000000|
20170128_200531|21242|345|21,739130|1|CarroTeste2|0|circulo_r68_xc160_yc120|0|0|0|0|0,000000|0,000000|0,000000|0,000000|0,000000|0,000000|0,000000|0,000000|0,000000|0,000000|0,000000|0,000000|
20170128_200531|21275|347|21,739130|1|CarroTeste|0|circulo_r68_xc160_yc120|0|0|0|0|0,000000|0,000000|0,000000|0,000000|0,000000|0,000000|0,000000|0,000000|0,000000|0,000000|0,000000|0,000000|
20170128_200531|21292|347|21,739130|1|CarroTeste2|0|circulo_r68_xc160_yc120|0|0|0|0|0,000000|0,000000|0,000000|0,000000|0,000000|0,000000|0,000000|0,000000|0,000000|0,000000|0,000000|0,000000|
20170128_200531|21322|349|21,739130|1|CarroTeste|0|circulo_r68_xc160_yc120|0|0|0|0|0,000000|0,000000|0,000000|0,000000|0,000000|0,000000|0,000000|0,000000|0,000000|0,000000|0,000000|0,000000|
20170128_200531|21340|349|21,739130|1|CarroTeste2|0|circulo_r68_xc160_yc120|0|0|0|0|0,000000|0,000000|0,000000|0,000000|0,000000|0,000000|0,000000|0,000000|0,000000|0,000000|0,000000|0,000000|
20170128_200531|21369|351|22,222222|1|CarroTeste|0|circulo_r68_xc160_yc120|0|0|0|0|0,000000|0,000000|0,000000|0,000000|0,000000|0,000000|0,000000|0,000000|0,000000|0,000000|0,000000|0,000000|
20170128_200531|21389|351|22,222222|1|CarroTeste2|0|circulo_r68_xc160_yc120|0|0|0|0|0,000000|0,000000|0,000000|0,000000|0,000000|0,000000|0,000000|0,000000|0,000000|0,000000|0,000000|0,000000|
20170128_200531|21462|353|10,869565|1|CarroTeste|0|circulo_r68_xc160_yc120|0|0|0|0|0,000000|0,000000|0,000000|0,000000|0,000000|0,000000|0,000000|0,000000|0,000000|0,000000|0,000000|0,000000|
20170128_200531|21480|353|10,869565|1|CarroTeste2|0|circulo_r68_xc160_yc120|0|0|0|0|0,000000|0,000000|0,000000|0,000000|0,000000|0,000000|0,000000|0,000000|0,000000|0,000000|0,000000|0,000000|
20170128_200531|21509|355|22,222222|1|CarroTeste|0|circulo_r68_xc160_yc120|0|0|0|0|0,000000|0,000000|0,000000|0,000000|0,000000|0,000000|0,000000|0,000000|0,000000|0,000000|0,000000|0,000000|
20170128_200531|21528|355|22,222222|1|CarroTeste2|0|circulo_r68_xc160_yc120|0|0|0|0|0,000000|0,000000|0,000000|0,000000|0,000000|0,000000|0,000000|0,000000|0,000000|0,000000|0,000000|0,000000|
20170128_200531|21605|357|10,638298|1|CarroTeste|0|circulo_r68_xc160_yc120|0|0|0|0|0,000000|0,000000|0,000000|0,000000|0,000000|0,000000|0,000000|0,000000|0,000000|0,000000|0,000000|0,000000|
20170128_200531|21625|357|10,638298|1|CarroTeste2|0|circulo_r68_xc160_yc120|0|0|0|0|0,000000|0,000000|0,000000|0,000000|0,000000|0,000000|0,000000|0,000000|0,000000|0,000000|0,000000|0,000000|
20170128_200531|21697|359|10,989011|1|CarroTeste|0|circulo_r68_xc160_yc120|0|0|0|0|0,000000|0,000000|0,000000|0,000000|0,000000|0,000000|0,000000|0,000000|0,000000|0,000000|0,000000|0,000000|
20170128_200531|21714|359|10,989011|1|CarroTeste2|0|circulo_r68_xc160_yc120|0|0|0|0|0,000000|0,000000|0,000000|0,000000|0,000000|0,000000|0,000000|0,000000|0,000000|0,000000|0,000000|0,000000|
20170128_200531|21743|361|21,739130|1|CarroTeste|0|circulo_r68_xc160_yc120|0|0|0|0|0,000000|0,000000|0,000000|0,000000|0,000000|0,000000|0,000000|0,000000|0,000000|0,000000|0,000000|0,000000|
20170128_200531|21761|361|21,739130|1|CarroTeste2|0|circulo_r68_xc160_yc120|0|0|0|0|0,000000|0,000000|0,000000|0,000000|0,000000|0,000000|0,000000|0,000000|0,000000|0,000000|0,000000|0,000000|
20170128_200531|21792|363|20,833333|1|CarroTeste|0|circulo_r68_xc160_yc120|0|0|0|0|0,000000|0,000000|0,000000|0,000000|0,000000|0,000000|0,000000|0,000000|0,000000|0,000000|0,000000|0,000000|
20170128_200531|21804|363|20,833333|1|CarroTeste2|0|circulo_r68_xc160_yc120|0|0|0|0|0,000000|0,000000|0,000000|0,000000|0,000000|0,000000|0,000000|0,000000|0,000000|0,000000|0,000000|0,000000|
20170128_200531|21837|365|22,727273|1|CarroTeste|0|circulo_r68_xc160_yc120|0|0|0|0|0,000000|0,000000|0,000000|0,000000|0,000000|0,000000|0,000000|0,000000|0,000000|0,000000|0,000000|0,000000|
20170128_200531|21850|365|22,727273|1|CarroTeste2|0|circulo_r68_xc160_yc120|0|0|0|0|0,000000|0,000000|0,000000|0,000000|0,000000|0,000000|0,000000|0,000000|0,000000|0,000000|0,000000|0,000000|
20170128_200531|21885|367|21,739130|1|CarroTeste|0|circulo_r68_xc160_yc120|0|0|0|0|0,000000|0,000000|0,000000|0,000000|0,000000|0,000000|0,000000|0,000000|0,000000|0,000000|0,000000|0,000000|
20170128_200531|21897|367|21,739130|1|CarroTeste2|0|circulo_r68_xc160_yc120|0|0|0|0|0,000000|0,000000|0,000000|0,000000|0,000000|0,000000|0,000000|0,000000|0,000000|0,000000|0,000000|0,000000|
20170128_200531|21937|369|22,222222|1|CarroTeste|0|circulo_r68_xc160_yc120|0|0|0|0|0,000000|0,000000|0,000000|0,000000|0,000000|0,000000|0,000000|0,000000|0,000000|0,000000|0,000000|0,000000|
20170128_200531|21949|369|22,222222|1|CarroTeste2|0|circulo_r68_xc160_yc120|0|0|0|0|0,000000|0,000000|0,000000|0,000000|0,000000|0,000000|0,000000|0,000000|0,000000|0,000000|0,000000|0,000000|
20170128_200531|21977|371|25,641026|1|CarroTeste|0|circulo_r68_xc160_yc120|0|0|0|0|0,000000|0,000000|0,000000|0,000000|0,000000|0,000000|0,000000|0,000000|0,000000|0,000000|0,000000|0,000000|
20170128_200531|21989|371|25,641026|1|CarroTeste2|0|circulo_r68_xc160_yc120|0|0|0|0|0,000000|0,000000|0,000000|0,000000|0,000000|0,000000|0,000000|0,000000|0,000000|0,000000|0,000000|0,000000|
20170128_200531|22025|373|21,739130|1|CarroTeste|0|circulo_r68_xc160_yc120|0|0|0|0|0,000000|0,000000|0,000000|0,000000|0,000000|0,000000|0,000000|0,000000|0,000000|0,000000|0,000000|0,000000|
20170128_200531|22038|373|21,739130|1|CarroTeste2|0|circulo_r68_xc160_yc120|0|0|0|0|0,000000|0,000000|0,000000|0,000000|0,000000|0,000000|0,000000|0,000000|0,000000|0,000000|0,000000|0,000000|
20170128_200531|22071|375|22,222222|1|CarroTeste|0|circulo_r68_xc160_yc120|0|0|0|0|0,000000|0,000000|0,000000|0,000000|0,000000|0,000000|0,000000|0,000000|0,000000|0,000000|0,000000|0,000000|
20170128_200531|22084|375|22,222222|1|CarroTeste2|0|circulo_r68_xc160_yc120|0|0|0|0|0,000000|0,000000|0,000000|0,000000|0,000000|0,000000|0,000000|0,000000|0,000000|0,000000|0,000000|0,000000|
20170128_200531|22120|377|20,833333|1|CarroTeste|0|circulo_r68_xc160_yc120|0|0|0|0|0,000000|0,000000|0,000000|0,000000|0,000000|0,000000|0,000000|0,000000|0,000000|0,000000|0,000000|0,000000|
20170128_200531|22132|377|20,833333|1|CarroTeste2|0|circulo_r68_xc160_yc120|0|0|0|0|0,000000|0,000000|0,000000|0,000000|0,000000|0,000000|0,000000|0,000000|0,000000|0,000000|0,000000|0,000000|
20170128_200532|22165|379|22,727273|1|CarroTeste|0|circulo_r68_xc160_yc120|0|0|0|0|0,000000|0,000000|0,000000|0,000000|0,000000|0,000000|0,000000|0,000000|0,000000|0,000000|0,000000|0,000000|
20170128_200532|22184|379|22,727273|1|CarroTeste2|0|circulo_r68_xc160_yc120|0|0|0|0|0,000000|0,000000|0,000000|0,000000|0,000000|0,000000|0,000000|0,000000|0,000000|0,000000|0,000000|0,000000|
20170128_200532|22259|381|10,752688|1|CarroTeste|0|circulo_r68_xc160_yc120|0|0|0|0|0,000000|0,000000|0,000000|0,000000|0,000000|0,000000|0,000000|0,000000|0,000000|0,000000|0,000000|0,000000|
20170128_200532|22277|381|10,752688|1|CarroTeste2|0|circulo_r68_xc160_yc120|0|0|0|0|0,000000|0,000000|0,000000|0,000000|0,000000|0,000000|0,000000|0,000000|0,000000|0,000000|0,000000|0,000000|
20170128_200532|22305|383|22,222222|1|CarroTeste|0|circulo_r68_xc160_yc120|0|0|0|0|0,000000|0,000000|0,000000|0,000000|0,000000|0,000000|0,000000|0,000000|0,000000|0,000000|0,000000|0,000000|
20170128_200532|22324|383|22,222222|1|CarroTeste2|0|circulo_r68_xc160_yc120|0|0|0|0|0,000000|0,000000|0,000000|0,000000|0,000000|0,000000|0,000000|0,000000|0,000000|0,000000|0,000000|0,000000|
20170128_200532|22399|385|10,752688|1|CarroTeste|0|circulo_r68_xc160_yc120|0|0|0|0|0,000000|0,000000|0,000000|0,000000|0,000000|0,000000|0,000000|0,000000|0,000000|0,000000|0,000000|0,000000|
20170128_200532|22419|385|10,752688|1|CarroTeste2|0|circulo_r68_xc160_yc120|0|0|0|0|0,000000|0,000000|0,000000|0,000000|0,000000|0,000000|0,000000|0,000000|0,000000|0,000000|0,000000|0,000000|
20170128_200532|22494|387|10,752688|1|CarroTeste|0|circulo_r68_xc160_yc120|0|0|0|0|0,000000|0,000000|0,000000|0,000000|0,000000|0,000000|0,000000|0,000000|0,000000|0,000000|0,000000|0,000000|
20170128_200532|22514|387|10,752688|1|CarroTeste2|0|circulo_r68_xc160_yc120|0|0|0|0|0,000000|0,000000|0,000000|0,000000|0,000000|0,000000|0,000000|0,000000|0,000000|0,000000|0,000000|0,000000|
20170128_200532|22587|389|10,989011|1|CarroTeste|0|circulo_r68_xc160_yc120|0|0|0|0|0,000000|0,000000|0,000000|0,000000|0,000000|0,000000|0,000000|0,000000|0,000000|0,000000|0,000000|0,000000|
20170128_200532|22624|389|10,989011|1|CarroTeste2|0|circulo_r68_xc160_yc120|0|0|0|0|0,000000|0,000000|0,000000|0,000000|0,000000|0,000000|0,000000|0,000000|0,000000|0,000000|0,000000|0,000000|
20170128_200532|22681|391|10,752688|1|CarroTeste|0|circulo_r68_xc160_yc120|0|0|0|0|0,000000|0,000000|0,000000|0,000000|0,000000|0,000000|0,000000|0,000000|0,000000|0,000000|0,000000|0,000000|
20170128_200532|22720|391|10,752688|1|CarroTeste2|0|circulo_r68_xc160_yc120|0|0|0|0|0,000000|0,000000|0,000000|0,000000|0,000000|0,000000|0,000000|0,000000|0,000000|0,000000|0,000000|0,000000|
20170128_200532|22776|393|10,752688|1|CarroTeste|0|circulo_r68_xc160_yc120|0|0|0|0|0,000000|0,000000|0,000000|0,000000|0,000000|0,000000|0,000000|0,000000|0,000000|0,000000|0,000000|0,000000|
20170128_200532|22814|393|10,752688|1|CarroTeste2|0|circulo_r68_xc160_yc120|0|0|0|0|0,000000|0,000000|0,000000|0,000000|0,000000|0,000000|0,000000|0,000000|0,000000|0,000000|0,000000|0,000000|
20170128_200532|22869|395|10,752688|1|CarroTeste|0|circulo_r68_xc160_yc120|0|0|0|0|0,000000|0,000000|0,000000|0,000000|0,000000|0,000000|0,000000|0,000000|0,000000|0,000000|0,000000|0,000000|
20170128_200532|22889|395|10,752688|1|CarroTeste2|0|circulo_r68_xc160_yc120|0|0|0|0|0,000000|0,000000|0,000000|0,000000|0,000000|0,000000|0,000000|0,000000|0,000000|0,000000|0,000000|0,000000|
20170128_200532|22961|397|10,989011|1|CarroTeste|0|circulo_r68_xc160_yc120|0|0|0|0|0,000000|0,000000|0,000000|0,000000|0,000000|0,000000|0,000000|0,000000|0,000000|0,000000|0,000000|0,000000|
20170128_200532|22981|397|10,989011|1|CarroTeste2|0|circulo_r68_xc160_yc120|0|0|0|0|0,000000|0,000000|0,000000|0,000000|0,000000|0,000000|0,000000|0,000000|0,000000|0,000000|0,000000|0,000000|
20170128_200532|23055|399|10,752688|1|CarroTeste|0|circulo_r68_xc160_yc120|0|0|0|0|0,000000|0,000000|0,000000|0,000000|0,000000|0,000000|0,000000|0,000000|0,000000|0,000000|0,000000|0,000000|
20170128_200532|23076|399|10,752688|1|CarroTeste2|0|circulo_r68_xc160_yc120|0|0|0|0|0,000000|0,000000|0,000000|0,000000|0,000000|0,000000|0,000000|0,000000|0,000000|0,000000|0,000000|0,000000|
20170128_200532|23150|401|10,638298|1|CarroTeste|0|circulo_r68_xc160_yc120|0|0|0|0|0,000000|0,000000|0,000000|0,000000|0,000000|0,000000|0,000000|0,000000|0,000000|0,000000|0,000000|0,000000|
20170128_200533|23171|401|10,638298|1|CarroTeste2|0|circulo_r68_xc160_yc120|0|0|0|0|0,000000|0,000000|0,000000|0,000000|0,000000|0,000000|0,000000|0,000000|0,000000|0,000000|0,000000|0,000000|
20170128_200533|23243|403|10,869565|1|CarroTeste|0|circulo_r68_xc160_yc120|0|0|0|0|0,000000|0,000000|0,000000|0,000000|0,000000|0,000000|0,000000|0,000000|0,000000|0,000000|0,000000|0,000000|
20170128_200533|23265|403|10,869565|1|CarroTeste2|0|circulo_r68_xc160_yc120|0|0|0|0|0,000000|0,000000|0,000000|0,000000|0,000000|0,000000|0,000000|0,000000|0,000000|0,000000|0,000000|0,000000|
20170128_200533|23337|405|10,752688|1|CarroTeste|0|circulo_r68_xc160_yc120|0|0|0|0|0,000000|0,000000|0,000000|0,000000|0,000000|0,000000|0,000000|0,000000|0,000000|0,000000|0,000000|0,000000|
20170128_200533|23359|405|10,752688|1|CarroTeste2|0|circulo_r68_xc160_yc120|0|0|0|0|0,000000|0,000000|0,000000|0,000000|0,000000|0,000000|0,000000|0,000000|0,000000|0,000000|0,000000|0,000000|
20170128_200533|23432|407|10,752688|1|CarroTeste|0|circulo_r68_xc160_yc120|0|0|0|0|0,000000|0,000000|0,000000|0,000000|0,000000|0,000000|0,000000|0,000000|0,000000|0,000000|0,000000|0,000000|
20170128_200533|23453|407|10,752688|1|CarroTeste2|0|circulo_r68_xc160_yc120|0|0|0|0|0,000000|0,000000|0,000000|0,000000|0,000000|0,000000|0,000000|0,000000|0,000000|0,000000|0,000000|0,000000|
20170128_200533|23525|409|10,869565|1|CarroTeste|0|circulo_r68_xc160_yc120|0|0|0|0|0,000000|0,000000|0,000000|0,000000|0,000000|0,000000|0,000000|0,000000|0,000000|0,000000|0,000000|0,000000|
20170128_200533|23546|409|10,869565|1|CarroTeste2|0|circulo_r68_xc160_yc120|0|0|0|0|0,000000|0,000000|0,000000|0,000000|0,000000|0,000000|0,000000|0,000000|0,000000|0,000000|0,000000|0,000000|
20170128_200533|23619|411|10,752688|1|CarroTeste|0|circulo_r68_xc160_yc120|0|0|0|0|0,000000|0,000000|0,000000|0,000000|0,000000|0,000000|0,000000|0,000000|0,000000|0,000000|0,000000|0,000000|
20170128_200533|23639|411|10,752688|1|CarroTeste2|0|circulo_r68_xc160_yc120|0|0|0|0|0,000000|0,000000|0,000000|0,000000|0,000000|0,000000|0,000000|0,000000|0,000000|0,000000|0,000000|0,000000|
20170128_200533|23712|413|10,869565|1|CarroTeste|0|circulo_r68_xc160_yc120|0|0|0|0|0,000000|0,000000|0,000000|0,000000|0,000000|0,000000|0,000000|0,000000|0,000000|0,000000|0,000000|0,000000|
20170128_200533|23731|413|10,869565|1|CarroTeste2|0|circulo_r68_xc160_yc120|0|0|0|0|0,000000|0,000000|0,000000|0,000000|0,000000|0,000000|0,000000|0,000000|0,000000|0,000000|0,000000|0,000000|
20170128_200533|23806|415|10,752688|1|CarroTeste|0|circulo_r68_xc160_yc120|0|0|0|0|0,000000|0,000000|0,000000|0,000000|0,000000|0,000000|0,000000|0,000000|0,000000|0,000000|0,000000|0,000000|
20170128_200533|23827|415|10,752688|1|CarroTeste2|0|circulo_r68_xc160_yc120|0|0|0|0|0,000000|0,000000|0,000000|0,000000|0,000000|0,000000|0,000000|0,000000|0,000000|0,000000|0,000000|0,000000|
20170128_200533|23900|417|10,752688|1|CarroTeste|0|circulo_r68_xc160_yc120|0|0|0|0|0,000000|0,000000|0,000000|0,000000|0,000000|0,000000|0,000000|0,000000|0,000000|0,000000|0,000000|0,000000|
20170128_200533|23921|417|10,752688|1|CarroTeste2|0|circulo_r68_xc160_yc120|0|0|0|0|0,000000|0,000000|0,000000|0,000000|0,000000|0,000000|0,000000|0,000000|0,000000|0,000000|0,000000|0,000000|
20170128_200533|23993|419|10,869565|1|CarroTeste|0|circulo_r68_xc160_yc120|0|0|0|0|0,000000|0,000000|0,000000|0,000000|0,000000|0,000000|0,000000|0,000000|0,000000|0,000000|0,000000|0,000000|
20170128_200533|24014|419|10,869565|1|CarroTeste2|0|circulo_r68_xc160_yc120|0|0|0|0|0,000000|0,000000|0,000000|0,000000|0,000000|0,000000|0,000000|0,000000|0,000000|0,000000|0,000000|0,000000|
20170128_200533|24087|421|10,752688|1|CarroTeste|0|circulo_r68_xc160_yc120|0|0|0|0|0,000000|0,000000|0,000000|0,000000|0,000000|0,000000|0,000000|0,000000|0,000000|0,000000|0,000000|0,000000|
20170128_200533|24107|421|10,752688|1|CarroTeste2|0|circulo_r68_xc160_yc120|0|0|0|0|0,000000|0,000000|0,000000|0,000000|0,000000|0,000000|0,000000|0,000000|0,000000|0,000000|0,000000|0,000000|
20170128_200534|24182|423|10,752688|1|CarroTeste|0|circulo_r68_xc160_yc120|0|0|0|0|0,000000|0,000000|0,000000|0,000000|0,000000|0,000000|0,000000|0,000000|0,000000|0,000000|0,000000|0,000000|
20170128_200534|24201|423|10,752688|1|CarroTeste2|0|circulo_r68_xc160_yc120|0|0|0|0|0,000000|0,000000|0,000000|0,000000|0,000000|0,000000|0,000000|0,000000|0,000000|0,000000|0,000000|0,000000|
20170128_200534|24275|425|10,752688|1|CarroTeste|0|circulo_r68_xc160_yc120|0|0|0|0|0,000000|0,000000|0,000000|0,000000|0,000000|0,000000|0,000000|0,000000|0,000000|0,000000|0,000000|0,000000|
20170128_200534|24296|425|10,752688|1|CarroTeste2|0|circulo_r68_xc160_yc120|0|0|0|0|0,000000|0,000000|0,000000|0,000000|0,000000|0,000000|0,000000|0,000000|0,000000|0,000000|0,000000|0,000000|
20170128_200534|24369|427|10,752688|1|CarroTeste|0|circulo_r68_xc160_yc120|0|0|0|0|0,000000|0,000000|0,000000|0,000000|0,000000|0,000000|0,000000|0,000000|0,000000|0,000000|0,000000|0,000000|
20170128_200534|24388|427|10,752688|1|CarroTeste2|0|circulo_r68_xc160_yc120|0|0|0|0|0,000000|0,000000|0,000000|0,000000|0,000000|0,000000|0,000000|0,000000|0,000000|0,000000|0,000000|0,000000|
20170128_200534|24461|429|10,989011|1|CarroTeste|0|circulo_r68_xc160_yc120|0|0|0|0|0,000000|0,000000|0,000000|0,000000|0,000000|0,000000|0,000000|0,000000|0,000000|0,000000|0,000000|0,000000|
20170128_200534|24482|429|10,989011|1|CarroTeste2|0|circulo_r68_xc160_yc120|0|0|0|0|0,000000|0,000000|0,000000|0,000000|0,000000|0,000000|0,000000|0,000000|0,000000|0,000000|0,000000|0,000000|
20170128_200534|24556|431|10,638298|1|CarroTeste|0|circulo_r68_xc160_yc120|0|0|0|0|0,000000|0,000000|0,000000|0,000000|0,000000|0,000000|0,000000|0,000000|0,000000|0,000000|0,000000|0,000000|
20170128_200534|24577|431|10,638298|1|CarroTeste2|0|circulo_r68_xc160_yc120|0|0|0|0|0,000000|0,000000|0,000000|0,000000|0,000000|0,000000|0,000000|0,000000|0,000000|0,000000|0,000000|0,000000|
20170128_200534|24651|433|10,752688|1|CarroTeste|0|circulo_r68_xc160_yc120|0|0|0|0|0,000000|0,000000|0,000000|0,000000|0,000000|0,000000|0,000000|0,000000|0,000000|0,000000|0,000000|0,000000|
20170128_200534|24672|433|10,752688|1|CarroTeste2|0|circulo_r68_xc160_yc120|0|0|0|0|0,000000|0,000000|0,000000|0,000000|0,000000|0,000000|0,000000|0,000000|0,000000|0,000000|0,000000|0,000000|
20170128_200534|24744|435|10,869565|1|CarroTeste|0|circulo_r68_xc160_yc120|0|0|0|0|0,000000|0,000000|0,000000|0,000000|0,000000|0,000000|0,000000|0,000000|0,000000|0,000000|0,000000|0,000000|
20170128_200534|24765|435|10,869565|1|CarroTeste2|0|circulo_r68_xc160_yc120|0|0|0|0|0,000000|0,000000|0,000000|0,000000|0,000000|0,000000|0,000000|0,000000|0,000000|0,000000|0,000000|0,000000|
20170128_200534|24837|437|10,869565|1|CarroTeste|0|circulo_r68_xc160_yc120|0|0|0|0|0,000000|0,000000|0,000000|0,000000|0,000000|0,000000|0,000000|0,000000|0,000000|0,000000|0,000000|0,000000|
20170128_200534|24857|437|10,869565|1|CarroTeste2|0|circulo_r68_xc160_yc120|0|0|0|0|0,000000|0,000000|0,000000|0,000000|0,000000|0,000000|0,000000|0,000000|0,000000|0,000000|0,000000|0,000000|
20170128_200534|24932|439|10,638298|1|CarroTeste|0|circulo_r68_xc160_yc120|0|0|0|0|0,000000|0,000000|0,000000|0,000000|0,000000|0,000000|0,000000|0,000000|0,000000|0,000000|0,000000|0,000000|
20170128_200534|24953|439|10,638298|1|CarroTeste2|0|circulo_r68_xc160_yc120|0|0|0|0|0,000000|0,000000|0,000000|0,000000|0,000000|0,000000|0,000000|0,000000|0,000000|0,000000|0,000000|0,000000|
20170128_200534|25025|441|10,869565|1|CarroTeste|0|circulo_r68_xc160_yc120|0|0|0|0|0,000000|0,000000|0,000000|0,000000|0,000000|0,000000|0,000000|0,000000|0,000000|0,000000|0,000000|0,000000|
20170128_200534|25046|441|10,869565|1|CarroTeste2|0|circulo_r68_xc160_yc120|0|0|0|0|0,000000|0,000000|0,000000|0,000000|0,000000|0,000000|0,000000|0,000000|0,000000|0,000000|0,000000|0,000000|
20170128_200534|25119|443|10,752688|1|CarroTeste|0|circulo_r68_xc160_yc120|0|0|0|0|0,000000|0,000000|0,000000|0,000000|0,000000|0,000000|0,000000|0,000000|0,000000|0,000000|0,000000|0,000000|
20170128_200534|25140|443|10,752688|1|CarroTeste2|0|circulo_r68_xc160_yc120|0|0|0|0|0,000000|0,000000|0,000000|0,000000|0,000000|0,000000|0,000000|0,000000|0,000000|0,000000|0,000000|0,000000|
20170128_200535|25212|445|10,869565|1|CarroTeste|0|circulo_r68_xc160_yc120|0|0|0|0|0,000000|0,000000|0,000000|0,000000|0,000000|0,000000|0,000000|0,000000|0,000000|0,000000|0,000000|0,000000|
20170128_200535|25233|445|10,869565|1|CarroTeste2|0|circulo_r68_xc160_yc120|0|0|0|0|0,000000|0,000000|0,000000|0,000000|0,000000|0,000000|0,000000|0,000000|0,000000|0,000000|0,000000|0,000000|
20170128_200535|25305|447|10,869565|1|CarroTeste|0|circulo_r68_xc160_yc120|0|0|0|0|0,000000|0,000000|0,000000|0,000000|0,000000|0,000000|0,000000|0,000000|0,000000|0,000000|0,000000|0,000000|
20170128_200535|25324|447|10,869565|1|CarroTeste2|0|circulo_r68_xc160_yc120|0|0|0|0|0,000000|0,000000|0,000000|0,000000|0,000000|0,000000|0,000000|0,000000|0,000000|0,000000|0,000000|0,000000|
20170128_200535|25352|449|21,739130|1|CarroTeste|0|circulo_r68_xc160_yc120|0|0|0|0|0,000000|0,000000|0,000000|0,000000|0,000000|0,000000|0,000000|0,000000|0,000000|0,000000|0,000000|0,000000|
20170128_200535|25373|449|21,739130|1|CarroTeste2|0|circulo_r68_xc160_yc120|0|0|0|0|0,000000|0,000000|0,000000|0,000000|0,000000|0,000000|0,000000|0,000000|0,000000|0,000000|0,000000|0,000000|
20170128_200535|25447|451|10,638298|1|CarroTeste|0|circulo_r68_xc160_yc120|0|0|0|0|0,000000|0,000000|0,000000|0,000000|0,000000|0,000000|0,000000|0,000000|0,000000|0,000000|0,000000|0,000000|
20170128_200535|25464|451|10,638298|1|CarroTeste2|0|circulo_r68_xc160_yc120|0|0|0|0|0,000000|0,000000|0,000000|0,000000|0,000000|0,000000|0,000000|0,000000|0,000000|0,000000|0,000000|0,000000|
20170128_200535|25540|453|10,869565|1|CarroTeste|0|circulo_r68_xc160_yc120|0|0|0|0|0,000000|0,000000|0,000000|0,000000|0,000000|0,000000|0,000000|0,000000|0,000000|0,000000|0,000000|0,000000|
20170128_200535|25561|453|10,869565|1|CarroTeste2|0|circulo_r68_xc160_yc120|0|0|0|0|0,000000|0,000000|0,000000|0,000000|0,000000|0,000000|0,000000|0,000000|0,000000|0,000000|0,000000|0,000000|
20170128_200535|25633|455|10,869565|1|CarroTeste|0|circulo_r68_xc160_yc120|0|0|0|0|0,000000|0,000000|0,000000|0,000000|0,000000|0,000000|0,000000|0,000000|0,000000|0,000000|0,000000|0,000000|
20170128_200535|25653|455|10,869565|1|CarroTeste2|0|circulo_r68_xc160_yc120|0|0|0|0|0,000000|0,000000|0,000000|0,000000|0,000000|0,000000|0,000000|0,000000|0,000000|0,000000|0,000000|0,000000|
20170128_200535|25728|457|10,638298|1|CarroTeste|0|circulo_r68_xc160_yc120|0|0|0|0|0,000000|0,000000|0,000000|0,000000|0,000000|0,000000|0,000000|0,000000|0,000000|0,000000|0,000000|0,000000|
20170128_200535|25749|457|10,638298|1|CarroTeste2|0|circulo_r68_xc160_yc120|0|0|0|0|0,000000|0,000000|0,000000|0,000000|0,000000|0,000000|0,000000|0,000000|0,000000|0,000000|0,000000|0,000000|
20170128_200535|25822|459|10,752688|1|CarroTeste|0|circulo_r68_xc160_yc120|0|0|0|0|0,000000|0,000000|0,000000|0,000000|0,000000|0,000000|0,000000|0,000000|0,000000|0,000000|0,000000|0,000000|
20170128_200535|25841|459|10,752688|1|CarroTeste2|0|circulo_r68_xc160_yc120|0|0|0|0|0,000000|0,000000|0,000000|0,000000|0,000000|0,000000|0,000000|0,000000|0,000000|0,000000|0,000000|0,000000|
20170128_200535|25868|461|22,222222|1|CarroTeste|0|circulo_r68_xc160_yc120|0|0|0|0|0,000000|0,000000|0,000000|0,000000|0,000000|0,000000|0,000000|0,000000|0,000000|0,000000|0,000000|0,000000|
20170128_200535|25889|461|22,222222|1|CarroTeste2|0|circulo_r68_xc160_yc120|0|0|0|0|0,000000|0,000000|0,000000|0,000000|0,000000|0,000000|0,000000|0,000000|0,000000|0,000000|0,000000|0,000000|
20170128_200535|25961|463|10,869565|1|CarroTeste|0|circulo_r68_xc160_yc120|0|0|0|0|0,000000|0,000000|0,000000|0,000000|0,000000|0,000000|0,000000|0,000000|0,000000|0,000000|0,000000|0,000000|
20170128_200535|25981|463|10,869565|1|CarroTeste2|0|circulo_r68_xc160_yc120|0|0|0|0|0,000000|0,000000|0,000000|0,000000|0,000000|0,000000|0,000000|0,000000|0,000000|0,000000|0,000000|0,000000|
20170128_200535|26055|465|10,869565|1|CarroTeste|0|circulo_r68_xc160_yc120|0|0|0|0|0,000000|0,000000|0,000000|0,000000|0,000000|0,000000|0,000000|0,000000|0,000000|0,000000|0,000000|0,000000|
20170128_200535|26075|465|10,869565|1|CarroTeste2|0|circulo_r68_xc160_yc120|0|0|0|0|0,000000|0,000000|0,000000|0,000000|0,000000|0,000000|0,000000|0,000000|0,000000|0,000000|0,000000|0,000000|
20170128_200535|26149|467|10,752688|1|CarroTeste|0|circulo_r68_xc160_yc120|0|0|0|0|0,000000|0,000000|0,000000|0,000000|0,000000|0,000000|0,000000|0,000000|0,000000|0,000000|0,000000|0,000000|
20170128_200536|26167|467|10,752688|1|CarroTeste2|0|circulo_r68_xc160_yc120|0|0|0|0|0,000000|0,000000|0,000000|0,000000|0,000000|0,000000|0,000000|0,000000|0,000000|0,000000|0,000000|0,000000|
20170128_200536|26198|469|21,276596|1|CarroTeste|0|circulo_r68_xc160_yc120|0|0|0|0|0,000000|0,000000|0,000000|0,000000|0,000000|0,000000|0,000000|0,000000|0,000000|0,000000|0,000000|0,000000|
20170128_200536|26219|469|21,276596|1|CarroTeste2|0|circulo_r68_xc160_yc120|0|0|0|0|0,000000|0,000000|0,000000|0,000000|0,000000|0,000000|0,000000|0,000000|0,000000|0,000000|0,000000|0,000000|
20170128_200536|26291|471|10,869565|1|CarroTeste|0|circulo_r68_xc160_yc120|0|0|0|0|0,000000|0,000000|0,000000|0,000000|0,000000|0,000000|0,000000|0,000000|0,000000|0,000000|0,000000|0,000000|
20170128_200536|26309|471|10,869565|1|CarroTeste2|0|circulo_r68_xc160_yc120|0|0|0|0|0,000000|0,000000|0,000000|0,000000|0,000000|0,000000|0,000000|0,000000|0,000000|0,000000|0,000000|0,000000|
20170128_200536|26382|473|10,989011|1|CarroTeste|0|circulo_r68_xc160_yc120|0|0|0|0|0,000000|0,000000|0,000000|0,000000|0,000000|0,000000|0,000000|0,000000|0,000000|0,000000|0,000000|0,000000|
20170128_200536|26400|473|10,989011|1|CarroTeste2|0|circulo_r68_xc160_yc120|0|0|0|0|0,000000|0,000000|0,000000|0,000000|0,000000|0,000000|0,000000|0,000000|0,000000|0,000000|0,000000|0,000000|
20170128_200536|26431|475|20,833333|1|CarroTeste|0|circulo_r68_xc160_yc120|0|0|0|0|0,000000|0,000000|0,000000|0,000000|0,000000|0,000000|0,000000|0,000000|0,000000|0,000000|0,000000|0,000000|
20170128_200536|26453|475|20,833333|1|CarroTeste2|0|circulo_r68_xc160_yc120|0|0|0|0|0,000000|0,000000|0,000000|0,000000|0,000000|0,000000|0,000000|0,000000|0,000000|0,000000|0,000000|0,000000|
20170128_200536|26525|477|10,752688|1|CarroTeste|0|circulo_r68_xc160_yc120|0|0|0|0|0,000000|0,000000|0,000000|0,000000|0,000000|0,000000|0,000000|0,000000|0,000000|0,000000|0,000000|0,000000|
20170128_200536|26545|477|10,752688|1|CarroTeste2|0|circulo_r68_xc160_yc120|0|0|0|0|0,000000|0,000000|0,000000|0,000000|0,000000|0,000000|0,000000|0,000000|0,000000|0,000000|0,000000|0,000000|
20170128_200536|26618|479|10,869565|1|CarroTeste|0|circulo_r68_xc160_yc120|0|0|0|0|0,000000|0,000000|0,000000|0,000000|0,000000|0,000000|0,000000|0,000000|0,000000|0,000000|0,000000|0,000000|
20170128_200536|26639|479|10,869565|1|CarroTeste2|0|circulo_r68_xc160_yc120|0|0|0|0|0,000000|0,000000|0,000000|0,000000|0,000000|0,000000|0,000000|0,000000|0,000000|0,000000|0,000000|0,000000|
20170128_200536|26711|481|10,869565|1|CarroTeste|0|circulo_r68_xc160_yc120|0|0|0|0|0,000000|0,000000|0,000000|0,000000|0,000000|0,000000|0,000000|0,000000|0,000000|0,000000|0,000000|0,000000|
20170128_200536|26729|481|10,869565|1|CarroTeste2|0|circulo_r68_xc160_yc120|0|0|0|0|0,000000|0,000000|0,000000|0,000000|0,000000|0,000000|0,000000|0,000000|0,000000|0,000000|0,000000|0,000000|
20170128_200536|26759|483|21,276596|1|CarroTeste|0|circulo_r68_xc160_yc120|0|0|0|0|0,000000|0,000000|0,000000|0,000000|0,000000|0,000000|0,000000|0,000000|0,000000|0,000000|0,000000|0,000000|
20170128_200536|26781|483|21,276596|1|CarroTeste2|0|circulo_r68_xc160_yc120|0|0|0|0|0,000000|0,000000|0,000000|0,000000|0,000000|0,000000|0,000000|0,000000|0,000000|0,000000|0,000000|0,000000|
20170128_200536|26852|485|10,752688|1|CarroTeste|0|circulo_r68_xc160_yc120|0|0|0|0|0,000000|0,000000|0,000000|0,000000|0,000000|0,000000|0,000000|0,000000|0,000000|0,000000|0,000000|0,000000|
20170128_200536|26871|485|10,752688|1|CarroTeste2|0|circulo_r68_xc160_yc120|0|0|0|0|0,000000|0,000000|0,000000|0,000000|0,000000|0,000000|0,000000|0,000000|0,000000|0,000000|0,000000|0,000000|
20170128_200536|26945|487|10,869565|1|CarroTeste|0|circulo_r68_xc160_yc120|0|0|0|0|11,000000|0,000000|0,000000|0,000000|0,000000|0,000000|0,000000|0,000000|0,000000|0,000000|0,000000|48,000000|
20170128_200536|26965|487|10,869565|1|CarroTeste2|0|circulo_r68_xc160_yc120|0|0|0|0|11,000000|0,000000|0,000000|0,000000|0,000000|0,000000|0,000000|0,000000|0,000000|0,000000|0,000000|48,000000|
20170128_200536|27040|489|10,638298|1|CarroTeste|0|circulo_r68_xc160_yc120|0|0|0|0|14,000000|0,000000|0,000000|0,000000|0,000000|0,000000|0,000000|0,000000|0,000000|0,000000|0,000000|55,000000|
20170128_200536|27060|489|10,638298|1|CarroTeste2|0|circulo_r68_xc160_yc120|0|0|0|0|14,000000|0,000000|0,000000|0,000000|0,000000|0,000000|0,000000|0,000000|0,000000|0,000000|0,000000|55,000000|
20170128_200536|27133|491|10,869565|1|CarroTeste|0|circulo_r68_xc160_yc120|0|0|0|0|16,000000|0,000000|0,000000|0,000000|0,000000|0,000000|0,000000|0,000000|0,000000|0,000000|0,000000|66,000000|
20170128_200536|27154|491|10,869565|1|CarroTeste2|0|circulo_r68_xc160_yc120|0|0|0|0|16,000000|0,000000|0,000000|0,000000|0,000000|0,000000|0,000000|0,000000|0,000000|0,000000|0,000000|66,000000|
20170128_200537|27228|493|10,638298|1|CarroTeste|0|circulo_r68_xc160_yc120|0|0|0|0|16,000000|0,000000|0,000000|0,000000|0,000000|0,000000|0,000000|0,000000|0,000000|0,000000|0,000000|73,000000|
20170128_200537|27248|493|10,638298|1|CarroTeste2|0|circulo_r68_xc160_yc120|0|0|0|0|16,000000|0,000000|0,000000|0,000000|0,000000|0,000000|0,000000|0,000000|0,000000|0,000000|0,000000|73,000000|
20170128_200537|27321|495|10,869565|1|CarroTeste|0|circulo_r68_xc160_yc120|0|0|0|0|145,000000|0,000000|0,000000|0,000000|0,000000|0,000000|0,000000|0,000000|0,000000|0,000000|0,000000|107,000000|
20170128_200537|27341|495|10,869565|1|CarroTeste2|0|circulo_r68_xc160_yc120|0|0|0|0|145,000000|0,000000|0,000000|0,000000|0,000000|0,000000|0,000000|0,000000|0,000000|0,000000|0,000000|107,000000|
20170128_200537|27415|497|10,752688|1|CarroTeste|0|circulo_r68_xc160_yc120|0|0|0|0|14,000000|0,000000|0,000000|0,000000|0,000000|0,000000|0,000000|0,000000|0,000000|0,000000|0,000000|2,000000|
20170128_200537|27435|497|10,752688|1|CarroTeste2|0|circulo_r68_xc160_yc120|0|0|0|0|14,000000|0,000000|0,000000|0,000000|0,000000|0,000000|0,000000|0,000000|0,000000|0,000000|0,000000|2,000000|
20170128_200537|27509|499|10,752688|1|CarroTeste|0|circulo_r68_xc160_yc120|0|0|0|0|14,000000|0,000000|0,000000|0,000000|0,000000|0,000000|0,000000|0,000000|0,000000|0,000000|0,000000|6,000000|
20170128_200537|27529|499|10,752688|1|CarroTeste2|0|circulo_r68_xc160_yc120|0|0|0|0|14,000000|0,000000|0,000000|0,000000|0,000000|0,000000|0,000000|0,000000|0,000000|0,000000|0,000000|6,000000|
20170128_200537|27602|501|10,869565|1|CarroTeste|0|circulo_r68_xc160_yc120|0|0|0|0|10,000000|0,000000|0,000000|0,000000|0,000000|0,000000|0,000000|0,000000|0,000000|0,000000|0,000000|13,000000|
20170128_200537|27620|501|10,869565|1|CarroTeste2|0|circulo_r68_xc160_yc120|0|0|0|0|10,000000|0,000000|0,000000|0,000000|0,000000|0,000000|0,000000|0,000000|0,000000|0,000000|0,000000|13,000000|
20170128_200537|27649|503|21,739130|1|CarroTeste|0|circulo_r68_xc160_yc120|0|0|0|0|9,000000|0,000000|0,000000|0,000000|0,000000|0,000000|0,000000|0,000000|0,000000|0,000000|0,000000|14,000000|
20170128_200537|27672|503|21,739130|1|CarroTeste2|0|circulo_r68_xc160_yc120|0|0|0|0|9,000000|0,000000|0,000000|0,000000|0,000000|0,000000|0,000000|0,000000|0,000000|0,000000|0,000000|14,000000|
20170128_200537|27744|505|10,638298|1|CarroTeste|0|circulo_r68_xc160_yc120|0|0|0|0|7,000000|0,000000|0,000000|0,000000|0,000000|0,000000|0,000000|0,000000|0,000000|0,000000|0,000000|20,000000|
20170128_200537|27766|505|10,638298|1|CarroTeste2|0|circulo_r68_xc160_yc120|0|0|0|0|7,000000|0,000000|0,000000|0,000000|0,000000|0,000000|0,000000|0,000000|0,000000|0,000000|0,000000|20,000000|
20170128_200537|27836|507|10,989011|1|CarroTeste|0|circulo_r68_xc160_yc120|0|0|0|0|7,000000|0,000000|0,000000|0,000000|0,000000|0,000000|0,000000|0,000000|0,000000|0,000000|0,000000|26,000000|
20170128_200537|27857|507|10,989011|1|CarroTeste2|0|circulo_r68_xc160_yc120|0|0|0|0|7,000000|0,000000|0,000000|0,000000|0,000000|0,000000|0,000000|0,000000|0,000000|0,000000|0,000000|26,000000|
20170128_200537|27930|509|10,752688|1|CarroTeste|0|circulo_r68_xc160_yc120|0|0|0|0|7,000000|0,000000|0,000000|0,000000|0,000000|0,000000|0,000000|0,000000|0,000000|0,000000|0,000000|31,000000|
20170128_200537|27950|509|10,752688|1|CarroTeste2|0|circulo_r68_xc160_yc120|0|0|0|0|7,000000|0,000000|0,000000|0,000000|0,000000|0,000000|0,000000|0,000000|0,000000|0,000000|0,000000|31,000000|
20170128_200537|28025|511|10,752688|1|CarroTeste|0|circulo_r68_xc160_yc120|0|0|0|0|7,000000|0,000000|0,000000|0,000000|0,000000|0,000000|0,000000|0,000000|0,000000|0,000000|0,000000|31,000000|
20170128_200537|28045|511|10,752688|1|CarroTeste2|0|circulo_r68_xc160_yc120|0|0|0|0|7,000000|0,000000|0,000000|0,000000|0,000000|0,000000|0,000000|0,000000|0,000000|0,000000|0,000000|31,000000|
20170128_200537|28119|513|10,638298|1|CarroTeste|0|circulo_r68_xc160_yc120|0|0|0|0|7,000000|0,000000|0,000000|0,000000|0,000000|0,000000|0,000000|0,000000|0,000000|0,000000|0,000000|31,000000|
20170128_200537|28137|513|10,638298|1|CarroTeste2|0|circulo_r68_xc160_yc120|0|0|0|0|7,000000|0,000000|0,000000|0,000000|0,000000|0,000000|0,000000|0,000000|0,000000|0,000000|0,000000|31,000000|
20170128_200538|28212|515|10,869565|1|CarroTeste|0|circulo_r68_xc160_yc120|0|0|0|0|0,000000|0,000000|0,000000|0,000000|0,000000|0,000000|0,000000|0,000000|0,000000|0,000000|0,000000|0,000000|
20170128_200538|28232|515|10,869565|1|CarroTeste2|0|circulo_r68_xc160_yc120|0|0|0|0|0,000000|0,000000|0,000000|0,000000|0,000000|0,000000|0,000000|0,000000|0,000000|0,000000|0,000000|0,000000|
