TimeStamp|Ticks|FrameNum|FPS|LogaDados|Robo|achou|trajetoria|Xd|Yd|Xa|Ya|DistMelhorPonto|velAtual|velDesejada|erroVel|SaidaControleLinear|angAtual|angDesejado|erroAng|SaidaControleAngular|SinalDeControle1|SinalDeControle2|
20170120_153122|10288|1|0,000001|0||0||0|0|0|0||||||||||||
20170120_153122|10581|2|3,584229|0||0||0|0|0|0||||||||||||
20170120_153122|10732|3|8,264463|0||0||0|0|0|0||||||||||||
20170120_153122|10874|4|7,518797|0||0||0|0|0|0||||||||||||
20170120_153123|10986|5|7,092199|0||0||0|0|0|0||||||||||||
20170120_153123|11133|6|8,928571|0||0||0|0|0|0||||||||||||
20170120_153123|11658|7|1,792115|0||0||0|0|0|0||||||||||||
20170120_153123|11761|8|10,101010|0||0||0|0|0|0||||||||||||
20170120_153123|11867|9|9,523810|0||0||0|0|0|0||||||||||||
20170120_153124|11986|10|8,196721|0||0||0|0|0|0||||||||||||
20170120_153124|12174|11|5,050505|0||0||0|0|0|0||||||||||||
20170120_153124|12299|12|11,627907|0||0||0|0|0|0||||||||||||
20170120_153124|12427|13|7,518797|0||0||0|0|0|0||||||||||||
20170120_153124|12541|14|6,802721|0||0||0|0|0|0||||||||||||
20170120_153124|12729|15|5,319149|0||0||0|0|0|0||||||||||||
20170120_153125|12922|16|6,756757|0||0||0|0|0|0||||||||||||
20170120_153125|13013|17|7,518797|0||0||0|0|0|0||||||||||||
20170120_153125|13114|18|10,416667|0||0||0|0|0|0||||||||||||
20170120_153125|13270|19|8,849558|0||0||0|0|0|0||||||||||||
20170120_153125|13401|20|6,024096|0||0||0|0|0|0||||||||||||
20170120_153125|13653|21|4,255319|0||0||0|0|0|0||||||||||||
20170120_153125|13808|22|7,092199|0||0||0|0|0|0||||||||||||
20170120_153129|17667|23|0,256937|0||0||0|0|0|0||||||||||||
20170120_153129|17844|24|7,246377|0||0||0|0|0|0||||||||||||
20170120_153130|17984|25|5,347594|0||0||0|0|0|0||||||||||||
20170120_153130|18101|26|9,433962|0||0||0|0|0|0||||||||||||
20170120_153130|18213|27|7,692308|0||0||0|0|0|0||||||||||||
20170120_153130|18396|28|7,092199|0||0||0|0|0|0||||||||||||
20170120_153130|18582|29|5,405405|0||0||0|0|0|0||||||||||||
20170120_153130|18764|30|5,235602|0||0||0|0|0|0||||||||||||
20170120_153130|18879|31|7,194245|0||0||0|0|0|0||||||||||||
20170120_153131|19051|32|7,194245|0||0||0|0|0|0||||||||||||
20170120_153131|19217|33|5,319149|0||0||0|0|0|0||||||||||||
20170120_153131|19345|34|7,092199|0||0||0|0|0|0||||||||||||
20170120_153131|19508|35|7,042254|0||0||0|0|0|0||||||||||||
20170120_153131|19625|36|6,993007|0||0||0|0|0|0||||||||||||
20170120_153131|19780|37|7,352941|0||0||0|0|0|0||||||||||||
20170120_153131|19894|38|8,403361|0||0||0|0|0|0||||||||||||
20170120_153132|20051|39|7,874016|0||0||0|0|0|0||||||||||||
20170120_153132|20204|40|6,802721|0||0||0|0|0|0||||||||||||
20170120_153132|20375|41|5,847953|0||0||0|0|0|0||||||||||||
20170120_153132|20537|42|4,878049|0||0||0|0|0|0||||||||||||
20170120_153132|20668|43|8,064516|0||0||0|0|0|0||||||||||||
20170120_153132|20810|44|7,194245|0||0||0|0|0|0||||||||||||
20170120_153133|20942|45|6,944444|0||0||0|0|0|0||||||||||||
20170120_153133|21102|46|7,352941|0||0||0|0|0|0||||||||||||
20170120_153133|21276|47|6,896552|0||0||0|0|0|0||||||||||||
20170120_153133|21419|48|5,347594|0||0||0|0|0|0||||||||||||
20170120_153133|21558|49|7,246377|0||0||0|0|0|0||||||||||||
20170120_153133|21673|50|8,547009|0||0||0|0|0|0||||||||||||
20170120_153133|21785|51|8,403361|0||0||0|0|0|0||||||||||||
20170120_153133|21902|52|9,259259|0||0||0|0|0|0||||||||||||
20170120_153134|22019|53|8,000000|0||0||0|0|0|0||||||||||||
20170120_153134|22154|54|7,142857|0||0||0|0|0|0||||||||||||
20170120_153134|22237|55|10,638298|0||0||0|0|0|0||||||||||||
20170120_153134|22343|56|10,752688|0||0||0|0|0|0||||||||||||
20170120_153134|22440|57|10,416667|0||0||0|0|0|0||||||||||||
20170120_153134|22578|58|7,246377|0||0||0|0|0|0||||||||||||
20170120_153134|22713|59|7,092199|0||0||0|0|0|0||||||||||||
20170120_153134|22867|60|7,092199|0||0||0|0|0|0||||||||||||
20170120_153135|23004|61|7,142857|0||0||0|0|0|0||||||||||||
20170120_153135|23137|62|7,042254|0||0||0|0|0|0||||||||||||
20170120_153135|23279|63|7,194245|0||0||0|0|0|0||||||||||||
20170120_153135|23420|64|7,042254|0||0||0|0|0|0||||||||||||
20170120_153135|23559|65|7,092199|0||0||0|0|0|0||||||||||||
20170120_153135|23650|66|10,752688|0||0||0|0|0|0||||||||||||
20170120_153135|23795|67|7,142857|0||0||0|0|0|0||||||||||||
20170120_153136|23941|68|7,092199|0||0||0|0|0|0||||||||||||
20170120_153136|24085|69|7,194245|0||0||0|0|0|0||||||||||||
20170120_153136|24221|70|7,042254|0||0||0|0|0|0||||||||||||
20170120_153136|24355|71|7,142857|0||0||0|0|0|0||||||||||||
20170120_153136|24498|72|7,092199|0||0||0|0|0|0||||||||||||
20170120_153136|24646|73|7,042254|0||0||0|0|0|0||||||||||||
20170120_153136|24782|74|7,246377|0||0||0|0|0|0||||||||||||
20170120_153137|24933|75|6,849315|0||0||0|0|0|0||||||||||||
20170120_153137|25085|76|7,142857|0||0||0|0|0|0||||||||||||
20170120_153137|25231|77|7,194245|0||0||0|0|0|0||||||||||||
20170120_153137|25356|78|7,042254|0||0||0|0|0|0||||||||||||
20170120_153137|25467|79|8,403361|0||0||0|0|0|0||||||||||||
20170120_153137|25598|80|8,849558|0||0||0|0|0|0||||||||||||
20170120_153137|25810|81|7,142857|0||0||0|0|0|0||||||||||||
20170120_153138|25922|82|5,347594|0||0||0|0|0|0||||||||||||
20170120_153138|26042|83|7,042254|0||0||0|0|0|0||||||||||||
20170120_153138|26174|84|7,142857|0||0||0|0|0|0||||||||||||
20170120_153138|26280|85|10,526316|0||0||0|0|0|0||||||||||||
20170120_153138|26427|86|7,042254|0||0||0|0|0|0||||||||||||
20170120_153138|26560|87|8,403361|0||0||0|0|0|0||||||||||||
20170120_153138|26673|88|7,692308|0||0||0|0|0|0||||||||||||
20170120_153138|26802|89|7,874016|0||0||0|0|0|0||||||||||||
20170120_153139|26956|90|7,092199|0||0||0|0|0|0||||||||||||
20170120_153139|27122|91|7,299270|0||0||0|0|0|0||||||||||||
20170120_153139|27282|92|5,319149|0||0||0|0|0|0||||||||||||
20170120_153139|27423|93|7,092199|0||0||0|0|0|0||||||||||||
20170120_153139|27553|94|7,142857|0||0||0|0|0|0||||||||||||
20170120_153139|27720|95|7,042254|0||0||0|0|0|0||||||||||||
20170120_153139|27881|96|5,347594|0||0||0|0|0|0||||||||||||
20170120_153140|28017|97|6,944444|0||0||0|0|0|0||||||||||||
20170120_153140|28174|98|7,407407|0||0||0|0|0|0||||||||||||
20170120_153140|28353|99|6,944444|0||0||0|0|0|0||||||||||||
20170120_153140|28469|100|6,134969|0||0||0|0|0|0||||||||||||
20170120_153140|28645|101|8,620690|0||0||0|0|0|0||||||||||||
20170120_153140|28792|102|5,235602|0||0||0|0|0|0||||||||||||
20170120_153141|28917|103|7,299270|0||0||0|0|0|0||||||||||||
20170120_153141|29058|104|6,993007|0||0||0|0|0|0||||||||||||
20170120_153141|29183|105|7,142857|0||0||0|0|0|0||||||||||||
20170120_153141|29310|106|8,474576|0||0||0|0|0|0||||||||||||
20170120_153141|29485|107|6,993007|0||0||0|0|0|0||||||||||||
20170120_153141|29597|108|6,944444|0||0||0|0|0|0||||||||||||
20170120_153141|29720|109|8,196721|0||0||0|0|0|0||||||||||||
20170120_153141|29857|110|7,692308|0||0||0|0|0|0||||||||||||
20170120_153142|29993|111|7,194245|0||0||0|0|0|0||||||||||||
20170120_153142|30155|112|7,194245|0||0||0|0|0|0||||||||||||
20170120_153142|30274|113|6,993007|0||0||0|0|0|0||||||||||||
20170120_153142|30400|114|7,246377|0||0||0|0|0|0||||||||||||
20170120_153142|30539|115|6,993007|0||0||0|0|0|0||||||||||||
20170120_153142|30681|116|7,092199|0||0||0|0|0|0||||||||||||
20170120_153142|30847|117|7,042254|0||0||0|0|0|0||||||||||||
20170120_153143|30971|118|7,194245|0||0||0|0|0|0||||||||||||
20170120_153143|31097|119|8,547009|0||0||0|0|0|0||||||||||||
20170120_153143|31211|120|8,130081|0||0||0|0|0|0||||||||||||
20170120_153143|31319|121|8,928571|0||0||0|0|0|0||||||||||||
20170120_153143|31435|122|8,620690|0||0||0|0|0|0||||||||||||
20170120_153143|31579|123|7,142857|0||0||0|0|0|0||||||||||||
20170120_153143|31718|124|7,042254|0||0||0|0|0|0||||||||||||
20170120_153143|31856|125|7,092199|0||0||0|0|0|0||||||||||||
20170120_153144|31953|126|9,900990|0||0||0|0|0|0||||||||||||
20170120_153144|32048|127|11,363636|0||0||0|0|0|0||||||||||||
20170120_153144|32147|128|10,416667|0||0||0|0|0|0||||||||||||
20170120_153144|32252|129|9,523810|0||0||0|0|0|0||||||||||||
20170120_153144|32373|130|7,936508|0||0||0|0|0|0||||||||||||
20170120_153144|32533|131|7,194245|0||0||0|0|0|0||||||||||||
20170120_153144|32651|132|7,042254|0||0||0|0|0|0||||||||||||
20170120_153144|32785|133|7,194245|0||0||0|0|0|0||||||||||||
20170120_153145|32928|134|7,142857|0||0||0|0|0|0||||||||||||
20170120_153145|33095|135|7,042254|0||0||0|0|0|0||||||||||||
20170120_153145|33215|136|7,194245|0||0||0|0|0|0||||||||||||
20170120_153145|33362|137|7,042254|0||0||0|0|0|0||||||||||||
20170120_153145|33491|138|7,092199|0||0||0|0|0|0||||||||||||
20170120_153145|33668|139|6,993007|0||0||0|0|0|0||||||||||||
20170120_153145|33780|140|7,194245|0||0||0|0|0|0||||||||||||
20170120_153146|33907|141|7,299270|0||0||0|0|0|0||||||||||||
20170120_153146|34061|142|7,042254|0||0||0|0|0|0||||||||||||
20170120_153146|34194|143|7,042254|0||0||0|0|0|0||||||||||||
20170120_153146|34328|144|7,092199|0||0||0|0|0|0||||||||||||
20170120_153146|34482|145|7,142857|0||0||0|0|0|0||||||||||||
20170120_153146|34617|146|7,042254|0||0||0|0|0|0||||||||||||
20170120_153146|34756|147|7,092199|0||0||0|0|0|0||||||||||||
20170120_153147|34908|148|7,194245|0||0||0|0|0|0||||||||||||
20170120_153147|35043|149|7,142857|0||0||0|0|0|0||||||||||||
20170120_153147|35177|150|7,142857|0||0||0|0|0|0||||||||||||
20170120_153147|35319|151|6,993007|0||0||0|0|0|0||||||||||||
20170120_153147|35461|152|7,194245|0||0||0|0|0|0||||||||||||
20170120_153147|35609|153|7,092199|0||0||0|0|0|0||||||||||||
20170120_153147|35692|154|10,526316|0||0||0|0|0|0||||||||||||
20170120_153147|35868|155|7,142857|0||0||0|0|0|0||||||||||||
20170120_153148|35966|156|7,246377|0||0||0|0|0|0||||||||||||
20170120_153148|36076|157|10,416667|0||0||0|0|0|0||||||||||||
20170120_153148|36197|158|7,246377|0||0||0|0|0|0||||||||||||
20170120_153148|36303|159|10,416667|0||0||0|0|0|0||||||||||||
20170120_153148|36443|160|7,092199|0||0||0|0|0|0||||||||||||
20170120_153148|36581|161|7,092199|0||0||0|0|0|0||||||||||||
20170120_153148|36740|162|7,142857|0||0||0|0|0|0||||||||||||
20170120_153148|36888|163|7,092199|0||0||0|0|0|0||||||||||||
20170120_153149|36973|164|8,928571|0||0||0|0|0|0||||||||||||
20170120_153149|37095|165|10,000000|0||0||0|0|0|0||||||||||||
20170120_153149|37243|166|7,633588|0||0||0|0|0|0||||||||||||
20170120_153149|37399|167|7,462687|0||0||0|0|0|0||||||||||||
20170120_153149|37508|168|6,711409|0||0||0|0|0|0||||||||||||
20170120_153149|37618|169|8,064516|0||0||0|0|0|0||||||||||||
20170120_153149|37758|170|7,142857|0||0||0|0|0|0||||||||||||
20170120_153149|37893|171|7,092199|0||0||0|0|0|0||||||||||||
20170120_153150|38035|172|7,142857|0||0||0|0|0|0||||||||||||
20170120_153150|38188|173|6,993007|0||0||0|0|0|0||||||||||||
20170120_153150|38312|174|7,194245|0||0||0|0|0|0||||||||||||
20170120_153150|38454|175|7,246377|0||0||0|0|0|0||||||||||||
20170120_153150|38581|176|10,000000|0||0||0|0|0|0||||||||||||
20170120_153150|38681|177|7,462687|0||0||0|0|0|0||||||||||||
20170120_153150|38782|178|10,416667|0||0||0|0|0|0||||||||||||
20170120_153150|38880|179|10,101010|0||0||0|0|0|0||||||||||||
20170120_153151|39012|180|10,000000|0||0||0|0|0|0||||||||||||
20170120_153151|39129|181|7,692308|0||0||0|0|0|0||||||||||||
20170120_153151|39252|182|7,194245|0||0||0|0|0|0||||||||||||
20170120_153151|39354|183|10,416667|0||0||0|0|0|0||||||||||||
20170120_153151|39487|184|7,246377|0||0||0|0|0|0||||||||||||
20170120_153151|39582|185|10,526316|0||0||0|0|0|0||||||||||||
20170120_153151|39690|186|10,752688|0||0||0|0|0|0||||||||||||
20170120_153151|39784|187|9,090909|0||0||0|0|0|0||||||||||||
20170120_153151|39882|188|10,526316|0||0||0|0|0|0||||||||||||
20170120_153152|39972|189|10,989011|0||0||0|0|0|0||||||||||||
20170120_153152|40075|190|10,526316|0||0||0|0|0|0||||||||||||
20170120_153152|40167|191|10,869565|0||0||0|0|0|0||||||||||||
20170120_153152|40247|192|10,752688|0||0||0|0|0|0||||||||||||
20170120_153152|40340|193|12,048193|0||0||0|0|0|0||||||||||||
20170120_153152|40466|194|7,142857|0||0||0|0|0|0||||||||||||
20170120_153152|40561|195|10,638298|0||0||0|0|0|0||||||||||||
20170120_153152|40650|196|10,989011|0||0||0|0|0|0||||||||||||
20170120_153152|40748|197|10,638298|0||0||0|0|0|0||||||||||||
20170120_153152|40845|198|10,526316|0||0||0|0|0|0||||||||||||
20170120_153153|40949|199|10,638298|0||0||0|0|0|0||||||||||||
20170120_153153|41075|200|7,194245|0||0||0|0|0|0||||||||||||
20170120_153153|41173|201|10,416667|0||0||0|0|0|0||||||||||||
20170120_153153|41308|202|7,194245|0||0||0|0|0|0||||||||||||
20170120_153153|41411|203|10,638298|0||0||0|0|0|0||||||||||||
20170120_153153|41542|204|10,309278|0||0||0|0|0|0||||||||||||
20170120_153153|41641|205|7,194245|0||0||0|0|0|0||||||||||||
20170120_153153|41737|206|10,869565|0||0||0|0|0|0||||||||||||
20170120_153153|41871|207|7,092199|0||0||0|0|0|0||||||||||||
20170120_153154|41983|208|10,638298|0||0||0|0|0|0||||||||||||
20170120_153154|42071|209|10,752688|0||0||0|0|0|0||||||||||||
20170120_153154|42203|210|6,993007|0||0||0|0|0|0||||||||||||
20170120_153154|42311|211|10,526316|0||0||0|0|0|0||||||||||||
20170120_153154|42429|212|9,523810|0||0||0|0|0|0||||||||||||
20170120_153154|42531|213|7,936508|0||0||0|0|0|0||||||||||||
20170120_153154|42688|214|9,090909|0||0||0|0|0|0||||||||||||
20170120_153154|42784|215|7,246377|0||0||0|0|0|0||||||||||||
20170120_153155|42944|216|9,803922|0||0||0|0|0|0||||||||||||
20170120_153155|43048|217|6,097561|0||0||0|0|0|0||||||||||||
20170120_153155|43146|218|10,416667|0||0||0|0|0|0||||||||||||
20170120_153155|43279|219|7,246377|0||0||0|0|0|0||||||||||||
20170120_153155|43395|220|10,526316|0||0||0|0|0|0||||||||||||
20170120_153155|43511|221|7,142857|0||0||0|0|0|0||||||||||||
20170120_153155|43615|222|10,416667|0||0||0|0|0|0||||||||||||
20170120_153155|43795|223|7,142857|0||0||0|0|0|0||||||||||||
20170120_153156|43917|224|6,849315|0||0||0|0|0|0||||||||||||
20170120_153156|44062|225|9,174312|0||0||0|0|0|0||||||||||||
20170120_153156|44176|226|5,988024|0||0||0|0|0|0||||||||||||
20170120_153156|44309|227|7,246377|0||0||0|0|0|0||||||||||||
20170120_153156|44417|228|10,204082|0||0||0|0|0|0||||||||||||
20170120_153156|44564|229|7,246377|0||0||0|0|0|0||||||||||||
20170120_153156|44715|230|7,042254|0||0||0|0|0|0||||||||||||
20170120_153156|44844|231|7,142857|0||0||0|0|0|0||||||||||||
20170120_153157|44970|232|7,042254|0||0||0|0|0|0||||||||||||
20170120_153157|45063|233|10,989011|0||0||0|0|0|0||||||||||||
20170120_153157|45208|234|7,194245|0||0||0|0|0|0||||||||||||
20170120_153157|45347|235|6,944444|0||0||0|0|0|0||||||||||||
20170120_153157|45507|236|7,194245|0||0||0|0|0|0||||||||||||
20170120_153157|45636|237|7,092199|0||0||0|0|0|0||||||||||||
20170120_153157|45725|238|10,526316|0||0||0|0|0|0||||||||||||
20170120_153157|45810|239|10,869565|0||0||0|0|0|0||||||||||||
20170120_153157|45903|240|10,638298|0||0||0|0|0|0||||||||||||
20170120_153158|46005|241|10,638298|0||0||0|0|0|0||||||||||||
20170120_153158|46139|242|7,092199|0||0||0|0|0|0||||||||||||
20170120_153158|46249|243|10,638298|0||0||0|0|0|0||||||||||||
20170120_153158|46382|244|7,042254|0||0||0|0|0|0||||||||||||
20170120_153158|46513|245|7,299270|0||0||0|0|0|0||||||||||||
20170120_153158|46612|246|10,309278|0||0||0|0|0|0||||||||||||
20170120_153158|46756|247|7,092199|0||0||0|0|0|0||||||||||||
20170120_153158|46897|248|7,042254|0||0||0|0|0|0||||||||||||
20170120_153159|47058|249|7,352941|0||0||0|0|0|0||||||||||||
20170120_153159|47183|250|6,993007|0||0||0|0|0|0||||||||||||
20170120_153159|47313|251|7,194245|0||0||0|0|0|0||||||||||||
20170120_153159|47449|252|7,042254|0||0||0|0|0|0||||||||||||
20170120_153159|47545|253|10,869565|0||0||0|0|0|0||||||||||||
20170120_153159|47644|254|10,416667|0||0||0|0|0|0||||||||||||
20170120_153159|47784|255|7,194245|0||0||0|0|0|0||||||||||||
20170120_153200|47942|256|7,092199|0||0||0|0|0|0||||||||||||
20170120_153200|48064|257|7,092199|0||0||0|0|0|0||||||||||||
20170120_153200|48200|258|7,194245|0||0||0|0|0|0||||||||||||
20170120_153200|48299|259|10,638298|0||0||0|0|0|0||||||||||||
20170120_153200|48391|260|10,526316|0||0||0|0|0|0||||||||||||
20170120_153200|48529|261|7,142857|0||0||0|0|0|0||||||||||||
20170120_153200|48674|262|7,092199|0||0||0|0|0|0||||||||||||
20170120_153200|48819|263|7,092199|0||0||0|0|0|0||||||||||||
20170120_153201|48908|264|10,638298|0||0||0|0|0|0||||||||||||
20170120_153201|49042|265|7,194245|0||0||0|0|0|0||||||||||||
20170120_153201|49187|266|6,993007|0||0||0|0|0|0||||||||||||
20170120_153201|49334|267|7,246377|0||0||0|0|0|0||||||||||||
20170120_153201|49528|268|6,849315|0||0||0|0|0|0||||||||||||
20170120_153201|49682|269|5,434783|0||0||0|0|0|0||||||||||||
20170120_153201|49855|270|5,347594|0||0||0|0|0|0||||||||||||
20170120_153202|49986|271|7,042254|0||0||0|0|0|0||||||||||||
20170120_153202|50126|272|7,142857|0||0||0|0|0|0||||||||||||
20170120_153202|50297|273|7,042254|0||0||0|0|0|0||||||||||||
20170120_153202|50408|274|7,194245|0||0||0|0|0|0||||||||||||
20170120_153202|50560|275|7,042254|0||0||0|0|0|0||||||||||||
20170120_153202|50693|276|7,042254|0||0||0|0|0|0||||||||||||
20170120_153202|50832|277|7,194245|0||0||0|0|0|0||||||||||||
20170120_153203|50968|278|7,142857|0||0||0|0|0|0||||||||||||
20170120_153203|51067|279|10,752688|0||0||0|0|0|0||||||||||||
20170120_153203|51201|280|7,142857|0||0||0|0|0|0||||||||||||
20170120_153203|51299|281|10,526316|0||0||0|0|0|0||||||||||||
20170120_153203|51397|282|10,638298|0||0||0|0|0|0||||||||||||
20170120_153203|51481|283|10,869565|0||0||0|0|0|0||||||||||||
20170120_153203|51582|284|10,526316|0||0||0|0|0|0||||||||||||
20170120_153203|51723|285|7,042254|0||0||0|0|0|0||||||||||||
20170120_153203|51875|286|7,246377|0||0||0|0|0|0||||||||||||
20170120_153204|52006|287|7,092199|0||0||0|0|0|0||||||||||||
20170120_153204|52143|288|10,416667|0||0||0|0|0|0||||||||||||
20170120_153204|52242|289|6,756757|0||0||0|0|0|0||||||||||||
20170120_153204|52351|290|11,494253|0||0||0|0|0|0||||||||||||
20170120_153204|52452|291|8,547009|0||0||0|0|0|0||||||||||||
20170120_153204|52544|292|11,494253|0||0||0|0|0|0||||||||||||
20170120_153204|52644|293|10,101010|0||0||0|0|0|0||||||||||||
20170120_153204|52752|294|8,547009|0||0||0|0|0|0||||||||||||
20170120_153204|52900|295|7,194245|0||0||0|0|0|0||||||||||||
20170120_153205|53036|296|7,042254|0||0||0|0|0|0||||||||||||
20170120_153205|53214|297|7,142857|0||0||0|0|0|0||||||||||||
20170120_153205|53313|298|7,042254|0||0||0|0|0|0||||||||||||
20170120_153205|53424|299|10,869565|0||0||0|0|0|0||||||||||||
20170120_153205|53580|300|7,042254|0||0||0|0|0|0||||||||||||
20170120_153205|53722|301|7,092199|0||0||0|0|0|0||||||||||||
20170120_153205|53838|302|7,246377|0||0||0|0|0|0||||||||||||
20170120_153206|53951|303|8,474576|0||0||0|0|0|0||||||||||||
20170120_153206|54049|304|10,869565|0||0||0|0|0|0||||||||||||
20170120_153206|54165|305|8,403361|0||0||0|0|0|0||||||||||||
20170120_153206|54313|306|7,142857|0||0||0|0|0|0||||||||||||
20170120_153206|54438|307|6,944444|0||0||0|0|0|0||||||||||||
20170120_153206|54533|308|10,989011|0||0||0|0|0|0||||||||||||
20170120_153206|54621|309|10,526316|0||0||0|0|0|0||||||||||||
20170120_153206|54714|310|10,638298|0||0||0|0|0|0||||||||||||
20170120_153206|54816|311|10,752688|0||0||0|0|0|0||||||||||||
20170120_153207|54954|312|7,092199|0||0||0|0|0|0||||||||||||
20170120_153207|55050|313|10,416667|0||0||0|0|0|0||||||||||||
20170120_153207|55143|314|10,869565|0||0||0|0|0|0||||||||||||
20170120_153207|55249|315|10,526316|0||0||0|0|0|0||||||||||||
20170120_153207|55383|316|8,695652|0||0||0|0|0|0||||||||||||
20170120_153207|55501|317|7,633588|0||0||0|0|0|0||||||||||||
20170120_153207|55642|318|7,633588|0||0||0|0|0|0||||||||||||
20170120_153207|55758|319|7,299270|0||0||0|0|0|0||||||||||||
20170120_153207|55902|320|7,142857|0||0||0|0|0|0||||||||||||
20170120_153208|56028|321|7,092199|0||0||0|0|0|0||||||||||||
20170120_153208|56168|322|7,042254|0||0||0|0|0|0||||||||||||
20170120_153208|56276|323|10,869565|0||0||0|0|0|0||||||||||||
20170120_153208|56407|324|7,194245|0||0||0|0|0|0||||||||||||
20170120_153208|56542|325|10,416667|0||0||0|0|0|0||||||||||||
20170120_153208|56645|326|7,936508|0||0||0|0|0|0||||||||||||
20170120_153208|56748|327|9,174312|0||0||0|0|0|0||||||||||||
20170120_153208|56839|328|10,752688|0||0||0|0|0|0||||||||||||
20170120_153209|56944|329|9,090909|0||0||0|0|0|0||||||||||||
20170120_153209|57056|330|10,638298|0||0||0|0|0|0||||||||||||
20170120_153209|57162|331|8,130081|0||0||0|0|0|0||||||||||||
20170120_153209|57263|332|10,526316|0||0||0|0|0|0||||||||||||
20170120_153209|57405|333|7,142857|0||0||0|0|0|0||||||||||||
20170120_153209|57531|334|7,092199|0||0||0|0|0|0||||||||||||
20170120_153209|57690|335|7,142857|0||0||0|0|0|0||||||||||||
20170120_153209|57811|336|7,042254|0||0||0|0|0|0||||||||||||
20170120_153210|57933|337|10,989011|0||0||0|0|0|0||||||||||||
20170120_153210|58042|338|6,993007|0||0||0|0|0|0||||||||||||
20170120_153210|58144|339|10,752688|0||0||0|0|0|0||||||||||||
20170120_153210|58249|340|10,638298|0||0||0|0|0|0||||||||||||
20170120_153210|58340|341|10,416667|0||0||0|0|0|0||||||||||||
20170120_153210|58460|342|7,246377|0||0||0|0|0|0||||||||||||
20170120_153210|58566|343|10,526316|0||0||0|0|0|0||||||||||||
20170120_153210|58698|344|7,246377|0||0||0|0|0|0||||||||||||
20170120_153210|58796|345|10,204082|0||0||0|0|0|0||||||||||||
20170120_153210|58893|346|10,869565|0||0||0|0|0|0||||||||||||
20170120_153211|59000|347|9,708738|0||0||0|0|0|0||||||||||||
20170120_153211|59112|348|10,752688|0||0||0|0|0|0||||||||||||
20170120_153211|59217|349|7,575758|0||0||0|0|0|0||||||||||||
20170120_153211|59317|350|10,752688|0||0||0|0|0|0||||||||||||
20170120_153211|59455|351|7,194245|0||0||0|0|0|0||||||||||||
20170120_153211|59565|352|10,204082|0||0||0|0|0|0||||||||||||
20170120_153211|59692|353|7,299270|0||0||0|0|0|0||||||||||||
20170120_153211|59838|354|7,092199|0||0||0|0|0|0||||||||||||
20170120_153212|59966|355|7,092199|0||0||0|0|0|0||||||||||||
20170120_153212|60082|356|10,638298|0||0||0|0|0|0||||||||||||
20170120_153212|60213|357|7,142857|0||0||0|0|0|0||||||||||||
20170120_153212|60340|358|7,142857|0||0||0|0|0|0||||||||||||
20170120_153212|60441|359|10,526316|0||0||0|0|0|0||||||||||||
20170120_153212|60577|360|7,042254|0||0||0|0|0|0||||||||||||
20170120_153212|60690|361|10,752688|0||0||0|0|0|0||||||||||||
20170120_153212|60823|362|7,042254|0||0||0|0|0|0||||||||||||
20170120_153213|60957|363|7,246377|0||0||0|0|0|0||||||||||||
20170120_153213|61088|364|7,092199|0||0||0|0|0|0||||||||||||
20170120_153213|61189|365|10,752688|0||0||0|0|0|0||||||||||||
20170120_153213|61277|366|10,526316|0||0||0|0|0|0||||||||||||
20170120_153213|61373|367|10,526316|0||0||0|0|0|0||||||||||||
20170120_153213|61466|368|10,752688|0||0||0|0|0|0||||||||||||
20170120_153213|61568|369|10,752688|0||0||0|0|0|0||||||||||||
20170120_153213|61699|370|7,194245|0||0||0|0|0|0||||||||||||
20170120_153213|61803|371|10,204082|0||0||0|0|0|0||||||||||||
20170120_153213|61894|372|10,101010|0||0||0|0|0|0||||||||||||
20170120_153214|61985|373|11,764706|0||0||0|0|0|0||||||||||||
20170120_153214|62120|374|10,416667|0||0||0|0|0|0||||||||||||
20170120_153214|62212|375|7,194245|0||0||0|0|0|0||||||||||||
20170120_153214|62316|376|10,638298|0||0||0|0|0|0||||||||||||
20170120_153214|62414|377|10,752688|0||0||0|0|0|0||||||||||||
20170120_153214|62544|378|7,092199|0||0||0|0|0|0||||||||||||
20170120_153214|62649|379|10,638298|0||0||0|0|0|0||||||||||||
20170120_153214|62729|380|10,638298|0||0||0|0|0|0||||||||||||
20170120_153214|62827|381|10,416667|0||0||0|0|0|0||||||||||||
20170120_153215|62937|382|10,989011|0||0||0|0|0|0||||||||||||
20170120_153215|63013|383|10,526316|0||0||0|0|0|0||||||||||||
20170120_153215|63114|384|10,869565|0||0||0|0|0|0||||||||||||
20170120_153215|63268|385|7,194245|0||0||0|0|0|0||||||||||||
20170120_153215|63390|386|7,042254|0||0||0|0|0|0||||||||||||
20170120_153215|63485|387|10,638298|0||0||0|0|0|0||||||||||||
20170120_153215|63584|388|10,309278|0||0||0|0|0|0||||||||||||
20170120_153215|63735|389|7,246377|0||0||0|0|0|0||||||||||||
20170120_153215|63856|390|7,092199|0||0||0|0|0|0||||||||||||
20170120_153216|63949|391|10,869565|0||0||0|0|0|0||||||||||||
20170120_153216|64039|392|10,416667|0||0||0|0|0|0||||||||||||
20170120_153216|64138|393|10,752688|0||0||0|0|0|0||||||||||||
20170120_153216|64227|394|10,752688|0||0||0|0|0|0||||||||||||
20170120_153216|64327|395|10,309278|0||0||0|0|0|0||||||||||||
20170120_153216|64424|396|10,989011|0||0||0|0|0|0||||||||||||
20170120_153216|64511|397|10,638298|0||0||0|0|0|0||||||||||||
20170120_153216|64602|398|10,752688|0||0||0|0|0|0||||||||||||
20170120_153216|64694|399|10,752688|0||0||0|0|0|0||||||||||||
20170120_153216|64791|400|10,416667|0||0||0|0|0|0||||||||||||
20170120_153216|64882|401|10,752688|0||0||0|0|0|0||||||||||||
20170120_153217|64981|402|10,752688|0||0||0|0|0|0||||||||||||
20170120_153217|65074|403|10,416667|0||0||0|0|0|0||||||||||||
20170120_153217|65168|404|10,526316|0||0||0|0|0|0||||||||||||
20170120_153217|65258|405|11,111111|0||0||0|0|0|0||||||||||||
20170120_153217|65357|406|10,416667|0||0||0|0|0|0||||||||||||
20170120_153217|65448|407|10,989011|0||0||0|0|0|0||||||||||||
20170120_153217|65545|408|10,101010|0||0||0|0|0|0||||||||||||
20170120_153217|65636|409|10,752688|0||0||0|0|0|0||||||||||||
20170120_153217|65729|410|11,111111|0||0||0|0|0|0||||||||||||
20170120_153217|65821|411|10,416667|0||0||0|0|0|0||||||||||||
20170120_153218|65923|412|10,526316|0||0||0|0|0|0||||||||||||
20170120_153218|66012|413|11,111111|0||0||0|0|0|0||||||||||||
20170120_153218|66104|414|10,638298|0||0||0|0|0|0||||||||||||
20170120_153218|66198|415|10,752688|0||0||0|0|0|0||||||||||||
20170120_153218|66292|416|10,526316|0||0||0|0|0|0||||||||||||
20170120_153218|66384|417|10,526316|0||0||0|0|0|0||||||||||||
20170120_153218|66489|418|10,989011|0||0||0|0|0|0||||||||||||
20170120_153218|66582|419|10,309278|0||0||0|0|0|0||||||||||||
20170120_153218|66714|420|7,042254|0||0||0|0|0|0||||||||||||
20170120_153218|66815|421|10,989011|0||0||0|0|0|0||||||||||||
20170120_153219|66949|422|7,194245|0||0||0|0|0|0||||||||||||
20170120_153219|67043|423|10,416667|0||0||0|0|0|0||||||||||||
20170120_153219|67136|424|10,526316|0||0||0|0|0|0||||||||||||
20170120_153219|67229|425|10,989011|0||0||0|0|0|0||||||||||||
20170120_153219|67320|426|10,638298|0||0||0|0|0|0||||||||||||
20170120_153219|67423|427|10,638298|0||0||0|0|0|0||||||||||||
20170120_153219|67562|428|7,092199|0||0||0|0|0|0||||||||||||
20170120_153219|67651|429|10,638298|0||0||0|0|0|0||||||||||||
20170120_153219|67743|430|10,638298|0||0||0|0|0|0||||||||||||
20170120_153219|67837|431|10,752688|0||0||0|0|0|0||||||||||||
20170120_153220|67932|432|10,416667|0||0||0|0|0|0||||||||||||
20170120_153220|68027|433|10,989011|0||0||0|0|0|0||||||||||||
20170120_153220|68121|434|10,309278|0||0||0|0|0|0||||||||||||
20170120_153220|68213|435|10,989011|0||0||0|0|0|0||||||||||||
20170120_153220|68306|436|10,638298|0||0||0|0|0|0||||||||||||
20170120_153220|68400|437|10,752688|0||0||0|0|0|0||||||||||||
20170120_153220|68513|438|10,638298|0||0||0|0|0|0||||||||||||
20170120_153220|68609|439|10,638298|0||0||0|0|0|0||||||||||||
20170120_153220|68726|440|7,142857|0||0||0|0|0|0||||||||||||
20170120_153220|68848|441|10,309278|0||0||0|0|0|0||||||||||||
20170120_153221|68963|442|7,299270|0||0||0|0|0|0||||||||||||
20170120_153221|69054|443|10,638298|0||0||0|0|0|0||||||||||||
20170120_153221|69170|444|10,526316|0||0||0|0|0|0||||||||||||
20170120_153221|69291|445|7,194245|0||0||0|0|0|0||||||||||||
20170120_153221|69386|446|10,526316|0||0||0|0|0|0||||||||||||
20170120_153221|69479|447|10,638298|0||0||0|0|0|0||||||||||||
20170120_153221|69579|448|10,416667|0||0||0|0|0|0||||||||||||
20170120_153221|69713|449|7,299270|0||0||0|0|0|0||||||||||||
20170120_153221|69821|450|10,638298|0||0||0|0|0|0||||||||||||
20170120_153221|69903|451|10,526316|0||0||0|0|0|0||||||||||||
20170120_153222|70007|452|10,638298|0||0||0|0|0|0||||||||||||
20170120_153222|70112|453|10,752688|0||0||0|0|0|0||||||||||||
20170120_153222|70198|454|8,928571|0||0||0|0|0|0||||||||||||
20170120_153222|70286|455|13,333333|0||0||0|0|0|0||||||||||||
20170120_153222|70433|456|7,042254|0||0||0|0|0|0||||||||||||
20170120_153222|70515|457|10,752688|0||0||0|0|0|0||||||||||||
20170120_153222|70651|458|7,042254|0||0||0|0|0|0||||||||||||
20170120_153222|70769|459|10,989011|0||0||0|0|0|0||||||||||||
20170120_153222|70883|460|7,042254|0||0||0|0|0|0||||||||||||
20170120_153223|70979|461|10,638298|0||0||0|0|0|0||||||||||||
20170120_153223|71073|462|10,752688|0||0||0|0|0|0||||||||||||
20170120_153223|71165|463|10,526316|0||0||0|0|0|0||||||||||||
20170120_153223|71260|464|10,752688|0||0||0|0|0|0||||||||||||
20170120_153223|71353|465|10,526316|0||0||0|0|0|0||||||||||||
20170120_153223|71448|466|10,752688|0||0||0|0|0|0||||||||||||
20170120_153223|71589|467|7,142857|0||0||0|0|0|0||||||||||||
20170120_153223|71690|468|10,416667|0||0||0|0|0|0||||||||||||
20170120_153223|71864|469|6,993007|0||0||0|0|0|0||||||||||||
20170120_153224|71974|470|7,299270|0||0||0|0|0|0||||||||||||
20170120_153224|72129|471|6,896552|0||0||0|0|0|0||||||||||||
20170120_153224|72263|472|7,299270|0||0||0|0|0|0||||||||||||
20170120_153224|72408|473|6,944444|0||0||0|0|0|0||||||||||||
20170120_153224|72532|474|7,352941|0||0||0|0|0|0||||||||||||
20170120_153224|72685|475|6,756757|0||0||0|0|0|0||||||||||||
20170120_153224|72808|476|7,518797|0||0||0|0|0|0||||||||||||
20170120_153225|72910|477|10,638298|0||0||0|0|0|0||||||||||||
20170120_153225|73040|478|7,194245|0||0||0|0|0|0||||||||||||
20170120_153225|73147|479|10,416667|0||0||0|0|0|0||||||||||||
20170120_153225|73277|480|7,142857|0||0||0|0|0|0||||||||||||
20170120_153225|73369|481|10,638298|0||0||0|0|0|0||||||||||||
20170120_153225|73507|482|7,194245|0||0||0|0|0|0||||||||||||
20170120_153225|73625|483|10,638298|0||0||0|0|0|0||||||||||||
20170120_153225|73748|484|7,042254|0||0||0|0|0|0||||||||||||
20170120_153225|73882|485|7,092199|0||0||0|0|0|0||||||||||||
20170120_153226|73979|486|10,752688|0||0||0|0|0|0||||||||||||
20170120_153226|74073|487|10,752688|0||0||0|0|0|0||||||||||||
20170120_153226|74166|488|10,638298|0||0||0|0|0|0||||||||||||
20170120_153226|74259|489|10,638298|0||0||0|0|0|0||||||||||||
20170120_153226|74358|490|10,416667|0||0||0|0|0|0||||||||||||
20170120_153226|74443|491|10,989011|0||0||0|0|0|0||||||||||||
20170120_153226|74546|492|10,526316|0||0||0|0|0|0||||||||||||
20170120_153226|74687|493|7,042254|0||0||0|0|0|0||||||||||||
20170120_153226|74825|494|7,092199|0||0||0|0|0|0||||||||||||
20170120_153227|74914|495|10,869565|0||0||0|0|0|0||||||||||||
20170120_153227|75019|496|10,526316|0||0||0|0|0|0||||||||||||
20170120_153227|75148|497|7,194245|0||0||0|0|0|0||||||||||||
20170120_153227|75249|498|10,638298|0||0||0|0|0|0||||||||||||
20170120_153227|75385|499|7,194245|0||0||0|0|0|0||||||||||||
20170120_153227|75480|500|10,638298|0||0||0|0|0|0||||||||||||
20170120_153227|75573|501|10,526316|0||0||0|0|0|0||||||||||||
20170120_153227|75667|502|10,526316|0||0||0|0|0|0||||||||||||
20170120_153227|75769|503|10,869565|0||0||0|0|0|0||||||||||||
20170120_153227|75902|504|7,042254|0||0||0|0|0|0||||||||||||
20170120_153228|76050|505|7,194245|0||0||0|0|0|0||||||||||||
20170120_153228|76179|506|7,142857|0||0||0|0|0|0||||||||||||
20170120_153228|76272|507|10,638298|0||0||0|0|0|0||||||||||||
20170120_153228|76394|508|10,204082|0||0||0|0|0|0||||||||||||
20170120_153228|76591|509|6,666667|0||0||0|0|0|0||||||||||||
20170120_153228|76734|510|5,464481|0||0||0|0|0|0||||||||||||
20170120_153228|76876|511|7,462687|0||0||0|0|0|0||||||||||||
20170120_153229|77049|512|5,376344|0||0||0|0|0|0||||||||||||
20170120_153229|77166|513|7,092199|0||0||0|0|0|0||||||||||||
20170120_153229|77286|514|10,752688|0||0||0|0|0|0||||||||||||
20170120_153229|77423|515|7,042254|0||0||0|0|0|0||||||||||||
20170120_153229|77555|516|7,042254|0||0||0|0|0|0||||||||||||
20170120_153229|77679|517|7,299270|0||0||0|0|0|0||||||||||||
20170120_153229|77795|518|10,526316|0||0||0|0|0|0||||||||||||
20170120_153230|77916|519|7,092199|0||0||0|0|0|0||||||||||||
20170120_153230|78053|520|7,246377|0||0||0|0|0|0||||||||||||
20170120_153230|78155|521|10,526316|0||0||0|0|0|0||||||||||||
20170120_153230|78247|522|10,416667|0||0||0|0|0|0||||||||||||
20170120_153230|78337|523|10,989011|0||0||0|0|0|0||||||||||||
20170120_153230|78459|524|10,204082|0||0||0|0|0|0||||||||||||
20170120_153230|78570|525|7,352941|0||0||0|0|0|0||||||||||||
20170120_153230|78667|526|10,309278|0||0||0|0|0|0||||||||||||
20170120_153230|78758|527|10,869565|0||0||0|0|0|0||||||||||||
20170120_153230|78876|528|10,752688|0||0||0|0|0|0||||||||||||
20170120_153231|78995|529|6,993007|0||0||0|0|0|0||||||||||||
20170120_153231|79098|530|10,869565|0||0||0|0|0|0||||||||||||
20170120_153231|79228|531|7,142857|0||0||0|0|0|0||||||||||||
20170120_153231|79322|532|10,638298|0||0||0|0|0|0||||||||||||
20170120_153231|79416|533|10,638298|0||0||0|0|0|0||||||||||||
20170120_153231|79531|534|10,638298|0||0||0|0|0|0||||||||||||
20170120_153231|79651|535|7,194245|0||0||0|0|0|0||||||||||||
20170120_153231|79746|536|10,309278|0||0||0|0|0|0||||||||||||
20170120_153231|79895|537|7,194245|0||0||0|0|0|0||||||||||||
20170120_153232|79978|538|10,752688|0||0||0|0|0|0||||||||||||
20170120_153232|80070|539|10,416667|0||0||0|0|0|0||||||||||||
20170120_153232|80170|540|10,752688|0||0||0|0|0|0||||||||||||
20170120_153232|80261|541|10,638298|0||0||0|0|0|0||||||||||||
20170120_153232|80354|542|10,869565|0||0||0|0|0|0||||||||||||
20170120_153232|80450|543|10,638298|0||0||0|0|0|0||||||||||||
20170120_153232|80605|544|7,142857|0||0||0|0|0|0||||||||||||
20170120_153232|80727|545|7,042254|0||0||0|0|0|0||||||||||||
20170120_153232|80825|546|10,638298|0||0||0|0|0|0||||||||||||
20170120_153233|80962|547|7,142857|0||0||0|0|0|0||||||||||||
20170120_153233|81059|548|10,526316|0||0||0|0|0|0||||||||||||
20170120_153233|81195|549|7,194245|0||0||0|0|0|0||||||||||||
20170120_153233|81321|550|10,416667|0||0||0|0|0|0||||||||||||
20170120_153233|81434|551|7,092199|0||0||0|0|0|0||||||||||||
20170120_153233|81551|552|10,752688|0||0||0|0|0|0||||||||||||
20170120_153233|81669|553|7,194245|0||0||0|0|0|0||||||||||||
20170120_153233|81760|554|10,416667|0||0||0|0|0|0||||||||||||
20170120_153234|81913|555|7,246377|0||0||0|0|0|0||||||||||||
20170120_153234|82043|556|6,993007|0||0||0|0|0|0||||||||||||
20170120_153234|82138|557|10,752688|0||0||0|0|0|0||||||||||||
20170120_153234|82280|558|7,142857|0||0||0|0|0|0||||||||||||
20170120_153234|82438|559|7,142857|0||0||0|0|0|0||||||||||||
20170120_153234|82557|560|6,993007|0||0||0|0|0|0||||||||||||
20170120_153234|82652|561|10,989011|0||0||0|0|0|0||||||||||||
20170120_153234|82752|562|10,309278|0||0||0|0|0|0||||||||||||
20170120_153234|82905|563|7,246377|0||0||0|0|0|0||||||||||||
20170120_153235|83023|564|7,142857|0||0||0|0|0|0||||||||||||
20170120_153235|83120|565|10,638298|0||0||0|0|0|0||||||||||||
20170120_153235|83210|566|10,638298|0||0||0|0|0|0||||||||||||
20170120_153235|83305|567|10,638298|0||0||0|0|0|0||||||||||||
20170120_153235|83400|568|10,638298|0||0||0|0|0|0||||||||||||
20170120_153235|83501|569|10,526316|0||0||0|0|0|0||||||||||||
20170120_153235|83645|570|7,092199|0||0||0|0|0|0||||||||||||
20170120_153235|83793|571|7,246377|0||0||0|0|0|0||||||||||||
20170120_153235|83894|572|10,752688|0||0||0|0|0|0||||||||||||
20170120_153236|84011|573|6,944444|0||0||0|0|0|0||||||||||||
20170120_153236|84118|574|10,752688|0||0||0|0|0|0||||||||||||
20170120_153236|84198|575|10,869565|0||0||0|0|0|0||||||||||||
20170120_153236|84310|576|10,526316|0||0||0|0|0|0||||||||||||
20170120_153236|84452|577|7,092199|0||0||0|0|0|0||||||||||||
20170120_153236|84579|578|7,042254|0||0||0|0|0|0||||||||||||
20170120_153236|84712|579|7,246377|0||0||0|0|0|0||||||||||||
20170120_153236|84807|580|10,416667|0||0||0|0|0|0||||||||||||
20170120_153237|84947|581|7,299270|0||0||0|0|0|0||||||||||||
20170120_153237|85043|582|10,101010|0||0||0|0|0|0||||||||||||
20170120_153237|85138|583|10,869565|0||0||0|0|0|0||||||||||||
20170120_153237|85228|584|10,989011|0||0||0|0|0|0||||||||||||
20170120_153237|85328|585|10,309278|0||0||0|0|0|0||||||||||||
20170120_153237|85462|586|7,299270|0||0||0|0|0|0||||||||||||
20170120_153237|85560|587|10,309278|0||0||0|0|0|0||||||||||||
20170120_153237|85696|588|7,246377|0||0||0|0|0|0||||||||||||
20170120_153237|85796|589|10,101010|0||0||0|0|0|0||||||||||||
20170120_153238|85943|590|7,299270|0||0||0|0|0|0||||||||||||
20170120_153238|86075|591|6,993007|0||0||0|0|0|0||||||||||||
20170120_153238|86212|592|7,299270|0||0||0|0|0|0||||||||||||
20170120_153238|86318|593|10,416667|0||0||0|0|0|0||||||||||||
20170120_153238|86448|594|7,246377|0||0||0|0|0|0||||||||||||
20170120_153238|86545|595|10,416667|0||0||0|0|0|0||||||||||||
20170120_153238|86704|596|7,194245|0||0||0|0|0|0||||||||||||
20170120_153238|86831|597|6,944444|0||0||0|0|0|0||||||||||||
20170120_153239|86968|598|7,246377|0||0||0|0|0|0||||||||||||
20170120_153239|87115|599|7,194245|0||0||0|0|0|0||||||||||||
20170120_153239|87223|600|10,416667|0||0||0|0|0|0||||||||||||
20170120_153239|87357|601|7,142857|0||0||0|0|0|0||||||||||||
20170120_153239|87498|602|7,142857|0||0||0|0|0|0||||||||||||
20170120_153239|87649|603|7,042254|0||0||0|0|0|0||||||||||||
20170120_153239|87766|604|7,092199|0||0||0|0|0|0||||||||||||
20170120_153239|87905|605|7,142857|0||0||0|0|0|0||||||||||||
20170120_153240|88042|606|7,092199|0||0||0|0|0|0||||||||||||
20170120_153240|88183|607|7,194245|0||0||0|0|0|0||||||||||||
20170120_153240|88280|608|10,526316|0||0||0|0|0|0||||||||||||
20170120_153240|88382|609|10,752688|0||0||0|0|0|0||||||||||||
20170120_153240|88513|610|7,092199|0||0||0|0|0|0||||||||||||
20170120_153240|88631|611|10,752688|0||0||0|0|0|0||||||||||||
20170120_153240|88745|612|7,092199|0||0||0|0|0|0||||||||||||
20170120_153240|88887|613|7,042254|0||0||0|0|0|0||||||||||||
20170120_153241|88977|614|11,111111|0||0||0|0|0|0||||||||||||
20170120_153241|89078|615|10,309278|0||0||0|0|0|0||||||||||||
20170120_153241|89235|616|7,194245|0||0||0|0|0|0||||||||||||
20170120_153241|89355|617|7,042254|0||0||0|0|0|0||||||||||||
20170120_153241|89467|618|10,989011|0||0||0|0|0|0||||||||||||
20170120_153241|89554|619|10,416667|0||0||0|0|0|0||||||||||||
20170120_153241|89683|620|7,092199|0||0||0|0|0|0||||||||||||
20170120_153241|89783|621|10,869565|0||0||0|0|0|0||||||||||||
20170120_153242|89929|622|7,142857|0||0||0|0|0|0||||||||||||
20170120_153242|90009|623|10,526316|0||0||0|0|0|0||||||||||||
20170120_153242|90103|624|10,638298|0||0||0|0|0|0||||||||||||
20170120_153242|90203|625|10,752688|0||0||0|0|0|0||||||||||||
20170120_153242|90293|626|10,309278|0||0||0|0|0|0||||||||||||
20170120_153242|90405|627|10,989011|0||0||0|0|0|0||||||||||||
20170120_153242|90524|628|7,194245|0||0||0|0|0|0||||||||||||
20170120_153242|90640|629|10,416667|0||0||0|0|0|0||||||||||||
20170120_153242|90754|630|7,194245|0||0||0|0|0|0||||||||||||
20170120_153242|90854|631|10,526316|0||0||0|0|0|0||||||||||||
20170120_153243|90952|632|10,638298|0||0||0|0|0|0||||||||||||
20170120_153243|91095|633|6,849315|0||0||0|0|0|0||||||||||||
20170120_153243|91241|634|7,575758|0||0||0|0|0|0||||||||||||
20170120_153243|91335|635|10,204082|0||0||0|0|0|0||||||||||||
20170120_153243|91475|636|7,246377|0||0||0|0|0|0||||||||||||
20170120_153243|91555|637|10,526316|0||0||0|0|0|0||||||||||||
20170120_153243|91647|638|10,752688|0||0||0|0|0|0||||||||||||
20170120_153243|91746|639|10,526316|0||0||0|0|0|0||||||||||||
20170120_153243|91882|640|7,194245|0||0||0|0|0|0||||||||||||
20170120_153244|91974|641|10,638298|0||0||0|0|0|0||||||||||||
20170120_153244|92093|642|10,526316|0||0||0|0|0|0||||||||||||
20170120_153244|92174|643|10,752688|0||0||0|0|0|0||||||||||||
20170120_153244|92288|644|10,638298|0||0||0|0|0|0||||||||||||
20170120_153244|92372|645|8,928571|0||0||0|0|0|0||||||||||||
20170120_153244|92452|646|12,345679|0||0||0|0|0|0||||||||||||
20170120_153244|92538|647|11,363636|0||0||0|0|0|0||||||||||||
20170120_153244|92640|648|10,638298|0||0||0|0|0|0||||||||||||
20170120_153244|92730|649|10,752688|0||0||0|0|0|0||||||||||||
20170120_153244|92823|650|10,638298|0||0||0|0|0|0||||||||||||
20170120_153245|92933|651|10,416667|0||0||0|0|0|0||||||||||||
20170120_153245|93067|652|7,246377|0||0||0|0|0|0||||||||||||
20170120_153245|93196|653|7,142857|0||0||0|0|0|0||||||||||||
20170120_153245|93296|654|10,416667|0||0||0|0|0|0||||||||||||
20170120_153245|93429|655|7,142857|0||0||0|0|0|0||||||||||||
20170120_153245|93523|656|10,752688|0||0||0|0|0|0||||||||||||
20170120_153245|93668|657|7,092199|0||0||0|0|0|0||||||||||||
20170120_153245|93822|658|7,142857|0||0||0|0|0|0||||||||||||
20170120_153246|93948|659|7,194245|0||0||0|0|0|0||||||||||||
20170120_153246|94040|660|10,416667|0||0||0|0|0|0||||||||||||
20170120_153246|94146|661|10,416667|0||0||0|0|0|0||||||||||||
20170120_153246|94278|662|7,194245|0||0||0|0|0|0||||||||||||
20170120_153246|94371|663|10,526316|0||0||0|0|0|0||||||||||||
20170120_153246|94485|664|10,869565|0||0||0|0|0|0||||||||||||
20170120_153246|94610|665|7,042254|0||0||0|0|0|0||||||||||||
20170120_153246|94721|666|10,526316|0||0||0|0|0|0||||||||||||
20170120_153246|94824|667|9,433962|0||0||0|0|0|0||||||||||||
20170120_153247|94949|668|7,299270|0||0||0|0|0|0||||||||||||
20170120_153247|95036|669|10,416667|0||0||0|0|0|0||||||||||||
20170120_153247|95132|670|12,048193|0||0||0|0|0|0||||||||||||
20170120_153247|95215|671|10,526316|0||0||0|0|0|0||||||||||||
20170120_153247|95307|672|11,235955|0||0||0|0|0|0||||||||||||
20170120_153247|95408|673|10,416667|0||0||0|0|0|0||||||||||||
20170120_153247|95543|674|7,246377|0||0||0|0|0|0||||||||||||
20170120_153247|95636|675|10,416667|0||0||0|0|0|0||||||||||||
20170120_153247|95773|676|7,142857|0||0||0|0|0|0||||||||||||
20170120_153247|95871|677|10,526316|0||0||0|0|0|0||||||||||||
20170120_153248|96019|678|7,142857|0||0||0|0|0|0||||||||||||
20170120_153248|96181|679|7,042254|0||0||0|0|0|0||||||||||||
20170120_153248|96304|680|7,142857|0||0||0|0|0|0||||||||||||
20170120_153248|96441|681|7,092199|0||0||0|0|0|0||||||||||||
20170120_153248|96605|682|6,451613|0||0||0|0|0|0||||||||||||
20170120_153248|96773|683|5,555556|0||0||0|0|0|0||||||||||||
20170120_153249|96912|684|7,142857|0||0||0|0|0|0||||||||||||
20170120_153249|97099|685|5,434783|0||0||0|0|0|0||||||||||||
20170120_153249|97237|686|6,944444|0||0||0|0|0|0||||||||||||
20170120_153249|97372|687|7,518797|0||0||0|0|0|0||||||||||||
20170120_153249|97466|688|10,752688|0||0||0|0|0|0||||||||||||
20170120_153249|97556|689|10,638298|0||0||0|0|0|0||||||||||||
20170120_153249|97687|690|10,416667|0||0||0|0|0|0||||||||||||
