TimeStamp|Ticks|FrameNum|FPS|LogaDados|Robo|achou|trajetoria|Xd|Yd|Xa|Ya|DistMelhorPonto|velAtual|velAtualDerivSuja|velDesejada|erroVel|SaidaControleLinear|angAtual|angDesejado|erroAng|SaidaControleAngular|SinalDeControle1|SinalDeControle2|
20170205_001834|117522|1|0,000001|0||0||0|0|0|0|0,000000|0,000000|0,000000|0,000000|0,000000|0,000000|0,000000|0,000000|0,000000|0,000000|0,000000|0,000000|
20170205_001834|117847|2|3,058104|0||0||0|0|0|0|0,000000|0,000000|0,000000|0,000000|0,000000|0,000000|0,000000|0,000000|0,000000|0,000000|0,000000|0,000000|
20170205_001834|117910|3|16,129032|0||0||0|0|0|0|0,000000|0,000000|0,000000|0,000000|0,000000|0,000000|0,000000|0,000000|0,000000|0,000000|0,000000|0,000000|
20170205_001834|118036|4|7,874016|0||0||0|0|0|0|0,000000|0,000000|0,000000|0,000000|0,000000|0,000000|0,000000|0,000000|0,000000|0,000000|0,000000|0,000000|
20170205_001834|118164|5|7,812500|0||0||0|0|0|0|0,000000|0,000000|0,000000|0,000000|0,000000|0,000000|0,000000|0,000000|0,000000|0,000000|0,000000|0,000000|
20170205_001834|118308|6|6,944444|0||0||0|0|0|0|0,000000|0,000000|0,000000|0,000000|0,000000|0,000000|0,000000|0,000000|0,000000|0,000000|0,000000|0,000000|
20170205_001835|118436|7|7,812500|0||0||0|0|0|0|0,000000|0,000000|0,000000|0,000000|0,000000|0,000000|0,000000|0,000000|0,000000|0,000000|0,000000|0,000000|
20170205_001835|118564|8|7,812500|0||0||0|0|0|0|0,000000|0,000000|0,000000|0,000000|0,000000|0,000000|0,000000|0,000000|0,000000|0,000000|0,000000|0,000000|
20170205_001835|118708|9|6,944444|0||0||0|0|0|0|0,000000|0,000000|0,000000|0,000000|0,000000|0,000000|0,000000|0,000000|0,000000|0,000000|0,000000|0,000000|
20170205_001835|118836|10|7,751938|0||0||0|0|0|0|0,000000|0,000000|0,000000|0,000000|0,000000|0,000000|0,000000|0,000000|0,000000|0,000000|0,000000|0,000000|
20170205_001835|118964|11|7,812500|0||0||0|0|0|0|0,000000|0,000000|0,000000|0,000000|0,000000|0,000000|0,000000|0,000000|0,000000|0,000000|0,000000|0,000000|
20170205_001835|119122|12|6,329114|0||0||0|0|0|0|0,000000|0,000000|0,000000|0,000000|0,000000|0,000000|0,000000|0,000000|0,000000|0,000000|0,000000|0,000000|
20170205_001835|119236|13|8,771930|0||0||0|0|0|0|0,000000|0,000000|0,000000|0,000000|0,000000|0,000000|0,000000|0,000000|0,000000|0,000000|0,000000|0,000000|
20170205_001835|119364|14|7,874016|0||0||0|0|0|0|0,000000|0,000000|0,000000|0,000000|0,000000|0,000000|0,000000|0,000000|0,000000|0,000000|0,000000|0,000000|
20170205_001836|119508|15|6,896552|0||0||0|0|0|0|0,000000|0,000000|0,000000|0,000000|0,000000|0,000000|0,000000|0,000000|0,000000|0,000000|0,000000|0,000000|
20170205_001836|119638|16|7,812500|0||0||0|0|0|0|0,000000|0,000000|0,000000|0,000000|0,000000|0,000000|0,000000|0,000000|0,000000|0,000000|0,000000|0,000000|
20170205_001836|119764|17|7,812500|0||0||0|0|0|0|0,000000|0,000000|0,000000|0,000000|0,000000|0,000000|0,000000|0,000000|0,000000|0,000000|0,000000|0,000000|
20170205_001836|119909|18|6,944444|0||0||0|0|0|0|0,000000|0,000000|0,000000|0,000000|0,000000|0,000000|0,000000|0,000000|0,000000|0,000000|0,000000|0,000000|
20170205_001836|120036|19|7,812500|0||0||0|0|0|0|0,000000|0,000000|0,000000|0,000000|0,000000|0,000000|0,000000|0,000000|0,000000|0,000000|0,000000|0,000000|
20170205_001836|120164|20|7,812500|0||0||0|0|0|0|0,000000|0,000000|0,000000|0,000000|0,000000|0,000000|0,000000|0,000000|0,000000|0,000000|0,000000|0,000000|
20170205_001836|120308|21|6,993007|0||0||0|0|0|0|0,000000|0,000000|0,000000|0,000000|0,000000|0,000000|0,000000|0,000000|0,000000|0,000000|0,000000|0,000000|
20170205_001837|120436|22|7,751938|0||0||0|0|0|0|0,000000|0,000000|0,000000|0,000000|0,000000|0,000000|0,000000|0,000000|0,000000|0,000000|0,000000|0,000000|
20170205_001837|120564|23|7,812500|0||0||0|0|0|0|0,000000|0,000000|0,000000|0,000000|0,000000|0,000000|0,000000|0,000000|0,000000|0,000000|0,000000|0,000000|
20170205_001837|120708|24|6,944444|0||0||0|0|0|0|0,000000|0,000000|0,000000|0,000000|0,000000|0,000000|0,000000|0,000000|0,000000|0,000000|0,000000|0,000000|
20170205_001837|120836|25|7,874016|0||0||0|0|0|0|0,000000|0,000000|0,000000|0,000000|0,000000|0,000000|0,000000|0,000000|0,000000|0,000000|0,000000|0,000000|
20170205_001837|120964|26|7,812500|0||0||0|0|0|0|0,000000|0,000000|0,000000|0,000000|0,000000|0,000000|0,000000|0,000000|0,000000|0,000000|0,000000|0,000000|
20170205_001837|121108|27|6,896552|0||0||0|0|0|0|0,000000|0,000000|0,000000|0,000000|0,000000|0,000000|0,000000|0,000000|0,000000|0,000000|0,000000|0,000000|
20170205_001837|121237|28|7,874016|0||0||0|0|0|0|0,000000|0,000000|0,000000|0,000000|0,000000|0,000000|0,000000|0,000000|0,000000|0,000000|0,000000|0,000000|
20170205_001837|121364|29|7,751938|0||0||0|0|0|0|0,000000|0,000000|0,000000|0,000000|0,000000|0,000000|0,000000|0,000000|0,000000|0,000000|0,000000|0,000000|
20170205_001838|121508|30|6,944444|0||0||0|0|0|0|0,000000|0,000000|0,000000|0,000000|0,000000|0,000000|0,000000|0,000000|0,000000|0,000000|0,000000|0,000000|
20170205_001838|121636|31|7,812500|0||0||0|0|0|0|0,000000|0,000000|0,000000|0,000000|0,000000|0,000000|0,000000|0,000000|0,000000|0,000000|0,000000|0,000000|
20170205_001838|121764|32|7,812500|0||0||0|0|0|0|0,000000|0,000000|0,000000|0,000000|0,000000|0,000000|0,000000|0,000000|0,000000|0,000000|0,000000|0,000000|
20170205_001838|121908|33|6,944444|0||0||0|0|0|0|0,000000|0,000000|0,000000|0,000000|0,000000|0,000000|0,000000|0,000000|0,000000|0,000000|0,000000|0,000000|
20170205_001838|122036|34|7,874016|0||0||0|0|0|0|0,000000|0,000000|0,000000|0,000000|0,000000|0,000000|0,000000|0,000000|0,000000|0,000000|0,000000|0,000000|
20170205_001838|122164|35|7,812500|0||0||0|0|0|0|0,000000|0,000000|0,000000|0,000000|0,000000|0,000000|0,000000|0,000000|0,000000|0,000000|0,000000|0,000000|
20170205_001838|122309|36|6,896552|0||0||0|0|0|0|0,000000|0,000000|0,000000|0,000000|0,000000|0,000000|0,000000|0,000000|0,000000|0,000000|0,000000|0,000000|
20170205_001839|122436|37|7,812500|0||0||0|0|0|0|0,000000|0,000000|0,000000|0,000000|0,000000|0,000000|0,000000|0,000000|0,000000|0,000000|0,000000|0,000000|
20170205_001839|122564|38|7,812500|0||0||0|0|0|0|0,000000|0,000000|0,000000|0,000000|0,000000|0,000000|0,000000|0,000000|0,000000|0,000000|0,000000|0,000000|
20170205_001839|122709|39|6,944444|0||0||0|0|0|0|0,000000|0,000000|0,000000|0,000000|0,000000|0,000000|0,000000|0,000000|0,000000|0,000000|0,000000|0,000000|
20170205_001839|122836|40|7,812500|0||0||0|0|0|0|0,000000|0,000000|0,000000|0,000000|0,000000|0,000000|0,000000|0,000000|0,000000|0,000000|0,000000|0,000000|
20170205_001839|122964|41|7,812500|0||0||0|0|0|0|0,000000|0,000000|0,000000|0,000000|0,000000|0,000000|0,000000|0,000000|0,000000|0,000000|0,000000|0,000000|
20170205_001839|123108|42|6,944444|0||0||0|0|0|0|0,000000|0,000000|0,000000|0,000000|0,000000|0,000000|0,000000|0,000000|0,000000|0,000000|0,000000|0,000000|
20170205_001839|123236|43|7,874016|0||0||0|0|0|0|0,000000|0,000000|0,000000|0,000000|0,000000|0,000000|0,000000|0,000000|0,000000|0,000000|0,000000|0,000000|
20170205_001839|123364|44|7,812500|0||0||0|0|0|0|0,000000|0,000000|0,000000|0,000000|0,000000|0,000000|0,000000|0,000000|0,000000|0,000000|0,000000|0,000000|
20170205_001840|123508|45|6,944444|0||0||0|0|0|0|0,000000|0,000000|0,000000|0,000000|0,000000|0,000000|0,000000|0,000000|0,000000|0,000000|0,000000|0,000000|
20170205_001840|123636|46|7,812500|0||0||0|0|0|0|0,000000|0,000000|0,000000|0,000000|0,000000|0,000000|0,000000|0,000000|0,000000|0,000000|0,000000|0,000000|
20170205_001840|123764|47|7,751938|0||0||0|0|0|0|0,000000|0,000000|0,000000|0,000000|0,000000|0,000000|0,000000|0,000000|0,000000|0,000000|0,000000|0,000000|
20170205_001840|123909|48|6,993007|0||0||0|0|0|0|0,000000|0,000000|0,000000|0,000000|0,000000|0,000000|0,000000|0,000000|0,000000|0,000000|0,000000|0,000000|
20170205_001840|124036|49|7,751938|0||0||0|0|0|0|0,000000|0,000000|0,000000|0,000000|0,000000|0,000000|0,000000|0,000000|0,000000|0,000000|0,000000|0,000000|
20170205_001840|124164|50|7,812500|0||0||0|0|0|0|0,000000|0,000000|0,000000|0,000000|0,000000|0,000000|0,000000|0,000000|0,000000|0,000000|0,000000|0,000000|
20170205_001840|124308|51|6,944444|0||0||0|0|0|0|0,000000|0,000000|0,000000|0,000000|0,000000|0,000000|0,000000|0,000000|0,000000|0,000000|0,000000|0,000000|
20170205_001841|124436|52|7,812500|0||0||0|0|0|0|0,000000|0,000000|0,000000|0,000000|0,000000|0,000000|0,000000|0,000000|0,000000|0,000000|0,000000|0,000000|
20170205_001841|124564|53|7,874016|0||0||0|0|0|0|0,000000|0,000000|0,000000|0,000000|0,000000|0,000000|0,000000|0,000000|0,000000|0,000000|0,000000|0,000000|
20170205_001841|124709|54|6,896552|0||0||0|0|0|0|0,000000|0,000000|0,000000|0,000000|0,000000|0,000000|0,000000|0,000000|0,000000|0,000000|0,000000|0,000000|
20170205_001841|124836|55|7,812500|0||0||0|0|0|0|0,000000|0,000000|0,000000|0,000000|0,000000|0,000000|0,000000|0,000000|0,000000|0,000000|0,000000|0,000000|
20170205_001841|124964|56|7,874016|0||0||0|0|0|0|0,000000|0,000000|0,000000|0,000000|0,000000|0,000000|0,000000|0,000000|0,000000|0,000000|0,000000|0,000000|
20170205_001841|125107|57|6,896552|0||0||0|0|0|0|0,000000|0,000000|0,000000|0,000000|0,000000|0,000000|0,000000|0,000000|0,000000|0,000000|0,000000|0,000000|
20170205_001841|125236|58|7,812500|0||0||0|0|0|0|0,000000|0,000000|0,000000|0,000000|0,000000|0,000000|0,000000|0,000000|0,000000|0,000000|0,000000|0,000000|
20170205_001841|125365|59|7,812500|0||0||0|0|0|0|0,000000|0,000000|0,000000|0,000000|0,000000|0,000000|0,000000|0,000000|0,000000|0,000000|0,000000|0,000000|
20170205_001842|125508|60|6,944444|0||0||0|0|0|0|0,000000|0,000000|0,000000|0,000000|0,000000|0,000000|0,000000|0,000000|0,000000|0,000000|0,000000|0,000000|
20170205_001842|125636|61|7,812500|0||0||0|0|0|0|0,000000|0,000000|0,000000|0,000000|0,000000|0,000000|0,000000|0,000000|0,000000|0,000000|0,000000|0,000000|
20170205_001842|125764|62|7,812500|0||0||0|0|0|0|0,000000|0,000000|0,000000|0,000000|0,000000|0,000000|0,000000|0,000000|0,000000|0,000000|0,000000|0,000000|
20170205_001842|125908|63|6,993007|0||0||0|0|0|0|0,000000|0,000000|0,000000|0,000000|0,000000|0,000000|0,000000|0,000000|0,000000|0,000000|0,000000|0,000000|
20170205_001842|126036|64|7,812500|0||0||0|0|0|0|0,000000|0,000000|0,000000|0,000000|0,000000|0,000000|0,000000|0,000000|0,000000|0,000000|0,000000|0,000000|
20170205_001842|126164|65|7,812500|0||0||0|0|0|0|0,000000|0,000000|0,000000|0,000000|0,000000|0,000000|0,000000|0,000000|0,000000|0,000000|0,000000|0,000000|
20170205_001842|126308|66|6,896552|0||0||0|0|0|0|0,000000|0,000000|0,000000|0,000000|0,000000|0,000000|0,000000|0,000000|0,000000|0,000000|0,000000|0,000000|
20170205_001843|126437|67|7,874016|0||0||0|0|0|0|0,000000|0,000000|0,000000|0,000000|0,000000|0,000000|0,000000|0,000000|0,000000|0,000000|0,000000|0,000000|
20170205_001843|126564|68|7,751938|0||0||0|0|0|0|0,000000|0,000000|0,000000|0,000000|0,000000|0,000000|0,000000|0,000000|0,000000|0,000000|0,000000|0,000000|
20170205_001843|126708|69|6,944444|0||0||0|0|0|0|0,000000|0,000000|0,000000|0,000000|0,000000|0,000000|0,000000|0,000000|0,000000|0,000000|0,000000|0,000000|
20170205_001843|126836|70|7,874016|0||0||0|0|0|0|0,000000|0,000000|0,000000|0,000000|0,000000|0,000000|0,000000|0,000000|0,000000|0,000000|0,000000|0,000000|
20170205_001843|126964|71|7,751938|0||0||0|0|0|0|0,000000|0,000000|0,000000|0,000000|0,000000|0,000000|0,000000|0,000000|0,000000|0,000000|0,000000|0,000000|
20170205_001843|127108|72|6,993007|0||0||0|0|0|0|0,000000|0,000000|0,000000|0,000000|0,000000|0,000000|0,000000|0,000000|0,000000|0,000000|0,000000|0,000000|
20170205_001843|127236|73|7,751938|0||0||0|0|0|0|0,000000|0,000000|0,000000|0,000000|0,000000|0,000000|0,000000|0,000000|0,000000|0,000000|0,000000|0,000000|
20170205_001843|127364|74|7,874016|0||0||0|0|0|0|0,000000|0,000000|0,000000|0,000000|0,000000|0,000000|0,000000|0,000000|0,000000|0,000000|0,000000|0,000000|
20170205_001844|127508|75|6,896552|0||0||0|0|0|0|0,000000|0,000000|0,000000|0,000000|0,000000|0,000000|0,000000|0,000000|0,000000|0,000000|0,000000|0,000000|
20170205_001844|127638|76|7,874016|0||0||0|0|0|0|0,000000|0,000000|0,000000|0,000000|0,000000|0,000000|0,000000|0,000000|0,000000|0,000000|0,000000|0,000000|
20170205_001844|127764|77|7,751938|0||0||0|0|0|0|0,000000|0,000000|0,000000|0,000000|0,000000|0,000000|0,000000|0,000000|0,000000|0,000000|0,000000|0,000000|
20170205_001844|127908|78|6,944444|0||0||0|0|0|0|0,000000|0,000000|0,000000|0,000000|0,000000|0,000000|0,000000|0,000000|0,000000|0,000000|0,000000|0,000000|
20170205_001844|128037|79|7,874016|0||0||0|0|0|0|0,000000|0,000000|0,000000|0,000000|0,000000|0,000000|0,000000|0,000000|0,000000|0,000000|0,000000|0,000000|
20170205_001844|128164|80|7,812500|0||0||0|0|0|0|0,000000|0,000000|0,000000|0,000000|0,000000|0,000000|0,000000|0,000000|0,000000|0,000000|0,000000|0,000000|
20170205_001844|128309|81|6,896552|0||0||0|0|0|0|0,000000|0,000000|0,000000|0,000000|0,000000|0,000000|0,000000|0,000000|0,000000|0,000000|0,000000|0,000000|
20170205_001845|128436|82|7,812500|0||0||0|0|0|0|0,000000|0,000000|0,000000|0,000000|0,000000|0,000000|0,000000|0,000000|0,000000|0,000000|0,000000|0,000000|
20170205_001845|128564|83|7,874016|0||0||0|0|0|0|0,000000|0,000000|0,000000|0,000000|0,000000|0,000000|0,000000|0,000000|0,000000|0,000000|0,000000|0,000000|
20170205_001845|128709|84|6,896552|0||0||0|0|0|0|0,000000|0,000000|0,000000|0,000000|0,000000|0,000000|0,000000|0,000000|0,000000|0,000000|0,000000|0,000000|
20170205_001845|128836|85|7,874016|0||0||0|0|0|0|0,000000|0,000000|0,000000|0,000000|0,000000|0,000000|0,000000|0,000000|0,000000|0,000000|0,000000|0,000000|
20170205_001845|128964|86|7,812500|0||0||0|0|0|0|0,000000|0,000000|0,000000|0,000000|0,000000|0,000000|0,000000|0,000000|0,000000|0,000000|0,000000|0,000000|
20170205_001845|129108|87|6,944444|0||0||0|0|0|0|0,000000|0,000000|0,000000|0,000000|0,000000|0,000000|0,000000|0,000000|0,000000|0,000000|0,000000|0,000000|
20170205_001845|129236|88|7,812500|0||0||0|0|0|0|0,000000|0,000000|0,000000|0,000000|0,000000|0,000000|0,000000|0,000000|0,000000|0,000000|0,000000|0,000000|
20170205_001845|129364|89|7,812500|0||0||0|0|0|0|0,000000|0,000000|0,000000|0,000000|0,000000|0,000000|0,000000|0,000000|0,000000|0,000000|0,000000|0,000000|
20170205_001846|129508|90|6,944444|0||0||0|0|0|0|0,000000|0,000000|0,000000|0,000000|0,000000|0,000000|0,000000|0,000000|0,000000|0,000000|0,000000|0,000000|
20170205_001846|129637|91|7,812500|0||0||0|0|0|0|0,000000|0,000000|0,000000|0,000000|0,000000|0,000000|0,000000|0,000000|0,000000|0,000000|0,000000|0,000000|
20170205_001846|129764|92|7,812500|0||0||0|0|0|0|0,000000|0,000000|0,000000|0,000000|0,000000|0,000000|0,000000|0,000000|0,000000|0,000000|0,000000|0,000000|
20170205_001846|129908|93|6,896552|0||0||0|0|0|0|0,000000|0,000000|0,000000|0,000000|0,000000|0,000000|0,000000|0,000000|0,000000|0,000000|0,000000|0,000000|
20170205_001846|130037|94|7,874016|0||0||0|0|0|0|0,000000|0,000000|0,000000|0,000000|0,000000|0,000000|0,000000|0,000000|0,000000|0,000000|0,000000|0,000000|
20170205_001846|130164|95|7,751938|0||0||0|0|0|0|0,000000|0,000000|0,000000|0,000000|0,000000|0,000000|0,000000|0,000000|0,000000|0,000000|0,000000|0,000000|
20170205_001846|130308|96|6,944444|0||0||0|0|0|0|0,000000|0,000000|0,000000|0,000000|0,000000|0,000000|0,000000|0,000000|0,000000|0,000000|0,000000|0,000000|
20170205_001847|130436|97|7,874016|0||0||0|0|0|0|0,000000|0,000000|0,000000|0,000000|0,000000|0,000000|0,000000|0,000000|0,000000|0,000000|0,000000|0,000000|
20170205_001847|130564|98|7,751938|0||0||0|0|0|0|0,000000|0,000000|0,000000|0,000000|0,000000|0,000000|0,000000|0,000000|0,000000|0,000000|0,000000|0,000000|
20170205_001847|130710|99|6,944444|0||0||0|0|0|0|0,000000|0,000000|0,000000|0,000000|0,000000|0,000000|0,000000|0,000000|0,000000|0,000000|0,000000|0,000000|
20170205_001847|130836|100|7,874016|0||0||0|0|0|0|0,000000|0,000000|0,000000|0,000000|0,000000|0,000000|0,000000|0,000000|0,000000|0,000000|0,000000|0,000000|
20170205_001847|130964|101|7,751938|0||0||0|0|0|0|0,000000|0,000000|0,000000|0,000000|0,000000|0,000000|0,000000|0,000000|0,000000|0,000000|0,000000|0,000000|
20170205_001847|131109|102|6,944444|0||0||0|0|0|0|0,000000|0,000000|0,000000|0,000000|0,000000|0,000000|0,000000|0,000000|0,000000|0,000000|0,000000|0,000000|
20170205_001847|131236|103|7,874016|0||0||0|0|0|0|0,000000|0,000000|0,000000|0,000000|0,000000|0,000000|0,000000|0,000000|0,000000|0,000000|0,000000|0,000000|
20170205_001847|131364|104|7,751938|0||0||0|0|0|0|0,000000|0,000000|0,000000|0,000000|0,000000|0,000000|0,000000|0,000000|0,000000|0,000000|0,000000|0,000000|
20170205_001848|131508|105|6,993007|0||0||0|0|0|0|0,000000|0,000000|0,000000|0,000000|0,000000|0,000000|0,000000|0,000000|0,000000|0,000000|0,000000|0,000000|
20170205_001848|131637|106|7,751938|0||0||0|0|0|0|0,000000|0,000000|0,000000|0,000000|0,000000|0,000000|0,000000|0,000000|0,000000|0,000000|0,000000|0,000000|
20170205_001848|131766|107|7,812500|0||0||0|0|0|0|0,000000|0,000000|0,000000|0,000000|0,000000|0,000000|0,000000|0,000000|0,000000|0,000000|0,000000|0,000000|
20170205_001848|131909|108|6,993007|0||0||0|0|0|0|0,000000|0,000000|0,000000|0,000000|0,000000|0,000000|0,000000|0,000000|0,000000|0,000000|0,000000|0,000000|
20170205_001848|132039|109|7,751938|0||0||0|0|0|0|0,000000|0,000000|0,000000|0,000000|0,000000|0,000000|0,000000|0,000000|0,000000|0,000000|0,000000|0,000000|
20170205_001848|132164|110|7,874016|0||0||0|0|0|0|0,000000|0,000000|0,000000|0,000000|0,000000|0,000000|0,000000|0,000000|0,000000|0,000000|0,000000|0,000000|
20170205_001848|132308|111|6,896552|0||0||0|0|0|0|0,000000|0,000000|0,000000|0,000000|0,000000|0,000000|0,000000|0,000000|0,000000|0,000000|0,000000|0,000000|
20170205_001849|132436|112|7,874016|0||0||0|0|0|0|0,000000|0,000000|0,000000|0,000000|0,000000|0,000000|0,000000|0,000000|0,000000|0,000000|0,000000|0,000000|
20170205_001849|132564|113|7,751938|0||0||0|0|0|0|0,000000|0,000000|0,000000|0,000000|0,000000|0,000000|0,000000|0,000000|0,000000|0,000000|0,000000|0,000000|
20170205_001849|132709|114|6,944444|0||0||0|0|0|0|0,000000|0,000000|0,000000|0,000000|0,000000|0,000000|0,000000|0,000000|0,000000|0,000000|0,000000|0,000000|
20170205_001849|132836|115|7,812500|0||0||0|0|0|0|0,000000|0,000000|0,000000|0,000000|0,000000|0,000000|0,000000|0,000000|0,000000|0,000000|0,000000|0,000000|
20170205_001849|132964|116|7,812500|0||0||0|0|0|0|0,000000|0,000000|0,000000|0,000000|0,000000|0,000000|0,000000|0,000000|0,000000|0,000000|0,000000|0,000000|
20170205_001849|133108|117|6,993007|0||0||0|0|0|0|0,000000|0,000000|0,000000|0,000000|0,000000|0,000000|0,000000|0,000000|0,000000|0,000000|0,000000|0,000000|
20170205_001849|133236|118|7,812500|0||0||0|0|0|0|0,000000|0,000000|0,000000|0,000000|0,000000|0,000000|0,000000|0,000000|0,000000|0,000000|0,000000|0,000000|
20170205_001849|133364|119|7,812500|0||0||0|0|0|0|0,000000|0,000000|0,000000|0,000000|0,000000|0,000000|0,000000|0,000000|0,000000|0,000000|0,000000|0,000000|
20170205_001850|133508|120|6,944444|0||0||0|0|0|0|0,000000|0,000000|0,000000|0,000000|0,000000|0,000000|0,000000|0,000000|0,000000|0,000000|0,000000|0,000000|
20170205_001850|133637|121|7,751938|0||0||0|0|0|0|0,000000|0,000000|0,000000|0,000000|0,000000|0,000000|0,000000|0,000000|0,000000|0,000000|0,000000|0,000000|
20170205_001850|133764|122|7,874016|0||0||0|0|0|0|0,000000|0,000000|0,000000|0,000000|0,000000|0,000000|0,000000|0,000000|0,000000|0,000000|0,000000|0,000000|
20170205_001850|133908|123|6,944444|0||0||0|0|0|0|0,000000|0,000000|0,000000|0,000000|0,000000|0,000000|0,000000|0,000000|0,000000|0,000000|0,000000|0,000000|
20170205_001850|134036|124|7,751938|0||0||0|0|0|0|0,000000|0,000000|0,000000|0,000000|0,000000|0,000000|0,000000|0,000000|0,000000|0,000000|0,000000|0,000000|
20170205_001850|134165|125|7,874016|0||0||0|0|0|0|0,000000|0,000000|0,000000|0,000000|0,000000|0,000000|0,000000|0,000000|0,000000|0,000000|0,000000|0,000000|
20170205_001850|134308|126|6,944444|0||0||0|0|0|0|0,000000|0,000000|0,000000|0,000000|0,000000|0,000000|0,000000|0,000000|0,000000|0,000000|0,000000|0,000000|
20170205_001851|134436|127|7,812500|0||0||0|0|0|0|0,000000|0,000000|0,000000|0,000000|0,000000|0,000000|0,000000|0,000000|0,000000|0,000000|0,000000|0,000000|
20170205_001851|134564|128|7,812500|0||0||0|0|0|0|0,000000|0,000000|0,000000|0,000000|0,000000|0,000000|0,000000|0,000000|0,000000|0,000000|0,000000|0,000000|
20170205_001851|134715|129|6,896552|0||0||0|0|0|0|0,000000|0,000000|0,000000|0,000000|0,000000|0,000000|0,000000|0,000000|0,000000|0,000000|0,000000|0,000000|
20170205_001851|134835|130|7,874016|0||0||0|0|0|0|0,000000|0,000000|0,000000|0,000000|0,000000|0,000000|0,000000|0,000000|0,000000|0,000000|0,000000|0,000000|
20170205_001851|134964|131|7,751938|0||0||0|0|0|0|0,000000|0,000000|0,000000|0,000000|0,000000|0,000000|0,000000|0,000000|0,000000|0,000000|0,000000|0,000000|
20170205_001851|135108|132|6,993007|0||0||0|0|0|0|0,000000|0,000000|0,000000|0,000000|0,000000|0,000000|0,000000|0,000000|0,000000|0,000000|0,000000|0,000000|
20170205_001851|135236|133|7,812500|0||0||0|0|0|0|0,000000|0,000000|0,000000|0,000000|0,000000|0,000000|0,000000|0,000000|0,000000|0,000000|0,000000|0,000000|
20170205_001851|135364|134|7,751938|0||0||0|0|0|0|0,000000|0,000000|0,000000|0,000000|0,000000|0,000000|0,000000|0,000000|0,000000|0,000000|0,000000|0,000000|
20170205_001852|135508|135|6,944444|0||0||0|0|0|0|0,000000|0,000000|0,000000|0,000000|0,000000|0,000000|0,000000|0,000000|0,000000|0,000000|0,000000|0,000000|
20170205_001852|135636|136|7,874016|0||0||0|0|0|0|0,000000|0,000000|0,000000|0,000000|0,000000|0,000000|0,000000|0,000000|0,000000|0,000000|0,000000|0,000000|
20170205_001852|135763|137|7,812500|0||0||0|0|0|0|0,000000|0,000000|0,000000|0,000000|0,000000|0,000000|0,000000|0,000000|0,000000|0,000000|0,000000|0,000000|
20170205_001852|135908|138|6,944444|0||0||0|0|0|0|0,000000|0,000000|0,000000|0,000000|0,000000|0,000000|0,000000|0,000000|0,000000|0,000000|0,000000|0,000000|
20170205_001852|136036|139|7,812500|0||0||0|0|0|0|0,000000|0,000000|0,000000|0,000000|0,000000|0,000000|0,000000|0,000000|0,000000|0,000000|0,000000|0,000000|
20170205_001852|136164|140|7,812500|0||0||0|0|0|0|0,000000|0,000000|0,000000|0,000000|0,000000|0,000000|0,000000|0,000000|0,000000|0,000000|0,000000|0,000000|
20170205_001852|136308|141|6,944444|0||0||0|0|0|0|0,000000|0,000000|0,000000|0,000000|0,000000|0,000000|0,000000|0,000000|0,000000|0,000000|0,000000|0,000000|
20170205_001853|136448|142|7,633588|0||0||0|0|0|0|0,000000|0,000000|0,000000|0,000000|0,000000|0,000000|0,000000|0,000000|0,000000|0,000000|0,000000|0,000000|
20170205_001853|136564|143|8,000000|0||0||0|0|0|0|0,000000|0,000000|0,000000|0,000000|0,000000|0,000000|0,000000|0,000000|0,000000|0,000000|0,000000|0,000000|
20170205_001853|136708|144|6,896552|0||0||0|0|0|0|0,000000|0,000000|0,000000|0,000000|0,000000|0,000000|0,000000|0,000000|0,000000|0,000000|0,000000|0,000000|
20170205_001853|136837|145|7,812500|0||0||0|0|0|0|0,000000|0,000000|0,000000|0,000000|0,000000|0,000000|0,000000|0,000000|0,000000|0,000000|0,000000|0,000000|
20170205_001853|136964|146|7,874016|0||0||0|0|0|0|0,000000|0,000000|0,000000|0,000000|0,000000|0,000000|0,000000|0,000000|0,000000|0,000000|0,000000|0,000000|
20170205_001853|137108|147|6,944444|0||0||0|0|0|0|0,000000|0,000000|0,000000|0,000000|0,000000|0,000000|0,000000|0,000000|0,000000|0,000000|0,000000|0,000000|
20170205_001853|137236|148|7,812500|0||0||0|0|0|0|0,000000|0,000000|0,000000|0,000000|0,000000|0,000000|0,000000|0,000000|0,000000|0,000000|0,000000|0,000000|
20170205_001853|137364|149|7,751938|0||0||0|0|0|0|0,000000|0,000000|0,000000|0,000000|0,000000|0,000000|0,000000|0,000000|0,000000|0,000000|0,000000|0,000000|
20170205_001854|137508|150|6,993007|0||0||0|0|0|0|0,000000|0,000000|0,000000|0,000000|0,000000|0,000000|0,000000|0,000000|0,000000|0,000000|0,000000|0,000000|
20170205_001854|137636|151|7,812500|0||0||0|0|0|0|0,000000|0,000000|0,000000|0,000000|0,000000|0,000000|0,000000|0,000000|0,000000|0,000000|0,000000|0,000000|
20170205_001854|137763|152|7,812500|0||0||0|0|0|0|0,000000|0,000000|0,000000|0,000000|0,000000|0,000000|0,000000|0,000000|0,000000|0,000000|0,000000|0,000000|
20170205_001854|137908|153|6,896552|0||0||0|0|0|0|0,000000|0,000000|0,000000|0,000000|0,000000|0,000000|0,000000|0,000000|0,000000|0,000000|0,000000|0,000000|
20170205_001854|138036|154|7,812500|0||0||0|0|0|0|0,000000|0,000000|0,000000|0,000000|0,000000|0,000000|0,000000|0,000000|0,000000|0,000000|0,000000|0,000000|
20170205_001854|138164|155|7,874016|0||0||0|0|0|0|0,000000|0,000000|0,000000|0,000000|0,000000|0,000000|0,000000|0,000000|0,000000|0,000000|0,000000|0,000000|
20170205_001854|138308|156|6,944444|0||0||0|0|0|0|0,000000|0,000000|0,000000|0,000000|0,000000|0,000000|0,000000|0,000000|0,000000|0,000000|0,000000|0,000000|
20170205_001855|138436|157|7,812500|0||0||0|0|0|0|0,000000|0,000000|0,000000|0,000000|0,000000|0,000000|0,000000|0,000000|0,000000|0,000000|0,000000|0,000000|
20170205_001855|138564|158|7,812500|0||0||0|0|0|0|0,000000|0,000000|0,000000|0,000000|0,000000|0,000000|0,000000|0,000000|0,000000|0,000000|0,000000|0,000000|
20170205_001855|138709|159|6,896552|0||0||0|0|0|0|0,000000|0,000000|0,000000|0,000000|0,000000|0,000000|0,000000|0,000000|0,000000|0,000000|0,000000|0,000000|
20170205_001855|138836|160|7,874016|0||0||0|0|0|0|0,000000|0,000000|0,000000|0,000000|0,000000|0,000000|0,000000|0,000000|0,000000|0,000000|0,000000|0,000000|
20170205_001855|138964|161|7,751938|0||0||0|0|0|0|0,000000|0,000000|0,000000|0,000000|0,000000|0,000000|0,000000|0,000000|0,000000|0,000000|0,000000|0,000000|
20170205_001855|139108|162|6,993007|0||0||0|0|0|0|0,000000|0,000000|0,000000|0,000000|0,000000|0,000000|0,000000|0,000000|0,000000|0,000000|0,000000|0,000000|
20170205_001855|139236|163|7,812500|0||0||0|0|0|0|0,000000|0,000000|0,000000|0,000000|0,000000|0,000000|0,000000|0,000000|0,000000|0,000000|0,000000|0,000000|
20170205_001855|139364|164|7,751938|0||0||0|0|0|0|0,000000|0,000000|0,000000|0,000000|0,000000|0,000000|0,000000|0,000000|0,000000|0,000000|0,000000|0,000000|
20170205_001856|139508|165|6,993007|0||0||0|0|0|0|0,000000|0,000000|0,000000|0,000000|0,000000|0,000000|0,000000|0,000000|0,000000|0,000000|0,000000|0,000000|
20170205_001856|139637|166|7,751938|0||0||0|0|0|0|0,000000|0,000000|0,000000|0,000000|0,000000|0,000000|0,000000|0,000000|0,000000|0,000000|0,000000|0,000000|
20170205_001856|139764|167|7,812500|0||0||0|0|0|0|0,000000|0,000000|0,000000|0,000000|0,000000|0,000000|0,000000|0,000000|0,000000|0,000000|0,000000|0,000000|
20170205_001856|139908|168|6,993007|0||0||0|0|0|0|0,000000|0,000000|0,000000|0,000000|0,000000|0,000000|0,000000|0,000000|0,000000|0,000000|0,000000|0,000000|
20170205_001856|140036|169|7,751938|0||0||0|0|0|0|0,000000|0,000000|0,000000|0,000000|0,000000|0,000000|0,000000|0,000000|0,000000|0,000000|0,000000|0,000000|
20170205_001856|140164|170|7,874016|0||0||0|0|0|0|0,000000|0,000000|0,000000|0,000000|0,000000|0,000000|0,000000|0,000000|0,000000|0,000000|0,000000|0,000000|
20170205_001856|140308|171|6,944444|0||0||0|0|0|0|0,000000|0,000000|0,000000|0,000000|0,000000|0,000000|0,000000|0,000000|0,000000|0,000000|0,000000|0,000000|
20170205_001857|140436|172|7,812500|0||0||0|0|0|0|0,000000|0,000000|0,000000|0,000000|0,000000|0,000000|0,000000|0,000000|0,000000|0,000000|0,000000|0,000000|
20170205_001857|140564|173|7,812500|0||0||0|0|0|0|0,000000|0,000000|0,000000|0,000000|0,000000|0,000000|0,000000|0,000000|0,000000|0,000000|0,000000|0,000000|
20170205_001857|140708|174|6,944444|0||0||0|0|0|0|0,000000|0,000000|0,000000|0,000000|0,000000|0,000000|0,000000|0,000000|0,000000|0,000000|0,000000|0,000000|
20170205_001857|140836|175|7,812500|0||0||0|0|0|0|0,000000|0,000000|0,000000|0,000000|0,000000|0,000000|0,000000|0,000000|0,000000|0,000000|0,000000|0,000000|
20170205_001857|140964|176|7,812500|0||0||0|0|0|0|0,000000|0,000000|0,000000|0,000000|0,000000|0,000000|0,000000|0,000000|0,000000|0,000000|0,000000|0,000000|
20170205_001857|141108|177|6,944444|0||0||0|0|0|0|0,000000|0,000000|0,000000|0,000000|0,000000|0,000000|0,000000|0,000000|0,000000|0,000000|0,000000|0,000000|
20170205_001857|141236|178|7,812500|0||0||0|0|0|0|0,000000|0,000000|0,000000|0,000000|0,000000|0,000000|0,000000|0,000000|0,000000|0,000000|0,000000|0,000000|
20170205_001857|141364|179|7,812500|0||0||0|0|0|0|0,000000|0,000000|0,000000|0,000000|0,000000|0,000000|0,000000|0,000000|0,000000|0,000000|0,000000|0,000000|
20170205_001858|141508|180|6,944444|0||0||0|0|0|0|0,000000|0,000000|0,000000|0,000000|0,000000|0,000000|0,000000|0,000000|0,000000|0,000000|0,000000|0,000000|
20170205_001858|141636|181|7,812500|0||0||0|0|0|0|0,000000|0,000000|0,000000|0,000000|0,000000|0,000000|0,000000|0,000000|0,000000|0,000000|0,000000|0,000000|
20170205_001858|141764|182|7,812500|0||0||0|0|0|0|0,000000|0,000000|0,000000|0,000000|0,000000|0,000000|0,000000|0,000000|0,000000|0,000000|0,000000|0,000000|
20170205_001858|141908|183|6,944444|0||0||0|0|0|0|0,000000|0,000000|0,000000|0,000000|0,000000|0,000000|0,000000|0,000000|0,000000|0,000000|0,000000|0,000000|
20170205_001858|142036|184|7,812500|0||0||0|0|0|0|0,000000|0,000000|0,000000|0,000000|0,000000|0,000000|0,000000|0,000000|0,000000|0,000000|0,000000|0,000000|
20170205_001858|142164|185|7,812500|0||0||0|0|0|0|0,000000|0,000000|0,000000|0,000000|0,000000|0,000000|0,000000|0,000000|0,000000|0,000000|0,000000|0,000000|
20170205_001858|142308|186|6,944444|0||0||0|0|0|0|0,000000|0,000000|0,000000|0,000000|0,000000|0,000000|0,000000|0,000000|0,000000|0,000000|0,000000|0,000000|
20170205_001859|142437|187|7,812500|0||0||0|0|0|0|0,000000|0,000000|0,000000|0,000000|0,000000|0,000000|0,000000|0,000000|0,000000|0,000000|0,000000|0,000000|
20170205_001859|142564|188|7,812500|0||0||0|0|0|0|0,000000|0,000000|0,000000|0,000000|0,000000|0,000000|0,000000|0,000000|0,000000|0,000000|0,000000|0,000000|
20170205_001859|142710|189|6,896552|0||0||0|0|0|0|0,000000|0,000000|0,000000|0,000000|0,000000|0,000000|0,000000|0,000000|0,000000|0,000000|0,000000|0,000000|
20170205_001859|142836|190|7,874016|0||0||0|0|0|0|0,000000|0,000000|0,000000|0,000000|0,000000|0,000000|0,000000|0,000000|0,000000|0,000000|0,000000|0,000000|
20170205_001859|142968|191|7,692308|0||0||0|0|0|0|0,000000|0,000000|0,000000|0,000000|0,000000|0,000000|0,000000|0,000000|0,000000|0,000000|0,000000|0,000000|
20170205_001859|143108|192|7,042254|0||0||0|0|0|0|0,000000|0,000000|0,000000|0,000000|0,000000|0,000000|0,000000|0,000000|0,000000|0,000000|0,000000|0,000000|
20170205_001859|143236|193|7,812500|0||0||0|0|0|0|0,000000|0,000000|0,000000|0,000000|0,000000|0,000000|0,000000|0,000000|0,000000|0,000000|0,000000|0,000000|
20170205_001859|143365|194|7,751938|0||0||0|0|0|0|0,000000|0,000000|0,000000|0,000000|0,000000|0,000000|0,000000|0,000000|0,000000|0,000000|0,000000|0,000000|
20170205_001900|143508|195|6,993007|0||0||0|0|0|0|0,000000|0,000000|0,000000|0,000000|0,000000|0,000000|0,000000|0,000000|0,000000|0,000000|0,000000|0,000000|
20170205_001900|143642|196|7,692308|0||0||0|0|0|0|0,000000|0,000000|0,000000|0,000000|0,000000|0,000000|0,000000|0,000000|0,000000|0,000000|0,000000|0,000000|
20170205_001900|143767|197|7,751938|0||0||0|0|0|0|0,000000|0,000000|0,000000|0,000000|0,000000|0,000000|0,000000|0,000000|0,000000|0,000000|0,000000|0,000000|
20170205_001900|143910|198|7,092199|0||0||0|0|0|0|0,000000|0,000000|0,000000|0,000000|0,000000|0,000000|0,000000|0,000000|0,000000|0,000000|0,000000|0,000000|
20170205_001900|144040|199|7,751938|0||0||0|0|0|0|0,000000|0,000000|0,000000|0,000000|0,000000|0,000000|0,000000|0,000000|0,000000|0,000000|0,000000|0,000000|
20170205_001900|144170|200|7,692308|0||0||0|0|0|0|0,000000|0,000000|0,000000|0,000000|0,000000|0,000000|0,000000|0,000000|0,000000|0,000000|0,000000|0,000000|
20170205_001900|144308|201|7,092199|0||0||0|0|0|0|0,000000|0,000000|0,000000|0,000000|0,000000|0,000000|0,000000|0,000000|0,000000|0,000000|0,000000|0,000000|
20170205_001901|144437|202|7,812500|0||0||0|0|0|0|0,000000|0,000000|0,000000|0,000000|0,000000|0,000000|0,000000|0,000000|0,000000|0,000000|0,000000|0,000000|
20170205_001901|144564|203|7,812500|0||0||0|0|0|0|0,000000|0,000000|0,000000|0,000000|0,000000|0,000000|0,000000|0,000000|0,000000|0,000000|0,000000|0,000000|
20170205_001901|144713|204|6,944444|0||0||0|0|0|0|0,000000|0,000000|0,000000|0,000000|0,000000|0,000000|0,000000|0,000000|0,000000|0,000000|0,000000|0,000000|
20170205_001901|144836|205|7,751938|0||0||0|0|0|0|0,000000|0,000000|0,000000|0,000000|0,000000|0,000000|0,000000|0,000000|0,000000|0,000000|0,000000|0,000000|
20170205_001901|144966|206|7,812500|0||0||0|0|0|0|0,000000|0,000000|0,000000|0,000000|0,000000|0,000000|0,000000|0,000000|0,000000|0,000000|0,000000|0,000000|
20170205_001901|145108|207|6,993007|0||0||0|0|0|0|0,000000|0,000000|0,000000|0,000000|0,000000|0,000000|0,000000|0,000000|0,000000|0,000000|0,000000|0,000000|
20170205_001901|145236|208|7,812500|0||0||0|0|0|0|0,000000|0,000000|0,000000|0,000000|0,000000|0,000000|0,000000|0,000000|0,000000|0,000000|0,000000|0,000000|
20170205_001901|145365|209|7,751938|0||0||0|0|0|0|0,000000|0,000000|0,000000|0,000000|0,000000|0,000000|0,000000|0,000000|0,000000|0,000000|0,000000|0,000000|
20170205_001902|145510|210|6,993007|0||0||0|0|0|0|0,000000|0,000000|0,000000|0,000000|0,000000|0,000000|0,000000|0,000000|0,000000|0,000000|0,000000|0,000000|
20170205_001902|145636|211|7,812500|0||0||0|0|0|0|0,000000|0,000000|0,000000|0,000000|0,000000|0,000000|0,000000|0,000000|0,000000|0,000000|0,000000|0,000000|
20170205_001902|145767|212|7,692308|0||0||0|0|0|0|0,000000|0,000000|0,000000|0,000000|0,000000|0,000000|0,000000|0,000000|0,000000|0,000000|0,000000|0,000000|
20170205_001902|145914|213|6,896552|0||0||0|0|0|0|0,000000|0,000000|0,000000|0,000000|0,000000|0,000000|0,000000|0,000000|0,000000|0,000000|0,000000|0,000000|
20170205_001902|146038|214|7,936508|0||0||0|0|0|0|0,000000|0,000000|0,000000|0,000000|0,000000|0,000000|0,000000|0,000000|0,000000|0,000000|0,000000|0,000000|
20170205_001902|146164|215|7,812500|0||0||0|0|0|0|0,000000|0,000000|0,000000|0,000000|0,000000|0,000000|0,000000|0,000000|0,000000|0,000000|0,000000|0,000000|
20170205_001902|146315|216|6,944444|0||0||0|0|0|0|0,000000|0,000000|0,000000|0,000000|0,000000|0,000000|0,000000|0,000000|0,000000|0,000000|0,000000|0,000000|
20170205_001903|146437|217|7,874016|0||0||0|0|0|0|0,000000|0,000000|0,000000|0,000000|0,000000|0,000000|0,000000|0,000000|0,000000|0,000000|0,000000|0,000000|
20170205_001903|146565|218|7,751938|0||0||0|0|0|0|0,000000|0,000000|0,000000|0,000000|0,000000|0,000000|0,000000|0,000000|0,000000|0,000000|0,000000|0,000000|
20170205_001903|146717|219|6,622517|0||0||0|0|0|0|0,000000|0,000000|0,000000|0,000000|0,000000|0,000000|0,000000|0,000000|0,000000|0,000000|0,000000|0,000000|
20170205_001903|146842|220|8,333333|0||0||0|0|0|0|0,000000|0,000000|0,000000|0,000000|0,000000|0,000000|0,000000|0,000000|0,000000|0,000000|0,000000|0,000000|
20170205_001903|146968|221|7,692308|0||0||0|0|0|0|0,000000|0,000000|0,000000|0,000000|0,000000|0,000000|0,000000|0,000000|0,000000|0,000000|0,000000|0,000000|
20170205_001903|147116|222|6,993007|0||0||0|0|0|0|0,000000|0,000000|0,000000|0,000000|0,000000|0,000000|0,000000|0,000000|0,000000|0,000000|0,000000|0,000000|
20170205_001903|147236|223|7,874016|0||0||0|0|0|0|0,000000|0,000000|0,000000|0,000000|0,000000|0,000000|0,000000|0,000000|0,000000|0,000000|0,000000|0,000000|
20170205_001903|147365|224|7,751938|0||0||0|0|0|0|0,000000|0,000000|0,000000|0,000000|0,000000|0,000000|0,000000|0,000000|0,000000|0,000000|0,000000|0,000000|
20170205_001904|147510|225|6,944444|0||0||0|0|0|0|0,000000|0,000000|0,000000|0,000000|0,000000|0,000000|0,000000|0,000000|0,000000|0,000000|0,000000|0,000000|
20170205_001904|147637|226|7,874016|0||0||0|0|0|0|0,000000|0,000000|0,000000|0,000000|0,000000|0,000000|0,000000|0,000000|0,000000|0,000000|0,000000|0,000000|
20170205_001904|147765|227|7,751938|0||0||0|0|0|0|0,000000|0,000000|0,000000|0,000000|0,000000|0,000000|0,000000|0,000000|0,000000|0,000000|0,000000|0,000000|
20170205_001904|147914|228|6,944444|0||0||0|0|0|0|0,000000|0,000000|0,000000|0,000000|0,000000|0,000000|0,000000|0,000000|0,000000|0,000000|0,000000|0,000000|
20170205_001904|148037|229|7,874016|0||0||0|0|0|0|0,000000|0,000000|0,000000|0,000000|0,000000|0,000000|0,000000|0,000000|0,000000|0,000000|0,000000|0,000000|
20170205_001904|148165|230|7,751938|0||0||0|0|0|0|0,000000|0,000000|0,000000|0,000000|0,000000|0,000000|0,000000|0,000000|0,000000|0,000000|0,000000|0,000000|
20170205_001904|148310|231|6,944444|0||0||0|0|0|0|0,000000|0,000000|0,000000|0,000000|0,000000|0,000000|0,000000|0,000000|0,000000|0,000000|0,000000|0,000000|
20170205_001905|148436|232|7,874016|0||0||0|0|0|0|0,000000|0,000000|0,000000|0,000000|0,000000|0,000000|0,000000|0,000000|0,000000|0,000000|0,000000|0,000000|
20170205_001905|148564|233|7,751938|0||0||0|0|0|0|0,000000|0,000000|0,000000|0,000000|0,000000|0,000000|0,000000|0,000000|0,000000|0,000000|0,000000|0,000000|
20170205_001905|148713|234|6,802721|0||0||0|0|0|0|0,000000|0,000000|0,000000|0,000000|0,000000|0,000000|0,000000|0,000000|0,000000|0,000000|0,000000|0,000000|
20170205_001905|148836|235|8,064516|0||0||0|0|0|0|0,000000|0,000000|0,000000|0,000000|0,000000|0,000000|0,000000|0,000000|0,000000|0,000000|0,000000|0,000000|
20170205_001905|148964|236|7,812500|0||0||0|0|0|0|0,000000|0,000000|0,000000|0,000000|0,000000|0,000000|0,000000|0,000000|0,000000|0,000000|0,000000|0,000000|
20170205_001905|149108|237|6,896552|0||0||0|0|0|0|0,000000|0,000000|0,000000|0,000000|0,000000|0,000000|0,000000|0,000000|0,000000|0,000000|0,000000|0,000000|
20170205_001905|149237|238|7,812500|0||0||0|0|0|0|0,000000|0,000000|0,000000|0,000000|0,000000|0,000000|0,000000|0,000000|0,000000|0,000000|0,000000|0,000000|
20170205_001905|149364|239|7,812500|0||0||0|0|0|0|0,000000|0,000000|0,000000|0,000000|0,000000|0,000000|0,000000|0,000000|0,000000|0,000000|0,000000|0,000000|
20170205_001906|149509|240|6,944444|0||0||0|0|0|0|0,000000|0,000000|0,000000|0,000000|0,000000|0,000000|0,000000|0,000000|0,000000|0,000000|0,000000|0,000000|
20170205_001906|149637|241|7,812500|0||0||0|0|0|0|0,000000|0,000000|0,000000|0,000000|0,000000|0,000000|0,000000|0,000000|0,000000|0,000000|0,000000|0,000000|
20170205_001906|149763|242|7,874016|0||0||0|0|0|0|0,000000|0,000000|0,000000|0,000000|0,000000|0,000000|0,000000|0,000000|0,000000|0,000000|0,000000|0,000000|
20170205_001906|149910|243|6,849315|0||0||0|0|0|0|0,000000|0,000000|0,000000|0,000000|0,000000|0,000000|0,000000|0,000000|0,000000|0,000000|0,000000|0,000000|
20170205_001906|150036|244|7,936508|0||0||0|0|0|0|0,000000|0,000000|0,000000|0,000000|0,000000|0,000000|0,000000|0,000000|0,000000|0,000000|0,000000|0,000000|
20170205_001906|150164|245|7,812500|0||0||0|0|0|0|0,000000|0,000000|0,000000|0,000000|0,000000|0,000000|0,000000|0,000000|0,000000|0,000000|0,000000|0,000000|
20170205_001906|150308|246|6,944444|0||0||0|0|0|0|0,000000|0,000000|0,000000|0,000000|0,000000|0,000000|0,000000|0,000000|0,000000|0,000000|0,000000|0,000000|
20170205_001907|150436|247|7,812500|0||0||0|0|0|0|0,000000|0,000000|0,000000|0,000000|0,000000|0,000000|0,000000|0,000000|0,000000|0,000000|0,000000|0,000000|
20170205_001907|150564|248|7,812500|0||0||0|0|0|0|0,000000|0,000000|0,000000|0,000000|0,000000|0,000000|0,000000|0,000000|0,000000|0,000000|0,000000|0,000000|
20170205_001907|150708|249|6,944444|0||0||0|0|0|0|0,000000|0,000000|0,000000|0,000000|0,000000|0,000000|0,000000|0,000000|0,000000|0,000000|0,000000|0,000000|
20170205_001907|150836|250|7,812500|0||0||0|0|0|0|0,000000|0,000000|0,000000|0,000000|0,000000|0,000000|0,000000|0,000000|0,000000|0,000000|0,000000|0,000000|
20170205_001907|150964|251|7,812500|0||0||0|0|0|0|0,000000|0,000000|0,000000|0,000000|0,000000|0,000000|0,000000|0,000000|0,000000|0,000000|0,000000|0,000000|
20170205_001907|151107|252|6,944444|0||0||0|0|0|0|0,000000|0,000000|0,000000|0,000000|0,000000|0,000000|0,000000|0,000000|0,000000|0,000000|0,000000|0,000000|
20170205_001907|151236|253|7,812500|0||0||0|0|0|0|0,000000|0,000000|0,000000|0,000000|0,000000|0,000000|0,000000|0,000000|0,000000|0,000000|0,000000|0,000000|
20170205_001907|151364|254|7,812500|0||0||0|0|0|0|0,000000|0,000000|0,000000|0,000000|0,000000|0,000000|0,000000|0,000000|0,000000|0,000000|0,000000|0,000000|
20170205_001908|151508|255|6,944444|0||0||0|0|0|0|0,000000|0,000000|0,000000|0,000000|0,000000|0,000000|0,000000|0,000000|0,000000|0,000000|0,000000|0,000000|
20170205_001908|151636|256|7,812500|0||0||0|0|0|0|0,000000|0,000000|0,000000|0,000000|0,000000|0,000000|0,000000|0,000000|0,000000|0,000000|0,000000|0,000000|
20170205_001908|151764|257|7,812500|0||0||0|0|0|0|0,000000|0,000000|0,000000|0,000000|0,000000|0,000000|0,000000|0,000000|0,000000|0,000000|0,000000|0,000000|
20170205_001908|151908|258|6,944444|0||0||0|0|0|0|0,000000|0,000000|0,000000|0,000000|0,000000|0,000000|0,000000|0,000000|0,000000|0,000000|0,000000|0,000000|
20170205_001908|152036|259|7,812500|0||0||0|0|0|0|0,000000|0,000000|0,000000|0,000000|0,000000|0,000000|0,000000|0,000000|0,000000|0,000000|0,000000|0,000000|
20170205_001908|152164|260|7,812500|0||0||0|0|0|0|0,000000|0,000000|0,000000|0,000000|0,000000|0,000000|0,000000|0,000000|0,000000|0,000000|0,000000|0,000000|
20170205_001908|152308|261|6,944444|0||0||0|0|0|0|0,000000|0,000000|0,000000|0,000000|0,000000|0,000000|0,000000|0,000000|0,000000|0,000000|0,000000|0,000000|
20170205_001909|152436|262|7,812500|0||0||0|0|0|0|0,000000|0,000000|0,000000|0,000000|0,000000|0,000000|0,000000|0,000000|0,000000|0,000000|0,000000|0,000000|
20170205_001909|152564|263|7,812500|0||0||0|0|0|0|0,000000|0,000000|0,000000|0,000000|0,000000|0,000000|0,000000|0,000000|0,000000|0,000000|0,000000|0,000000|
20170205_001909|152711|264|6,896552|0||0||0|0|0|0|0,000000|0,000000|0,000000|0,000000|0,000000|0,000000|0,000000|0,000000|0,000000|0,000000|0,000000|0,000000|
20170205_001909|152836|265|7,874016|0||0||0|0|0|0|0,000000|0,000000|0,000000|0,000000|0,000000|0,000000|0,000000|0,000000|0,000000|0,000000|0,000000|0,000000|
20170205_001909|152964|266|7,812500|0||0||0|0|0|0|0,000000|0,000000|0,000000|0,000000|0,000000|0,000000|0,000000|0,000000|0,000000|0,000000|0,000000|0,000000|
20170205_001909|153108|267|6,944444|0||0||0|0|0|0|0,000000|0,000000|0,000000|0,000000|0,000000|0,000000|0,000000|0,000000|0,000000|0,000000|0,000000|0,000000|
20170205_001909|153236|268|7,812500|0||0||0|0|0|0|0,000000|0,000000|0,000000|0,000000|0,000000|0,000000|0,000000|0,000000|0,000000|0,000000|0,000000|0,000000|
20170205_001909|153364|269|7,812500|0||0||0|0|0|0|0,000000|0,000000|0,000000|0,000000|0,000000|0,000000|0,000000|0,000000|0,000000|0,000000|0,000000|0,000000|
20170205_001910|153508|270|6,944444|0||0||0|0|0|0|0,000000|0,000000|0,000000|0,000000|0,000000|0,000000|0,000000|0,000000|0,000000|0,000000|0,000000|0,000000|
20170205_001910|153636|271|7,812500|0||0||0|0|0|0|0,000000|0,000000|0,000000|0,000000|0,000000|0,000000|0,000000|0,000000|0,000000|0,000000|0,000000|0,000000|
20170205_001910|153764|272|7,812500|0||0||0|0|0|0|0,000000|0,000000|0,000000|0,000000|0,000000|0,000000|0,000000|0,000000|0,000000|0,000000|0,000000|0,000000|
20170205_001910|153908|273|6,944444|0||0||0|0|0|0|0,000000|0,000000|0,000000|0,000000|0,000000|0,000000|0,000000|0,000000|0,000000|0,000000|0,000000|0,000000|
20170205_001910|154036|274|7,812500|0||0||0|0|0|0|0,000000|0,000000|0,000000|0,000000|0,000000|0,000000|0,000000|0,000000|0,000000|0,000000|0,000000|0,000000|
20170205_001910|154164|275|7,812500|0||0||0|0|0|0|0,000000|0,000000|0,000000|0,000000|0,000000|0,000000|0,000000|0,000000|0,000000|0,000000|0,000000|0,000000|
20170205_001910|154308|276|6,944444|0||0||0|0|0|0|0,000000|0,000000|0,000000|0,000000|0,000000|0,000000|0,000000|0,000000|0,000000|0,000000|0,000000|0,000000|
20170205_001911|154436|277|7,812500|0||0||0|0|0|0|0,000000|0,000000|0,000000|0,000000|0,000000|0,000000|0,000000|0,000000|0,000000|0,000000|0,000000|0,000000|
20170205_001911|154564|278|7,812500|0||0||0|0|0|0|0,000000|0,000000|0,000000|0,000000|0,000000|0,000000|0,000000|0,000000|0,000000|0,000000|0,000000|0,000000|
20170205_001911|154709|279|6,944444|0||0||0|0|0|0|0,000000|0,000000|0,000000|0,000000|0,000000|0,000000|0,000000|0,000000|0,000000|0,000000|0,000000|0,000000|
20170205_001911|154836|280|7,812500|0||0||0|0|0|0|0,000000|0,000000|0,000000|0,000000|0,000000|0,000000|0,000000|0,000000|0,000000|0,000000|0,000000|0,000000|
20170205_001911|154965|281|7,751938|0||0||0|0|0|0|0,000000|0,000000|0,000000|0,000000|0,000000|0,000000|0,000000|0,000000|0,000000|0,000000|0,000000|0,000000|
20170205_001911|155108|282|6,993007|0||0||0|0|0|0|0,000000|0,000000|0,000000|0,000000|0,000000|0,000000|0,000000|0,000000|0,000000|0,000000|0,000000|0,000000|
20170205_001911|155238|283|7,812500|0||0||0|0|0|0|0,000000|0,000000|0,000000|0,000000|0,000000|0,000000|0,000000|0,000000|0,000000|0,000000|0,000000|0,000000|
20170205_001911|155366|284|7,751938|0||0||0|0|0|0|0,000000|0,000000|0,000000|0,000000|0,000000|0,000000|0,000000|0,000000|0,000000|0,000000|0,000000|0,000000|
20170205_001912|155508|285|6,993007|0||0||0|0|0|0|0,000000|0,000000|0,000000|0,000000|0,000000|0,000000|0,000000|0,000000|0,000000|0,000000|0,000000|0,000000|
20170205_001912|155641|286|7,751938|0||0||0|0|0|0|0,000000|0,000000|0,000000|0,000000|0,000000|0,000000|0,000000|0,000000|0,000000|0,000000|0,000000|0,000000|
20170205_001912|155763|287|7,874016|0||0||0|0|0|0|0,000000|0,000000|0,000000|0,000000|0,000000|0,000000|0,000000|0,000000|0,000000|0,000000|0,000000|0,000000|
20170205_001912|155908|288|6,944444|0||0||0|0|0|0|0,000000|0,000000|0,000000|0,000000|0,000000|0,000000|0,000000|0,000000|0,000000|0,000000|0,000000|0,000000|
20170205_001912|156036|289|7,812500|0||0||0|0|0|0|0,000000|0,000000|0,000000|0,000000|0,000000|0,000000|0,000000|0,000000|0,000000|0,000000|0,000000|0,000000|
20170205_001912|156164|290|7,812500|0||0||0|0|0|0|0,000000|0,000000|0,000000|0,000000|0,000000|0,000000|0,000000|0,000000|0,000000|0,000000|0,000000|0,000000|
20170205_001912|156309|291|6,896552|0||0||0|0|0|0|0,000000|0,000000|0,000000|0,000000|0,000000|0,000000|0,000000|0,000000|0,000000|0,000000|0,000000|0,000000|
20170205_001913|156436|292|7,874016|0||0||0|0|0|0|0,000000|0,000000|0,000000|0,000000|0,000000|0,000000|0,000000|0,000000|0,000000|0,000000|0,000000|0,000000|
20170205_001913|156564|293|7,812500|0||0||0|0|0|0|0,000000|0,000000|0,000000|0,000000|0,000000|0,000000|0,000000|0,000000|0,000000|0,000000|0,000000|0,000000|
20170205_001913|156709|294|6,896552|0||0||0|0|0|0|0,000000|0,000000|0,000000|0,000000|0,000000|0,000000|0,000000|0,000000|0,000000|0,000000|0,000000|0,000000|
20170205_001913|156836|295|7,874016|0||0||0|0|0|0|0,000000|0,000000|0,000000|0,000000|0,000000|0,000000|0,000000|0,000000|0,000000|0,000000|0,000000|0,000000|
20170205_001913|156964|296|7,812500|0||0||0|0|0|0|0,000000|0,000000|0,000000|0,000000|0,000000|0,000000|0,000000|0,000000|0,000000|0,000000|0,000000|0,000000|
20170205_001913|157108|297|6,944444|0||0||0|0|0|0|0,000000|0,000000|0,000000|0,000000|0,000000|0,000000|0,000000|0,000000|0,000000|0,000000|0,000000|0,000000|
20170205_001913|157236|298|7,812500|0||0||0|0|0|0|0,000000|0,000000|0,000000|0,000000|0,000000|0,000000|0,000000|0,000000|0,000000|0,000000|0,000000|0,000000|
20170205_001913|157364|299|7,812500|0||0||0|0|0|0|0,000000|0,000000|0,000000|0,000000|0,000000|0,000000|0,000000|0,000000|0,000000|0,000000|0,000000|0,000000|
20170205_001914|157508|300|6,944444|0||0||0|0|0|0|0,000000|0,000000|0,000000|0,000000|0,000000|0,000000|0,000000|0,000000|0,000000|0,000000|0,000000|0,000000|
20170205_001914|157636|301|7,812500|0||0||0|0|0|0|0,000000|0,000000|0,000000|0,000000|0,000000|0,000000|0,000000|0,000000|0,000000|0,000000|0,000000|0,000000|
20170205_001914|157764|302|7,812500|0||0||0|0|0|0|0,000000|0,000000|0,000000|0,000000|0,000000|0,000000|0,000000|0,000000|0,000000|0,000000|0,000000|0,000000|
20170205_001914|157908|303|6,944444|0||0||0|0|0|0|0,000000|0,000000|0,000000|0,000000|0,000000|0,000000|0,000000|0,000000|0,000000|0,000000|0,000000|0,000000|
20170205_001914|158036|304|7,812500|0||0||0|0|0|0|0,000000|0,000000|0,000000|0,000000|0,000000|0,000000|0,000000|0,000000|0,000000|0,000000|0,000000|0,000000|
20170205_001914|158164|305|7,812500|0||0||0|0|0|0|0,000000|0,000000|0,000000|0,000000|0,000000|0,000000|0,000000|0,000000|0,000000|0,000000|0,000000|0,000000|
20170205_001914|158307|306|6,944444|0||0||0|0|0|0|0,000000|0,000000|0,000000|0,000000|0,000000|0,000000|0,000000|0,000000|0,000000|0,000000|0,000000|0,000000|
20170205_001915|158436|307|7,812500|0||0||0|0|0|0|0,000000|0,000000|0,000000|0,000000|0,000000|0,000000|0,000000|0,000000|0,000000|0,000000|0,000000|0,000000|
20170205_001915|158564|308|7,812500|0||0||0|0|0|0|0,000000|0,000000|0,000000|0,000000|0,000000|0,000000|0,000000|0,000000|0,000000|0,000000|0,000000|0,000000|
20170205_001915|158709|309|6,944444|0||0||0|0|0|0|0,000000|0,000000|0,000000|0,000000|0,000000|0,000000|0,000000|0,000000|0,000000|0,000000|0,000000|0,000000|
20170205_001915|158836|310|7,812500|0||0||0|0|0|0|0,000000|0,000000|0,000000|0,000000|0,000000|0,000000|0,000000|0,000000|0,000000|0,000000|0,000000|0,000000|
20170205_001915|158964|311|7,812500|0||0||0|0|0|0|0,000000|0,000000|0,000000|0,000000|0,000000|0,000000|0,000000|0,000000|0,000000|0,000000|0,000000|0,000000|
20170205_001915|159108|312|6,944444|0||0||0|0|0|0|0,000000|0,000000|0,000000|0,000000|0,000000|0,000000|0,000000|0,000000|0,000000|0,000000|0,000000|0,000000|
20170205_001915|159238|313|7,692308|0||0||0|0|0|0|0,000000|0,000000|0,000000|0,000000|0,000000|0,000000|0,000000|0,000000|0,000000|0,000000|0,000000|0,000000|
20170205_001915|159364|314|7,936508|0||0||0|0|0|0|0,000000|0,000000|0,000000|0,000000|0,000000|0,000000|0,000000|0,000000|0,000000|0,000000|0,000000|0,000000|
20170205_001916|159508|315|6,944444|0||0||0|0|0|0|0,000000|0,000000|0,000000|0,000000|0,000000|0,000000|0,000000|0,000000|0,000000|0,000000|0,000000|0,000000|
20170205_001916|159637|316|7,812500|0||0||0|0|0|0|0,000000|0,000000|0,000000|0,000000|0,000000|0,000000|0,000000|0,000000|0,000000|0,000000|0,000000|0,000000|
20170205_001916|159763|317|7,812500|0||0||0|0|0|0|0,000000|0,000000|0,000000|0,000000|0,000000|0,000000|0,000000|0,000000|0,000000|0,000000|0,000000|0,000000|
20170205_001916|159908|318|6,944444|0||0||0|0|0|0|0,000000|0,000000|0,000000|0,000000|0,000000|0,000000|0,000000|0,000000|0,000000|0,000000|0,000000|0,000000|
20170205_001916|160036|319|7,812500|0||0||0|0|0|0|0,000000|0,000000|0,000000|0,000000|0,000000|0,000000|0,000000|0,000000|0,000000|0,000000|0,000000|0,000000|
20170205_001916|160164|320|7,812500|0||0||0|0|0|0|0,000000|0,000000|0,000000|0,000000|0,000000|0,000000|0,000000|0,000000|0,000000|0,000000|0,000000|0,000000|
20170205_001916|160308|321|6,944444|0||0||0|0|0|0|0,000000|0,000000|0,000000|0,000000|0,000000|0,000000|0,000000|0,000000|0,000000|0,000000|0,000000|0,000000|
20170205_001917|160436|322|7,812500|0||0||0|0|0|0|0,000000|0,000000|0,000000|0,000000|0,000000|0,000000|0,000000|0,000000|0,000000|0,000000|0,000000|0,000000|
20170205_001917|160564|323|7,812500|0||0||0|0|0|0|0,000000|0,000000|0,000000|0,000000|0,000000|0,000000|0,000000|0,000000|0,000000|0,000000|0,000000|0,000000|
20170205_001917|160709|324|6,944444|0||0||0|0|0|0|0,000000|0,000000|0,000000|0,000000|0,000000|0,000000|0,000000|0,000000|0,000000|0,000000|0,000000|0,000000|
20170205_001917|160836|325|7,812500|0||0||0|0|0|0|0,000000|0,000000|0,000000|0,000000|0,000000|0,000000|0,000000|0,000000|0,000000|0,000000|0,000000|0,000000|
20170205_001917|160964|326|7,812500|0||0||0|0|0|0|0,000000|0,000000|0,000000|0,000000|0,000000|0,000000|0,000000|0,000000|0,000000|0,000000|0,000000|0,000000|
20170205_001917|161108|327|6,944444|0||0||0|0|0|0|0,000000|0,000000|0,000000|0,000000|0,000000|0,000000|0,000000|0,000000|0,000000|0,000000|0,000000|0,000000|
20170205_001917|161238|328|7,751938|0||0||0|0|0|0|0,000000|0,000000|0,000000|0,000000|0,000000|0,000000|0,000000|0,000000|0,000000|0,000000|0,000000|0,000000|
20170205_001917|161363|329|7,874016|0||0||0|0|0|0|0,000000|0,000000|0,000000|0,000000|0,000000|0,000000|0,000000|0,000000|0,000000|0,000000|0,000000|0,000000|
20170205_001918|161508|330|6,944444|0||0||0|0|0|0|0,000000|0,000000|0,000000|0,000000|0,000000|0,000000|0,000000|0,000000|0,000000|0,000000|0,000000|0,000000|
20170205_001918|161638|331|7,751938|0||0||0|0|0|0|0,000000|0,000000|0,000000|0,000000|0,000000|0,000000|0,000000|0,000000|0,000000|0,000000|0,000000|0,000000|
20170205_001918|161765|332|7,874016|0||0||0|0|0|0|0,000000|0,000000|0,000000|0,000000|0,000000|0,000000|0,000000|0,000000|0,000000|0,000000|0,000000|0,000000|
20170205_001918|161907|333|6,944444|0||0||0|0|0|0|0,000000|0,000000|0,000000|0,000000|0,000000|0,000000|0,000000|0,000000|0,000000|0,000000|0,000000|0,000000|
20170205_001918|162035|334|7,812500|0||0||0|0|0|0|0,000000|0,000000|0,000000|0,000000|0,000000|0,000000|0,000000|0,000000|0,000000|0,000000|0,000000|0,000000|
20170205_001918|162164|335|7,812500|0||0||0|0|0|0|0,000000|0,000000|0,000000|0,000000|0,000000|0,000000|0,000000|0,000000|0,000000|0,000000|0,000000|0,000000|
20170205_001918|162308|336|6,944444|0||0||0|0|0|0|0,000000|0,000000|0,000000|0,000000|0,000000|0,000000|0,000000|0,000000|0,000000|0,000000|0,000000|0,000000|
20170205_001919|162436|337|7,812500|0||0||0|0|0|0|0,000000|0,000000|0,000000|0,000000|0,000000|0,000000|0,000000|0,000000|0,000000|0,000000|0,000000|0,000000|
20170205_001919|162564|338|7,812500|0||0||0|0|0|0|0,000000|0,000000|0,000000|0,000000|0,000000|0,000000|0,000000|0,000000|0,000000|0,000000|0,000000|0,000000|
20170205_001919|162708|339|6,944444|0||0||0|0|0|0|0,000000|0,000000|0,000000|0,000000|0,000000|0,000000|0,000000|0,000000|0,000000|0,000000|0,000000|0,000000|
20170205_001919|162836|340|7,812500|0||0||0|0|0|0|0,000000|0,000000|0,000000|0,000000|0,000000|0,000000|0,000000|0,000000|0,000000|0,000000|0,000000|0,000000|
20170205_001919|162963|341|7,812500|0||0||0|0|0|0|0,000000|0,000000|0,000000|0,000000|0,000000|0,000000|0,000000|0,000000|0,000000|0,000000|0,000000|0,000000|
20170205_001919|163108|342|6,944444|0||0||0|0|0|0|0,000000|0,000000|0,000000|0,000000|0,000000|0,000000|0,000000|0,000000|0,000000|0,000000|0,000000|0,000000|
20170205_001919|163235|343|7,812500|0||0||0|0|0|0|0,000000|0,000000|0,000000|0,000000|0,000000|0,000000|0,000000|0,000000|0,000000|0,000000|0,000000|0,000000|
20170205_001919|163364|344|7,812500|0||0||0|0|0|0|0,000000|0,000000|0,000000|0,000000|0,000000|0,000000|0,000000|0,000000|0,000000|0,000000|0,000000|0,000000|
20170205_001920|163508|345|6,944444|0||0||0|0|0|0|0,000000|0,000000|0,000000|0,000000|0,000000|0,000000|0,000000|0,000000|0,000000|0,000000|0,000000|0,000000|
20170205_001920|163636|346|7,812500|0||0||0|0|0|0|0,000000|0,000000|0,000000|0,000000|0,000000|0,000000|0,000000|0,000000|0,000000|0,000000|0,000000|0,000000|
20170205_001920|163764|347|7,812500|0||0||0|0|0|0|0,000000|0,000000|0,000000|0,000000|0,000000|0,000000|0,000000|0,000000|0,000000|0,000000|0,000000|0,000000|
20170205_001920|163908|348|6,944444|0||0||0|0|0|0|0,000000|0,000000|0,000000|0,000000|0,000000|0,000000|0,000000|0,000000|0,000000|0,000000|0,000000|0,000000|
20170205_001920|164036|349|7,812500|0||0||0|0|0|0|0,000000|0,000000|0,000000|0,000000|0,000000|0,000000|0,000000|0,000000|0,000000|0,000000|0,000000|0,000000|
20170205_001920|164169|350|7,812500|0||0||0|0|0|0|0,000000|0,000000|0,000000|0,000000|0,000000|0,000000|0,000000|0,000000|0,000000|0,000000|0,000000|0,000000|
20170205_001920|164308|351|6,944444|0||0||0|0|0|0|0,000000|0,000000|0,000000|0,000000|0,000000|0,000000|0,000000|0,000000|0,000000|0,000000|0,000000|0,000000|
20170205_001921|164436|352|7,812500|0||0||0|0|0|0|0,000000|0,000000|0,000000|0,000000|0,000000|0,000000|0,000000|0,000000|0,000000|0,000000|0,000000|0,000000|
20170205_001921|164566|353|7,751938|0||0||0|0|0|0|0,000000|0,000000|0,000000|0,000000|0,000000|0,000000|0,000000|0,000000|0,000000|0,000000|0,000000|0,000000|
20170205_001921|164708|354|6,993007|0||0||0|0|0|0|0,000000|0,000000|0,000000|0,000000|0,000000|0,000000|0,000000|0,000000|0,000000|0,000000|0,000000|0,000000|
20170205_001921|164836|355|7,812500|0||0||0|0|0|0|0,000000|0,000000|0,000000|0,000000|0,000000|0,000000|0,000000|0,000000|0,000000|0,000000|0,000000|0,000000|
20170205_001921|164964|356|7,812500|0||0||0|0|0|0|0,000000|0,000000|0,000000|0,000000|0,000000|0,000000|0,000000|0,000000|0,000000|0,000000|0,000000|0,000000|
20170205_001921|165108|357|6,944444|0||0||0|0|0|0|0,000000|0,000000|0,000000|0,000000|0,000000|0,000000|0,000000|0,000000|0,000000|0,000000|0,000000|0,000000|
20170205_001921|165236|358|7,812500|0||0||0|0|0|0|0,000000|0,000000|0,000000|0,000000|0,000000|0,000000|0,000000|0,000000|0,000000|0,000000|0,000000|0,000000|
20170205_001921|165366|359|7,751938|0||0||0|0|0|0|0,000000|0,000000|0,000000|0,000000|0,000000|0,000000|0,000000|0,000000|0,000000|0,000000|0,000000|0,000000|
20170205_001922|165507|360|6,993007|0||0||0|0|0|0|0,000000|0,000000|0,000000|0,000000|0,000000|0,000000|0,000000|0,000000|0,000000|0,000000|0,000000|0,000000|
20170205_001922|165637|361|7,812500|0||0||0|0|0|0|0,000000|0,000000|0,000000|0,000000|0,000000|0,000000|0,000000|0,000000|0,000000|0,000000|0,000000|0,000000|
20170205_001922|165764|362|7,812500|0||0||0|0|0|0|0,000000|0,000000|0,000000|0,000000|0,000000|0,000000|0,000000|0,000000|0,000000|0,000000|0,000000|0,000000|
20170205_001922|165908|363|6,944444|0||0||0|0|0|0|0,000000|0,000000|0,000000|0,000000|0,000000|0,000000|0,000000|0,000000|0,000000|0,000000|0,000000|0,000000|
20170205_001922|166038|364|7,812500|0||0||0|0|0|0|0,000000|0,000000|0,000000|0,000000|0,000000|0,000000|0,000000|0,000000|0,000000|0,000000|0,000000|0,000000|
20170205_001922|166164|365|7,812500|0||0||0|0|0|0|0,000000|0,000000|0,000000|0,000000|0,000000|0,000000|0,000000|0,000000|0,000000|0,000000|0,000000|0,000000|
20170205_001922|166308|366|6,944444|0||0||0|0|0|0|0,000000|0,000000|0,000000|0,000000|0,000000|0,000000|0,000000|0,000000|0,000000|0,000000|0,000000|0,000000|
20170205_001923|166436|367|7,812500|0||0||0|0|0|0|0,000000|0,000000|0,000000|0,000000|0,000000|0,000000|0,000000|0,000000|0,000000|0,000000|0,000000|0,000000|
20170205_001923|166565|368|7,812500|0||0||0|0|0|0|0,000000|0,000000|0,000000|0,000000|0,000000|0,000000|0,000000|0,000000|0,000000|0,000000|0,000000|0,000000|
20170205_001923|166709|369|6,944444|0||0||0|0|0|0|0,000000|0,000000|0,000000|0,000000|0,000000|0,000000|0,000000|0,000000|0,000000|0,000000|0,000000|0,000000|
20170205_001923|166836|370|7,812500|0||0||0|0|0|0|0,000000|0,000000|0,000000|0,000000|0,000000|0,000000|0,000000|0,000000|0,000000|0,000000|0,000000|0,000000|
20170205_001923|166965|371|7,751938|0||0||0|0|0|0|0,000000|0,000000|0,000000|0,000000|0,000000|0,000000|0,000000|0,000000|0,000000|0,000000|0,000000|0,000000|
20170205_001923|167109|372|6,944444|0||0||0|0|0|0|0,000000|0,000000|0,000000|0,000000|0,000000|0,000000|0,000000|0,000000|0,000000|0,000000|0,000000|0,000000|
20170205_001923|167236|373|7,874016|0||0||0|0|0|0|0,000000|0,000000|0,000000|0,000000|0,000000|0,000000|0,000000|0,000000|0,000000|0,000000|0,000000|0,000000|
20170205_001923|167365|374|7,751938|0||0||0|0|0|0|0,000000|0,000000|0,000000|0,000000|0,000000|0,000000|0,000000|0,000000|0,000000|0,000000|0,000000|0,000000|
20170205_001924|167508|375|6,993007|0||0||0|0|0|0|0,000000|0,000000|0,000000|0,000000|0,000000|0,000000|0,000000|0,000000|0,000000|0,000000|0,000000|0,000000|
20170205_001924|167640|376|7,812500|0||0||0|0|0|0|0,000000|0,000000|0,000000|0,000000|0,000000|0,000000|0,000000|0,000000|0,000000|0,000000|0,000000|0,000000|
20170205_001924|167763|377|7,812500|0||0||0|0|0|0|0,000000|0,000000|0,000000|0,000000|0,000000|0,000000|0,000000|0,000000|0,000000|0,000000|0,000000|0,000000|
20170205_001924|167908|378|6,944444|0||0||0|0|0|0|0,000000|0,000000|0,000000|0,000000|0,000000|0,000000|0,000000|0,000000|0,000000|0,000000|0,000000|0,000000|
20170205_001924|168036|379|7,812500|0||0||0|0|0|0|0,000000|0,000000|0,000000|0,000000|0,000000|0,000000|0,000000|0,000000|0,000000|0,000000|0,000000|0,000000|
20170205_001924|168164|380|7,751938|0||0||0|0|0|0|0,000000|0,000000|0,000000|0,000000|0,000000|0,000000|0,000000|0,000000|0,000000|0,000000|0,000000|0,000000|
20170205_001924|168308|381|6,993007|0||0||0|0|0|0|0,000000|0,000000|0,000000|0,000000|0,000000|0,000000|0,000000|0,000000|0,000000|0,000000|0,000000|0,000000|
20170205_001925|168435|382|7,812500|0||0||0|0|0|0|0,000000|0,000000|0,000000|0,000000|0,000000|0,000000|0,000000|0,000000|0,000000|0,000000|0,000000|0,000000|
20170205_001925|168564|383|7,812500|0||0||0|0|0|0|0,000000|0,000000|0,000000|0,000000|0,000000|0,000000|0,000000|0,000000|0,000000|0,000000|0,000000|0,000000|
20170205_001925|168709|384|6,944444|0||0||0|0|0|0|0,000000|0,000000|0,000000|0,000000|0,000000|0,000000|0,000000|0,000000|0,000000|0,000000|0,000000|0,000000|
20170205_001925|168839|385|7,751938|0||0||0|0|0|0|0,000000|0,000000|0,000000|0,000000|0,000000|0,000000|0,000000|0,000000|0,000000|0,000000|0,000000|0,000000|
20170205_001925|168964|386|7,812500|0||0||0|0|0|0|0,000000|0,000000|0,000000|0,000000|0,000000|0,000000|0,000000|0,000000|0,000000|0,000000|0,000000|0,000000|
20170205_001925|169108|387|6,993007|0||0||0|0|0|0|0,000000|0,000000|0,000000|0,000000|0,000000|0,000000|0,000000|0,000000|0,000000|0,000000|0,000000|0,000000|
20170205_001925|169236|388|7,812500|0||0||0|0|0|0|0,000000|0,000000|0,000000|0,000000|0,000000|0,000000|0,000000|0,000000|0,000000|0,000000|0,000000|0,000000|
20170205_001925|169364|389|7,812500|0||0||0|0|0|0|0,000000|0,000000|0,000000|0,000000|0,000000|0,000000|0,000000|0,000000|0,000000|0,000000|0,000000|0,000000|
20170205_001926|169507|390|6,944444|0||0||0|0|0|0|0,000000|0,000000|0,000000|0,000000|0,000000|0,000000|0,000000|0,000000|0,000000|0,000000|0,000000|0,000000|
20170205_001926|169637|391|7,812500|0||0||0|0|0|0|0,000000|0,000000|0,000000|0,000000|0,000000|0,000000|0,000000|0,000000|0,000000|0,000000|0,000000|0,000000|
20170205_001926|169763|392|7,812500|0||0||0|0|0|0|0,000000|0,000000|0,000000|0,000000|0,000000|0,000000|0,000000|0,000000|0,000000|0,000000|0,000000|0,000000|
20170205_001926|169907|393|6,944444|0||0||0|0|0|0|0,000000|0,000000|0,000000|0,000000|0,000000|0,000000|0,000000|0,000000|0,000000|0,000000|0,000000|0,000000|
20170205_001926|170036|394|7,812500|0||0||0|0|0|0|0,000000|0,000000|0,000000|0,000000|0,000000|0,000000|0,000000|0,000000|0,000000|0,000000|0,000000|0,000000|
20170205_001926|170167|395|7,751938|0||0||0|0|0|0|0,000000|0,000000|0,000000|0,000000|0,000000|0,000000|0,000000|0,000000|0,000000|0,000000|0,000000|0,000000|
20170205_001926|170308|396|6,993007|0||0||0|0|0|0|0,000000|0,000000|0,000000|0,000000|0,000000|0,000000|0,000000|0,000000|0,000000|0,000000|0,000000|0,000000|
20170205_001927|170436|397|7,812500|0||0||0|0|0|0|0,000000|0,000000|0,000000|0,000000|0,000000|0,000000|0,000000|0,000000|0,000000|0,000000|0,000000|0,000000|
20170205_001927|170564|398|7,812500|0||0||0|0|0|0|0,000000|0,000000|0,000000|0,000000|0,000000|0,000000|0,000000|0,000000|0,000000|0,000000|0,000000|0,000000|
20170205_001927|170711|399|6,944444|0||0||0|0|0|0|0,000000|0,000000|0,000000|0,000000|0,000000|0,000000|0,000000|0,000000|0,000000|0,000000|0,000000|0,000000|
20170205_001927|170836|400|7,812500|0||0||0|0|0|0|0,000000|0,000000|0,000000|0,000000|0,000000|0,000000|0,000000|0,000000|0,000000|0,000000|0,000000|0,000000|
20170205_001927|170964|401|7,812500|0||0||0|0|0|0|0,000000|0,000000|0,000000|0,000000|0,000000|0,000000|0,000000|0,000000|0,000000|0,000000|0,000000|0,000000|
20170205_001927|171107|402|6,944444|0||0||0|0|0|0|0,000000|0,000000|0,000000|0,000000|0,000000|0,000000|0,000000|0,000000|0,000000|0,000000|0,000000|0,000000|
20170205_001927|171236|403|7,812500|0||0||0|0|0|0|0,000000|0,000000|0,000000|0,000000|0,000000|0,000000|0,000000|0,000000|0,000000|0,000000|0,000000|0,000000|
20170205_001927|171363|404|7,812500|0||0||0|0|0|0|0,000000|0,000000|0,000000|0,000000|0,000000|0,000000|0,000000|0,000000|0,000000|0,000000|0,000000|0,000000|
20170205_001928|171508|405|6,944444|0||0||0|0|0|0|0,000000|0,000000|0,000000|0,000000|0,000000|0,000000|0,000000|0,000000|0,000000|0,000000|0,000000|0,000000|
20170205_001928|171636|406|7,812500|0||0||0|0|0|0|0,000000|0,000000|0,000000|0,000000|0,000000|0,000000|0,000000|0,000000|0,000000|0,000000|0,000000|0,000000|
20170205_001928|171763|407|7,812500|0||0||0|0|0|0|0,000000|0,000000|0,000000|0,000000|0,000000|0,000000|0,000000|0,000000|0,000000|0,000000|0,000000|0,000000|
20170205_001928|171909|408|6,944444|0||0||0|0|0|0|0,000000|0,000000|0,000000|0,000000|0,000000|0,000000|0,000000|0,000000|0,000000|0,000000|0,000000|0,000000|
20170205_001928|172036|409|7,812500|0||0||0|0|0|0|0,000000|0,000000|0,000000|0,000000|0,000000|0,000000|0,000000|0,000000|0,000000|0,000000|0,000000|0,000000|
20170205_001928|172164|410|7,812500|0||0||0|0|0|0|0,000000|0,000000|0,000000|0,000000|0,000000|0,000000|0,000000|0,000000|0,000000|0,000000|0,000000|0,000000|
20170205_001928|172308|411|6,944444|0||0||0|0|0|0|0,000000|0,000000|0,000000|0,000000|0,000000|0,000000|0,000000|0,000000|0,000000|0,000000|0,000000|0,000000|
20170205_001929|172436|412|7,812500|0||0||0|0|0|0|0,000000|0,000000|0,000000|0,000000|0,000000|0,000000|0,000000|0,000000|0,000000|0,000000|0,000000|0,000000|
20170205_001929|172564|413|7,812500|0||0||0|0|0|0|0,000000|0,000000|0,000000|0,000000|0,000000|0,000000|0,000000|0,000000|0,000000|0,000000|0,000000|0,000000|
20170205_001929|172708|414|6,896552|0||0||0|0|0|0|0,000000|0,000000|0,000000|0,000000|0,000000|0,000000|0,000000|0,000000|0,000000|0,000000|0,000000|0,000000|
20170205_001929|172836|415|7,874016|0||0||0|0|0|0|0,000000|0,000000|0,000000|0,000000|0,000000|0,000000|0,000000|0,000000|0,000000|0,000000|0,000000|0,000000|
20170205_001929|172966|416|7,751938|0||0||0|0|0|0|0,000000|0,000000|0,000000|0,000000|0,000000|0,000000|0,000000|0,000000|0,000000|0,000000|0,000000|0,000000|
20170205_001929|173108|417|6,993007|0||0||0|0|0|0|0,000000|0,000000|0,000000|0,000000|0,000000|0,000000|0,000000|0,000000|0,000000|0,000000|0,000000|0,000000|
20170205_001929|173236|418|7,812500|0||0||0|0|0|0|0,000000|0,000000|0,000000|0,000000|0,000000|0,000000|0,000000|0,000000|0,000000|0,000000|0,000000|0,000000|
20170205_001929|173364|419|7,812500|0||0||0|0|0|0|0,000000|0,000000|0,000000|0,000000|0,000000|0,000000|0,000000|0,000000|0,000000|0,000000|0,000000|0,000000|
20170205_001930|173507|420|6,944444|0||0||0|0|0|0|0,000000|0,000000|0,000000|0,000000|0,000000|0,000000|0,000000|0,000000|0,000000|0,000000|0,000000|0,000000|
20170205_001930|173636|421|7,812500|0||0||0|0|0|0|0,000000|0,000000|0,000000|0,000000|0,000000|0,000000|0,000000|0,000000|0,000000|0,000000|0,000000|0,000000|
20170205_001930|173764|422|7,812500|0||0||0|0|0|0|0,000000|0,000000|0,000000|0,000000|0,000000|0,000000|0,000000|0,000000|0,000000|0,000000|0,000000|0,000000|
20170205_001930|173908|423|6,944444|0||0||0|0|0|0|0,000000|0,000000|0,000000|0,000000|0,000000|0,000000|0,000000|0,000000|0,000000|0,000000|0,000000|0,000000|
20170205_001930|174036|424|7,812500|0||0||0|0|0|0|0,000000|0,000000|0,000000|0,000000|0,000000|0,000000|0,000000|0,000000|0,000000|0,000000|0,000000|0,000000|
20170205_001930|174163|425|7,812500|0||0||0|0|0|0|0,000000|0,000000|0,000000|0,000000|0,000000|0,000000|0,000000|0,000000|0,000000|0,000000|0,000000|0,000000|
20170205_001930|174308|426|6,944444|0||0||0|0|0|0|0,000000|0,000000|0,000000|0,000000|0,000000|0,000000|0,000000|0,000000|0,000000|0,000000|0,000000|0,000000|
20170205_001931|174436|427|7,812500|0||0||0|0|0|0|0,000000|0,000000|0,000000|0,000000|0,000000|0,000000|0,000000|0,000000|0,000000|0,000000|0,000000|0,000000|
20170205_001931|174564|428|7,812500|0||0||0|0|0|0|0,000000|0,000000|0,000000|0,000000|0,000000|0,000000|0,000000|0,000000|0,000000|0,000000|0,000000|0,000000|
20170205_001931|174709|429|6,896552|0||0||0|0|0|0|0,000000|0,000000|0,000000|0,000000|0,000000|0,000000|0,000000|0,000000|0,000000|0,000000|0,000000|0,000000|
20170205_001931|174836|430|7,874016|0||0||0|0|0|0|0,000000|0,000000|0,000000|0,000000|0,000000|0,000000|0,000000|0,000000|0,000000|0,000000|0,000000|0,000000|
20170205_001931|174965|431|7,812500|0||0||0|0|0|0|0,000000|0,000000|0,000000|0,000000|0,000000|0,000000|0,000000|0,000000|0,000000|0,000000|0,000000|0,000000|
20170205_001931|175108|432|6,944444|0||0||0|0|0|0|0,000000|0,000000|0,000000|0,000000|0,000000|0,000000|0,000000|0,000000|0,000000|0,000000|0,000000|0,000000|
20170205_001931|175236|433|7,812500|0||0||0|0|0|0|0,000000|0,000000|0,000000|0,000000|0,000000|0,000000|0,000000|0,000000|0,000000|0,000000|0,000000|0,000000|
20170205_001931|175364|434|7,812500|0||0||0|0|0|0|0,000000|0,000000|0,000000|0,000000|0,000000|0,000000|0,000000|0,000000|0,000000|0,000000|0,000000|0,000000|
20170205_001932|175508|435|6,896552|0||0||0|0|0|0|0,000000|0,000000|0,000000|0,000000|0,000000|0,000000|0,000000|0,000000|0,000000|0,000000|0,000000|0,000000|
20170205_001932|175636|436|7,874016|0||0||0|0|0|0|0,000000|0,000000|0,000000|0,000000|0,000000|0,000000|0,000000|0,000000|0,000000|0,000000|0,000000|0,000000|
20170205_001932|175764|437|7,812500|0||0||0|0|0|0|0,000000|0,000000|0,000000|0,000000|0,000000|0,000000|0,000000|0,000000|0,000000|0,000000|0,000000|0,000000|
20170205_001932|175907|438|6,944444|0||0||0|0|0|0|0,000000|0,000000|0,000000|0,000000|0,000000|0,000000|0,000000|0,000000|0,000000|0,000000|0,000000|0,000000|
20170205_001932|176036|439|7,812500|0||0||0|0|0|0|0,000000|0,000000|0,000000|0,000000|0,000000|0,000000|0,000000|0,000000|0,000000|0,000000|0,000000|0,000000|
20170205_001932|176165|440|7,751938|0||0||0|0|0|0|0,000000|0,000000|0,000000|0,000000|0,000000|0,000000|0,000000|0,000000|0,000000|0,000000|0,000000|0,000000|
20170205_001932|176309|441|6,896552|0||0||0|0|0|0|0,000000|0,000000|0,000000|0,000000|0,000000|0,000000|0,000000|0,000000|0,000000|0,000000|0,000000|0,000000|
20170205_001933|176436|442|7,936508|0||0||0|0|0|0|0,000000|0,000000|0,000000|0,000000|0,000000|0,000000|0,000000|0,000000|0,000000|0,000000|0,000000|0,000000|
20170205_001933|176564|443|7,812500|0||0||0|0|0|0|0,000000|0,000000|0,000000|0,000000|0,000000|0,000000|0,000000|0,000000|0,000000|0,000000|0,000000|0,000000|
20170205_001933|176708|444|6,944444|0||0||0|0|0|0|0,000000|0,000000|0,000000|0,000000|0,000000|0,000000|0,000000|0,000000|0,000000|0,000000|0,000000|0,000000|
20170205_001933|176836|445|7,812500|0||0||0|0|0|0|0,000000|0,000000|0,000000|0,000000|0,000000|0,000000|0,000000|0,000000|0,000000|0,000000|0,000000|0,000000|
20170205_001933|176963|446|7,812500|0||0||0|0|0|0|0,000000|0,000000|0,000000|0,000000|0,000000|0,000000|0,000000|0,000000|0,000000|0,000000|0,000000|0,000000|
20170205_001933|177107|447|6,944444|0||0||0|0|0|0|0,000000|0,000000|0,000000|0,000000|0,000000|0,000000|0,000000|0,000000|0,000000|0,000000|0,000000|0,000000|
20170205_001933|177236|448|7,812500|0||0||0|0|0|0|0,000000|0,000000|0,000000|0,000000|0,000000|0,000000|0,000000|0,000000|0,000000|0,000000|0,000000|0,000000|
20170205_001933|177364|449|7,812500|0||0||0|0|0|0|0,000000|0,000000|0,000000|0,000000|0,000000|0,000000|0,000000|0,000000|0,000000|0,000000|0,000000|0,000000|
20170205_001934|177508|450|6,944444|0||0||0|0|0|0|0,000000|0,000000|0,000000|0,000000|0,000000|0,000000|0,000000|0,000000|0,000000|0,000000|0,000000|0,000000|
20170205_001934|177636|451|7,812500|0||0||0|0|0|0|0,000000|0,000000|0,000000|0,000000|0,000000|0,000000|0,000000|0,000000|0,000000|0,000000|0,000000|0,000000|
20170205_001934|177763|452|7,812500|0||0||0|0|0|0|0,000000|0,000000|0,000000|0,000000|0,000000|0,000000|0,000000|0,000000|0,000000|0,000000|0,000000|0,000000|
20170205_001934|177909|453|6,944444|0||0||0|0|0|0|0,000000|0,000000|0,000000|0,000000|0,000000|0,000000|0,000000|0,000000|0,000000|0,000000|0,000000|0,000000|
20170205_001934|178036|454|7,812500|0||0||0|0|0|0|0,000000|0,000000|0,000000|0,000000|0,000000|0,000000|0,000000|0,000000|0,000000|0,000000|0,000000|0,000000|
20170205_001934|178164|455|7,812500|0||0||0|0|0|0|0,000000|0,000000|0,000000|0,000000|0,000000|0,000000|0,000000|0,000000|0,000000|0,000000|0,000000|0,000000|
20170205_001934|178308|456|6,944444|0||0||0|0|0|0|0,000000|0,000000|0,000000|0,000000|0,000000|0,000000|0,000000|0,000000|0,000000|0,000000|0,000000|0,000000|
20170205_001935|178436|457|7,812500|0||0||0|0|0|0|0,000000|0,000000|0,000000|0,000000|0,000000|0,000000|0,000000|0,000000|0,000000|0,000000|0,000000|0,000000|
20170205_001935|178564|458|7,812500|0||0||0|0|0|0|0,000000|0,000000|0,000000|0,000000|0,000000|0,000000|0,000000|0,000000|0,000000|0,000000|0,000000|0,000000|
20170205_001935|178711|459|6,944444|0||0||0|0|0|0|0,000000|0,000000|0,000000|0,000000|0,000000|0,000000|0,000000|0,000000|0,000000|0,000000|0,000000|0,000000|
20170205_001935|178840|460|7,812500|0||0||0|0|0|0|0,000000|0,000000|0,000000|0,000000|0,000000|0,000000|0,000000|0,000000|0,000000|0,000000|0,000000|0,000000|
20170205_001935|178964|461|7,812500|0||0||0|0|0|0|0,000000|0,000000|0,000000|0,000000|0,000000|0,000000|0,000000|0,000000|0,000000|0,000000|0,000000|0,000000|
20170205_001935|179110|462|6,896552|0||0||0|0|0|0|0,000000|0,000000|0,000000|0,000000|0,000000|0,000000|0,000000|0,000000|0,000000|0,000000|0,000000|0,000000|
20170205_001935|179237|463|7,874016|0||0||0|0|0|0|0,000000|0,000000|0,000000|0,000000|0,000000|0,000000|0,000000|0,000000|0,000000|0,000000|0,000000|0,000000|
20170205_001935|179363|464|7,812500|0||0||0|0|0|0|0,000000|0,000000|0,000000|0,000000|0,000000|0,000000|0,000000|0,000000|0,000000|0,000000|0,000000|0,000000|
20170205_001936|179508|465|6,944444|0||0||0|0|0|0|0,000000|0,000000|0,000000|0,000000|0,000000|0,000000|0,000000|0,000000|0,000000|0,000000|0,000000|0,000000|
20170205_001936|179643|466|7,352941|0||0||0|0|0|0|0,000000|0,000000|0,000000|0,000000|0,000000|0,000000|0,000000|0,000000|0,000000|0,000000|0,000000|0,000000|
20170205_001936|179764|467|8,333333|0||0||0|0|0|0|0,000000|0,000000|0,000000|0,000000|0,000000|0,000000|0,000000|0,000000|0,000000|0,000000|0,000000|0,000000|
20170205_001936|179909|468|6,944444|0||0||0|0|0|0|0,000000|0,000000|0,000000|0,000000|0,000000|0,000000|0,000000|0,000000|0,000000|0,000000|0,000000|0,000000|
20170205_001936|180036|469|7,812500|0||0||0|0|0|0|0,000000|0,000000|0,000000|0,000000|0,000000|0,000000|0,000000|0,000000|0,000000|0,000000|0,000000|0,000000|
20170205_001936|180164|470|7,812500|0||0||0|0|0|0|0,000000|0,000000|0,000000|0,000000|0,000000|0,000000|0,000000|0,000000|0,000000|0,000000|0,000000|0,000000|
20170205_001936|180308|471|6,944444|0||0||0|0|0|0|0,000000|0,000000|0,000000|0,000000|0,000000|0,000000|0,000000|0,000000|0,000000|0,000000|0,000000|0,000000|
20170205_001937|180437|472|7,812500|0||0||0|0|0|0|0,000000|0,000000|0,000000|0,000000|0,000000|0,000000|0,000000|0,000000|0,000000|0,000000|0,000000|0,000000|
20170205_001937|180565|473|7,812500|0||0||0|0|0|0|0,000000|0,000000|0,000000|0,000000|0,000000|0,000000|0,000000|0,000000|0,000000|0,000000|0,000000|0,000000|
20170205_001937|180708|474|6,944444|0||0||0|0|0|0|0,000000|0,000000|0,000000|0,000000|0,000000|0,000000|0,000000|0,000000|0,000000|0,000000|0,000000|0,000000|
20170205_001937|180838|475|7,812500|0||0||0|0|0|0|0,000000|0,000000|0,000000|0,000000|0,000000|0,000000|0,000000|0,000000|0,000000|0,000000|0,000000|0,000000|
20170205_001937|180964|476|7,812500|0||0||0|0|0|0|0,000000|0,000000|0,000000|0,000000|0,000000|0,000000|0,000000|0,000000|0,000000|0,000000|0,000000|0,000000|
20170205_001937|181108|477|6,944444|0||0||0|0|0|0|0,000000|0,000000|0,000000|0,000000|0,000000|0,000000|0,000000|0,000000|0,000000|0,000000|0,000000|0,000000|
20170205_001937|181237|478|7,812500|0||0||0|0|0|0|0,000000|0,000000|0,000000|0,000000|0,000000|0,000000|0,000000|0,000000|0,000000|0,000000|0,000000|0,000000|
20170205_001937|181364|479|7,812500|0||0||0|0|0|0|0,000000|0,000000|0,000000|0,000000|0,000000|0,000000|0,000000|0,000000|0,000000|0,000000|0,000000|0,000000|
20170205_001938|181510|480|6,896552|0||0||0|0|0|0|0,000000|0,000000|0,000000|0,000000|0,000000|0,000000|0,000000|0,000000|0,000000|0,000000|0,000000|0,000000|
20170205_001938|181636|481|7,874016|0||0||0|0|0|0|0,000000|0,000000|0,000000|0,000000|0,000000|0,000000|0,000000|0,000000|0,000000|0,000000|0,000000|0,000000|
20170205_001938|181764|482|7,812500|0||0||0|0|0|0|0,000000|0,000000|0,000000|0,000000|0,000000|0,000000|0,000000|0,000000|0,000000|0,000000|0,000000|0,000000|
20170205_001938|181908|483|6,944444|0||0||0|0|0|0|0,000000|0,000000|0,000000|0,000000|0,000000|0,000000|0,000000|0,000000|0,000000|0,000000|0,000000|0,000000|
20170205_001938|182036|484|7,812500|0||0||0|0|0|0|0,000000|0,000000|0,000000|0,000000|0,000000|0,000000|0,000000|0,000000|0,000000|0,000000|0,000000|0,000000|
20170205_001938|182164|485|7,812500|0||0||0|0|0|0|0,000000|0,000000|0,000000|0,000000|0,000000|0,000000|0,000000|0,000000|0,000000|0,000000|0,000000|0,000000|
20170205_001938|182308|486|6,944444|0||0||0|0|0|0|0,000000|0,000000|0,000000|0,000000|0,000000|0,000000|0,000000|0,000000|0,000000|0,000000|0,000000|0,000000|
20170205_001939|182436|487|7,812500|0||0||0|0|0|0|0,000000|0,000000|0,000000|0,000000|0,000000|0,000000|0,000000|0,000000|0,000000|0,000000|0,000000|0,000000|
20170205_001939|182564|488|7,812500|0||0||0|0|0|0|0,000000|0,000000|0,000000|0,000000|0,000000|0,000000|0,000000|0,000000|0,000000|0,000000|0,000000|0,000000|
20170205_001939|182708|489|6,944444|0||0||0|0|0|0|0,000000|0,000000|0,000000|0,000000|0,000000|0,000000|0,000000|0,000000|0,000000|0,000000|0,000000|0,000000|
20170205_001939|182836|490|7,812500|0||0||0|0|0|0|0,000000|0,000000|0,000000|0,000000|0,000000|0,000000|0,000000|0,000000|0,000000|0,000000|0,000000|0,000000|
20170205_001939|182964|491|7,812500|0||0||0|0|0|0|0,000000|0,000000|0,000000|0,000000|0,000000|0,000000|0,000000|0,000000|0,000000|0,000000|0,000000|0,000000|
20170205_001939|183108|492|6,944444|0||0||0|0|0|0|0,000000|0,000000|0,000000|0,000000|0,000000|0,000000|0,000000|0,000000|0,000000|0,000000|0,000000|0,000000|
20170205_001939|183236|493|7,812500|0||0||0|0|0|0|0,000000|0,000000|0,000000|0,000000|0,000000|0,000000|0,000000|0,000000|0,000000|0,000000|0,000000|0,000000|
20170205_001939|183364|494|7,751938|0||0||0|0|0|0|0,000000|0,000000|0,000000|0,000000|0,000000|0,000000|0,000000|0,000000|0,000000|0,000000|0,000000|0,000000|
20170205_001940|183508|495|6,993007|0||0||0|0|0|0|0,000000|0,000000|0,000000|0,000000|0,000000|0,000000|0,000000|0,000000|0,000000|0,000000|0,000000|0,000000|
20170205_001940|183637|496|7,812500|0||0||0|0|0|0|0,000000|0,000000|0,000000|0,000000|0,000000|0,000000|0,000000|0,000000|0,000000|0,000000|0,000000|0,000000|
20170205_001940|183763|497|7,812500|0||0||0|0|0|0|0,000000|0,000000|0,000000|0,000000|0,000000|0,000000|0,000000|0,000000|0,000000|0,000000|0,000000|0,000000|
20170205_001940|183908|498|6,944444|0||0||0|0|0|0|0,000000|0,000000|0,000000|0,000000|0,000000|0,000000|0,000000|0,000000|0,000000|0,000000|0,000000|0,000000|
20170205_001940|184036|499|7,812500|0||0||0|0|0|0|0,000000|0,000000|0,000000|0,000000|0,000000|0,000000|0,000000|0,000000|0,000000|0,000000|0,000000|0,000000|
20170205_001940|184164|500|7,812500|0||0||0|0|0|0|0,000000|0,000000|0,000000|0,000000|0,000000|0,000000|0,000000|0,000000|0,000000|0,000000|0,000000|0,000000|
20170205_001940|184308|501|6,944444|0||0||0|0|0|0|0,000000|0,000000|0,000000|0,000000|0,000000|0,000000|0,000000|0,000000|0,000000|0,000000|0,000000|0,000000|
20170205_001941|184436|502|7,812500|0||0||0|0|0|0|0,000000|0,000000|0,000000|0,000000|0,000000|0,000000|0,000000|0,000000|0,000000|0,000000|0,000000|0,000000|
20170205_001941|184564|503|7,812500|0||0||0|0|0|0|0,000000|0,000000|0,000000|0,000000|0,000000|0,000000|0,000000|0,000000|0,000000|0,000000|0,000000|0,000000|
20170205_001941|184708|504|6,944444|0||0||0|0|0|0|0,000000|0,000000|0,000000|0,000000|0,000000|0,000000|0,000000|0,000000|0,000000|0,000000|0,000000|0,000000|
20170205_001941|184836|505|7,812500|0||0||0|0|0|0|0,000000|0,000000|0,000000|0,000000|0,000000|0,000000|0,000000|0,000000|0,000000|0,000000|0,000000|0,000000|
20170205_001941|184964|506|7,812500|0||0||0|0|0|0|0,000000|0,000000|0,000000|0,000000|0,000000|0,000000|0,000000|0,000000|0,000000|0,000000|0,000000|0,000000|
20170205_001941|185108|507|6,944444|0||0||0|0|0|0|0,000000|0,000000|0,000000|0,000000|0,000000|0,000000|0,000000|0,000000|0,000000|0,000000|0,000000|0,000000|
20170205_001941|185236|508|7,812500|0||0||0|0|0|0|0,000000|0,000000|0,000000|0,000000|0,000000|0,000000|0,000000|0,000000|0,000000|0,000000|0,000000|0,000000|
