TimeStamp|Ticks|FrameNum|FPS|LogaDados|Robo|achou|trajetoria|Xd|Yd|Xa|Ya|DistMelhorPonto|velAtual|velAtualDerivSuja|velDesejada|erroVel|SaidaControleLinear|angAtual|angDesejado|erroAng|SaidaControleAngular|SinalDeControle1|SinalDeControle2|
20170211_160940|16493|40|22.000000|1|CarroTeste|1|circulo_r60_xc160_yc120|117|77|117|76|1.000000|0.000000|-1.#IND00|40.000000|-1.#IND00|-1.#IND00|-0.674741|-0.771681|-0.096940|-2.933806|-1.#IND00|-1.#IND00|
20170211_160940|16493|40|22.000000|1|CarroTeste2|0|circulo_r60_xc160_yc120|0|0|0|0|0.000000|0.000000|0.000000|0.000000|0.000000|0.000000|0.000000|0.000000|0.000000|0.000000|0.000000|0.000000|
20170211_160940|16562|42|14.925373|1|CarroTeste|1|circulo_r60_xc160_yc120|117|77|117|76|1.000000|0.000000|-1.#IND00|40.000000|-1.#IND00|-1.#IND00|-0.674741|-0.771681|-0.096940|-2.933518|-1.#IND00|-1.#IND00|
20170211_160940|16562|42|14.925373|1|CarroTeste2|0|circulo_r60_xc160_yc120|0|0|0|0|0.000000|0.000000|0.000000|0.000000|0.000000|0.000000|0.000000|0.000000|0.000000|0.000000|0.000000|0.000000|
20170211_160940|16628|44|14.925373|1|CarroTeste|1|circulo_r60_xc160_yc120|117|77|117|76|1.000000|0.000000|-1.#IND00|40.000000|-1.#IND00|-1.#IND00|-0.785398|-0.771681|0.013717|0.403560|-1.#IND00|-1.#IND00|
20170211_160940|16629|44|14.925373|1|CarroTeste2|0|circulo_r60_xc160_yc120|0|0|0|0|0.000000|0.000000|0.000000|0.000000|0.000000|0.000000|0.000000|0.000000|0.000000|0.000000|0.000000|0.000000|
20170211_160940|16696|46|14.925373|1|CarroTeste|1|circulo_r60_xc160_yc120|117|77|117|76|1.000000|0.000000|-1.#IND00|40.000000|-1.#IND00|-1.#IND00|-0.785398|-0.771681|0.013717|0.404479|-1.#IND00|-1.#IND00|
20170211_160940|16697|46|14.925373|1|CarroTeste2|0|circulo_r60_xc160_yc120|0|0|0|0|0.000000|0.000000|0.000000|0.000000|0.000000|0.000000|0.000000|0.000000|0.000000|0.000000|0.000000|0.000000|
20170211_160940|16763|48|14.925373|1|CarroTeste|1|circulo_r60_xc160_yc120|117|77|117|76|1.000000|0.000000|-1.#IND00|40.000000|-1.#IND00|-1.#IND00|-0.785398|-0.771681|0.013717|0.405398|-1.#IND00|-1.#IND00|
20170211_160940|16763|48|14.925373|1|CarroTeste2|0|circulo_r60_xc160_yc120|0|0|0|0|0.000000|0.000000|0.000000|0.000000|0.000000|0.000000|0.000000|0.000000|0.000000|0.000000|0.000000|0.000000|
20170211_160941|16832|50|14.925373|1|CarroTeste|1|circulo_r60_xc160_yc120|117|77|117|76|1.000000|0.000000|-1.#IND00|40.000000|-1.#IND00|-1.#IND00|-0.674741|-0.771681|-0.096940|-2.937256|-1.#IND00|-1.#IND00|
20170211_160941|16833|50|14.925373|1|CarroTeste2|0|circulo_r60_xc160_yc120|0|0|0|0|0.000000|0.000000|0.000000|0.000000|0.000000|0.000000|0.000000|0.000000|0.000000|0.000000|0.000000|0.000000|
20170211_160941|16899|52|14.925373|1|CarroTeste|1|circulo_r60_xc160_yc120|117|77|117|76|1.000000|0.000000|-1.#IND00|40.000000|-1.#IND00|-1.#IND00|-0.674741|-0.771681|-0.096940|-2.943751|-1.#IND00|-1.#IND00|
20170211_160941|16899|52|14.925373|1|CarroTeste2|0|circulo_r60_xc160_yc120|0|0|0|0|0.000000|0.000000|0.000000|0.000000|0.000000|0.000000|0.000000|0.000000|0.000000|0.000000|0.000000|0.000000|
20170211_160941|16966|54|14.925373|1|CarroTeste|1|circulo_r60_xc160_yc120|117|77|117|76|1.000000|0.000000|-1.#IND00|40.000000|-1.#IND00|-1.#IND00|-0.674741|-0.771681|-0.096940|-2.950246|-1.#IND00|-1.#IND00|
20170211_160941|16966|54|14.925373|1|CarroTeste2|0|circulo_r60_xc160_yc120|0|0|0|0|0.000000|0.000000|0.000000|0.000000|0.000000|0.000000|0.000000|0.000000|0.000000|0.000000|0.000000|0.000000|
20170211_160941|17034|56|14.925373|1|CarroTeste|1|circulo_r60_xc160_yc120|117|77|117|76|1.000000|0.000000|-1.#IND00|40.000000|-1.#IND00|-1.#IND00|-0.674741|-0.771681|-0.096940|-2.956741|-1.#IND00|-1.#IND00|
20170211_160941|17035|56|14.925373|1|CarroTeste2|0|circulo_r60_xc160_yc120|0|0|0|0|0.000000|0.000000|0.000000|0.000000|0.000000|0.000000|0.000000|0.000000|0.000000|0.000000|0.000000|0.000000|
20170211_160941|17101|58|14.925373|1|CarroTeste|1|circulo_r60_xc160_yc120|117|77|117|76|1.000000|0.000000|-1.#IND00|40.000000|-1.#IND00|-1.#IND00|-0.785398|-0.771681|0.013717|0.380337|-1.#IND00|-1.#IND00|
20170211_160941|17102|58|14.925373|1|CarroTeste2|0|circulo_r60_xc160_yc120|0|0|0|0|0.000000|0.000000|0.000000|0.000000|0.000000|0.000000|0.000000|0.000000|0.000000|0.000000|0.000000|0.000000|
20170211_160941|17169|60|14.925373|1|CarroTeste|1|circulo_r60_xc160_yc120|117|77|117|76|1.000000|0.000000|-1.#IND00|40.000000|-1.#IND00|-1.#IND00|-0.674741|-0.771681|-0.096940|-2.962317|-1.#IND00|-1.#IND00|
20170211_160941|17170|60|14.925373|1|CarroTeste2|0|circulo_r60_xc160_yc120|0|0|0|0|0.000000|0.000000|0.000000|0.000000|0.000000|0.000000|0.000000|0.000000|0.000000|0.000000|0.000000|0.000000|
20170211_160941|17238|62|14.925373|1|CarroTeste|1|circulo_r60_xc160_yc120|117|77|117|76|1.000000|0.000000|-1.#IND00|40.000000|-1.#IND00|-1.#IND00|-0.785398|-0.771681|0.013717|0.374761|-1.#IND00|-1.#IND00|
20170211_160941|17239|62|14.925373|1|CarroTeste2|0|circulo_r60_xc160_yc120|0|0|0|0|0.000000|0.000000|0.000000|0.000000|0.000000|0.000000|0.000000|0.000000|0.000000|0.000000|0.000000|0.000000|
20170211_160941|17304|64|14.925373|1|CarroTeste|1|circulo_r60_xc160_yc120|117|77|117|76|1.000000|0.000000|-1.#IND00|40.000000|-1.#IND00|-1.#IND00|-0.674741|-0.771681|-0.096940|-2.967893|-1.#IND00|-1.#IND00|
20170211_160941|17304|64|14.925373|1|CarroTeste2|0|circulo_r60_xc160_yc120|0|0|0|0|0.000000|0.000000|0.000000|0.000000|0.000000|0.000000|0.000000|0.000000|0.000000|0.000000|0.000000|0.000000|
20170211_160941|17371|66|14.925373|1|CarroTeste|1|circulo_r60_xc160_yc120|117|77|117|76|1.000000|0.000000|-1.#IND00|40.000000|-1.#IND00|-1.#IND00|-0.674741|-0.771681|-0.096940|-2.974388|-1.#IND00|-1.#IND00|
20170211_160941|17371|66|14.925373|1|CarroTeste2|0|circulo_r60_xc160_yc120|0|0|0|0|0.000000|0.000000|0.000000|0.000000|0.000000|0.000000|0.000000|0.000000|0.000000|0.000000|0.000000|0.000000|
20170211_160941|17438|68|14.925373|1|CarroTeste|1|circulo_r60_xc160_yc120|117|77|117|76|1.000000|0.000000|-1.#IND00|40.000000|-1.#IND00|-1.#IND00|-0.674741|-0.771681|-0.096940|-2.980883|-1.#IND00|-1.#IND00|
20170211_160941|17438|68|14.925373|1|CarroTeste2|0|circulo_r60_xc160_yc120|0|0|0|0|0.000000|0.000000|0.000000|0.000000|0.000000|0.000000|0.000000|0.000000|0.000000|0.000000|0.000000|0.000000|
20170211_160941|17506|70|14.925373|1|CarroTeste|1|circulo_r60_xc160_yc120|117|77|117|76|1.000000|0.000000|-1.#IND00|40.000000|-1.#IND00|-1.#IND00|-0.674741|-0.771681|-0.096940|-2.987378|-1.#IND00|-1.#IND00|
20170211_160941|17506|70|14.925373|1|CarroTeste2|0|circulo_r60_xc160_yc120|0|0|0|0|0.000000|0.000000|0.000000|0.000000|0.000000|0.000000|0.000000|0.000000|0.000000|0.000000|0.000000|0.000000|
20170211_160941|17571|72|14.925373|1|CarroTeste|1|circulo_r60_xc160_yc120|117|77|117|76|1.000000|0.000000|-1.#IND00|40.000000|-1.#IND00|-1.#IND00|-0.661043|-0.771681|-0.110638|-3.407760|-1.#IND00|-1.#IND00|
20170211_160941|17572|72|14.925373|1|CarroTeste2|0|circulo_r60_xc160_yc120|0|0|0|0|0.000000|0.000000|0.000000|0.000000|0.000000|0.000000|0.000000|0.000000|0.000000|0.000000|0.000000|0.000000|
20170211_160941|17640|74|14.925373|1|CarroTeste|1|circulo_r60_xc160_yc120|117|77|117|76|1.000000|0.000000|-1.#IND00|40.000000|-1.#IND00|-1.#IND00|-0.674741|-0.771681|-0.096940|-3.001286|-1.#IND00|-1.#IND00|
20170211_160941|17641|74|14.925373|1|CarroTeste2|0|circulo_r60_xc160_yc120|0|0|0|0|0.000000|0.000000|0.000000|0.000000|0.000000|0.000000|0.000000|0.000000|0.000000|0.000000|0.000000|0.000000|
20170211_160941|17708|76|14.925373|1|CarroTeste|1|circulo_r60_xc160_yc120|117|77|117|76|1.000000|0.000000|-1.#IND00|40.000000|-1.#IND00|-1.#IND00|-0.674741|-0.771681|-0.096940|-3.007781|-1.#IND00|-1.#IND00|
20170211_160941|17708|76|14.925373|1|CarroTeste2|0|circulo_r60_xc160_yc120|0|0|0|0|0.000000|0.000000|0.000000|0.000000|0.000000|0.000000|0.000000|0.000000|0.000000|0.000000|0.000000|0.000000|
20170211_160941|17775|78|14.925373|1|CarroTeste|1|circulo_r60_xc160_yc120|117|77|117|76|1.000000|0.000000|-1.#IND00|40.000000|-1.#IND00|-1.#IND00|-0.674741|-0.771681|-0.096940|-3.014276|-1.#IND00|-1.#IND00|
20170211_160941|17776|78|14.925373|1|CarroTeste2|0|circulo_r60_xc160_yc120|0|0|0|0|0.000000|0.000000|0.000000|0.000000|0.000000|0.000000|0.000000|0.000000|0.000000|0.000000|0.000000|0.000000|
20170211_160942|17842|80|14.925373|1|CarroTeste|1|circulo_r60_xc160_yc120|117|77|117|76|1.000000|0.000000|-1.#IND00|40.000000|-1.#IND00|-1.#IND00|-0.674741|-0.771681|-0.096940|-3.020771|-1.#IND00|-1.#IND00|
20170211_160942|17842|80|14.925373|1|CarroTeste2|0|circulo_r60_xc160_yc120|0|0|0|0|0.000000|0.000000|0.000000|0.000000|0.000000|0.000000|0.000000|0.000000|0.000000|0.000000|0.000000|0.000000|
20170211_160942|17909|82|14.925373|1|CarroTeste|1|circulo_r60_xc160_yc120|117|77|117|76|1.000000|0.000000|-1.#IND00|40.000000|-1.#IND00|-1.#IND00|-0.674741|-0.771681|-0.096940|-3.027266|-1.#IND00|-1.#IND00|
20170211_160942|17910|82|14.925373|1|CarroTeste2|0|circulo_r60_xc160_yc120|0|0|0|0|0.000000|0.000000|0.000000|0.000000|0.000000|0.000000|0.000000|0.000000|0.000000|0.000000|0.000000|0.000000|
20170211_160942|17977|84|14.925373|1|CarroTeste|1|circulo_r60_xc160_yc120|117|77|117|76|1.000000|0.000000|-1.#IND00|40.000000|-1.#IND00|-1.#IND00|-0.785398|-0.771681|0.013717|0.309812|-1.#IND00|-1.#IND00|
20170211_160942|17977|84|14.925373|1|CarroTeste2|0|circulo_r60_xc160_yc120|0|0|0|0|0.000000|0.000000|0.000000|0.000000|0.000000|0.000000|0.000000|0.000000|0.000000|0.000000|0.000000|0.000000|
20170211_160942|18045|86|14.925373|1|CarroTeste|1|circulo_r60_xc160_yc120|117|77|117|76|1.000000|0.000000|-1.#IND00|40.000000|-1.#IND00|-1.#IND00|-0.674741|-0.771681|-0.096940|-3.032842|-1.#IND00|-1.#IND00|
20170211_160942|18046|86|14.925373|1|CarroTeste2|0|circulo_r60_xc160_yc120|0|0|0|0|0.000000|0.000000|0.000000|0.000000|0.000000|0.000000|0.000000|0.000000|0.000000|0.000000|0.000000|0.000000|
20170211_160942|18113|88|14.925373|1|CarroTeste|1|circulo_r60_xc160_yc120|117|77|117|76|1.000000|0.000000|-1.#IND00|40.000000|-1.#IND00|-1.#IND00|-0.674741|-0.771681|-0.096940|-3.039337|-1.#IND00|-1.#IND00|
20170211_160942|18113|88|14.925373|1|CarroTeste2|0|circulo_r60_xc160_yc120|0|0|0|0|0.000000|0.000000|0.000000|0.000000|0.000000|0.000000|0.000000|0.000000|0.000000|0.000000|0.000000|0.000000|
20170211_160942|18181|90|14.925373|1|CarroTeste|1|circulo_r60_xc160_yc120|117|77|117|76|1.000000|0.000000|-1.#IND00|40.000000|-1.#IND00|-1.#IND00|-0.674741|-0.771681|-0.096940|-3.045832|-1.#IND00|-1.#IND00|
20170211_160942|18181|90|14.925373|1|CarroTeste2|0|circulo_r60_xc160_yc120|0|0|0|0|0.000000|0.000000|0.000000|0.000000|0.000000|0.000000|0.000000|0.000000|0.000000|0.000000|0.000000|0.000000|
20170211_160942|18249|92|14.925373|1|CarroTeste|1|circulo_r60_xc160_yc120|117|77|117|76|1.000000|0.000000|-1.#IND00|40.000000|-1.#IND00|-1.#IND00|-0.674741|-0.771681|-0.096940|-3.052327|-1.#IND00|-1.#IND00|
20170211_160942|18250|92|14.925373|1|CarroTeste2|0|circulo_r60_xc160_yc120|0|0|0|0|0.000000|0.000000|0.000000|0.000000|0.000000|0.000000|0.000000|0.000000|0.000000|0.000000|0.000000|0.000000|
20170211_160942|18315|94|14.925373|1|CarroTeste|1|circulo_r60_xc160_yc120|117|77|117|76|1.000000|0.000000|-1.#IND00|40.000000|-1.#IND00|-1.#IND00|-0.785398|-0.771681|0.013717|0.284751|-1.#IND00|-1.#IND00|
20170211_160942|18316|94|14.925373|1|CarroTeste2|0|circulo_r60_xc160_yc120|0|0|0|0|0.000000|0.000000|0.000000|0.000000|0.000000|0.000000|0.000000|0.000000|0.000000|0.000000|0.000000|0.000000|
20170211_160942|18384|96|14.925373|1|CarroTeste|1|circulo_r60_xc160_yc120|117|77|117|76|1.000000|0.000000|-1.#IND00|40.000000|-1.#IND00|-1.#IND00|-0.785398|-0.771681|0.013717|0.285670|-1.#IND00|-1.#IND00|
20170211_160942|18384|96|14.925373|1|CarroTeste2|0|circulo_r60_xc160_yc120|0|0|0|0|0.000000|0.000000|0.000000|0.000000|0.000000|0.000000|0.000000|0.000000|0.000000|0.000000|0.000000|0.000000|
20170211_160942|18452|98|14.925373|1|CarroTeste|1|circulo_r60_xc160_yc120|117|77|117|76|1.000000|0.000000|-1.#IND00|40.000000|-1.#IND00|-1.#IND00|-0.674741|-0.771681|-0.096940|-3.056984|-1.#IND00|-1.#IND00|
20170211_160942|18452|98|14.925373|1|CarroTeste2|0|circulo_r60_xc160_yc120|0|0|0|0|0.000000|0.000000|0.000000|0.000000|0.000000|0.000000|0.000000|0.000000|0.000000|0.000000|0.000000|0.000000|
20170211_160942|18520|100|14.925373|1|CarroTeste|1|circulo_r60_xc160_yc120|117|77|117|76|1.000000|0.000000|-1.#IND00|40.000000|-1.#IND00|-1.#IND00|-0.674741|-0.771681|-0.096940|-3.063479|-1.#IND00|-1.#IND00|
20170211_160942|18520|100|14.925373|1|CarroTeste2|0|circulo_r60_xc160_yc120|0|0|0|0|0.000000|0.000000|0.000000|0.000000|0.000000|0.000000|0.000000|0.000000|0.000000|0.000000|0.000000|0.000000|
20170211_160942|18587|102|14.925373|1|CarroTeste|1|circulo_r60_xc160_yc120|117|77|117|76|1.000000|0.000000|-1.#IND00|40.000000|-1.#IND00|-1.#IND00|-0.785398|-0.771681|0.013717|0.273599|-1.#IND00|-1.#IND00|
20170211_160942|18588|102|14.925373|1|CarroTeste2|0|circulo_r60_xc160_yc120|0|0|0|0|0.000000|0.000000|0.000000|0.000000|0.000000|0.000000|0.000000|0.000000|0.000000|0.000000|0.000000|0.000000|
20170211_160942|18655|104|14.925373|1|CarroTeste|1|circulo_r60_xc160_yc120|117|77|117|76|1.000000|0.000000|-1.#IND00|40.000000|-1.#IND00|-1.#IND00|-0.785398|-0.771681|0.013717|0.274518|-1.#IND00|-1.#IND00|
20170211_160942|18655|104|14.925373|1|CarroTeste2|0|circulo_r60_xc160_yc120|0|0|0|0|0.000000|0.000000|0.000000|0.000000|0.000000|0.000000|0.000000|0.000000|0.000000|0.000000|0.000000|0.000000|
20170211_160942|18723|106|14.925373|1|CarroTeste|1|circulo_r60_xc160_yc120|117|77|117|76|1.000000|0.000000|-1.#IND00|40.000000|-1.#IND00|-1.#IND00|-0.674741|-0.771681|-0.096940|-3.068136|-1.#IND00|-1.#IND00|
20170211_160942|18723|106|14.925373|1|CarroTeste2|0|circulo_r60_xc160_yc120|0|0|0|0|0.000000|0.000000|0.000000|0.000000|0.000000|0.000000|0.000000|0.000000|0.000000|0.000000|0.000000|0.000000|
20170211_160943|18791|108|14.925373|1|CarroTeste|1|circulo_r60_xc160_yc120|117|77|117|76|1.000000|0.000000|-1.#IND00|40.000000|-1.#IND00|-1.#IND00|-0.674741|-0.771681|-0.096940|-3.074631|-1.#IND00|-1.#IND00|
20170211_160943|18792|108|14.925373|1|CarroTeste2|0|circulo_r60_xc160_yc120|0|0|0|0|0.000000|0.000000|0.000000|0.000000|0.000000|0.000000|0.000000|0.000000|0.000000|0.000000|0.000000|0.000000|
20170211_160943|18858|110|14.925373|1|CarroTeste|1|circulo_r60_xc160_yc120|117|77|117|76|1.000000|0.000000|-1.#IND00|40.000000|-1.#IND00|-1.#IND00|-0.674741|-0.771681|-0.096940|-3.081126|-1.#IND00|-1.#IND00|
20170211_160943|18859|110|14.925373|1|CarroTeste2|0|circulo_r60_xc160_yc120|0|0|0|0|0.000000|0.000000|0.000000|0.000000|0.000000|0.000000|0.000000|0.000000|0.000000|0.000000|0.000000|0.000000|
20170211_160943|18926|112|14.925373|1|CarroTeste|1|circulo_r60_xc160_yc120|117|77|117|76|1.000000|0.000000|-1.#IND00|40.000000|-1.#IND00|-1.#IND00|-0.674741|-0.771681|-0.096940|-3.087621|-1.#IND00|-1.#IND00|
20170211_160943|18927|112|14.925373|1|CarroTeste2|0|circulo_r60_xc160_yc120|0|0|0|0|0.000000|0.000000|0.000000|0.000000|0.000000|0.000000|0.000000|0.000000|0.000000|0.000000|0.000000|0.000000|
20170211_160943|18994|114|14.925373|1|CarroTeste|1|circulo_r60_xc160_yc120|117|77|117|76|1.000000|0.000000|-1.#IND00|40.000000|-1.#IND00|-1.#IND00|-0.674741|-0.771681|-0.096940|-3.094116|-1.#IND00|-1.#IND00|
20170211_160943|18994|114|14.925373|1|CarroTeste2|0|circulo_r60_xc160_yc120|0|0|0|0|0.000000|0.000000|0.000000|0.000000|0.000000|0.000000|0.000000|0.000000|0.000000|0.000000|0.000000|0.000000|
20170211_160943|19063|116|14.925373|1|CarroTeste|1|circulo_r60_xc160_yc120|117|77|117|76|1.000000|0.000000|-1.#IND00|40.000000|-1.#IND00|-1.#IND00|-0.674741|-0.771681|-0.096940|-3.100611|-1.#IND00|-1.#IND00|
20170211_160943|19063|116|14.925373|1|CarroTeste2|0|circulo_r60_xc160_yc120|0|0|0|0|0.000000|0.000000|0.000000|0.000000|0.000000|0.000000|0.000000|0.000000|0.000000|0.000000|0.000000|0.000000|
20170211_160943|19130|118|14.925373|1|CarroTeste|1|circulo_r60_xc160_yc120|117|77|117|76|1.000000|0.000000|-1.#IND00|40.000000|-1.#IND00|-1.#IND00|-0.785398|-0.771681|0.013717|0.236467|-1.#IND00|-1.#IND00|
20170211_160943|19130|118|14.925373|1|CarroTeste2|0|circulo_r60_xc160_yc120|0|0|0|0|0.000000|0.000000|0.000000|0.000000|0.000000|0.000000|0.000000|0.000000|0.000000|0.000000|0.000000|0.000000|
20170211_160943|19198|120|14.925373|1|CarroTeste|1|circulo_r60_xc160_yc120|117|77|117|76|1.000000|0.000000|-1.#IND00|40.000000|-1.#IND00|-1.#IND00|-0.674741|-0.771681|-0.096940|-3.106187|-1.#IND00|-1.#IND00|
20170211_160943|19199|120|14.925373|1|CarroTeste2|0|circulo_r60_xc160_yc120|0|0|0|0|0.000000|0.000000|0.000000|0.000000|0.000000|0.000000|0.000000|0.000000|0.000000|0.000000|0.000000|0.000000|
20170211_160943|19266|122|14.925373|1|CarroTeste|1|circulo_r60_xc160_yc120|117|77|117|76|1.000000|0.000000|-1.#IND00|40.000000|-1.#IND00|-1.#IND00|-0.674741|-0.771681|-0.096940|-3.112682|-1.#IND00|-1.#IND00|
20170211_160943|19266|122|14.925373|1|CarroTeste2|0|circulo_r60_xc160_yc120|0|0|0|0|0.000000|0.000000|0.000000|0.000000|0.000000|0.000000|0.000000|0.000000|0.000000|0.000000|0.000000|0.000000|
20170211_160943|19334|124|14.925373|1|CarroTeste|1|circulo_r60_xc160_yc120|117|77|117|76|1.000000|0.000000|-1.#IND00|40.000000|-1.#IND00|-1.#IND00|-0.785398|-0.771681|0.013717|0.224396|-1.#IND00|-1.#IND00|
20170211_160943|19334|124|14.925373|1|CarroTeste2|0|circulo_r60_xc160_yc120|0|0|0|0|0.000000|0.000000|0.000000|0.000000|0.000000|0.000000|0.000000|0.000000|0.000000|0.000000|0.000000|0.000000|
20170211_160943|19402|126|14.925373|1|CarroTeste|1|circulo_r60_xc160_yc120|117|77|117|76|1.000000|0.000000|-1.#IND00|40.000000|-1.#IND00|-1.#IND00|-0.674741|-0.771681|-0.096940|-3.118258|-1.#IND00|-1.#IND00|
20170211_160943|19402|126|14.925373|1|CarroTeste2|0|circulo_r60_xc160_yc120|0|0|0|0|0.000000|0.000000|0.000000|0.000000|0.000000|0.000000|0.000000|0.000000|0.000000|0.000000|0.000000|0.000000|
20170211_160943|19469|128|14.925373|1|CarroTeste|1|circulo_r60_xc160_yc120|117|77|117|76|1.000000|0.000000|-1.#IND00|40.000000|-1.#IND00|-1.#IND00|-0.674741|-0.771681|-0.096940|-3.124753|-1.#IND00|-1.#IND00|
20170211_160943|19470|128|14.925373|1|CarroTeste2|0|circulo_r60_xc160_yc120|0|0|0|0|0.000000|0.000000|0.000000|0.000000|0.000000|0.000000|0.000000|0.000000|0.000000|0.000000|0.000000|0.000000|
20170211_160943|19537|130|14.925373|1|CarroTeste|1|circulo_r60_xc160_yc120|117|77|117|76|1.000000|0.000000|-1.#IND00|40.000000|-1.#IND00|-1.#IND00|-0.785398|-0.771681|0.013717|0.212325|-1.#IND00|-1.#IND00|
20170211_160943|19538|130|14.925373|1|CarroTeste2|0|circulo_r60_xc160_yc120|0|0|0|0|0.000000|0.000000|0.000000|0.000000|0.000000|0.000000|0.000000|0.000000|0.000000|0.000000|0.000000|0.000000|
20170211_160943|19606|132|14.925373|1|CarroTeste|1|circulo_r60_xc160_yc120|117|77|117|76|1.000000|0.000000|-1.#IND00|40.000000|-1.#IND00|-1.#IND00|-0.674741|-0.771681|-0.096940|-3.130329|-1.#IND00|-1.#IND00|
20170211_160943|19607|132|14.925373|1|CarroTeste2|0|circulo_r60_xc160_yc120|0|0|0|0|0.000000|0.000000|0.000000|0.000000|0.000000|0.000000|0.000000|0.000000|0.000000|0.000000|0.000000|0.000000|
20170211_160943|19674|134|14.925373|1|CarroTeste|1|circulo_r60_xc160_yc120|117|77|117|76|1.000000|0.000000|-1.#IND00|40.000000|-1.#IND00|-1.#IND00|-0.785398|-0.771681|0.013717|0.206749|-1.#IND00|-1.#IND00|
20170211_160943|19674|134|14.925373|1|CarroTeste2|0|circulo_r60_xc160_yc120|0|0|0|0|0.000000|0.000000|0.000000|0.000000|0.000000|0.000000|0.000000|0.000000|0.000000|0.000000|0.000000|0.000000|
20170211_160943|19741|136|14.925373|1|CarroTeste|1|circulo_r60_xc160_yc120|117|77|117|76|1.000000|0.000000|-1.#IND00|40.000000|-1.#IND00|-1.#IND00|-0.674741|-0.771681|-0.096940|-3.135905|-1.#IND00|-1.#IND00|
20170211_160943|19741|136|14.925373|1|CarroTeste2|0|circulo_r60_xc160_yc120|0|0|0|0|0.000000|0.000000|0.000000|0.000000|0.000000|0.000000|0.000000|0.000000|0.000000|0.000000|0.000000|0.000000|
20170211_160944|19809|138|14.925373|1|CarroTeste|1|circulo_r60_xc160_yc120|117|77|117|76|1.000000|0.000000|-1.#IND00|40.000000|-1.#IND00|-1.#IND00|-0.674741|-0.771681|-0.096940|-3.142400|-1.#IND00|-1.#IND00|
20170211_160944|19810|138|14.925373|1|CarroTeste2|0|circulo_r60_xc160_yc120|0|0|0|0|0.000000|0.000000|0.000000|0.000000|0.000000|0.000000|0.000000|0.000000|0.000000|0.000000|0.000000|0.000000|
20170211_160944|19877|140|14.925373|1|CarroTeste|1|circulo_r60_xc160_yc120|117|77|117|76|1.000000|0.000000|-1.#IND00|40.000000|-1.#IND00|-1.#IND00|-0.674741|-0.771681|-0.096940|-3.148895|-1.#IND00|-1.#IND00|
20170211_160944|19878|140|14.925373|1|CarroTeste2|0|circulo_r60_xc160_yc120|0|0|0|0|0.000000|0.000000|0.000000|0.000000|0.000000|0.000000|0.000000|0.000000|0.000000|0.000000|0.000000|0.000000|
20170211_160944|19944|142|14.925373|1|CarroTeste|1|circulo_r60_xc160_yc120|117|77|117|76|1.000000|0.000000|-1.#IND00|40.000000|-1.#IND00|-1.#IND00|-0.674741|-0.771681|-0.096940|-3.155390|-1.#IND00|-1.#IND00|
20170211_160944|19945|142|14.925373|1|CarroTeste2|0|circulo_r60_xc160_yc120|0|0|0|0|0.000000|0.000000|0.000000|0.000000|0.000000|0.000000|0.000000|0.000000|0.000000|0.000000|0.000000|0.000000|
20170211_160944|20013|144|14.925373|1|CarroTeste|1|circulo_r60_xc160_yc120|117|77|117|76|1.000000|0.000000|-1.#IND00|40.000000|-1.#IND00|-1.#IND00|-0.674741|-0.771681|-0.096940|-3.161885|-1.#IND00|-1.#IND00|
20170211_160944|20013|144|14.925373|1|CarroTeste2|0|circulo_r60_xc160_yc120|0|0|0|0|0.000000|0.000000|0.000000|0.000000|0.000000|0.000000|0.000000|0.000000|0.000000|0.000000|0.000000|0.000000|
20170211_160944|20080|146|14.925373|1|CarroTeste|1|circulo_r60_xc160_yc120|117|77|117|76|1.000000|0.000000|-1.#IND00|40.000000|-1.#IND00|-1.#IND00|-0.674741|-0.771681|-0.096940|-3.168380|-1.#IND00|-1.#IND00|
20170211_160944|20081|146|14.925373|1|CarroTeste2|0|circulo_r60_xc160_yc120|0|0|0|0|0.000000|0.000000|0.000000|0.000000|0.000000|0.000000|0.000000|0.000000|0.000000|0.000000|0.000000|0.000000|
20170211_160944|20148|148|14.925373|1|CarroTeste|1|circulo_r60_xc160_yc120|117|77|117|76|1.000000|0.000000|-1.#IND00|40.000000|-1.#IND00|-1.#IND00|-0.674741|-0.771681|-0.096940|-3.174875|-1.#IND00|-1.#IND00|
20170211_160944|20149|148|14.925373|1|CarroTeste2|0|circulo_r60_xc160_yc120|0|0|0|0|0.000000|0.000000|0.000000|0.000000|0.000000|0.000000|0.000000|0.000000|0.000000|0.000000|0.000000|0.000000|
20170211_160944|20214|150|14.925373|1|CarroTeste|1|circulo_r60_xc160_yc120|117|77|117|76|1.000000|0.000000|-1.#IND00|40.000000|-1.#IND00|-1.#IND00|-0.674741|-0.771681|-0.096940|-3.181370|-1.#IND00|-1.#IND00|
20170211_160944|20214|150|14.925373|1|CarroTeste2|0|circulo_r60_xc160_yc120|0|0|0|0|0.000000|0.000000|0.000000|0.000000|0.000000|0.000000|0.000000|0.000000|0.000000|0.000000|0.000000|0.000000|
20170211_160944|20281|152|14.925373|1|CarroTeste|1|circulo_r60_xc160_yc120|117|77|117|76|1.000000|0.000000|-1.#IND00|40.000000|-1.#IND00|-1.#IND00|-0.674741|-0.771681|-0.096940|-3.187865|-1.#IND00|-1.#IND00|
20170211_160944|20281|152|14.925373|1|CarroTeste2|0|circulo_r60_xc160_yc120|0|0|0|0|0.000000|0.000000|0.000000|0.000000|0.000000|0.000000|0.000000|0.000000|0.000000|0.000000|0.000000|0.000000|
20170211_160944|20347|154|14.925373|1|CarroTeste|1|circulo_r60_xc160_yc120|117|77|117|76|1.000000|0.000000|-1.#IND00|40.000000|-1.#IND00|-1.#IND00|-0.674741|-0.771681|-0.096940|-3.194360|-1.#IND00|-1.#IND00|
20170211_160944|20348|154|14.925373|1|CarroTeste2|0|circulo_r60_xc160_yc120|0|0|0|0|0.000000|0.000000|0.000000|0.000000|0.000000|0.000000|0.000000|0.000000|0.000000|0.000000|0.000000|0.000000|
20170211_160944|20416|156|14.925373|1|CarroTeste|1|circulo_r60_xc160_yc120|117|77|117|76|1.000000|0.000000|-1.#IND00|40.000000|-1.#IND00|-1.#IND00|-0.674741|-0.771681|-0.096940|-3.200855|-1.#IND00|-1.#IND00|
20170211_160944|20417|156|14.925373|1|CarroTeste2|0|circulo_r60_xc160_yc120|0|0|0|0|0.000000|0.000000|0.000000|0.000000|0.000000|0.000000|0.000000|0.000000|0.000000|0.000000|0.000000|0.000000|
20170211_160944|20483|158|14.925373|1|CarroTeste|1|circulo_r60_xc160_yc120|117|77|117|76|1.000000|0.000000|-1.#IND00|40.000000|-1.#IND00|-1.#IND00|-0.785398|-0.771681|0.013717|0.136223|-1.#IND00|-1.#IND00|
20170211_160944|20483|158|14.925373|1|CarroTeste2|0|circulo_r60_xc160_yc120|0|0|0|0|0.000000|0.000000|0.000000|0.000000|0.000000|0.000000|0.000000|0.000000|0.000000|0.000000|0.000000|0.000000|
20170211_160944|20551|160|14.925373|1|CarroTeste|1|circulo_r60_xc160_yc120|117|77|117|76|1.000000|0.000000|-1.#IND00|40.000000|-1.#IND00|-1.#IND00|-0.674741|-0.771681|-0.096940|-3.206431|-1.#IND00|-1.#IND00|
20170211_160944|20552|160|14.925373|1|CarroTeste2|0|circulo_r60_xc160_yc120|0|0|0|0|0.000000|0.000000|0.000000|0.000000|0.000000|0.000000|0.000000|0.000000|0.000000|0.000000|0.000000|0.000000|
20170211_160944|20617|162|14.925373|1|CarroTeste|1|circulo_r60_xc160_yc120|117|77|117|76|1.000000|0.000000|-1.#IND00|40.000000|-1.#IND00|-1.#IND00|-0.674741|-0.771681|-0.096940|-3.212926|-1.#IND00|-1.#IND00|
20170211_160944|20618|162|14.925373|1|CarroTeste2|0|circulo_r60_xc160_yc120|0|0|0|0|0.000000|0.000000|0.000000|0.000000|0.000000|0.000000|0.000000|0.000000|0.000000|0.000000|0.000000|0.000000|
20170211_160944|20686|164|14.925373|1|CarroTeste|1|circulo_r60_xc160_yc120|117|77|117|76|1.000000|0.000000|-1.#IND00|40.000000|-1.#IND00|-1.#IND00|-0.674741|-0.771681|-0.096940|-3.219421|-1.#IND00|-1.#IND00|
20170211_160944|20687|164|14.925373|1|CarroTeste2|0|circulo_r60_xc160_yc120|0|0|0|0|0.000000|0.000000|0.000000|0.000000|0.000000|0.000000|0.000000|0.000000|0.000000|0.000000|0.000000|0.000000|
20170211_160944|20752|166|14.925373|1|CarroTeste|1|circulo_r60_xc160_yc120|117|77|117|76|1.000000|0.000000|-1.#IND00|40.000000|-1.#IND00|-1.#IND00|-0.785398|-0.771681|0.013717|0.117657|-1.#IND00|-1.#IND00|
20170211_160944|20753|166|14.925373|1|CarroTeste2|0|circulo_r60_xc160_yc120|0|0|0|0|0.000000|0.000000|0.000000|0.000000|0.000000|0.000000|0.000000|0.000000|0.000000|0.000000|0.000000|0.000000|
20170211_160945|20821|168|14.925373|1|CarroTeste|1|circulo_r60_xc160_yc120|117|77|117|76|1.000000|0.000000|-1.#IND00|40.000000|-1.#IND00|-1.#IND00|-0.674741|-0.771681|-0.096940|-3.224997|-1.#IND00|-1.#IND00|
20170211_160945|20822|168|14.925373|1|CarroTeste2|0|circulo_r60_xc160_yc120|0|0|0|0|0.000000|0.000000|0.000000|0.000000|0.000000|0.000000|0.000000|0.000000|0.000000|0.000000|0.000000|0.000000|
20170211_160945|20887|170|14.925373|1|CarroTeste|1|circulo_r60_xc160_yc120|117|77|117|76|1.000000|0.000000|-1.#IND00|40.000000|-1.#IND00|-1.#IND00|-0.785398|-0.771681|0.013717|0.112081|-1.#IND00|-1.#IND00|
20170211_160945|20888|170|14.925373|1|CarroTeste2|0|circulo_r60_xc160_yc120|0|0|0|0|0.000000|0.000000|0.000000|0.000000|0.000000|0.000000|0.000000|0.000000|0.000000|0.000000|0.000000|0.000000|
20170211_160945|20955|172|14.925373|1|CarroTeste|1|circulo_r60_xc160_yc120|117|77|117|76|1.000000|0.000000|-1.#IND00|40.000000|-1.#IND00|-1.#IND00|-0.674741|-0.771681|-0.096940|-3.230573|-1.#IND00|-1.#IND00|
20170211_160945|20955|172|14.925373|1|CarroTeste2|0|circulo_r60_xc160_yc120|0|0|0|0|0.000000|0.000000|0.000000|0.000000|0.000000|0.000000|0.000000|0.000000|0.000000|0.000000|0.000000|0.000000|
20170211_160945|21022|174|14.925373|1|CarroTeste|1|circulo_r60_xc160_yc120|117|77|117|76|1.000000|0.000000|-1.#IND00|40.000000|-1.#IND00|-1.#IND00|-0.674741|-0.771681|-0.096940|-3.237068|-1.#IND00|-1.#IND00|
20170211_160945|21022|174|14.925373|1|CarroTeste2|0|circulo_r60_xc160_yc120|0|0|0|0|0.000000|0.000000|0.000000|0.000000|0.000000|0.000000|0.000000|0.000000|0.000000|0.000000|0.000000|0.000000|
20170211_160945|21089|176|14.925373|1|CarroTeste|1|circulo_r60_xc160_yc120|117|77|117|76|1.000000|0.000000|-1.#IND00|40.000000|-1.#IND00|-1.#IND00|-0.785398|-0.771681|0.013717|0.100010|-1.#IND00|-1.#IND00|
20170211_160945|21090|176|14.925373|1|CarroTeste2|0|circulo_r60_xc160_yc120|0|0|0|0|0.000000|0.000000|0.000000|0.000000|0.000000|0.000000|0.000000|0.000000|0.000000|0.000000|0.000000|0.000000|
20170211_160945|21155|178|14.925373|1|CarroTeste|1|circulo_r60_xc160_yc120|117|77|117|76|1.000000|0.000000|-1.#IND00|40.000000|-1.#IND00|-1.#IND00|-0.674741|-0.771681|-0.096940|-3.242644|-1.#IND00|-1.#IND00|
20170211_160945|21156|178|14.925373|1|CarroTeste2|0|circulo_r60_xc160_yc120|0|0|0|0|0.000000|0.000000|0.000000|0.000000|0.000000|0.000000|0.000000|0.000000|0.000000|0.000000|0.000000|0.000000|
20170211_160945|21224|180|14.925373|1|CarroTeste|1|circulo_r60_xc160_yc120|117|77|117|76|1.000000|0.000000|-1.#IND00|40.000000|-1.#IND00|-1.#IND00|-0.674741|-0.771681|-0.096940|-3.249139|-1.#IND00|-1.#IND00|
20170211_160945|21224|180|14.925373|1|CarroTeste2|0|circulo_r60_xc160_yc120|0|0|0|0|0.000000|0.000000|0.000000|0.000000|0.000000|0.000000|0.000000|0.000000|0.000000|0.000000|0.000000|0.000000|
20170211_160945|21290|182|14.925373|1|CarroTeste|1|circulo_r60_xc160_yc120|117|77|117|76|1.000000|0.000000|-1.#IND00|40.000000|-1.#IND00|-1.#IND00|-0.674741|-0.771681|-0.096940|-3.255634|-1.#IND00|-1.#IND00|
20170211_160945|21291|182|14.925373|1|CarroTeste2|0|circulo_r60_xc160_yc120|0|0|0|0|0.000000|0.000000|0.000000|0.000000|0.000000|0.000000|0.000000|0.000000|0.000000|0.000000|0.000000|0.000000|
20170211_160945|21358|184|14.925373|1|CarroTeste|1|circulo_r60_xc160_yc120|117|77|117|76|1.000000|0.000000|-1.#IND00|40.000000|-1.#IND00|-1.#IND00|-0.785398|-0.771681|0.013717|0.081444|-1.#IND00|-1.#IND00|
20170211_160945|21358|184|14.925373|1|CarroTeste2|0|circulo_r60_xc160_yc120|0|0|0|0|0.000000|0.000000|0.000000|0.000000|0.000000|0.000000|0.000000|0.000000|0.000000|0.000000|0.000000|0.000000|
20170211_160945|21425|186|14.925373|1|CarroTeste|1|circulo_r60_xc160_yc120|117|77|117|76|1.000000|0.000000|-1.#IND00|40.000000|-1.#IND00|-1.#IND00|-0.785398|-0.771681|0.013717|0.082363|-1.#IND00|-1.#IND00|
20170211_160945|21425|186|14.925373|1|CarroTeste2|0|circulo_r60_xc160_yc120|0|0|0|0|0.000000|0.000000|0.000000|0.000000|0.000000|0.000000|0.000000|0.000000|0.000000|0.000000|0.000000|0.000000|
20170211_160945|21493|188|14.925373|1|CarroTeste|1|circulo_r60_xc160_yc120|117|77|117|76|1.000000|0.000000|-1.#IND00|40.000000|-1.#IND00|-1.#IND00|-0.661043|-0.771681|-0.110638|-3.674177|-1.#IND00|-1.#IND00|
20170211_160945|21493|188|14.925373|1|CarroTeste2|0|circulo_r60_xc160_yc120|0|0|0|0|0.000000|0.000000|0.000000|0.000000|0.000000|0.000000|0.000000|0.000000|0.000000|0.000000|0.000000|0.000000|
20170211_160945|21561|190|14.925373|1|CarroTeste|1|circulo_r60_xc160_yc120|117|77|117|76|1.000000|0.000000|-1.#IND00|40.000000|-1.#IND00|-1.#IND00|-0.674741|-0.771681|-0.096940|-3.267704|-1.#IND00|-1.#IND00|
20170211_160945|21562|190|14.925373|1|CarroTeste2|0|circulo_r60_xc160_yc120|0|0|0|0|0.000000|0.000000|0.000000|0.000000|0.000000|0.000000|0.000000|0.000000|0.000000|0.000000|0.000000|0.000000|
20170211_160945|21629|192|14.925373|1|CarroTeste|1|circulo_r60_xc160_yc120|117|77|117|76|1.000000|0.000000|-1.#IND00|40.000000|-1.#IND00|-1.#IND00|-0.674741|-0.771681|-0.096940|-3.274199|-1.#IND00|-1.#IND00|
20170211_160945|21630|192|14.925373|1|CarroTeste2|0|circulo_r60_xc160_yc120|0|0|0|0|0.000000|0.000000|0.000000|0.000000|0.000000|0.000000|0.000000|0.000000|0.000000|0.000000|0.000000|0.000000|
20170211_160945|21695|194|14.925373|1|CarroTeste|1|circulo_r60_xc160_yc120|117|77|117|76|1.000000|0.000000|-1.#IND00|40.000000|-1.#IND00|-1.#IND00|-0.674741|-0.771681|-0.096940|-3.280694|-1.#IND00|-1.#IND00|
20170211_160945|21696|194|14.925373|1|CarroTeste2|0|circulo_r60_xc160_yc120|0|0|0|0|0.000000|0.000000|0.000000|0.000000|0.000000|0.000000|0.000000|0.000000|0.000000|0.000000|0.000000|0.000000|
20170211_160945|21763|196|14.925373|1|CarroTeste|1|circulo_r60_xc160_yc120|117|77|117|76|1.000000|0.000000|-1.#IND00|40.000000|-1.#IND00|-1.#IND00|-0.661043|-0.771681|-0.110638|-3.701075|-1.#IND00|-1.#IND00|
20170211_160945|21764|196|14.925373|1|CarroTeste2|0|circulo_r60_xc160_yc120|0|0|0|0|0.000000|0.000000|0.000000|0.000000|0.000000|0.000000|0.000000|0.000000|0.000000|0.000000|0.000000|0.000000|
20170211_160946|21831|198|14.925373|1|CarroTeste|1|circulo_r60_xc160_yc120|117|77|117|76|1.000000|0.000000|-1.#IND00|40.000000|-1.#IND00|-1.#IND00|-0.785398|-0.771681|0.013717|0.048971|-1.#IND00|-1.#IND00|
20170211_160946|21831|198|14.925373|1|CarroTeste2|0|circulo_r60_xc160_yc120|0|0|0|0|0.000000|0.000000|0.000000|0.000000|0.000000|0.000000|0.000000|0.000000|0.000000|0.000000|0.000000|0.000000|
20170211_160946|21897|200|14.925373|1|CarroTeste|1|circulo_r60_xc160_yc120|117|77|117|76|1.000000|0.000000|-1.#IND00|40.000000|-1.#IND00|-1.#IND00|-0.674741|-0.771681|-0.096940|-3.293683|-1.#IND00|-1.#IND00|
20170211_160946|21898|200|14.925373|1|CarroTeste2|0|circulo_r60_xc160_yc120|0|0|0|0|0.000000|0.000000|0.000000|0.000000|0.000000|0.000000|0.000000|0.000000|0.000000|0.000000|0.000000|0.000000|
20170211_160946|21965|202|14.925373|1|CarroTeste|1|circulo_r60_xc160_yc120|117|77|117|76|1.000000|0.000000|-1.#IND00|40.000000|-1.#IND00|-1.#IND00|-0.674741|-0.771681|-0.096940|-3.300178|-1.#IND00|-1.#IND00|
20170211_160946|21965|202|14.925373|1|CarroTeste2|0|circulo_r60_xc160_yc120|0|0|0|0|0.000000|0.000000|0.000000|0.000000|0.000000|0.000000|0.000000|0.000000|0.000000|0.000000|0.000000|0.000000|
20170211_160946|22032|204|14.925373|1|CarroTeste|1|circulo_r60_xc160_yc120|117|77|117|76|1.000000|0.000000|-1.#IND00|40.000000|-1.#IND00|-1.#IND00|-0.674741|-0.771681|-0.096940|-3.306673|-1.#IND00|-1.#IND00|
20170211_160946|22032|204|14.925373|1|CarroTeste2|0|circulo_r60_xc160_yc120|0|0|0|0|0.000000|0.000000|0.000000|0.000000|0.000000|0.000000|0.000000|0.000000|0.000000|0.000000|0.000000|0.000000|
20170211_160946|22099|206|14.925373|1|CarroTeste|1|circulo_r60_xc160_yc120|117|77|117|76|1.000000|0.000000|-1.#IND00|40.000000|-1.#IND00|-1.#IND00|-0.785398|-0.771681|0.013717|0.030405|-1.#IND00|-1.#IND00|
20170211_160946|22100|206|14.925373|1|CarroTeste2|0|circulo_r60_xc160_yc120|0|0|0|0|0.000000|0.000000|0.000000|0.000000|0.000000|0.000000|0.000000|0.000000|0.000000|0.000000|0.000000|0.000000|
20170211_160946|22168|208|14.925373|1|CarroTeste|1|circulo_r60_xc160_yc120|117|77|117|76|1.000000|0.000000|-1.#IND00|40.000000|-1.#IND00|-1.#IND00|-0.674741|-0.771681|-0.096940|-3.312249|-1.#IND00|-1.#IND00|
20170211_160946|22169|208|14.925373|1|CarroTeste2|0|circulo_r60_xc160_yc120|0|0|0|0|0.000000|0.000000|0.000000|0.000000|0.000000|0.000000|0.000000|0.000000|0.000000|0.000000|0.000000|0.000000|
20170211_160946|22234|210|14.925373|1|CarroTeste|1|circulo_r60_xc160_yc120|117|77|117|76|1.000000|0.000000|-1.#IND00|40.000000|-1.#IND00|-1.#IND00|-0.674741|-0.771681|-0.096940|-3.318744|-1.#IND00|-1.#IND00|
20170211_160946|22235|210|14.925373|1|CarroTeste2|0|circulo_r60_xc160_yc120|0|0|0|0|0.000000|0.000000|0.000000|0.000000|0.000000|0.000000|0.000000|0.000000|0.000000|0.000000|0.000000|0.000000|
20170211_160946|22302|212|14.925373|1|CarroTeste|1|circulo_r60_xc160_yc120|117|77|117|76|1.000000|0.000000|-1.#IND00|40.000000|-1.#IND00|-1.#IND00|-0.674741|-0.771681|-0.096940|-3.325239|-1.#IND00|-1.#IND00|
20170211_160946|22303|212|14.925373|1|CarroTeste2|0|circulo_r60_xc160_yc120|0|0|0|0|0.000000|0.000000|0.000000|0.000000|0.000000|0.000000|0.000000|0.000000|0.000000|0.000000|0.000000|0.000000|
20170211_160946|22370|214|14.925373|1|CarroTeste|1|circulo_r60_xc160_yc120|117|77|117|76|1.000000|0.000000|-1.#IND00|40.000000|-1.#IND00|-1.#IND00|-0.674741|-0.771681|-0.096940|-3.331734|-1.#IND00|-1.#IND00|
20170211_160946|22370|214|14.925373|1|CarroTeste2|0|circulo_r60_xc160_yc120|0|0|0|0|0.000000|0.000000|0.000000|0.000000|0.000000|0.000000|0.000000|0.000000|0.000000|0.000000|0.000000|0.000000|
20170211_160946|22438|216|14.925373|1|CarroTeste|1|circulo_r60_xc160_yc120|117|77|117|76|1.000000|0.000000|-1.#IND00|40.000000|-1.#IND00|-1.#IND00|-0.674741|-0.771681|-0.096940|-3.338229|-1.#IND00|-1.#IND00|
20170211_160946|22439|216|14.925373|1|CarroTeste2|0|circulo_r60_xc160_yc120|0|0|0|0|0.000000|0.000000|0.000000|0.000000|0.000000|0.000000|0.000000|0.000000|0.000000|0.000000|0.000000|0.000000|
20170211_160946|22506|218|14.925373|1|CarroTeste|1|circulo_r60_xc160_yc120|117|77|117|76|1.000000|0.000000|-1.#IND00|40.000000|-1.#IND00|-1.#IND00|-0.785398|-0.771681|0.013717|-0.001151|-1.#IND00|-1.#IND00|
20170211_160946|22506|218|14.925373|1|CarroTeste2|0|circulo_r60_xc160_yc120|0|0|0|0|0.000000|0.000000|0.000000|0.000000|0.000000|0.000000|0.000000|0.000000|0.000000|0.000000|0.000000|0.000000|
20170211_160946|22574|220|14.925373|1|CarroTeste|1|circulo_r60_xc160_yc120|117|77|117|76|1.000000|0.000000|-1.#IND00|40.000000|-1.#IND00|-1.#IND00|-0.674741|-0.771681|-0.096940|-3.343805|-1.#IND00|-1.#IND00|
20170211_160946|22574|220|14.925373|1|CarroTeste2|0|circulo_r60_xc160_yc120|0|0|0|0|0.000000|0.000000|0.000000|0.000000|0.000000|0.000000|0.000000|0.000000|0.000000|0.000000|0.000000|0.000000|
20170211_160946|22641|222|14.925373|1|CarroTeste|1|circulo_r60_xc160_yc120|117|77|117|76|1.000000|0.000000|-1.#IND00|40.000000|-1.#IND00|-1.#IND00|-0.785398|-0.771681|0.013717|-0.006727|-1.#IND00|-1.#IND00|
20170211_160946|22641|222|14.925373|1|CarroTeste2|0|circulo_r60_xc160_yc120|0|0|0|0|0.000000|0.000000|0.000000|0.000000|0.000000|0.000000|0.000000|0.000000|0.000000|0.000000|0.000000|0.000000|
20170211_160946|22709|224|14.925373|1|CarroTeste|1|circulo_r60_xc160_yc120|117|77|117|76|1.000000|0.000000|-1.#IND00|40.000000|-1.#IND00|-1.#IND00|-0.674741|-0.771681|-0.096940|-3.349381|-1.#IND00|-1.#IND00|
20170211_160946|22710|224|14.925373|1|CarroTeste2|0|circulo_r60_xc160_yc120|0|0|0|0|0.000000|0.000000|0.000000|0.000000|0.000000|0.000000|0.000000|0.000000|0.000000|0.000000|0.000000|0.000000|
20170211_160946|22774|226|14.925373|1|CarroTeste|1|circulo_r60_xc160_yc120|117|77|117|76|1.000000|0.000000|-1.#IND00|40.000000|-1.#IND00|-1.#IND00|-0.674741|-0.771681|-0.096940|-3.355876|-1.#IND00|-1.#IND00|
20170211_160946|22775|226|14.925373|1|CarroTeste2|0|circulo_r60_xc160_yc120|0|0|0|0|0.000000|0.000000|0.000000|0.000000|0.000000|0.000000|0.000000|0.000000|0.000000|0.000000|0.000000|0.000000|
20170211_160947|22842|228|14.925373|1|CarroTeste|1|circulo_r60_xc160_yc120|117|77|117|76|1.000000|0.000000|-1.#IND00|40.000000|-1.#IND00|-1.#IND00|-0.785398|-0.771681|0.013717|-0.018798|-1.#IND00|-1.#IND00|
20170211_160947|22843|228|14.925373|1|CarroTeste2|0|circulo_r60_xc160_yc120|0|0|0|0|0.000000|0.000000|0.000000|0.000000|0.000000|0.000000|0.000000|0.000000|0.000000|0.000000|0.000000|0.000000|
20170211_160947|22908|230|14.925373|1|CarroTeste|1|circulo_r60_xc160_yc120|117|77|117|76|1.000000|0.000000|-1.#IND00|40.000000|-1.#IND00|-1.#IND00|-0.785398|-0.771681|0.013717|-0.017879|-1.#IND00|-1.#IND00|
20170211_160947|22909|230|14.925373|1|CarroTeste2|0|circulo_r60_xc160_yc120|0|0|0|0|0.000000|0.000000|0.000000|0.000000|0.000000|0.000000|0.000000|0.000000|0.000000|0.000000|0.000000|0.000000|
20170211_160947|22975|232|14.925373|1|CarroTeste|1|circulo_r60_xc160_yc120|117|77|117|76|1.000000|0.000000|-1.#IND00|40.000000|-1.#IND00|-1.#IND00|-0.674741|-0.771681|-0.096940|-3.360533|-1.#IND00|-1.#IND00|
20170211_160947|22976|232|14.925373|1|CarroTeste2|0|circulo_r60_xc160_yc120|0|0|0|0|0.000000|0.000000|0.000000|0.000000|0.000000|0.000000|0.000000|0.000000|0.000000|0.000000|0.000000|0.000000|
20170211_160947|23042|234|14.925373|1|CarroTeste|1|circulo_r60_xc160_yc120|117|77|117|76|1.000000|0.000000|-1.#IND00|40.000000|-1.#IND00|-1.#IND00|-0.674741|-0.771681|-0.096940|-3.367028|-1.#IND00|-1.#IND00|
20170211_160947|23043|234|14.925373|1|CarroTeste2|0|circulo_r60_xc160_yc120|0|0|0|0|0.000000|0.000000|0.000000|0.000000|0.000000|0.000000|0.000000|0.000000|0.000000|0.000000|0.000000|0.000000|
20170211_160947|23112|236|14.925373|1|CarroTeste|1|circulo_r60_xc160_yc120|117|77|117|76|1.000000|0.000000|-1.#IND00|40.000000|-1.#IND00|-1.#IND00|-0.674741|-0.771681|-0.096940|-3.373523|-1.#IND00|-1.#IND00|
20170211_160947|23112|236|14.925373|1|CarroTeste2|0|circulo_r60_xc160_yc120|0|0|0|0|0.000000|0.000000|0.000000|0.000000|0.000000|0.000000|0.000000|0.000000|0.000000|0.000000|0.000000|0.000000|
20170211_160947|23178|238|14.925373|1|CarroTeste|1|circulo_r60_xc160_yc120|117|77|117|76|1.000000|0.000000|-1.#IND00|40.000000|-1.#IND00|-1.#IND00|-0.785398|-0.771681|0.013717|-0.036445|-1.#IND00|-1.#IND00|
20170211_160947|23179|238|14.925373|1|CarroTeste2|0|circulo_r60_xc160_yc120|0|0|0|0|0.000000|0.000000|0.000000|0.000000|0.000000|0.000000|0.000000|0.000000|0.000000|0.000000|0.000000|0.000000|
20170211_160947|23245|240|14.925373|1|CarroTeste|1|circulo_r60_xc160_yc120|117|77|117|76|1.000000|0.000000|-1.#IND00|40.000000|-1.#IND00|-1.#IND00|-0.674741|-0.771681|-0.096940|-3.379099|-1.#IND00|-1.#IND00|
20170211_160947|23246|240|14.925373|1|CarroTeste2|0|circulo_r60_xc160_yc120|0|0|0|0|0.000000|0.000000|0.000000|0.000000|0.000000|0.000000|0.000000|0.000000|0.000000|0.000000|0.000000|0.000000|
20170211_160947|23313|242|14.925373|1|CarroTeste|1|circulo_r60_xc160_yc120|117|77|117|76|1.000000|0.000000|-1.#IND00|40.000000|-1.#IND00|-1.#IND00|-0.674741|-0.771681|-0.096940|-3.385594|-1.#IND00|-1.#IND00|
20170211_160947|23314|242|14.925373|1|CarroTeste2|0|circulo_r60_xc160_yc120|0|0|0|0|0.000000|0.000000|0.000000|0.000000|0.000000|0.000000|0.000000|0.000000|0.000000|0.000000|0.000000|0.000000|
20170211_160947|23380|244|14.925373|1|CarroTeste|1|circulo_r60_xc160_yc120|117|77|117|76|1.000000|0.000000|-1.#IND00|40.000000|-1.#IND00|-1.#IND00|-0.674741|-0.771681|-0.096940|-3.392089|-1.#IND00|-1.#IND00|
20170211_160947|23381|244|14.925373|1|CarroTeste2|0|circulo_r60_xc160_yc120|0|0|0|0|0.000000|0.000000|0.000000|0.000000|0.000000|0.000000|0.000000|0.000000|0.000000|0.000000|0.000000|0.000000|
20170211_160947|23448|246|14.925373|1|CarroTeste|1|circulo_r60_xc160_yc120|117|77|117|76|1.000000|0.000000|-1.#IND00|40.000000|-1.#IND00|-1.#IND00|-0.674741|-0.771681|-0.096940|-3.398584|-1.#IND00|-1.#IND00|
20170211_160947|23448|246|14.925373|1|CarroTeste2|0|circulo_r60_xc160_yc120|0|0|0|0|0.000000|0.000000|0.000000|0.000000|0.000000|0.000000|0.000000|0.000000|0.000000|0.000000|0.000000|0.000000|
20170211_160947|23515|248|14.925373|1|CarroTeste|1|circulo_r60_xc160_yc120|117|77|117|76|1.000000|0.000000|-1.#IND00|40.000000|-1.#IND00|-1.#IND00|-0.674741|-0.771681|-0.096940|-3.405079|-1.#IND00|-1.#IND00|
20170211_160947|23516|248|14.925373|1|CarroTeste2|0|circulo_r60_xc160_yc120|0|0|0|0|0.000000|0.000000|0.000000|0.000000|0.000000|0.000000|0.000000|0.000000|0.000000|0.000000|0.000000|0.000000|
20170211_160947|23581|250|14.925373|1|CarroTeste|1|circulo_r60_xc160_yc120|117|77|117|76|1.000000|0.000000|-1.#IND00|40.000000|-1.#IND00|-1.#IND00|-0.674741|-0.771681|-0.096940|-3.411574|-1.#IND00|-1.#IND00|
20170211_160947|23582|250|14.925373|1|CarroTeste2|0|circulo_r60_xc160_yc120|0|0|0|0|0.000000|0.000000|0.000000|0.000000|0.000000|0.000000|0.000000|0.000000|0.000000|0.000000|0.000000|0.000000|
20170211_160947|23649|252|14.925373|1|CarroTeste|1|circulo_r60_xc160_yc120|117|77|117|76|1.000000|0.000000|-1.#IND00|40.000000|-1.#IND00|-1.#IND00|-0.674741|-0.771681|-0.096940|-3.418069|-1.#IND00|-1.#IND00|
20170211_160947|23649|252|14.925373|1|CarroTeste2|0|circulo_r60_xc160_yc120|0|0|0|0|0.000000|0.000000|0.000000|0.000000|0.000000|0.000000|0.000000|0.000000|0.000000|0.000000|0.000000|0.000000|
20170211_160947|23717|254|14.925373|1|CarroTeste|1|circulo_r60_xc160_yc120|117|77|117|76|1.000000|0.000000|-1.#IND00|40.000000|-1.#IND00|-1.#IND00|-0.674741|-0.771681|-0.096940|-3.424564|-1.#IND00|-1.#IND00|
20170211_160947|23717|254|14.925373|1|CarroTeste2|0|circulo_r60_xc160_yc120|0|0|0|0|0.000000|0.000000|0.000000|0.000000|0.000000|0.000000|0.000000|0.000000|0.000000|0.000000|0.000000|0.000000|
20170211_160948|23782|256|14.925373|1|CarroTeste|1|circulo_r60_xc160_yc120|117|77|117|76|1.000000|0.000000|-1.#IND00|40.000000|-1.#IND00|-1.#IND00|-0.674741|-0.771681|-0.096940|-3.431059|-1.#IND00|-1.#IND00|
20170211_160948|23783|256|14.925373|1|CarroTeste2|0|circulo_r60_xc160_yc120|0|0|0|0|0.000000|0.000000|0.000000|0.000000|0.000000|0.000000|0.000000|0.000000|0.000000|0.000000|0.000000|0.000000|
20170211_160948|23849|258|14.925373|1|CarroTeste|1|circulo_r60_xc160_yc120|117|77|117|76|1.000000|0.000000|-1.#IND00|40.000000|-1.#IND00|-1.#IND00|-0.674741|-0.771681|-0.096940|-3.437554|-1.#IND00|-1.#IND00|
20170211_160948|23850|258|14.925373|1|CarroTeste2|0|circulo_r60_xc160_yc120|0|0|0|0|0.000000|0.000000|0.000000|0.000000|0.000000|0.000000|0.000000|0.000000|0.000000|0.000000|0.000000|0.000000|
20170211_160948|23918|260|14.925373|1|CarroTeste|1|circulo_r60_xc160_yc120|117|77|117|76|1.000000|0.000000|-1.#IND00|40.000000|-1.#IND00|-1.#IND00|-0.674741|-0.771681|-0.096940|-3.444049|-1.#IND00|-1.#IND00|
20170211_160948|23919|260|14.925373|1|CarroTeste2|0|circulo_r60_xc160_yc120|0|0|0|0|0.000000|0.000000|0.000000|0.000000|0.000000|0.000000|0.000000|0.000000|0.000000|0.000000|0.000000|0.000000|
20170211_160948|23985|262|14.925373|1|CarroTeste|1|circulo_r60_xc160_yc120|117|77|117|76|1.000000|0.000000|-1.#IND00|40.000000|-1.#IND00|-1.#IND00|-0.674741|-0.771681|-0.096940|-3.450544|-1.#IND00|-1.#IND00|
20170211_160948|23985|262|14.925373|1|CarroTeste2|0|circulo_r60_xc160_yc120|0|0|0|0|0.000000|0.000000|0.000000|0.000000|0.000000|0.000000|0.000000|0.000000|0.000000|0.000000|0.000000|0.000000|
20170211_160948|24052|264|14.925373|1|CarroTeste|1|circulo_r60_xc160_yc120|117|77|117|76|1.000000|0.000000|-1.#IND00|40.000000|-1.#IND00|-1.#IND00|-0.785398|-0.771681|0.013717|-0.113466|-1.#IND00|-1.#IND00|
20170211_160948|24052|264|14.925373|1|CarroTeste2|0|circulo_r60_xc160_yc120|0|0|0|0|0.000000|0.000000|0.000000|0.000000|0.000000|0.000000|0.000000|0.000000|0.000000|0.000000|0.000000|0.000000|
20170211_160948|24118|266|14.925373|1|CarroTeste|1|circulo_r60_xc160_yc120|117|77|117|76|1.000000|0.000000|-1.#IND00|40.000000|-1.#IND00|-1.#IND00|-0.674741|-0.771681|-0.096940|-3.456120|-1.#IND00|-1.#IND00|
20170211_160948|24119|266|14.925373|1|CarroTeste2|0|circulo_r60_xc160_yc120|0|0|0|0|0.000000|0.000000|0.000000|0.000000|0.000000|0.000000|0.000000|0.000000|0.000000|0.000000|0.000000|0.000000|
20170211_160948|24186|268|14.925373|1|CarroTeste|1|circulo_r60_xc160_yc120|117|77|117|76|1.000000|0.000000|-1.#IND00|40.000000|-1.#IND00|-1.#IND00|-0.785398|-0.771681|0.013717|-0.119042|-1.#IND00|-1.#IND00|
20170211_160948|24187|268|14.925373|1|CarroTeste2|0|circulo_r60_xc160_yc120|0|0|0|0|0.000000|0.000000|0.000000|0.000000|0.000000|0.000000|0.000000|0.000000|0.000000|0.000000|0.000000|0.000000|
20170211_160948|24253|270|14.925373|1|CarroTeste|1|circulo_r60_xc160_yc120|117|77|117|76|1.000000|0.000000|-1.#IND00|40.000000|-1.#IND00|-1.#IND00|-0.674741|-0.771681|-0.096940|-3.461696|-1.#IND00|-1.#IND00|
20170211_160948|24253|270|14.925373|1|CarroTeste2|0|circulo_r60_xc160_yc120|0|0|0|0|0.000000|0.000000|0.000000|0.000000|0.000000|0.000000|0.000000|0.000000|0.000000|0.000000|0.000000|0.000000|
20170211_160948|24320|272|14.925373|1|CarroTeste|1|circulo_r60_xc160_yc120|117|77|117|76|1.000000|0.000000|-1.#IND00|40.000000|-1.#IND00|-1.#IND00|-0.785398|-0.771681|0.013717|-0.124618|-1.#IND00|-1.#IND00|
20170211_160948|24321|272|14.925373|1|CarroTeste2|0|circulo_r60_xc160_yc120|0|0|0|0|0.000000|0.000000|0.000000|0.000000|0.000000|0.000000|0.000000|0.000000|0.000000|0.000000|0.000000|0.000000|
20170211_160948|24386|274|14.925373|1|CarroTeste|1|circulo_r60_xc160_yc120|117|77|117|76|1.000000|0.000000|-1.#IND00|40.000000|-1.#IND00|-1.#IND00|-0.674741|-0.771681|-0.096940|-3.467272|-1.#IND00|-1.#IND00|
20170211_160948|24387|274|14.925373|1|CarroTeste2|0|circulo_r60_xc160_yc120|0|0|0|0|0.000000|0.000000|0.000000|0.000000|0.000000|0.000000|0.000000|0.000000|0.000000|0.000000|0.000000|0.000000|
20170211_160948|24454|276|14.925373|1|CarroTeste|1|circulo_r60_xc160_yc120|117|77|117|76|1.000000|0.000000|-1.#IND00|40.000000|-1.#IND00|-1.#IND00|-0.674741|-0.771681|-0.096940|-3.473767|-1.#IND00|-1.#IND00|
20170211_160948|24454|276|14.925373|1|CarroTeste2|0|circulo_r60_xc160_yc120|0|0|0|0|0.000000|0.000000|0.000000|0.000000|0.000000|0.000000|0.000000|0.000000|0.000000|0.000000|0.000000|0.000000|
20170211_160948|24521|278|14.925373|1|CarroTeste|1|circulo_r60_xc160_yc120|117|77|117|76|1.000000|0.000000|-1.#IND00|40.000000|-1.#IND00|-1.#IND00|-0.674741|-0.771681|-0.096940|-3.480262|-1.#IND00|-1.#IND00|
20170211_160948|24522|278|14.925373|1|CarroTeste2|0|circulo_r60_xc160_yc120|0|0|0|0|0.000000|0.000000|0.000000|0.000000|0.000000|0.000000|0.000000|0.000000|0.000000|0.000000|0.000000|0.000000|
20170211_160948|24589|280|14.925373|1|CarroTeste|1|circulo_r60_xc160_yc120|117|77|117|76|1.000000|0.000000|-1.#IND00|40.000000|-1.#IND00|-1.#IND00|-0.674741|-0.771681|-0.096940|-3.486757|-1.#IND00|-1.#IND00|
20170211_160948|24590|280|14.925373|1|CarroTeste2|0|circulo_r60_xc160_yc120|0|0|0|0|0.000000|0.000000|0.000000|0.000000|0.000000|0.000000|0.000000|0.000000|0.000000|0.000000|0.000000|0.000000|
20170211_160948|24656|282|14.925373|1|CarroTeste|1|circulo_r60_xc160_yc120|117|77|117|76|1.000000|0.000000|-1.#IND00|40.000000|-1.#IND00|-1.#IND00|-0.785398|-0.771681|0.013717|-0.149679|-1.#IND00|-1.#IND00|
20170211_160948|24657|282|14.925373|1|CarroTeste2|0|circulo_r60_xc160_yc120|0|0|0|0|0.000000|0.000000|0.000000|0.000000|0.000000|0.000000|0.000000|0.000000|0.000000|0.000000|0.000000|0.000000|
20170211_160948|24724|284|14.925373|1|CarroTeste|1|circulo_r60_xc160_yc120|117|77|117|76|1.000000|0.000000|-1.#IND00|40.000000|-1.#IND00|-1.#IND00|-0.674741|-0.771681|-0.096940|-3.492333|-1.#IND00|-1.#IND00|
20170211_160948|24725|284|14.925373|1|CarroTeste2|0|circulo_r60_xc160_yc120|0|0|0|0|0.000000|0.000000|0.000000|0.000000|0.000000|0.000000|0.000000|0.000000|0.000000|0.000000|0.000000|0.000000|
20170211_160949|24792|286|14.925373|1|CarroTeste|1|circulo_r60_xc160_yc120|117|77|117|76|1.000000|0.000000|-1.#IND00|40.000000|-1.#IND00|-1.#IND00|-0.674741|-0.771681|-0.096940|-3.498828|-1.#IND00|-1.#IND00|
20170211_160949|24793|286|14.925373|1|CarroTeste2|0|circulo_r60_xc160_yc120|0|0|0|0|0.000000|0.000000|0.000000|0.000000|0.000000|0.000000|0.000000|0.000000|0.000000|0.000000|0.000000|0.000000|
20170211_160949|24859|288|14.925373|1|CarroTeste|1|circulo_r60_xc160_yc120|117|77|117|76|1.000000|0.000000|-1.#IND00|40.000000|-1.#IND00|-1.#IND00|-0.674741|-0.771681|-0.096940|-3.505323|-1.#IND00|-1.#IND00|
20170211_160949|24859|288|14.925373|1|CarroTeste2|0|circulo_r60_xc160_yc120|0|0|0|0|0.000000|0.000000|0.000000|0.000000|0.000000|0.000000|0.000000|0.000000|0.000000|0.000000|0.000000|0.000000|
20170211_160949|24926|290|14.925373|1|CarroTeste|1|circulo_r60_xc160_yc120|117|77|117|76|1.000000|0.000000|-1.#IND00|40.000000|-1.#IND00|-1.#IND00|-0.674741|-0.771681|-0.096940|-3.511818|-1.#IND00|-1.#IND00|
20170211_160949|24926|290|14.925373|1|CarroTeste2|0|circulo_r60_xc160_yc120|0|0|0|0|0.000000|0.000000|0.000000|0.000000|0.000000|0.000000|0.000000|0.000000|0.000000|0.000000|0.000000|0.000000|
20170211_160949|24994|292|14.925373|1|CarroTeste|1|circulo_r60_xc160_yc120|117|77|117|76|1.000000|0.000000|-1.#IND00|40.000000|-1.#IND00|-1.#IND00|-0.785398|-0.771681|0.013717|-0.174740|-1.#IND00|-1.#IND00|
20170211_160949|24994|292|14.925373|1|CarroTeste2|0|circulo_r60_xc160_yc120|0|0|0|0|0.000000|0.000000|0.000000|0.000000|0.000000|0.000000|0.000000|0.000000|0.000000|0.000000|0.000000|0.000000|
20170211_160949|25062|294|14.925373|1|CarroTeste|1|circulo_r60_xc160_yc120|117|77|117|76|1.000000|0.000000|-1.#IND00|40.000000|-1.#IND00|-1.#IND00|-0.674741|-0.771681|-0.096940|-3.517394|-1.#IND00|-1.#IND00|
20170211_160949|25063|294|14.925373|1|CarroTeste2|0|circulo_r60_xc160_yc120|0|0|0|0|0.000000|0.000000|0.000000|0.000000|0.000000|0.000000|0.000000|0.000000|0.000000|0.000000|0.000000|0.000000|
20170211_160949|25130|296|14.925373|1|CarroTeste|1|circulo_r60_xc160_yc120|117|77|117|76|1.000000|0.000000|-1.#IND00|40.000000|-1.#IND00|-1.#IND00|-0.674741|-0.771681|-0.096940|-3.523889|-1.#IND00|-1.#IND00|
20170211_160949|25131|296|14.925373|1|CarroTeste2|0|circulo_r60_xc160_yc120|0|0|0|0|0.000000|0.000000|0.000000|0.000000|0.000000|0.000000|0.000000|0.000000|0.000000|0.000000|0.000000|0.000000|
20170211_160949|25196|298|14.925373|1|CarroTeste|1|circulo_r60_xc160_yc120|117|77|117|76|1.000000|0.000000|-1.#IND00|40.000000|-1.#IND00|-1.#IND00|-0.674741|-0.771681|-0.096940|-3.530384|-1.#IND00|-1.#IND00|
20170211_160949|25197|298|14.925373|1|CarroTeste2|0|circulo_r60_xc160_yc120|0|0|0|0|0.000000|0.000000|0.000000|0.000000|0.000000|0.000000|0.000000|0.000000|0.000000|0.000000|0.000000|0.000000|
20170211_160949|25264|300|14.925373|1|CarroTeste|1|circulo_r60_xc160_yc120|117|77|117|76|1.000000|0.000000|-1.#IND00|40.000000|-1.#IND00|-1.#IND00|-0.674741|-0.771681|-0.096940|-3.536879|-1.#IND00|-1.#IND00|
20170211_160949|25265|300|14.925373|1|CarroTeste2|0|circulo_r60_xc160_yc120|0|0|0|0|0.000000|0.000000|0.000000|0.000000|0.000000|0.000000|0.000000|0.000000|0.000000|0.000000|0.000000|0.000000|
20170211_160949|25332|302|14.925373|1|CarroTeste|1|circulo_r60_xc160_yc120|117|77|117|76|1.000000|0.000000|-1.#IND00|40.000000|-1.#IND00|-1.#IND00|-0.785398|-0.771681|0.013717|-0.199801|-1.#IND00|-1.#IND00|
20170211_160949|25332|302|14.925373|1|CarroTeste2|0|circulo_r60_xc160_yc120|0|0|0|0|0.000000|0.000000|0.000000|0.000000|0.000000|0.000000|0.000000|0.000000|0.000000|0.000000|0.000000|0.000000|
20170211_160949|25399|304|14.925373|1|CarroTeste|1|circulo_r60_xc160_yc120|117|77|117|76|1.000000|0.000000|-1.#IND00|40.000000|-1.#IND00|-1.#IND00|-0.785398|-0.771681|0.013717|-0.198882|-1.#IND00|-1.#IND00|
20170211_160949|25401|304|14.925373|1|CarroTeste2|0|circulo_r60_xc160_yc120|0|0|0|0|0.000000|0.000000|0.000000|0.000000|0.000000|0.000000|0.000000|0.000000|0.000000|0.000000|0.000000|0.000000|
20170211_160949|25466|306|14.925373|1|CarroTeste|1|circulo_r60_xc160_yc120|117|77|117|76|1.000000|0.000000|-1.#IND00|40.000000|-1.#IND00|-1.#IND00|-0.674741|-0.771681|-0.096940|-3.541536|-1.#IND00|-1.#IND00|
20170211_160949|25467|306|14.925373|1|CarroTeste2|0|circulo_r60_xc160_yc120|0|0|0|0|0.000000|0.000000|0.000000|0.000000|0.000000|0.000000|0.000000|0.000000|0.000000|0.000000|0.000000|0.000000|
20170211_160949|25535|308|14.925373|1|CarroTeste|1|circulo_r60_xc160_yc120|117|77|117|76|1.000000|0.000000|-1.#IND00|40.000000|-1.#IND00|-1.#IND00|-0.674741|-0.771681|-0.096940|-3.548031|-1.#IND00|-1.#IND00|
20170211_160949|25536|308|14.925373|1|CarroTeste2|0|circulo_r60_xc160_yc120|0|0|0|0|0.000000|0.000000|0.000000|0.000000|0.000000|0.000000|0.000000|0.000000|0.000000|0.000000|0.000000|0.000000|
20170211_160949|25602|310|14.925373|1|CarroTeste|1|circulo_r60_xc160_yc120|117|77|117|76|1.000000|0.000000|-1.#IND00|40.000000|-1.#IND00|-1.#IND00|-0.674741|-0.771681|-0.096940|-3.554526|-1.#IND00|-1.#IND00|
20170211_160949|25602|310|14.925373|1|CarroTeste2|0|circulo_r60_xc160_yc120|0|0|0|0|0.000000|0.000000|0.000000|0.000000|0.000000|0.000000|0.000000|0.000000|0.000000|0.000000|0.000000|0.000000|
20170211_160949|25670|312|14.925373|1|CarroTeste|1|circulo_r60_xc160_yc120|117|77|117|76|1.000000|0.000000|-1.#IND00|40.000000|-1.#IND00|-1.#IND00|-0.674741|-0.771681|-0.096940|-3.561021|-1.#IND00|-1.#IND00|
20170211_160949|25671|312|14.925373|1|CarroTeste2|0|circulo_r60_xc160_yc120|0|0|0|0|0.000000|0.000000|0.000000|0.000000|0.000000|0.000000|0.000000|0.000000|0.000000|0.000000|0.000000|0.000000|
20170211_160949|25737|314|14.925373|1|CarroTeste|1|circulo_r60_xc160_yc120|117|77|117|76|1.000000|0.000000|-1.#IND00|40.000000|-1.#IND00|-1.#IND00|-0.674741|-0.771681|-0.096940|-3.567516|-1.#IND00|-1.#IND00|
20170211_160949|25738|314|14.925373|1|CarroTeste2|0|circulo_r60_xc160_yc120|0|0|0|0|0.000000|0.000000|0.000000|0.000000|0.000000|0.000000|0.000000|0.000000|0.000000|0.000000|0.000000|0.000000|
20170211_160950|25805|316|14.925373|1|CarroTeste|1|circulo_r60_xc160_yc120|117|77|117|76|1.000000|0.000000|-1.#IND00|40.000000|-1.#IND00|-1.#IND00|-0.674741|-0.771681|-0.096940|-3.574011|-1.#IND00|-1.#IND00|
20170211_160950|25806|316|14.925373|1|CarroTeste2|0|circulo_r60_xc160_yc120|0|0|0|0|0.000000|0.000000|0.000000|0.000000|0.000000|0.000000|0.000000|0.000000|0.000000|0.000000|0.000000|0.000000|
20170211_160950|25872|318|14.925373|1|CarroTeste|1|circulo_r60_xc160_yc120|117|77|117|76|1.000000|0.000000|-1.#IND00|40.000000|-1.#IND00|-1.#IND00|-0.674741|-0.771681|-0.096940|-3.580506|-1.#IND00|-1.#IND00|
20170211_160950|25873|318|14.925373|1|CarroTeste2|0|circulo_r60_xc160_yc120|0|0|0|0|0.000000|0.000000|0.000000|0.000000|0.000000|0.000000|0.000000|0.000000|0.000000|0.000000|0.000000|0.000000|
20170211_160950|25940|320|14.925373|1|CarroTeste|1|circulo_r60_xc160_yc120|117|77|117|76|1.000000|0.000000|-1.#IND00|40.000000|-1.#IND00|-1.#IND00|-0.674741|-0.771681|-0.096940|-3.587001|-1.#IND00|-1.#IND00|
20170211_160950|25941|320|14.925373|1|CarroTeste2|0|circulo_r60_xc160_yc120|0|0|0|0|0.000000|0.000000|0.000000|0.000000|0.000000|0.000000|0.000000|0.000000|0.000000|0.000000|0.000000|0.000000|
20170211_160950|26008|322|14.925373|1|CarroTeste|1|circulo_r60_xc160_yc120|117|77|117|76|1.000000|0.000000|-1.#IND00|40.000000|-1.#IND00|-1.#IND00|-0.674741|-0.771681|-0.096940|-3.593496|-1.#IND00|-1.#IND00|
20170211_160950|26008|322|14.925373|1|CarroTeste2|0|circulo_r60_xc160_yc120|0|0|0|0|0.000000|0.000000|0.000000|0.000000|0.000000|0.000000|0.000000|0.000000|0.000000|0.000000|0.000000|0.000000|
20170211_160950|26076|324|14.925373|1|CarroTeste|1|circulo_r60_xc160_yc120|117|77|117|76|1.000000|0.000000|-1.#IND00|40.000000|-1.#IND00|-1.#IND00|-0.674741|-0.771681|-0.096940|-3.599991|-1.#IND00|-1.#IND00|
20170211_160950|26077|324|14.925373|1|CarroTeste2|0|circulo_r60_xc160_yc120|0|0|0|0|0.000000|0.000000|0.000000|0.000000|0.000000|0.000000|0.000000|0.000000|0.000000|0.000000|0.000000|0.000000|
20170211_160950|26145|326|14.925373|1|CarroTeste|1|circulo_r60_xc160_yc120|117|77|117|76|1.000000|0.000000|-1.#IND00|40.000000|-1.#IND00|-1.#IND00|-0.674741|-0.771681|-0.096940|-3.606486|-1.#IND00|-1.#IND00|
20170211_160950|26146|326|14.925373|1|CarroTeste2|0|circulo_r60_xc160_yc120|0|0|0|0|0.000000|0.000000|0.000000|0.000000|0.000000|0.000000|0.000000|0.000000|0.000000|0.000000|0.000000|0.000000|
20170211_160950|26212|328|14.925373|1|CarroTeste|1|circulo_r60_xc160_yc120|117|77|117|76|1.000000|0.000000|-1.#IND00|40.000000|-1.#IND00|-1.#IND00|-0.785398|-0.771681|0.013717|-0.269408|-1.#IND00|-1.#IND00|
20170211_160950|26213|328|14.925373|1|CarroTeste2|0|circulo_r60_xc160_yc120|0|0|0|0|0.000000|0.000000|0.000000|0.000000|0.000000|0.000000|0.000000|0.000000|0.000000|0.000000|0.000000|0.000000|
20170211_160950|26278|330|14.925373|1|CarroTeste|1|circulo_r60_xc160_yc120|117|77|117|76|1.000000|0.000000|-1.#IND00|40.000000|-1.#IND00|-1.#IND00|-0.674741|-0.771681|-0.096940|-3.612062|-1.#IND00|-1.#IND00|
20170211_160950|26279|330|14.925373|1|CarroTeste2|0|circulo_r60_xc160_yc120|0|0|0|0|0.000000|0.000000|0.000000|0.000000|0.000000|0.000000|0.000000|0.000000|0.000000|0.000000|0.000000|0.000000|
20170211_160950|26347|332|14.925373|1|CarroTeste|1|circulo_r60_xc160_yc120|117|77|117|76|1.000000|0.000000|-1.#IND00|40.000000|-1.#IND00|-1.#IND00|-0.674741|-0.771681|-0.096940|-3.618557|-1.#IND00|-1.#IND00|
20170211_160950|26347|332|14.925373|1|CarroTeste2|0|circulo_r60_xc160_yc120|0|0|0|0|0.000000|0.000000|0.000000|0.000000|0.000000|0.000000|0.000000|0.000000|0.000000|0.000000|0.000000|0.000000|
20170211_160950|26413|334|14.925373|1|CarroTeste|1|circulo_r60_xc160_yc120|117|77|117|76|1.000000|0.000000|-1.#IND00|40.000000|-1.#IND00|-1.#IND00|-0.674741|-0.771681|-0.096940|-3.625052|-1.#IND00|-1.#IND00|
20170211_160950|26414|334|14.925373|1|CarroTeste2|0|circulo_r60_xc160_yc120|0|0|0|0|0.000000|0.000000|0.000000|0.000000|0.000000|0.000000|0.000000|0.000000|0.000000|0.000000|0.000000|0.000000|
20170211_160950|26481|336|14.925373|1|CarroTeste|1|circulo_r60_xc160_yc120|117|77|117|76|1.000000|0.000000|-1.#IND00|40.000000|-1.#IND00|-1.#IND00|-0.674741|-0.771681|-0.096940|-3.631547|-1.#IND00|-1.#IND00|
20170211_160950|26482|336|14.925373|1|CarroTeste2|0|circulo_r60_xc160_yc120|0|0|0|0|0.000000|0.000000|0.000000|0.000000|0.000000|0.000000|0.000000|0.000000|0.000000|0.000000|0.000000|0.000000|
20170211_160950|26550|338|14.925373|1|CarroTeste|1|circulo_r60_xc160_yc120|117|77|117|76|1.000000|0.000000|-1.#IND00|40.000000|-1.#IND00|-1.#IND00|-0.674741|-0.771681|-0.096940|-3.638042|-1.#IND00|-1.#IND00|
20170211_160950|26551|338|14.925373|1|CarroTeste2|0|circulo_r60_xc160_yc120|0|0|0|0|0.000000|0.000000|0.000000|0.000000|0.000000|0.000000|0.000000|0.000000|0.000000|0.000000|0.000000|0.000000|
20170211_160950|26618|340|14.925373|1|CarroTeste|1|circulo_r60_xc160_yc120|117|77|117|76|1.000000|0.000000|-1.#IND00|40.000000|-1.#IND00|-1.#IND00|-0.674741|-0.771681|-0.096940|-3.644537|-1.#IND00|-1.#IND00|
20170211_160950|26618|340|14.925373|1|CarroTeste2|0|circulo_r60_xc160_yc120|0|0|0|0|0.000000|0.000000|0.000000|0.000000|0.000000|0.000000|0.000000|0.000000|0.000000|0.000000|0.000000|0.000000|
20170211_160950|26684|342|14.925373|1|CarroTeste|1|circulo_r60_xc160_yc120|117|77|117|76|1.000000|0.000000|-1.#IND00|40.000000|-1.#IND00|-1.#IND00|-0.785398|-0.771681|0.013717|-0.307459|-1.#IND00|-1.#IND00|
20170211_160950|26685|342|14.925373|1|CarroTeste2|0|circulo_r60_xc160_yc120|0|0|0|0|0.000000|0.000000|0.000000|0.000000|0.000000|0.000000|0.000000|0.000000|0.000000|0.000000|0.000000|0.000000|
20170211_160950|26751|344|14.925373|1|CarroTeste|1|circulo_r60_xc160_yc120|117|77|117|76|1.000000|0.000000|-1.#IND00|40.000000|-1.#IND00|-1.#IND00|-0.674741|-0.771681|-0.096940|-3.650113|-1.#IND00|-1.#IND00|
20170211_160950|26752|344|14.925373|1|CarroTeste2|0|circulo_r60_xc160_yc120|0|0|0|0|0.000000|0.000000|0.000000|0.000000|0.000000|0.000000|0.000000|0.000000|0.000000|0.000000|0.000000|0.000000|
20170211_160951|26819|346|14.925373|1|CarroTeste|1|circulo_r60_xc160_yc120|117|77|117|76|1.000000|0.000000|-1.#IND00|40.000000|-1.#IND00|-1.#IND00|-0.785398|-0.771681|0.013717|-0.313035|-1.#IND00|-1.#IND00|
20170211_160951|26820|346|14.925373|1|CarroTeste2|0|circulo_r60_xc160_yc120|0|0|0|0|0.000000|0.000000|0.000000|0.000000|0.000000|0.000000|0.000000|0.000000|0.000000|0.000000|0.000000|0.000000|
20170211_160951|26888|348|14.925373|1|CarroTeste|1|circulo_r60_xc160_yc120|117|77|117|76|1.000000|0.000000|-1.#IND00|40.000000|-1.#IND00|-1.#IND00|-0.674741|-0.771681|-0.096940|-3.655689|-1.#IND00|-1.#IND00|
20170211_160951|26888|348|14.925373|1|CarroTeste2|0|circulo_r60_xc160_yc120|0|0|0|0|0.000000|0.000000|0.000000|0.000000|0.000000|0.000000|0.000000|0.000000|0.000000|0.000000|0.000000|0.000000|
20170211_160951|26954|350|14.925373|1|CarroTeste|1|circulo_r60_xc160_yc120|117|77|117|76|1.000000|0.000000|-1.#IND00|40.000000|-1.#IND00|-1.#IND00|-0.785398|-0.771681|0.013717|-0.318611|-1.#IND00|-1.#IND00|
20170211_160951|26955|350|14.925373|1|CarroTeste2|0|circulo_r60_xc160_yc120|0|0|0|0|0.000000|0.000000|0.000000|0.000000|0.000000|0.000000|0.000000|0.000000|0.000000|0.000000|0.000000|0.000000|
20170211_160951|27023|352|14.925373|1|CarroTeste|1|circulo_r60_xc160_yc120|117|77|117|76|1.000000|0.000000|-1.#IND00|40.000000|-1.#IND00|-1.#IND00|-0.674741|-0.771681|-0.096940|-3.661265|-1.#IND00|-1.#IND00|
20170211_160951|27023|352|14.925373|1|CarroTeste2|0|circulo_r60_xc160_yc120|0|0|0|0|0.000000|0.000000|0.000000|0.000000|0.000000|0.000000|0.000000|0.000000|0.000000|0.000000|0.000000|0.000000|
20170211_160951|27088|354|14.925373|1|CarroTeste|1|circulo_r60_xc160_yc120|117|77|117|76|1.000000|0.000000|-1.#IND00|40.000000|-1.#IND00|-1.#IND00|-0.674741|-0.771681|-0.096940|-3.667760|-1.#IND00|-1.#IND00|
20170211_160951|27089|354|14.925373|1|CarroTeste2|0|circulo_r60_xc160_yc120|0|0|0|0|0.000000|0.000000|0.000000|0.000000|0.000000|0.000000|0.000000|0.000000|0.000000|0.000000|0.000000|0.000000|
20170211_160951|27157|356|14.925373|1|CarroTeste|1|circulo_r60_xc160_yc120|117|77|117|76|1.000000|0.000000|-1.#IND00|40.000000|-1.#IND00|-1.#IND00|-0.674741|-0.771681|-0.096940|-3.674255|-1.#IND00|-1.#IND00|
20170211_160951|27157|356|14.925373|1|CarroTeste2|0|circulo_r60_xc160_yc120|0|0|0|0|0.000000|0.000000|0.000000|0.000000|0.000000|0.000000|0.000000|0.000000|0.000000|0.000000|0.000000|0.000000|
20170211_160951|27224|358|14.925373|1|CarroTeste|1|circulo_r60_xc160_yc120|117|77|117|76|1.000000|0.000000|-1.#IND00|40.000000|-1.#IND00|-1.#IND00|-0.785398|-0.771681|0.013717|-0.337177|-1.#IND00|-1.#IND00|
20170211_160951|27225|358|14.925373|1|CarroTeste2|0|circulo_r60_xc160_yc120|0|0|0|0|0.000000|0.000000|0.000000|0.000000|0.000000|0.000000|0.000000|0.000000|0.000000|0.000000|0.000000|0.000000|
