TimeStamp|Ticks|FrameNum|FPS|LogaDados|Robo|achou|trajetoria|Xd|Yd|Xa|Ya|DistMelhorPonto|velAtual|velDesejada|erroVel|SaidaControleLinear|angAtual|angDesejado|erroAng|SaidaControleAngular|SinalDeControle1|SinalDeControle2|
20170122_160406|51747|174|0,000000|1|CarroTeste|0|bean_a1.7_b2_xc320_yc240_scale80|0|0|0|0|0,000000|0,000000|0,000000|0,000000|0,000000|0,000000|0,000000|0,000000|45,000000|0,000000|0,000000|
20170122_160406|51756|174|0,000000|1|CarroTeste2|0|circulo_r120_xc320_yc240|0|0|0|0|0,000000|0,000000|0,000000|0,000000|0,000000|0,000000|0,000000|0,000000|45,000000|0,000000|0,000000|
20170122_160406|51826|176|0,000000|1|CarroTeste|0|bean_a1.7_b2_xc320_yc240_scale80|0|0|0|0|0,000000|0,000000|0,000000|0,000000|0,000000|0,000000|0,000000|0,000000|0,000000|0,000000|0,000000|
20170122_160406|51832|176|0,000000|1|CarroTeste2|0|circulo_r120_xc320_yc240|0|0|0|0|0,000000|0,000000|0,000000|0,000000|0,000000|0,000000|0,000000|0,000000|0,000000|0,000000|0,000000|
20170122_160406|51956|178|0,000000|1|CarroTeste|0|bean_a1.7_b2_xc320_yc240_scale80|0|0|0|0|0,000000|0,000000|0,000000|0,000000|0,000000|0,000000|0,000000|0,000000|0,000000|0,000000|0,000000|
20170122_160406|51962|178|0,000000|1|CarroTeste2|0|circulo_r120_xc320_yc240|0|0|0|0|0,000000|0,000000|0,000000|0,000000|0,000000|0,000000|0,000000|0,000000|0,000000|0,000000|0,000000|
20170122_160407|52120|180|0,000000|1|CarroTeste|0|bean_a1.7_b2_xc320_yc240_scale80|0|0|0|0|0,000000|0,000000|0,000000|0,000000|0,000000|0,000000|0,000000|0,000000|0,000000|0,000000|0,000000|
20170122_160407|52126|180|0,000000|1|CarroTeste2|0|circulo_r120_xc320_yc240|0|0|0|0|0,000000|0,000000|0,000000|0,000000|0,000000|0,000000|0,000000|0,000000|0,000000|0,000000|0,000000|
20170122_160407|52282|182|0,000000|1|CarroTeste|0|bean_a1.7_b2_xc320_yc240_scale80|0|0|0|0|0,000000|0,000000|0,000000|0,000000|0,000000|0,000000|0,000000|0,000000|0,000000|0,000000|0,000000|
20170122_160407|52287|182|0,000000|1|CarroTeste2|0|circulo_r120_xc320_yc240|0|0|0|0|0,000000|0,000000|0,000000|0,000000|0,000000|0,000000|0,000000|0,000000|0,000000|0,000000|0,000000|
20170122_160407|52457|184|0,000000|1|CarroTeste|0|bean_a1.7_b2_xc320_yc240_scale80|0|0|0|0|0,000000|0,000000|0,000000|0,000000|0,000000|0,000000|0,000000|0,000000|0,000000|0,000000|0,000000|
20170122_160407|52463|184|0,000000|1|CarroTeste2|0|circulo_r120_xc320_yc240|0|0|0|0|0,000000|0,000000|0,000000|0,000000|0,000000|0,000000|0,000000|0,000000|0,000000|0,000000|0,000000|
20170122_160407|52615|186|0,000000|1|CarroTeste|0|bean_a1.7_b2_xc320_yc240_scale80|0|0|0|0|0,000000|0,000000|0,000000|0,000000|0,000000|0,000000|0,000000|0,000000|0,000000|0,000000|0,000000|
20170122_160407|52622|186|0,000000|1|CarroTeste2|0|circulo_r120_xc320_yc240|0|0|0|0|0,000000|0,000000|0,000000|0,000000|0,000000|0,000000|0,000000|0,000000|0,000000|0,000000|0,000000|
20170122_160407|52790|188|0,000000|1|CarroTeste|0|bean_a1.7_b2_xc320_yc240_scale80|0|0|0|0|0,000000|0,000000|0,000000|0,000000|0,000000|0,000000|0,000000|0,000000|0,000000|0,000000|0,000000|
20170122_160407|52796|188|0,000000|1|CarroTeste2|0|circulo_r120_xc320_yc240|0|0|0|0|0,000000|0,000000|0,000000|0,000000|0,000000|0,000000|0,000000|0,000000|0,000000|0,000000|0,000000|
20170122_160407|52954|190|0,000000|1|CarroTeste|0|bean_a1.7_b2_xc320_yc240_scale80|0|0|0|0|0,000000|0,000000|0,000000|0,000000|0,000000|0,000000|0,000000|0,000000|0,000000|0,000000|0,000000|
20170122_160407|52961|190|0,000000|1|CarroTeste2|0|circulo_r120_xc320_yc240|0|0|0|0|0,000000|0,000000|0,000000|0,000000|0,000000|0,000000|0,000000|0,000000|0,000000|0,000000|0,000000|
20170122_160408|53129|192|0,000000|1|CarroTeste|0|bean_a1.7_b2_xc320_yc240_scale80|0|0|0|0|0,000000|0,000000|0,000000|0,000000|0,000000|0,000000|0,000000|0,000000|0,000000|0,000000|0,000000|
20170122_160408|53136|192|0,000000|1|CarroTeste2|0|circulo_r120_xc320_yc240|0|0|0|0|0,000000|0,000000|0,000000|0,000000|0,000000|0,000000|0,000000|0,000000|0,000000|0,000000|0,000000|
20170122_160408|53288|194|0,000000|1|CarroTeste|0|bean_a1.7_b2_xc320_yc240_scale80|0|0|0|0|0,000000|0,000000|0,000000|0,000000|0,000000|0,000000|0,000000|0,000000|0,000000|0,000000|0,000000|
20170122_160408|53294|194|0,000000|1|CarroTeste2|0|circulo_r120_xc320_yc240|0|0|0|0|0,000000|0,000000|0,000000|0,000000|0,000000|0,000000|0,000000|0,000000|0,000000|0,000000|0,000000|
20170122_160408|53449|196|0,000000|1|CarroTeste|0|bean_a1.7_b2_xc320_yc240_scale80|0|0|0|0|0,000000|0,000000|0,000000|0,000000|0,000000|0,000000|0,000000|0,000000|43,000000|0,000000|0,000000|
20170122_160408|53456|196|0,000000|1|CarroTeste2|0|circulo_r120_xc320_yc240|0|0|0|0|0,000000|0,000000|0,000000|0,000000|0,000000|0,000000|0,000000|0,000000|43,000000|0,000000|0,000000|
20170122_160408|53630|198|0,000000|1|CarroTeste|0|bean_a1.7_b2_xc320_yc240_scale80|0|0|0|0|0,000000|0,000000|0,000000|0,000000|0,000000|0,000000|0,000000|0,000000|41,000000|0,000000|0,000000|
20170122_160408|53637|198|0,000000|1|CarroTeste2|0|circulo_r120_xc320_yc240|0|0|0|0|0,000000|0,000000|0,000000|0,000000|0,000000|0,000000|0,000000|0,000000|41,000000|0,000000|0,000000|
20170122_160408|53785|200|0,000000|1|CarroTeste|0|bean_a1.7_b2_xc320_yc240_scale80|0|0|0|0|0,000000|0,000000|0,000000|0,000000|0,000000|0,000000|0,000000|0,000000|41,000000|0,000000|0,000000|
20170122_160408|53791|200|0,000000|1|CarroTeste2|0|circulo_r120_xc320_yc240|0|0|0|0|0,000000|0,000000|0,000000|0,000000|0,000000|0,000000|0,000000|0,000000|41,000000|0,000000|0,000000|
20170122_160408|53964|202|0,000000|1|CarroTeste|0|bean_a1.7_b2_xc320_yc240_scale80|0|0|0|0|0,000000|0,000000|0,000000|0,000000|0,000000|0,000000|0,000000|0,000000|41,000000|0,000000|0,000000|
20170122_160408|53971|202|0,000000|1|CarroTeste2|0|circulo_r120_xc320_yc240|0|0|0|0|0,000000|0,000000|0,000000|0,000000|0,000000|0,000000|0,000000|0,000000|41,000000|0,000000|0,000000|
20170122_160409|54122|204|0,000000|1|CarroTeste|0|bean_a1.7_b2_xc320_yc240_scale80|0|0|0|0|0,000000|0,000000|0,000000|0,000000|0,000000|0,000000|0,000000|0,000000|41,000000|0,000000|0,000000|
20170122_160409|54129|204|0,000000|1|CarroTeste2|0|circulo_r120_xc320_yc240|0|0|0|0|0,000000|0,000000|0,000000|0,000000|0,000000|0,000000|0,000000|0,000000|41,000000|0,000000|0,000000|
20170122_160409|54284|206|0,000000|1|CarroTeste|0|bean_a1.7_b2_xc320_yc240_scale80|0|0|0|0|0,000000|0,000000|0,000000|0,000000|0,000000|0,000000|0,000000|0,000000|41,000000|0,000000|0,000000|
20170122_160409|54291|206|0,000000|1|CarroTeste2|0|circulo_r120_xc320_yc240|0|0|0|0|0,000000|0,000000|0,000000|0,000000|0,000000|0,000000|0,000000|0,000000|41,000000|0,000000|0,000000|
20170122_160409|54454|208|0,000000|1|CarroTeste|0|bean_a1.7_b2_xc320_yc240_scale80|0|0|0|0|0,000000|0,000000|0,000000|0,000000|0,000000|0,000000|0,000000|0,000000|0,000000|0,000000|0,000000|
20170122_160409|54461|208|0,000000|1|CarroTeste2|0|circulo_r120_xc320_yc240|0|0|0|0|0,000000|0,000000|0,000000|0,000000|0,000000|0,000000|0,000000|0,000000|0,000000|0,000000|0,000000|
20170122_160409|54613|210|0,000000|1|CarroTeste|0|bean_a1.7_b2_xc320_yc240_scale80|0|0|0|0|0,000000|0,000000|0,000000|0,000000|0,000000|0,000000|0,000000|0,000000|0,000000|0,000000|0,000000|
20170122_160409|54619|210|0,000000|1|CarroTeste2|0|circulo_r120_xc320_yc240|0|0|0|0|0,000000|0,000000|0,000000|0,000000|0,000000|0,000000|0,000000|0,000000|0,000000|0,000000|0,000000|
20170122_160409|54794|212|0,000000|1|CarroTeste|0|bean_a1.7_b2_xc320_yc240_scale80|0|0|0|0|0,000000|0,000000|0,000000|0,000000|0,000000|0,000000|0,000000|0,000000|0,000000|0,000000|0,000000|
20170122_160409|54801|212|0,000000|1|CarroTeste2|0|circulo_r120_xc320_yc240|0|0|0|0|0,000000|0,000000|0,000000|0,000000|0,000000|0,000000|0,000000|0,000000|0,000000|0,000000|0,000000|
20170122_160409|54955|214|0,000000|1|CarroTeste|0|bean_a1.7_b2_xc320_yc240_scale80|0|0|0|0|0,000000|0,000000|0,000000|0,000000|0,000000|0,000000|0,000000|0,000000|0,000000|0,000000|0,000000|
20170122_160409|54962|214|0,000000|1|CarroTeste2|0|circulo_r120_xc320_yc240|0|0|0|0|0,000000|0,000000|0,000000|0,000000|0,000000|0,000000|0,000000|0,000000|0,000000|0,000000|0,000000|
20170122_160410|55118|216|0,000000|1|CarroTeste|0|bean_a1.7_b2_xc320_yc240_scale80|0|0|0|0|0,000000|0,000000|0,000000|0,000000|0,000000|0,000000|0,000000|0,000000|0,000000|0,000000|0,000000|
20170122_160410|55126|216|0,000000|1|CarroTeste2|0|circulo_r120_xc320_yc240|0|0|0|0|0,000000|0,000000|0,000000|0,000000|0,000000|0,000000|0,000000|0,000000|0,000000|0,000000|0,000000|
20170122_160410|55291|218|0,000000|1|CarroTeste|0|bean_a1.7_b2_xc320_yc240_scale80|0|0|0|0|0,000000|0,000000|0,000000|0,000000|0,000000|0,000000|0,000000|0,000000|0,000000|0,000000|0,000000|
20170122_160410|55298|218|0,000000|1|CarroTeste2|0|circulo_r120_xc320_yc240|0|0|0|0|0,000000|0,000000|0,000000|0,000000|0,000000|0,000000|0,000000|0,000000|0,000000|0,000000|0,000000|
20170122_160410|55450|220|0,000000|1|CarroTeste|0|bean_a1.7_b2_xc320_yc240_scale80|0|0|0|0|0,000000|0,000000|0,000000|0,000000|0,000000|0,000000|0,000000|0,000000|0,000000|0,000000|0,000000|
20170122_160410|55457|220|0,000000|1|CarroTeste2|0|circulo_r120_xc320_yc240|0|0|0|0|0,000000|0,000000|0,000000|0,000000|0,000000|0,000000|0,000000|0,000000|0,000000|0,000000|0,000000|
20170122_160410|55624|222|0,000000|1|CarroTeste|0|bean_a1.7_b2_xc320_yc240_scale80|0|0|0|0|0,000000|0,000000|0,000000|0,000000|0,000000|0,000000|0,000000|0,000000|0,000000|0,000000|0,000000|
20170122_160410|55631|222|0,000000|1|CarroTeste2|0|circulo_r120_xc320_yc240|0|0|0|0|0,000000|0,000000|0,000000|0,000000|0,000000|0,000000|0,000000|0,000000|0,000000|0,000000|0,000000|
20170122_160410|55785|224|0,000000|1|CarroTeste|0|bean_a1.7_b2_xc320_yc240_scale80|0|0|0|0|0,000000|0,000000|0,000000|0,000000|0,000000|0,000000|0,000000|0,000000|0,000000|0,000000|0,000000|
20170122_160410|55792|224|0,000000|1|CarroTeste2|0|circulo_r120_xc320_yc240|0|0|0|0|0,000000|0,000000|0,000000|0,000000|0,000000|0,000000|0,000000|0,000000|0,000000|0,000000|0,000000|
20170122_160410|55966|226|0,000000|1|CarroTeste|0|bean_a1.7_b2_xc320_yc240_scale80|0|0|0|0|0,000000|0,000000|0,000000|0,000000|0,000000|0,000000|0,000000|0,000000|10,000000|0,000000|0,000000|
20170122_160410|55973|226|0,000000|1|CarroTeste2|0|circulo_r120_xc320_yc240|0|0|0|0|0,000000|0,000000|0,000000|0,000000|0,000000|0,000000|0,000000|0,000000|10,000000|0,000000|0,000000|
20170122_160411|56124|228|0,000000|1|CarroTeste|0|bean_a1.7_b2_xc320_yc240_scale80|0|0|0|0|0,000000|0,000000|0,000000|0,000000|0,000000|0,000000|0,000000|0,000000|3,000000|0,000000|0,000000|
20170122_160411|56132|228|0,000000|1|CarroTeste2|0|circulo_r120_xc320_yc240|0|0|0|0|0,000000|0,000000|0,000000|0,000000|0,000000|0,000000|0,000000|0,000000|3,000000|0,000000|0,000000|
20170122_160411|56285|230|0,000000|1|CarroTeste|0|bean_a1.7_b2_xc320_yc240_scale80|0|0|0|0|0,000000|0,000000|0,000000|0,000000|0,000000|0,000000|0,000000|0,000000|11,000000|0,000000|0,000000|
20170122_160411|56292|230|0,000000|1|CarroTeste2|0|circulo_r120_xc320_yc240|0|0|0|0|0,000000|0,000000|0,000000|0,000000|0,000000|0,000000|0,000000|0,000000|11,000000|0,000000|0,000000|
20170122_160411|56454|232|0,000000|1|CarroTeste|0|bean_a1.7_b2_xc320_yc240_scale80|0|0|0|0|0,000000|0,000000|0,000000|0,000000|0,000000|0,000000|0,000000|0,000000|11,000000|0,000000|0,000000|
20170122_160411|56462|232|0,000000|1|CarroTeste2|0|circulo_r120_xc320_yc240|0|0|0|0|0,000000|0,000000|0,000000|0,000000|0,000000|0,000000|0,000000|0,000000|11,000000|0,000000|0,000000|
20170122_160411|56622|234|0,000000|1|CarroTeste|0|bean_a1.7_b2_xc320_yc240_scale80|0|0|0|0|0,000000|0,000000|0,000000|0,000000|0,000000|0,000000|0,000000|0,000000|0,000000|0,000000|0,000000|
20170122_160411|56629|234|0,000000|1|CarroTeste2|0|circulo_r120_xc320_yc240|0|0|0|0|0,000000|0,000000|0,000000|0,000000|0,000000|0,000000|0,000000|0,000000|0,000000|0,000000|0,000000|
20170122_160411|56800|236|0,000000|1|CarroTeste|0|bean_a1.7_b2_xc320_yc240_scale80|0|0|0|0|0,000000|0,000000|0,000000|0,000000|0,000000|0,000000|0,000000|0,000000|0,000000|0,000000|0,000000|
20170122_160411|56808|236|0,000000|1|CarroTeste2|0|circulo_r120_xc320_yc240|0|0|0|0|0,000000|0,000000|0,000000|0,000000|0,000000|0,000000|0,000000|0,000000|0,000000|0,000000|0,000000|
20170122_160633|198538|238|0,000000|1|CarroTeste|0|bean_a1.7_b2_xc320_yc240_scale80|0|0|0|0|0,000000|0,000000|0,000000|0,000000|0,000000|0,000000|0,000000|0,000000|11,000000|0,000000|0,000000|
20170122_160633|198552|238|0,000000|1|CarroTeste2|0|circulo_r120_xc320_yc240|0|0|0|0|0,000000|0,000000|0,000000|0,000000|0,000000|0,000000|0,000000|0,000000|11,000000|0,000000|0,000000|
20170122_160659|224171|240|0,000000|1|CarroTeste|0|bean_a1.7_b2_xc320_yc240_scale80|0|0|0|0|0,000000|0,000000|0,000000|0,000000|0,000000|0,000000|0,000000|0,000000|0,000000|0,000000|0,000000|
20170122_160659|224185|240|0,000000|1|CarroTeste2|0|circulo_r120_xc320_yc240|0|0|0|0|0,000000|0,000000|0,000000|0,000000|0,000000|0,000000|0,000000|0,000000|0,000000|0,000000|0,000000|
20170122_160659|224265|242|0,000000|1|CarroTeste|0|bean_a1.7_b2_xc320_yc240_scale80|0|0|0|0|0,000000|0,000000|0,000000|0,000000|0,000000|0,000000|0,000000|0,000000|0,000000|0,000000|0,000000|
20170122_160659|224274|242|0,000000|1|CarroTeste2|0|circulo_r120_xc320_yc240|0|0|0|0|0,000000|0,000000|0,000000|0,000000|0,000000|0,000000|0,000000|0,000000|0,000000|0,000000|0,000000|
20170122_160659|224417|244|0,000000|1|CarroTeste|0|bean_a1.7_b2_xc320_yc240_scale80|0|0|0|0|0,000000|0,000000|0,000000|0,000000|0,000000|0,000000|0,000000|0,000000|0,000000|0,000000|0,000000|
20170122_160659|224423|244|0,000000|1|CarroTeste2|0|circulo_r120_xc320_yc240|0|0|0|0|0,000000|0,000000|0,000000|0,000000|0,000000|0,000000|0,000000|0,000000|0,000000|0,000000|0,000000|
20170122_160659|224581|246|0,000000|1|CarroTeste|0|bean_a1.7_b2_xc320_yc240_scale80|0|0|0|0|0,000000|0,000000|0,000000|0,000000|0,000000|0,000000|0,000000|0,000000|0,000000|0,000000|0,000000|
20170122_160659|224588|246|0,000000|1|CarroTeste2|0|circulo_r120_xc320_yc240|0|0|0|0|0,000000|0,000000|0,000000|0,000000|0,000000|0,000000|0,000000|0,000000|0,000000|0,000000|0,000000|
20170122_160659|224759|248|0,000000|1|CarroTeste|0|bean_a1.7_b2_xc320_yc240_scale80|0|0|0|0|0,000000|0,000000|0,000000|0,000000|0,000000|0,000000|0,000000|0,000000|0,000000|0,000000|0,000000|
20170122_160659|224767|248|0,000000|1|CarroTeste2|0|circulo_r120_xc320_yc240|0|0|0|0|0,000000|0,000000|0,000000|0,000000|0,000000|0,000000|0,000000|0,000000|0,000000|0,000000|0,000000|
20170122_160659|224916|250|0,000000|1|CarroTeste|0|bean_a1.7_b2_xc320_yc240_scale80|0|0|0|0|0,000000|0,000000|0,000000|0,000000|0,000000|0,000000|0,000000|0,000000|0,000000|0,000000|0,000000|
20170122_160659|224924|250|0,000000|1|CarroTeste2|0|circulo_r120_xc320_yc240|0|0|0|0|0,000000|0,000000|0,000000|0,000000|0,000000|0,000000|0,000000|0,000000|0,000000|0,000000|0,000000|
20170122_160700|225094|252|0,000000|1|CarroTeste|0|bean_a1.7_b2_xc320_yc240_scale80|0|0|0|0|0,000000|0,000000|0,000000|0,000000|0,000000|0,000000|0,000000|0,000000|42,000000|0,000000|0,000000|
20170122_160700|225101|252|0,000000|1|CarroTeste2|0|circulo_r120_xc320_yc240|0|0|0|0|0,000000|0,000000|0,000000|0,000000|0,000000|0,000000|0,000000|0,000000|42,000000|0,000000|0,000000|
20170122_160700|225256|254|0,000000|1|CarroTeste|0|bean_a1.7_b2_xc320_yc240_scale80|0|0|0|0|0,000000|0,000000|0,000000|0,000000|0,000000|0,000000|0,000000|0,000000|109,000003|0,000000|0,000000|
20170122_160700|225265|254|0,000000|1|CarroTeste2|0|circulo_r120_xc320_yc240|0|0|0|0|0,000000|0,000000|0,000000|0,000000|0,000000|0,000000|0,000000|0,000000|109,000003|0,000000|0,000000|
20170122_160700|225410|256|0,000000|1|CarroTeste|0|bean_a1.7_b2_xc320_yc240_scale80|0|0|0|0|0,000000|0,000000|0,000000|0,000000|0,000000|0,000000|0,000000|0,000000|107,000003|0,000000|0,000000|
20170122_160700|225418|256|0,000000|1|CarroTeste2|0|circulo_r120_xc320_yc240|0|0|0|0|0,000000|0,000000|0,000000|0,000000|0,000000|0,000000|0,000000|0,000000|107,000003|0,000000|0,000000|
20170122_160700|225584|258|0,000000|1|CarroTeste|0|bean_a1.7_b2_xc320_yc240_scale80|0|0|0|0|0,000000|0,000000|0,000000|0,000000|0,000000|0,000000|0,000000|0,000000|107,000003|0,000000|0,000000|
20170122_160700|225591|258|0,000000|1|CarroTeste2|0|circulo_r120_xc320_yc240|0|0|0|0|0,000000|0,000000|0,000000|0,000000|0,000000|0,000000|0,000000|0,000000|107,000003|0,000000|0,000000|
20170122_160700|225745|260|0,000000|1|CarroTeste|0|bean_a1.7_b2_xc320_yc240_scale80|0|0|0|0|0,000000|0,000000|0,000000|0,000000|0,000000|0,000000|0,000000|0,000000|0,000000|0,000000|0,000000|
20170122_160700|225752|260|0,000000|1|CarroTeste2|0|circulo_r120_xc320_yc240|0|0|0|0|0,000000|0,000000|0,000000|0,000000|0,000000|0,000000|0,000000|0,000000|0,000000|0,000000|0,000000|
20170122_160700|225920|262|0,000000|1|CarroTeste|0|bean_a1.7_b2_xc320_yc240_scale80|0|0|0|0|0,000000|0,000000|0,000000|0,000000|0,000000|0,000000|0,000000|0,000000|0,000000|0,000000|0,000000|
20170122_160700|225929|262|0,000000|1|CarroTeste2|0|circulo_r120_xc320_yc240|0|0|0|0|0,000000|0,000000|0,000000|0,000000|0,000000|0,000000|0,000000|0,000000|0,000000|0,000000|0,000000|
20170122_160701|226082|264|0,000000|1|CarroTeste|0|bean_a1.7_b2_xc320_yc240_scale80|0|0|0|0|0,000000|0,000000|0,000000|0,000000|0,000000|0,000000|0,000000|0,000000|0,000000|0,000000|0,000000|
20170122_160701|226089|264|0,000000|1|CarroTeste2|0|circulo_r120_xc320_yc240|0|0|0|0|0,000000|0,000000|0,000000|0,000000|0,000000|0,000000|0,000000|0,000000|0,000000|0,000000|0,000000|
20170122_160701|226257|266|0,000000|1|CarroTeste|0|bean_a1.7_b2_xc320_yc240_scale80|0|0|0|0|0,000000|0,000000|0,000000|0,000000|0,000000|0,000000|0,000000|0,000000|0,000000|0,000000|0,000000|
20170122_160701|226266|266|0,000000|1|CarroTeste2|0|circulo_r120_xc320_yc240|0|0|0|0|0,000000|0,000000|0,000000|0,000000|0,000000|0,000000|0,000000|0,000000|0,000000|0,000000|0,000000|
20170122_160701|226417|268|0,000000|1|CarroTeste|0|bean_a1.7_b2_xc320_yc240_scale80|0|0|0|0|0,000000|0,000000|0,000000|0,000000|0,000000|0,000000|0,000000|0,000000|0,000000|0,000000|0,000000|
20170122_160701|226422|268|0,000000|1|CarroTeste2|0|circulo_r120_xc320_yc240|0|0|0|0|0,000000|0,000000|0,000000|0,000000|0,000000|0,000000|0,000000|0,000000|0,000000|0,000000|0,000000|
20170122_160701|226578|270|0,000000|1|CarroTeste|0|bean_a1.7_b2_xc320_yc240_scale80|0|0|0|0|0,000000|0,000000|0,000000|0,000000|0,000000|0,000000|0,000000|0,000000|0,000000|0,000000|0,000000|
20170122_160701|226585|270|0,000000|1|CarroTeste2|0|circulo_r120_xc320_yc240|0|0|0|0|0,000000|0,000000|0,000000|0,000000|0,000000|0,000000|0,000000|0,000000|0,000000|0,000000|0,000000|
20170122_160701|226756|272|0,000000|1|CarroTeste|0|bean_a1.7_b2_xc320_yc240_scale80|0|0|0|0|0,000000|0,000000|0,000000|0,000000|0,000000|0,000000|0,000000|0,000000|0,000000|0,000000|0,000000|
20170122_160701|226768|272|0,000000|1|CarroTeste2|0|circulo_r120_xc320_yc240|0|0|0|0|0,000000|0,000000|0,000000|0,000000|0,000000|0,000000|0,000000|0,000000|0,000000|0,000000|0,000000|
20170122_160701|226921|274|0,000000|1|CarroTeste|0|bean_a1.7_b2_xc320_yc240_scale80|0|0|0|0|0,000000|0,000000|0,000000|0,000000|0,000000|0,000000|0,000000|0,000000|0,000000|0,000000|0,000000|
20170122_160701|226930|274|0,000000|1|CarroTeste2|0|circulo_r120_xc320_yc240|0|0|0|0|0,000000|0,000000|0,000000|0,000000|0,000000|0,000000|0,000000|0,000000|0,000000|0,000000|0,000000|
20170122_160702|227093|276|0,000000|1|CarroTeste|0|bean_a1.7_b2_xc320_yc240_scale80|0|0|0|0|0,000000|0,000000|0,000000|0,000000|0,000000|0,000000|0,000000|0,000000|0,000000|0,000000|0,000000|
20170122_160702|227105|276|0,000000|1|CarroTeste2|0|circulo_r120_xc320_yc240|0|0|0|0|0,000000|0,000000|0,000000|0,000000|0,000000|0,000000|0,000000|0,000000|0,000000|0,000000|0,000000|
20170122_160702|227280|278|0,000000|1|CarroTeste|0|bean_a1.7_b2_xc320_yc240_scale80|0|0|0|0|0,000000|0,000000|0,000000|0,000000|0,000000|0,000000|0,000000|0,000000|0,000000|0,000000||
20170122_160702|227304|278|0,000000|1|CarroTeste2|0|circulo_r120_xc320_yc240|0|0|0|0|0,000000|0,000000|0,000000|0,000000|0,000000|0,000000|0,000000|0,000000|0,000000|0,000000||
20170122_160702|227409|280|0,000000|1|CarroTeste|0|bean_a1.7_b2_xc320_yc240_scale80|0|0|0|0|0,000000|0,000000|0,000000|0,000000|0,000000|0,000000|0,000000|0,000000|0,000000|0,000000||
20170122_160702|227419|280|0,000000|1|CarroTeste2|0|circulo_r120_xc320_yc240|0|0|0|0|0,000000|0,000000|0,000000|0,000000|0,000000|0,000000|0,000000|0,000000|0,000000|0,000000||
20170122_160702|227585|282|0,000000|1|CarroTeste|0|bean_a1.7_b2_xc320_yc240_scale80|0|0|0|0|0,000000|0,000000|0,000000|0,000000|0,000000|0,000000|0,000000|0,000000|0,000000|0,000000||
20170122_160702|227595|282|0,000000|1|CarroTeste2|0|circulo_r120_xc320_yc240|0|0|0|0|0,000000|0,000000|0,000000|0,000000|0,000000|0,000000|0,000000|0,000000|0,000000|0,000000||
20170122_160702|227745|284|0,000000|1|CarroTeste|0|bean_a1.7_b2_xc320_yc240_scale80|0|0|0|0|0,000000|0,000000|0,000000|0,000000|0,000000|0,000000|0,000000|0,000000|0,000000|0,000000||
20170122_160702|227756|284|0,000000|1|CarroTeste2|0|circulo_r120_xc320_yc240|0|0|0|0|0,000000|0,000000|0,000000|0,000000|0,000000|0,000000|0,000000|0,000000|0,000000|0,000000||
20170122_160702|227921|286|0,000000|1|CarroTeste|0|bean_a1.7_b2_xc320_yc240_scale80|0|0|0|0|0,000000|0,000000|0,000000|0,000000|0,000000|0,000000|0,000000|0,000000|0,000000|0,000000||
20170122_160702|227932|286|0,000000|1|CarroTeste2|0|circulo_r120_xc320_yc240|0|0|0|0|0,000000|0,000000|0,000000|0,000000|0,000000|0,000000|0,000000|0,000000|0,000000|0,000000||
20170122_160703|228082|288|0,000000|1|CarroTeste|0|bean_a1.7_b2_xc320_yc240_scale80|0|0|0|0|0,000000|0,000000|0,000000|0,000000|0,000000|0,000000|0,000000|0,000000|0,000000|0,000000||
20170122_160703|228093|288|0,000000|1|CarroTeste2|0|circulo_r120_xc320_yc240|0|0|0|0|0,000000|0,000000|0,000000|0,000000|0,000000|0,000000|0,000000|0,000000|0,000000|0,000000||
20170122_160703|228257|290|0,000000|1|CarroTeste|0|bean_a1.7_b2_xc320_yc240_scale80|0|0|0|0|0,000000|0,000000|0,000000|0,000000|0,000000|0,000000|0,000000|0,000000|0,000000|0,000000||
20170122_160703|228268|290|0,000000|1|CarroTeste2|0|circulo_r120_xc320_yc240|0|0|0|0|0,000000|0,000000|0,000000|0,000000|0,000000|0,000000|0,000000|0,000000|0,000000|0,000000||
20170122_160703|228416|292|0,000000|1|CarroTeste|0|bean_a1.7_b2_xc320_yc240_scale80|0|0|0|0|0,000000|0,000000|0,000000|0,000000|0,000000|0,000000|0,000000|0,000000|0,000000|0,000000||
20170122_160703|228428|292|0,000000|1|CarroTeste2|0|circulo_r120_xc320_yc240|0|0|0|0|0,000000|0,000000|0,000000|0,000000|0,000000|0,000000|0,000000|0,000000|0,000000|0,000000||
20170122_160703|228577|294|0,000000|1|CarroTeste|0|bean_a1.7_b2_xc320_yc240_scale80|0|0|0|0|0,000000|0,000000|0,000000|0,000000|0,000000|0,000000|0,000000|0,000000|0,000000|0,000000||
20170122_160703|228586|294|0,000000|1|CarroTeste2|0|circulo_r120_xc320_yc240|0|0|0|0|0,000000|0,000000|0,000000|0,000000|0,000000|0,000000|0,000000|0,000000|0,000000|0,000000||
20170122_160703|228752|296|0,000000|1|CarroTeste|0|bean_a1.7_b2_xc320_yc240_scale80|0|0|0|0|0,000000|0,000000|0,000000|0,000000|0,000000|0,000000|0,000000|0,000000|0,000000|0,000000||
20170122_160703|228764|296|0,000000|1|CarroTeste2|0|circulo_r120_xc320_yc240|0|0|0|0|0,000000|0,000000|0,000000|0,000000|0,000000|0,000000|0,000000|0,000000|0,000000|0,000000||
20170122_160703|228912|298|0,000000|1|CarroTeste|0|bean_a1.7_b2_xc320_yc240_scale80|0|0|0|0|0,000000|0,000000|0,000000|0,000000|0,000000|0,000000|0,000000|0,000000|0,000000|0,000000||
20170122_160703|228923|298|0,000000|1|CarroTeste2|0|circulo_r120_xc320_yc240|0|0|0|0|0,000000|0,000000|0,000000|0,000000|0,000000|0,000000|0,000000|0,000000|0,000000|0,000000||
20170122_160704|229089|300|0,000000|1|CarroTeste|0|bean_a1.7_b2_xc320_yc240_scale80|0|0|0|0|0,000000|0,000000|0,000000|0,000000|0,000000|0,000000|0,000000|0,000000|0,000000|0,000000||
20170122_160704|229101|300|0,000000|1|CarroTeste2|0|circulo_r120_xc320_yc240|0|0|0|0|0,000000|0,000000|0,000000|0,000000|0,000000|0,000000|0,000000|0,000000|0,000000|0,000000||
20170122_160704|229255|302|0,000000|1|CarroTeste|0|bean_a1.7_b2_xc320_yc240_scale80|0|0|0|0|0,000000|0,000000|0,000000|0,000000|0,000000|0,000000|0,000000|0,000000|0,000000|0,000000||
20170122_160704|229270|302|0,000000|1|CarroTeste2|0|circulo_r120_xc320_yc240|0|0|0|0|0,000000|0,000000|0,000000|0,000000|0,000000|0,000000|0,000000|0,000000|0,000000|0,000000||
20170122_160704|229410|304|0,000000|1|CarroTeste|0|bean_a1.7_b2_xc320_yc240_scale80|0|0|0|0|0,000000|0,000000|0,000000|0,000000|0,000000|0,000000|0,000000|0,000000|0,000000|0,000000||
20170122_160704|229421|304|0,000000|1|CarroTeste2|0|circulo_r120_xc320_yc240|0|0|0|0|0,000000|0,000000|0,000000|0,000000|0,000000|0,000000|0,000000|0,000000|0,000000|0,000000||
20170122_160704|229586|306|0,000000|1|CarroTeste|0|bean_a1.7_b2_xc320_yc240_scale80|0|0|0|0|0,000000|0,000000|0,000000|0,000000|0,000000|0,000000|0,000000|0,000000|0,000000|0,000000||
20170122_160704|229597|306|0,000000|1|CarroTeste2|0|circulo_r120_xc320_yc240|0|0|0|0|0,000000|0,000000|0,000000|0,000000|0,000000|0,000000|0,000000|0,000000|0,000000|0,000000||
20170122_160704|229747|308|0,000000|1|CarroTeste|0|bean_a1.7_b2_xc320_yc240_scale80|0|0|0|0|0,000000|0,000000|0,000000|0,000000|0,000000|0,000000|0,000000|0,000000|0,000000|0,000000||
20170122_160704|229760|308|0,000000|1|CarroTeste2|0|circulo_r120_xc320_yc240|0|0|0|0|0,000000|0,000000|0,000000|0,000000|0,000000|0,000000|0,000000|0,000000|0,000000|0,000000||
20170122_160704|229928|310|0,000000|1|CarroTeste|0|bean_a1.7_b2_xc320_yc240_scale80|0|0|0|0|0,000000|0,000000|0,000000|0,000000|0,000000|0,000000|0,000000|0,000000|0,000000|0,000000||
20170122_160704|229941|310|0,000000|1|CarroTeste2|0|circulo_r120_xc320_yc240|0|0|0|0|0,000000|0,000000|0,000000|0,000000|0,000000|0,000000|0,000000|0,000000|0,000000|0,000000||
20170122_160705|230085|312|0,000000|1|CarroTeste|0|bean_a1.7_b2_xc320_yc240_scale80|0|0|0|0|0,000000|0,000000|0,000000|0,000000|0,000000|0,000000|0,000000|0,000000|0,000000|0,000000||
20170122_160705|230097|312|0,000000|1|CarroTeste2|0|circulo_r120_xc320_yc240|0|0|0|0|0,000000|0,000000|0,000000|0,000000|0,000000|0,000000|0,000000|0,000000|0,000000|0,000000||
20170122_160705|230267|314|0,000000|1|CarroTeste|0|bean_a1.7_b2_xc320_yc240_scale80|0|0|0|0|0,000000|0,000000|0,000000|0,000000|0,000000|0,000000|0,000000|0,000000|0,000000|0,000000||
20170122_160705|230281|314|0,000000|1|CarroTeste2|0|circulo_r120_xc320_yc240|0|0|0|0|0,000000|0,000000|0,000000|0,000000|0,000000|0,000000|0,000000|0,000000|0,000000|0,000000||
20170122_160705|230430|316|0,000000|1|CarroTeste|0|bean_a1.7_b2_xc320_yc240_scale80|0|0|0|0|0,000000|0,000000|0,000000|0,000000|0,000000|0,000000|0,000000|0,000000|0,000000|0,000000||
20170122_160705|230442|316|0,000000|1|CarroTeste2|0|circulo_r120_xc320_yc240|0|0|0|0|0,000000|0,000000|0,000000|0,000000|0,000000|0,000000|0,000000|0,000000|0,000000|0,000000||
20170122_160705|230592|318|0,000000|1|CarroTeste|0|bean_a1.7_b2_xc320_yc240_scale80|0|0|0|0|0,000000|0,000000|0,000000|0,000000|0,000000|0,000000|0,000000|0,000000|0,000000|0,000000||
20170122_160705|230604|318|0,000000|1|CarroTeste2|0|circulo_r120_xc320_yc240|0|0|0|0|0,000000|0,000000|0,000000|0,000000|0,000000|0,000000|0,000000|0,000000|0,000000|0,000000||
20170122_160705|230761|320|0,000000|1|CarroTeste|0|bean_a1.7_b2_xc320_yc240_scale80|0|0|0|0|0,000000|0,000000|0,000000|0,000000|0,000000|0,000000|0,000000|0,000000|0,000000|0,000000||
20170122_160705|230773|320|0,000000|1|CarroTeste2|0|circulo_r120_xc320_yc240|0|0|0|0|0,000000|0,000000|0,000000|0,000000|0,000000|0,000000|0,000000|0,000000|0,000000|0,000000||
20170122_160705|230926|322|0,000000|1|CarroTeste|0|bean_a1.7_b2_xc320_yc240_scale80|0|0|0|0|0,000000|0,000000|0,000000|0,000000|0,000000|0,000000|0,000000|0,000000|0,000000|0,000000||
20170122_160705|230936|322|0,000000|1|CarroTeste2|0|circulo_r120_xc320_yc240|0|0|0|0|0,000000|0,000000|0,000000|0,000000|0,000000|0,000000|0,000000|0,000000|0,000000|0,000000||
20170122_160706|231101|324|0,000000|1|CarroTeste|0|bean_a1.7_b2_xc320_yc240_scale80|0|0|0|0|0,000000|0,000000|0,000000|0,000000|0,000000|0,000000|0,000000|0,000000|0,000000|0,000000||
20170122_160706|231113|324|0,000000|1|CarroTeste2|0|circulo_r120_xc320_yc240|0|0|0|0|0,000000|0,000000|0,000000|0,000000|0,000000|0,000000|0,000000|0,000000|0,000000|0,000000||
20170122_160706|231262|326|0,000000|1|CarroTeste|0|bean_a1.7_b2_xc320_yc240_scale80|0|0|0|0|0,000000|0,000000|0,000000|0,000000|0,000000|0,000000|0,000000|0,000000|0,000000|0,000000||
20170122_160706|231276|326|0,000000|1|CarroTeste2|0|circulo_r120_xc320_yc240|0|0|0|0|0,000000|0,000000|0,000000|0,000000|0,000000|0,000000|0,000000|0,000000|0,000000|0,000000||
20170122_160706|231427|328|0,000000|1|CarroTeste|0|bean_a1.7_b2_xc320_yc240_scale80|0|0|0|0|0,000000|0,000000|0,000000|0,000000|0,000000|0,000000|0,000000|0,000000|0,000000|0,000000||
20170122_160706|231440|328|0,000000|1|CarroTeste2|0|circulo_r120_xc320_yc240|0|0|0|0|0,000000|0,000000|0,000000|0,000000|0,000000|0,000000|0,000000|0,000000|0,000000|0,000000||
20170122_160706|231598|330|0,000000|1|CarroTeste|0|bean_a1.7_b2_xc320_yc240_scale80|0|0|0|0|0,000000|0,000000|0,000000|0,000000|0,000000|0,000000|0,000000|0,000000|0,000000|0,000000||
20170122_160706|231609|330|0,000000|1|CarroTeste2|0|circulo_r120_xc320_yc240|0|0|0|0|0,000000|0,000000|0,000000|0,000000|0,000000|0,000000|0,000000|0,000000|0,000000|0,000000||
20170122_160706|231753|332|0,000000|1|CarroTeste|0|bean_a1.7_b2_xc320_yc240_scale80|0|0|0|0|0,000000|0,000000|0,000000|0,000000|0,000000|0,000000|0,000000|0,000000|0,000000|0,000000||
20170122_160706|231767|332|0,000000|1|CarroTeste2|0|circulo_r120_xc320_yc240|0|0|0|0|0,000000|0,000000|0,000000|0,000000|0,000000|0,000000|0,000000|0,000000|0,000000|0,000000||
20170122_160706|231931|334|0,000000|1|CarroTeste|0|bean_a1.7_b2_xc320_yc240_scale80|0|0|0|0|0,000000|0,000000|0,000000|0,000000|0,000000|0,000000|0,000000|0,000000|0,000000|0,000000||
20170122_160706|231944|334|0,000000|1|CarroTeste2|0|circulo_r120_xc320_yc240|0|0|0|0|0,000000|0,000000|0,000000|0,000000|0,000000|0,000000|0,000000|0,000000|0,000000|0,000000||
20170122_160707|232097|336|0,000000|1|CarroTeste|0|bean_a1.7_b2_xc320_yc240_scale80|0|0|0|0|0,000000|0,000000|0,000000|0,000000|0,000000|0,000000|0,000000|0,000000|0,000000|0,000000||
20170122_160707|232110|336|0,000000|1|CarroTeste2|0|circulo_r120_xc320_yc240|0|0|0|0|0,000000|0,000000|0,000000|0,000000|0,000000|0,000000|0,000000|0,000000|0,000000|0,000000||
20170122_160707|232253|338|0,000000|1|CarroTeste|0|bean_a1.7_b2_xc320_yc240_scale80|0|0|0|0|0,000000|0,000000|0,000000|0,000000|0,000000|0,000000|0,000000|0,000000|0,000000|0,000000||
20170122_160707|232266|338|0,000000|1|CarroTeste2|0|circulo_r120_xc320_yc240|0|0|0|0|0,000000|0,000000|0,000000|0,000000|0,000000|0,000000|0,000000|0,000000|0,000000|0,000000||
20170122_160707|232434|340|0,000000|1|CarroTeste|0|bean_a1.7_b2_xc320_yc240_scale80|0|0|0|0|0,000000|0,000000|0,000000|0,000000|0,000000|0,000000|0,000000|0,000000|0,000000|0,000000||
20170122_160707|232447|340|0,000000|1|CarroTeste2|0|circulo_r120_xc320_yc240|0|0|0|0|0,000000|0,000000|0,000000|0,000000|0,000000|0,000000|0,000000|0,000000|0,000000|0,000000||
20170122_160707|232590|342|0,000000|1|CarroTeste|0|bean_a1.7_b2_xc320_yc240_scale80|0|0|0|0|0,000000|0,000000|0,000000|0,000000|0,000000|0,000000|0,000000|0,000000|0,000000|0,000000||
20170122_160707|232600|342|0,000000|1|CarroTeste2|0|circulo_r120_xc320_yc240|0|0|0|0|0,000000|0,000000|0,000000|0,000000|0,000000|0,000000|0,000000|0,000000|0,000000|0,000000||
20170122_160707|232778|344|0,000000|1|CarroTeste|0|bean_a1.7_b2_xc320_yc240_scale80|0|0|0|0|0,000000|0,000000|0,000000|0,000000|0,000000|0,000000|0,000000|0,000000|0,000000|0,000000||
20170122_160707|232788|344|0,000000|1|CarroTeste2|0|circulo_r120_xc320_yc240|0|0|0|0|0,000000|0,000000|0,000000|0,000000|0,000000|0,000000|0,000000|0,000000|0,000000|0,000000||
20170122_160707|232932|346|0,000000|1|CarroTeste|0|bean_a1.7_b2_xc320_yc240_scale80|0|0|0|0|0,000000|0,000000|0,000000|0,000000|0,000000|0,000000|0,000000|0,000000|0,000000|0,000000||
20170122_160707|232942|346|0,000000|1|CarroTeste2|0|circulo_r120_xc320_yc240|0|0|0|0|0,000000|0,000000|0,000000|0,000000|0,000000|0,000000|0,000000|0,000000|0,000000|0,000000||
20170122_160708|233098|348|0,000000|1|CarroTeste|0|bean_a1.7_b2_xc320_yc240_scale80|0|0|0|0|0,000000|0,000000|0,000000|0,000000|0,000000|0,000000|0,000000|0,000000|0,000000|0,000000||
20170122_160708|233108|348|0,000000|1|CarroTeste2|0|circulo_r120_xc320_yc240|0|0|0|0|0,000000|0,000000|0,000000|0,000000|0,000000|0,000000|0,000000|0,000000|0,000000|0,000000||
20170122_160708|233252|350|0,000000|1|CarroTeste|0|bean_a1.7_b2_xc320_yc240_scale80|0|0|0|0|0,000000|0,000000|0,000000|0,000000|0,000000|0,000000|0,000000|0,000000|0,000000|0,000000||
20170122_160708|233264|350|0,000000|1|CarroTeste2|0|circulo_r120_xc320_yc240|0|0|0|0|0,000000|0,000000|0,000000|0,000000|0,000000|0,000000|0,000000|0,000000|0,000000|0,000000||
20170122_160708|233423|352|0,000000|1|CarroTeste|0|bean_a1.7_b2_xc320_yc240_scale80|0|0|0|0|0,000000|0,000000|0,000000|0,000000|0,000000|0,000000|0,000000|0,000000|0,000000|0,000000||
20170122_160708|233432|352|0,000000|1|CarroTeste2|0|circulo_r120_xc320_yc240|0|0|0|0|0,000000|0,000000|0,000000|0,000000|0,000000|0,000000|0,000000|0,000000|0,000000|0,000000||
20170122_160708|233604|354|0,000000|1|CarroTeste|0|bean_a1.7_b2_xc320_yc240_scale80|0|0|0|0|0,000000|0,000000|0,000000|0,000000|0,000000|0,000000|0,000000|0,000000|0,000000|0,000000||
20170122_160708|233614|354|0,000000|1|CarroTeste2|0|circulo_r120_xc320_yc240|0|0|0|0|0,000000|0,000000|0,000000|0,000000|0,000000|0,000000|0,000000|0,000000|0,000000|0,000000||
20170122_160708|233752|356|0,000000|1|CarroTeste|0|bean_a1.7_b2_xc320_yc240_scale80|0|0|0|0|0,000000|0,000000|0,000000|0,000000|0,000000|0,000000|0,000000|0,000000|0,000000|0,000000||
20170122_160708|233763|356|0,000000|1|CarroTeste2|0|circulo_r120_xc320_yc240|0|0|0|0|0,000000|0,000000|0,000000|0,000000|0,000000|0,000000|0,000000|0,000000|0,000000|0,000000||
20170122_160708|233925|358|0,000000|1|CarroTeste|0|bean_a1.7_b2_xc320_yc240_scale80|0|0|0|0|0,000000|0,000000|0,000000|0,000000|0,000000|0,000000|0,000000|0,000000|0,000000|0,000000||
20170122_160708|233938|358|0,000000|1|CarroTeste2|0|circulo_r120_xc320_yc240|0|0|0|0|0,000000|0,000000|0,000000|0,000000|0,000000|0,000000|0,000000|0,000000|0,000000|0,000000||
20170122_160709|234086|360|0,000000|1|CarroTeste|0|bean_a1.7_b2_xc320_yc240_scale80|0|0|0|0|0,000000|0,000000|0,000000|0,000000|0,000000|0,000000|0,000000|0,000000|0,000000|0,000000||
20170122_160709|234100|360|0,000000|1|CarroTeste2|0|circulo_r120_xc320_yc240|0|0|0|0|0,000000|0,000000|0,000000|0,000000|0,000000|0,000000|0,000000|0,000000|0,000000|0,000000||
20170122_160709|234256|362|0,000000|1|CarroTeste|0|bean_a1.7_b2_xc320_yc240_scale80|0|0|0|0|0,000000|0,000000|0,000000|0,000000|0,000000|0,000000|0,000000|0,000000|0,000000|0,000000||
20170122_160709|234268|362|0,000000|1|CarroTeste2|0|circulo_r120_xc320_yc240|0|0|0|0|0,000000|0,000000|0,000000|0,000000|0,000000|0,000000|0,000000|0,000000|0,000000|0,000000||
20170122_160709|234452|364|0,000000|1|CarroTeste|0|bean_a1.7_b2_xc320_yc240_scale80|0|0|0|0|0,000000|0,000000|0,000000|0,000000|0,000000|0,000000|0,000000|0,000000|0,000000|0,000000||
20170122_160709|234465|364|0,000000|1|CarroTeste2|0|circulo_r120_xc320_yc240|0|0|0|0|0,000000|0,000000|0,000000|0,000000|0,000000|0,000000|0,000000|0,000000|0,000000|0,000000||
20170122_160709|234580|366|0,000000|1|CarroTeste|0|bean_a1.7_b2_xc320_yc240_scale80|0|0|0|0|0,000000|0,000000|0,000000|0,000000|0,000000|0,000000|0,000000|0,000000|0,000000|0,000000||
20170122_160709|234595|366|0,000000|1|CarroTeste2|0|circulo_r120_xc320_yc240|0|0|0|0|0,000000|0,000000|0,000000|0,000000|0,000000|0,000000|0,000000|0,000000|0,000000|0,000000||
20170122_160709|234809|368|0,000000|1|CarroTeste|0|bean_a1.7_b2_xc320_yc240_scale80|0|0|0|0|0,000000|0,000000|0,000000|0,000000|0,000000|0,000000|0,000000|0,000000|0,000000|0,000000||
20170122_160709|234824|368|0,000000|1|CarroTeste2|0|circulo_r120_xc320_yc240|0|0|0|0|0,000000|0,000000|0,000000|0,000000|0,000000|0,000000|0,000000|0,000000|0,000000|0,000000||
