TimeStamp|Ticks|FrameNum|FPS|LogaDados|Robo|achou|trajetoria|Xd|Yd|Xa|Ya|DistMelhorPonto|velAtual|velAtualDerivSuja|velDesejada|erroVel|SaidaControleLinear|angAtual|angDesejado|erroAng|SaidaControleAngular|SinalDeControle1|SinalDeControle2|
20170502_125842|14949|36|22.000000|1|CarroTeste|0|circulo_r60_xc160_yc120|0|0|0|0|0.000000|0.000000|0.000000|0.000000|0.000000|0.000000|0.000000|0.000000|0.000000|0.000000|0.000000|0.000000|
20170502_125842|14952|36|22.000000|1|CarroTeste2|1|circulo_r60_xc160_yc120|204|80|203|82|2.236068|0.000000|0.000000|55.000000|55.000000|1882.045664|1.997424|0.797225|-1.200198|-20.666229|72.348358|115.856209|
20170502_125842|14955|36|22.000000|1|Caçula|1|circulo_r60_xc160_yc120|220|120|64536|82|64316.011226|0.000000|0.000000|55.000000|55.000000|1882.045664|2.356194|3.054326|0.698132|12.021136|106.756111|81.448456|
20170502_125842|15022|38|12.987013|1|CarroTeste|0|circulo_r60_xc160_yc120|0|0|0|0|0.000000|0.000000|0.000000|0.000000|0.000000|0.000000|0.000000|0.000000|0.000000|0.000000|0.000000|0.000000|
20170502_125842|15025|38|12.987013|1|CarroTeste2|1|circulo_r60_xc160_yc120|204|80|203|82|2.236068|0.000000|0.000000|55.000000|55.000000|1877.157736|1.951303|0.797225|-1.154077|-19.769504|73.047882|114.667892|
20170502_125842|15027|38|12.987013|1|Caçula|1|circulo_r60_xc160_yc120|220|120|64536|82|64316.011226|0.000000|0.000000|55.000000|55.000000|1877.157736|2.356194|3.054326|0.698132|11.959092|106.446405|81.269369|
20170502_125842|15101|40|12.987013|1|CarroTeste|0|circulo_r60_xc160_yc120|0|0|0|0|0.000000|0.000000|0.000000|0.000000|0.000000|0.000000|0.000000|0.000000|0.000000|0.000000|0.000000|0.000000|
20170502_125842|15103|40|12.987013|1|CarroTeste2|1|circulo_r60_xc160_yc120|204|80|203|82|2.236068|0.000000|0.000000|55.000000|55.000000|1877.157912|1.997424|0.797225|-1.200198|-20.559569|72.216244|115.499548|
20170502_125842|15105|40|12.987013|1|Caçula|1|circulo_r60_xc160_yc120|220|120|64536|82|64316.011226|0.000000|0.000000|55.000000|55.000000|1877.157912|2.356194|3.054326|0.698132|11.959094|106.446416|81.269375|
20170502_125842|15179|42|12.987013|1|CarroTeste|0|circulo_r60_xc160_yc120|0|0|0|0|0.000000|0.000000|0.000000|0.000000|0.000000|0.000000|0.000000|0.000000|0.000000|0.000000|0.000000|0.000000|
20170502_125842|15181|42|12.987013|1|CarroTeste2|1|circulo_r60_xc160_yc120|204|80|203|82|2.236068|0.000000|0.000000|55.000000|55.000000|1877.157914|1.997424|0.797225|-1.200198|-20.559569|72.216243|115.499548|
20170502_125842|15183|42|12.987013|1|Caçula|1|circulo_r60_xc160_yc120|220|120|64536|82|64316.011226|0.000000|0.000000|55.000000|55.000000|1877.157914|2.356194|3.054326|0.698132|11.959094|106.446416|81.269375|
20170502_125842|15258|44|12.987013|1|CarroTeste|0|circulo_r60_xc160_yc120|0|0|0|0|0.000000|0.000000|0.000000|0.000000|0.000000|0.000000|0.000000|0.000000|0.000000|0.000000|0.000000|0.000000|
20170502_125842|15260|44|12.987013|1|CarroTeste2|1|circulo_r60_xc160_yc120|204|80|203|82|2.236068|0.000000|0.000000|55.000000|55.000000|1877.157914|2.137526|0.797225|-1.340300|-22.959532|69.689967|118.025825|
20170502_125842|15262|44|12.987013|1|Caçula|1|circulo_r60_xc160_yc120|220|120|64536|82|64316.011226|0.000000|0.000000|55.000000|55.000000|1877.157914|2.356194|3.054326|0.698132|11.959094|106.446416|81.269375|
20170502_125842|15336|46|12.987013|1|CarroTeste|0|circulo_r60_xc160_yc120|0|0|0|0|0.000000|0.000000|0.000000|0.000000|0.000000|0.000000|0.000000|0.000000|0.000000|0.000000|0.000000|0.000000|
20170502_125842|15338|46|12.987013|1|CarroTeste2|1|circulo_r60_xc160_yc120|204|80|203|82|2.236068|0.000000|0.000000|55.000000|55.000000|1877.157914|1.997424|0.797225|-1.200198|-20.559571|72.216242|115.499549|
20170502_125842|15342|46|12.987013|1|Caçula|1|circulo_r60_xc160_yc120|220|120|64536|82|64316.011226|0.000000|0.000000|55.000000|55.000000|1877.157914|2.356194|3.054326|0.698132|11.959094|106.446416|81.269375|
20170502_125842|15414|48|12.987013|1|CarroTeste|0|circulo_r60_xc160_yc120|0|0|0|0|0.000000|0.000000|0.000000|0.000000|0.000000|0.000000|0.000000|0.000000|0.000000|0.000000|0.000000|0.000000|
20170502_125842|15416|48|12.987013|1|CarroTeste2|1|circulo_r60_xc160_yc120|204|80|203|82|2.236068|0.000000|0.000000|55.000000|55.000000|1877.157914|1.997424|0.797225|-1.200198|-20.559569|72.216243|115.499548|
20170502_125842|15418|48|12.987013|1|Caçula|1|circulo_r60_xc160_yc120|220|120|64536|82|64316.011226|0.000000|0.000000|55.000000|55.000000|1877.157914|2.356194|3.054326|0.698132|11.959094|106.446416|81.269375|
20170502_125842|15490|50|12.987013|1|CarroTeste|0|circulo_r60_xc160_yc120|0|0|0|0|0.000000|0.000000|0.000000|0.000000|0.000000|0.000000|0.000000|0.000000|0.000000|0.000000|0.000000|0.000000|
20170502_125842|15492|50|12.987013|1|CarroTeste2|1|circulo_r60_xc160_yc120|204|80|203|82|2.236068|0.000000|0.000000|55.000000|55.000000|1877.157914|2.111216|0.797225|-1.313990|-22.508843|70.164376|117.551415|
20170502_125842|15494|50|12.987013|1|Caçula|1|circulo_r60_xc160_yc120|220|120|64536|82|64316.011226|0.000000|0.000000|55.000000|55.000000|1877.157914|2.356194|3.054326|0.698132|11.959094|106.446416|81.269375|
20170502_125843|15567|52|12.987013|1|CarroTeste|0|circulo_r60_xc160_yc120|0|0|0|0|0.000000|0.000000|0.000000|0.000000|0.000000|0.000000|0.000000|0.000000|0.000000|0.000000|0.000000|0.000000|
20170502_125843|15568|52|12.987013|1|CarroTeste2|0|circulo_r60_xc160_yc120|0|0|203|82|0.000000|0.000000|0.000000|0.000000|0.000000|0.000000|0.000000|0.000000|0.000000|0.000000|0.000000|0.000000|
20170502_125843|15569|52|12.987013|1|Caçula|0|circulo_r60_xc160_yc120|0|0|64536|82|0.000000|0.000000|0.000000|0.000000|0.000000|0.000000|0.000000|0.000000|0.000000|0.000000|0.000000|0.000000|
20170502_125843|15646|54|12.987013|1|CarroTeste|0|circulo_r60_xc160_yc120|0|0|0|0|0.000000|0.000000|0.000000|0.000000|0.000000|0.000000|0.000000|0.000000|0.000000|0.000000|0.000000|0.000000|
20170502_125843|15649|54|12.987013|1|CarroTeste2|1|circulo_r60_xc160_yc120|204|80|203|82|2.236068|0.000000|0.000000|55.000000|55.000000|1877.157914|1.951303|0.797225|-1.154077|-19.769509|73.047886|114.667906|
20170502_125843|15651|54|12.987013|1|Caçula|1|circulo_r60_xc160_yc120|220|120|64536|82|64316.011226|0.000000|0.000000|55.000000|55.000000|1877.157914|2.356194|3.054326|0.698132|11.959094|106.446416|81.269375|
20170502_125843|15724|56|12.987013|1|CarroTeste|0|circulo_r60_xc160_yc120|0|0|0|0|0.000000|0.000000|0.000000|0.000000|0.000000|0.000000|0.000000|0.000000|0.000000|0.000000|0.000000|0.000000|
20170502_125843|15727|56|12.987013|1|CarroTeste2|1|circulo_r60_xc160_yc120|204|80|203|82|2.236068|0.000000|0.000000|55.000000|55.000000|1877.157914|1.892547|0.797225|-1.095321|-18.763014|74.107354|113.608437|
20170502_125843|15729|56|12.987013|1|Caçula|1|circulo_r60_xc160_yc120|220|120|64536|82|64316.011226|0.000000|0.000000|55.000000|55.000000|1877.157914|2.356194|3.054326|0.698132|11.959094|106.446416|81.269375|
20170502_125843|15802|58|12.987013|1|CarroTeste|0|circulo_r60_xc160_yc120|0|0|0|0|0.000000|0.000000|0.000000|0.000000|0.000000|0.000000|0.000000|0.000000|0.000000|0.000000|0.000000|0.000000|
20170502_125843|15804|58|12.987013|1|CarroTeste2|1|circulo_r60_xc160_yc120|204|80|203|82|2.236068|0.000000|0.000000|55.000000|55.000000|1877.157914|2.077895|0.797225|-1.280669|-21.938048|70.765213|116.950579|
20170502_125843|15806|58|12.987013|1|Caçula|1|circulo_r60_xc160_yc120|220|120|64536|82|64316.011226|0.000000|0.000000|55.000000|55.000000|1877.157914|2.356194|3.054326|0.698132|11.959094|106.446416|81.269375|
20170502_125843|15880|60|12.987013|1|CarroTeste|0|circulo_r60_xc160_yc120|0|0|0|0|0.000000|0.000000|0.000000|0.000000|0.000000|0.000000|0.000000|0.000000|0.000000|0.000000|0.000000|0.000000|
20170502_125843|15883|60|12.987013|1|CarroTeste2|1|circulo_r60_xc160_yc120|204|80|203|82|2.236068|0.000000|0.000000|55.000000|55.000000|1877.157914|1.997424|0.797225|-1.200198|-20.559570|72.216243|115.499549|
20170502_125843|15885|60|12.987013|1|Caçula|1|circulo_r60_xc160_yc120|220|120|64536|82|64316.011226|0.000000|0.000000|55.000000|55.000000|1877.157914|2.356194|3.054326|0.698132|11.959094|106.446416|81.269375|
20170502_125843|15958|62|12.987013|1|CarroTeste|0|circulo_r60_xc160_yc120|0|0|0|0|0.000000|0.000000|0.000000|0.000000|0.000000|0.000000|0.000000|0.000000|0.000000|0.000000|0.000000|0.000000|
20170502_125843|15960|62|12.987013|1|CarroTeste2|1|circulo_r60_xc160_yc120|204|80|203|82|2.236068|0.000000|0.000000|55.000000|55.000000|1877.157914|2.111216|0.797225|-1.313990|-22.508843|70.164376|117.551415|
20170502_125843|15962|62|12.987013|1|Caçula|1|circulo_r60_xc160_yc120|220|120|64536|82|64316.011226|0.000000|0.000000|55.000000|55.000000|1877.157914|2.356194|3.054326|0.698132|11.959094|106.446416|81.269375|
20170502_125843|16035|64|12.987013|1|CarroTeste|0|circulo_r60_xc160_yc120|0|0|0|0|0.000000|0.000000|0.000000|0.000000|0.000000|0.000000|0.000000|0.000000|0.000000|0.000000|0.000000|0.000000|
20170502_125843|16037|64|12.987013|1|CarroTeste2|1|circulo_r60_xc160_yc120|204|80|203|82|2.236068|0.000000|0.000000|55.000000|55.000000|1877.157914|2.111216|0.797225|-1.313990|-22.508844|70.164376|117.551416|
20170502_125843|16039|64|12.987013|1|Caçula|1|circulo_r60_xc160_yc120|220|120|64536|82|64316.011226|0.000000|0.000000|55.000000|55.000000|1877.157914|2.356194|3.054326|0.698132|11.959094|106.446416|81.269375|
20170502_125843|16113|66|12.987013|1|CarroTeste|0|circulo_r60_xc160_yc120|0|0|0|0|0.000000|0.000000|0.000000|0.000000|0.000000|0.000000|0.000000|0.000000|0.000000|0.000000|0.000000|0.000000|
20170502_125843|16116|66|12.987013|1|CarroTeste2|1|circulo_r60_xc160_yc120|204|80|203|82|2.236068|0.000000|0.000000|55.000000|55.000000|1877.157914|1.997424|0.797225|-1.200198|-20.559570|72.216242|115.499549|
20170502_125843|16118|66|12.987013|1|Caçula|1|circulo_r60_xc160_yc120|220|120|64536|82|64316.011226|0.000000|0.000000|55.000000|55.000000|1877.157914|2.356194|3.054326|0.698132|11.959094|106.446416|81.269375|
20170502_125843|16193|68|12.987013|1|CarroTeste|0|circulo_r60_xc160_yc120|0|0|0|0|0.000000|0.000000|0.000000|0.000000|0.000000|0.000000|0.000000|0.000000|0.000000|0.000000|0.000000|0.000000|
20170502_125843|16195|68|12.987013|1|CarroTeste2|1|circulo_r60_xc160_yc120|204|80|203|82|2.236068|0.000000|0.000000|55.000000|55.000000|1877.157914|1.951303|0.797225|-1.154077|-19.769508|73.047887|114.667905|
20170502_125843|16197|68|12.987013|1|Caçula|1|circulo_r60_xc160_yc120|220|120|64536|82|64316.011226|0.000000|0.000000|55.000000|55.000000|1877.157914|2.356194|3.054326|0.698132|11.959094|106.446416|81.269375|
20170502_125843|16270|70|12.987013|1|CarroTeste|0|circulo_r60_xc160_yc120|0|0|0|0|0.000000|0.000000|0.000000|0.000000|0.000000|0.000000|0.000000|0.000000|0.000000|0.000000|0.000000|0.000000|
20170502_125843|16272|70|12.987013|1|CarroTeste2|1|circulo_r60_xc160_yc120|204|80|203|82|2.236068|0.000000|0.000000|55.000000|55.000000|1877.157914|1.997424|0.797225|-1.200198|-20.559569|72.216244|115.499548|
20170502_125843|16274|70|12.987013|1|Caçula|1|circulo_r60_xc160_yc120|220|120|64536|82|64316.011226|0.000000|0.000000|55.000000|55.000000|1877.157914|2.356194|3.054326|0.698132|11.959094|106.446416|81.269375|
20170502_125843|16348|72|12.987013|1|CarroTeste|0|circulo_r60_xc160_yc120|0|0|0|0|0.000000|0.000000|0.000000|0.000000|0.000000|0.000000|0.000000|0.000000|0.000000|0.000000|0.000000|0.000000|
20170502_125843|16351|72|12.987013|1|CarroTeste2|1|circulo_r60_xc160_yc120|204|80|203|82|2.236068|0.000000|0.000000|55.000000|55.000000|1877.157914|1.997424|0.797225|-1.200198|-20.559569|72.216243|115.499548|
20170502_125843|16353|72|12.987013|1|Caçula|1|circulo_r60_xc160_yc120|220|120|64536|82|64316.011226|0.000000|0.000000|55.000000|55.000000|1877.157914|2.356194|3.054326|0.698132|11.959094|106.446416|81.269375|
20170502_125843|16424|74|12.987013|1|CarroTeste|0|circulo_r60_xc160_yc120|0|0|0|0|0.000000|0.000000|0.000000|0.000000|0.000000|0.000000|0.000000|0.000000|0.000000|0.000000|0.000000|0.000000|
20170502_125843|16427|74|12.987013|1|CarroTeste2|1|circulo_r60_xc160_yc120|204|80|203|82|2.236068|0.000000|0.000000|55.000000|55.000000|1877.157914|1.997424|0.797225|-1.200198|-20.559569|72.216243|115.499548|
20170502_125843|16429|74|12.987013|1|Caçula|1|circulo_r60_xc160_yc120|220|120|64536|82|64316.011226|0.000000|0.000000|55.000000|55.000000|1877.157914|2.356194|3.054326|0.698132|11.959094|106.446416|81.269375|
20170502_125843|16502|76|12.987013|1|CarroTeste|0|circulo_r60_xc160_yc120|0|0|0|0|0.000000|0.000000|0.000000|0.000000|0.000000|0.000000|0.000000|0.000000|0.000000|0.000000|0.000000|0.000000|
20170502_125843|16504|76|12.987013|1|CarroTeste2|1|circulo_r60_xc160_yc120|204|80|203|82|2.236068|0.000000|0.000000|55.000000|55.000000|1877.157914|1.997424|0.797225|-1.200198|-20.559569|72.216243|115.499548|
20170502_125843|16506|76|12.987013|1|Caçula|1|circulo_r60_xc160_yc120|220|120|64536|82|64316.011226|0.000000|0.000000|55.000000|55.000000|1877.157914|2.356194|3.054326|0.698132|11.959094|106.446416|81.269375|
20170502_125844|16579|78|12.987013|1|CarroTeste|0|circulo_r60_xc160_yc120|0|0|0|0|0.000000|0.000000|0.000000|0.000000|0.000000|0.000000|0.000000|0.000000|0.000000|0.000000|0.000000|0.000000|
20170502_125844|16581|78|12.987013|1|CarroTeste2|1|circulo_r60_xc160_yc120|204|80|203|82|2.236068|0.000000|0.000000|55.000000|55.000000|1877.157914|1.997424|0.797225|-1.200198|-20.559569|72.216243|115.499548|
20170502_125844|16584|78|12.987013|1|Caçula|1|circulo_r60_xc160_yc120|220|120|64536|82|64316.011226|0.000000|0.000000|55.000000|55.000000|1877.157914|2.356194|3.054326|0.698132|11.959094|106.446416|81.269375|
20170502_125844|16656|80|12.987013|1|CarroTeste|0|circulo_r60_xc160_yc120|0|0|0|0|0.000000|0.000000|0.000000|0.000000|0.000000|0.000000|0.000000|0.000000|0.000000|0.000000|0.000000|0.000000|
20170502_125844|16659|80|12.987013|1|CarroTeste2|1|circulo_r60_xc160_yc120|204|80|203|82|2.236068|0.000000|0.000000|55.000000|55.000000|1877.157914|1.892547|0.797225|-1.095321|-18.763014|74.107354|113.608437|
20170502_125844|16661|80|12.987013|1|Caçula|1|circulo_r60_xc160_yc120|220|120|64536|82|64316.011226|0.000000|0.000000|55.000000|55.000000|1877.157914|2.356194|3.054326|0.698132|11.959094|106.446416|81.269375|
20170502_125844|16734|82|12.987013|1|CarroTeste|0|circulo_r60_xc160_yc120|0|0|0|0|0.000000|0.000000|0.000000|0.000000|0.000000|0.000000|0.000000|0.000000|0.000000|0.000000|0.000000|0.000000|
20170502_125844|16736|82|12.987013|1|CarroTeste2|1|circulo_r60_xc160_yc120|204|80|203|82|2.236068|0.000000|0.000000|55.000000|55.000000|1877.157914|1.997424|0.797225|-1.200198|-20.559569|72.216244|115.499547|
20170502_125844|16738|82|12.987013|1|Caçula|1|circulo_r60_xc160_yc120|220|120|64536|82|64316.011226|0.000000|0.000000|55.000000|55.000000|1877.157914|2.356194|3.054326|0.698132|11.959094|106.446416|81.269375|
20170502_125844|16825|84|12.987013|1|CarroTeste|0|circulo_r60_xc160_yc120|0|0|0|0|0.000000|0.000000|0.000000|0.000000|0.000000|0.000000|0.000000|0.000000|0.000000|0.000000|0.000000|0.000000|
20170502_125844|16828|84|12.987013|1|CarroTeste2|1|circulo_r60_xc160_yc120|204|80|203|82|2.236068|0.000000|0.000000|55.000000|55.000000|1877.157914|1.997424|0.797225|-1.200198|-20.559569|72.216243|115.499548|
20170502_125844|16830|84|12.987013|1|Caçula|1|circulo_r60_xc160_yc120|220|120|64536|82|64316.011226|0.000000|0.000000|55.000000|55.000000|1877.157914|2.356194|3.054326|0.698132|11.959094|106.446416|81.269375|
20170502_125844|16903|86|12.987013|1|CarroTeste|0|circulo_r60_xc160_yc120|0|0|0|0|0.000000|0.000000|0.000000|0.000000|0.000000|0.000000|0.000000|0.000000|0.000000|0.000000|0.000000|0.000000|
20170502_125844|16908|86|12.987013|1|CarroTeste2|1|circulo_r60_xc160_yc120|204|80|203|82|2.236068|0.000000|0.000000|55.000000|55.000000|1877.157914|2.111216|0.797225|-1.313990|-22.508843|70.164376|117.551415|
20170502_125844|16912|86|12.987013|1|Caçula|1|circulo_r60_xc160_yc120|220|120|64536|82|64316.011226|0.000000|0.000000|55.000000|55.000000|1877.157914|2.356194|3.054326|0.698132|11.959094|106.446416|81.269375|
20170502_125844|16980|88|12.987013|1|CarroTeste|0|circulo_r60_xc160_yc120|0|0|0|0|0.000000|0.000000|0.000000|0.000000|0.000000|0.000000|0.000000|0.000000|0.000000|0.000000|0.000000|0.000000|
20170502_125844|16983|88|12.987013|1|CarroTeste2|1|circulo_r60_xc160_yc120|204|80|203|82|2.236068|0.000000|0.000000|55.000000|55.000000|1877.157914|2.111216|0.797225|-1.313990|-22.508844|70.164376|117.551416|
20170502_125844|16985|88|12.987013|1|Caçula|1|circulo_r60_xc160_yc120|220|120|64536|82|64316.011226|0.000000|0.000000|55.000000|55.000000|1877.157914|2.356194|3.054326|0.698132|11.959094|106.446416|81.269375|
20170502_125844|17058|90|12.987013|1|CarroTeste|0|circulo_r60_xc160_yc120|0|0|0|0|0.000000|0.000000|0.000000|0.000000|0.000000|0.000000|0.000000|0.000000|0.000000|0.000000|0.000000|0.000000|
20170502_125844|17061|90|12.987013|1|CarroTeste2|1|circulo_r60_xc160_yc120|204|80|203|82|2.236068|0.000000|0.000000|55.000000|55.000000|1877.157914|2.111216|0.797225|-1.313990|-22.508844|70.164376|117.551416|
20170502_125844|17063|90|12.987013|1|Caçula|1|circulo_r60_xc160_yc120|220|120|64536|82|64316.011226|0.000000|0.000000|55.000000|55.000000|1877.157914|2.356194|3.054326|0.698132|11.959094|106.446416|81.269375|
20170502_125844|17135|92|12.987013|1|CarroTeste|0|circulo_r60_xc160_yc120|0|0|0|0|0.000000|0.000000|0.000000|0.000000|0.000000|0.000000|0.000000|0.000000|0.000000|0.000000|0.000000|0.000000|
20170502_125844|17138|92|12.987013|1|CarroTeste2|1|circulo_r60_xc160_yc120|204|80|203|82|2.236068|0.000000|0.000000|55.000000|55.000000|1877.157914|1.997424|0.797225|-1.200198|-20.559570|72.216242|115.499549|
20170502_125844|17140|92|12.987013|1|Caçula|1|circulo_r60_xc160_yc120|220|120|64536|82|64316.011226|0.000000|0.000000|55.000000|55.000000|1877.157914|2.356194|3.054326|0.698132|11.959094|106.446416|81.269375|
20170502_125844|17214|94|12.987013|1|CarroTeste|0|circulo_r60_xc160_yc120|0|0|0|0|0.000000|0.000000|0.000000|0.000000|0.000000|0.000000|0.000000|0.000000|0.000000|0.000000|0.000000|0.000000|
20170502_125844|17217|94|12.987013|1|CarroTeste2|1|circulo_r60_xc160_yc120|204|80|203|82|2.236068|0.000000|0.000000|55.000000|55.000000|1877.157914|1.997424|0.797225|-1.200198|-20.559569|72.216243|115.499548|
20170502_125844|17220|94|12.987013|1|Caçula|1|circulo_r60_xc160_yc120|220|120|64536|82|64316.011226|0.000000|0.000000|55.000000|55.000000|1877.157914|2.356194|3.054326|0.698132|11.959094|106.446416|81.269375|
20170502_125844|17291|96|12.987013|1|CarroTeste|0|circulo_r60_xc160_yc120|0|0|0|0|0.000000|0.000000|0.000000|0.000000|0.000000|0.000000|0.000000|0.000000|0.000000|0.000000|0.000000|0.000000|
20170502_125844|17294|96|12.987013|1|CarroTeste2|1|circulo_r60_xc160_yc120|204|80|203|82|2.236068|0.000000|0.000000|55.000000|55.000000|1877.157914|1.951303|0.797225|-1.154077|-19.769508|73.047887|114.667905|
20170502_125844|17298|96|12.987013|1|Caçula|1|circulo_r60_xc160_yc120|220|120|64536|82|64316.011226|0.000000|0.000000|55.000000|55.000000|1877.157914|2.356194|3.054326|0.698132|11.959094|106.446416|81.269375|
20170502_125844|17369|98|12.987013|1|CarroTeste|0|circulo_r60_xc160_yc120|0|0|0|0|0.000000|0.000000|0.000000|0.000000|0.000000|0.000000|0.000000|0.000000|0.000000|0.000000|0.000000|0.000000|
20170502_125844|17372|98|12.987013|1|CarroTeste2|1|circulo_r60_xc160_yc120|204|80|203|82|2.236068|0.000000|0.000000|55.000000|55.000000|1877.157914|2.111216|0.797225|-1.313990|-22.508843|70.164377|117.551415|
20170502_125844|17373|98|12.987013|1|Caçula|1|circulo_r60_xc160_yc120|220|120|64536|82|64316.011226|0.000000|0.000000|55.000000|55.000000|1877.157914|2.356194|3.054326|0.698132|11.959094|106.446416|81.269375|
20170502_125844|17448|100|12.987013|1|CarroTeste|0|circulo_r60_xc160_yc120|0|0|0|0|0.000000|0.000000|0.000000|0.000000|0.000000|0.000000|0.000000|0.000000|0.000000|0.000000|0.000000|0.000000|
20170502_125844|17450|100|12.987013|1|CarroTeste2|1|circulo_r60_xc160_yc120|204|80|203|82|2.236068|0.000000|0.000000|55.000000|55.000000|1877.157914|1.997424|0.797225|-1.200198|-20.559570|72.216242|115.499549|
20170502_125844|17452|100|12.987013|1|Caçula|1|circulo_r60_xc160_yc120|220|120|64536|82|64316.011226|0.000000|0.000000|55.000000|55.000000|1877.157914|2.356194|3.054326|0.698132|11.959094|106.446416|81.269375|
20170502_125844|17525|102|12.987013|1|CarroTeste|0|circulo_r60_xc160_yc120|0|0|0|0|0.000000|0.000000|0.000000|0.000000|0.000000|0.000000|0.000000|0.000000|0.000000|0.000000|0.000000|0.000000|
20170502_125844|17527|102|12.987013|1|CarroTeste2|1|circulo_r60_xc160_yc120|204|80|203|82|2.236068|0.000000|0.000000|55.000000|55.000000|1877.157914|2.111216|0.797225|-1.313990|-22.508843|70.164376|117.551415|
20170502_125844|17529|102|12.987013|1|Caçula|1|circulo_r60_xc160_yc120|220|120|64536|82|64316.011226|0.000000|0.000000|55.000000|55.000000|1877.157914|2.356194|3.054326|0.698132|11.959094|106.446416|81.269375|
20170502_125845|17603|104|12.987013|1|CarroTeste|0|circulo_r60_xc160_yc120|0|0|0|0|0.000000|0.000000|0.000000|0.000000|0.000000|0.000000|0.000000|0.000000|0.000000|0.000000|0.000000|0.000000|
20170502_125845|17605|104|12.987013|1|CarroTeste2|1|circulo_r60_xc160_yc120|204|80|203|82|2.236068|0.000000|0.000000|55.000000|55.000000|1877.157914|2.111216|0.797225|-1.313990|-22.508844|70.164376|117.551416|
20170502_125845|17608|104|12.987013|1|Caçula|1|circulo_r60_xc160_yc120|220|120|64536|82|64316.011226|0.000000|0.000000|55.000000|55.000000|1877.157914|2.356194|3.054326|0.698132|11.959094|106.446416|81.269375|
20170502_125845|17681|106|12.987013|1|CarroTeste|0|circulo_r60_xc160_yc120|0|0|0|0|0.000000|0.000000|0.000000|0.000000|0.000000|0.000000|0.000000|0.000000|0.000000|0.000000|0.000000|0.000000|
20170502_125845|17710|106|12.987013|1|CarroTeste2|1|circulo_r60_xc160_yc120|204|80|203|82|2.236068|0.000000|0.000000|55.000000|55.000000|1877.157914|1.892547|0.797225|-1.095321|-18.763015|74.107353|113.608438|
20170502_125845|17712|106|12.987013|1|Caçula|1|circulo_r60_xc160_yc120|220|120|64536|82|64316.011226|0.000000|0.000000|55.000000|55.000000|1877.157914|2.356194|3.054326|0.698132|11.959094|106.446416|81.269375|
20170502_125845|17759|108|12.987013|1|CarroTeste|0|circulo_r60_xc160_yc120|0|0|0|0|0.000000|0.000000|0.000000|0.000000|0.000000|0.000000|0.000000|0.000000|0.000000|0.000000|0.000000|0.000000|
20170502_125845|17761|108|12.987013|1|CarroTeste2|1|circulo_r60_xc160_yc120|204|80|203|82|2.236068|0.000000|0.000000|55.000000|55.000000|1877.157914|2.111216|0.797225|-1.313990|-22.508842|70.164377|117.551414|
20170502_125845|17764|108|12.987013|1|Caçula|1|circulo_r60_xc160_yc120|220|120|64536|82|64316.011226|0.000000|0.000000|55.000000|55.000000|1877.157914|2.356194|3.054326|0.698132|11.959094|106.446416|81.269375|
20170502_125845|17837|110|12.987013|1|CarroTeste|0|circulo_r60_xc160_yc120|0|0|0|0|0.000000|0.000000|0.000000|0.000000|0.000000|0.000000|0.000000|0.000000|0.000000|0.000000|0.000000|0.000000|
20170502_125845|17839|110|12.987013|1|CarroTeste2|1|circulo_r60_xc160_yc120|204|80|203|82|2.236068|0.000000|0.000000|55.000000|55.000000|1877.157914|1.951303|0.797225|-1.154077|-19.769509|73.047886|114.667906|
20170502_125845|17842|110|12.987013|1|Caçula|1|circulo_r60_xc160_yc120|220|120|64536|82|64316.011226|0.000000|0.000000|55.000000|55.000000|1877.157914|2.356194|3.054326|0.698132|11.959094|106.446416|81.269375|
20170502_125845|17916|112|12.987013|1|CarroTeste|0|circulo_r60_xc160_yc120|0|0|0|0|0.000000|0.000000|0.000000|0.000000|0.000000|0.000000|0.000000|0.000000|0.000000|0.000000|0.000000|0.000000|
20170502_125845|17919|112|12.987013|1|CarroTeste2|1|circulo_r60_xc160_yc120|204|80|203|82|2.236068|0.000000|0.000000|55.000000|55.000000|1877.157914|1.951303|0.797225|-1.154077|-19.769508|73.047887|114.667904|
20170502_125845|17921|112|12.987013|1|Caçula|1|circulo_r60_xc160_yc120|220|120|64536|82|64316.011226|0.000000|0.000000|55.000000|55.000000|1877.157914|2.356194|3.054326|0.698132|11.959094|106.446416|81.269375|
20170502_125845|17994|114|12.987013|1|CarroTeste|0|circulo_r60_xc160_yc120|0|0|0|0|0.000000|0.000000|0.000000|0.000000|0.000000|0.000000|0.000000|0.000000|0.000000|0.000000|0.000000|0.000000|
20170502_125845|17996|114|12.987013|1|CarroTeste2|1|circulo_r60_xc160_yc120|204|80|203|82|2.236068|0.000000|0.000000|55.000000|55.000000|1877.157914|1.997424|0.797225|-1.200198|-20.559569|72.216244|115.499548|
20170502_125845|17999|114|12.987013|1|Caçula|1|circulo_r60_xc160_yc120|220|120|64536|82|64316.011226|0.000000|0.000000|55.000000|55.000000|1877.157914|2.356194|3.054326|0.698132|11.959094|106.446416|81.269375|
20170502_125845|18072|116|12.987013|1|CarroTeste|0|circulo_r60_xc160_yc120|0|0|0|0|0.000000|0.000000|0.000000|0.000000|0.000000|0.000000|0.000000|0.000000|0.000000|0.000000|0.000000|0.000000|
20170502_125845|18074|116|12.987013|1|CarroTeste2|1|circulo_r60_xc160_yc120|204|80|203|82|2.236068|0.000000|0.000000|55.000000|55.000000|1877.157914|2.111216|0.797225|-1.313990|-22.508843|70.164376|117.551415|
20170502_125845|18077|116|12.987013|1|Caçula|1|circulo_r60_xc160_yc120|220|120|64536|82|64316.011226|0.000000|0.000000|55.000000|55.000000|1877.157914|2.356194|3.054326|0.698132|11.959094|106.446416|81.269375|
20170502_125845|18150|118|12.987013|1|CarroTeste|0|circulo_r60_xc160_yc120|0|0|0|0|0.000000|0.000000|0.000000|0.000000|0.000000|0.000000|0.000000|0.000000|0.000000|0.000000|0.000000|0.000000|
20170502_125845|18152|118|12.987013|1|CarroTeste2|1|circulo_r60_xc160_yc120|204|80|203|82|2.236068|0.000000|0.000000|55.000000|55.000000|1877.157914|1.997424|0.797225|-1.200198|-20.559570|72.216242|115.499549|
20170502_125845|18155|118|12.987013|1|Caçula|1|circulo_r60_xc160_yc120|220|120|64536|82|64316.011226|0.000000|0.000000|55.000000|55.000000|1877.157914|2.356194|3.054326|0.698132|11.959094|106.446416|81.269375|
20170502_125845|18227|120|12.987013|1|CarroTeste|0|circulo_r60_xc160_yc120|0|0|0|0|0.000000|0.000000|0.000000|0.000000|0.000000|0.000000|0.000000|0.000000|0.000000|0.000000|0.000000|0.000000|
20170502_125845|18230|120|12.987013|1|CarroTeste2|1|circulo_r60_xc160_yc120|204|80|203|82|2.236068|0.000000|0.000000|55.000000|55.000000|1877.157914|1.892547|0.797225|-1.095321|-18.763014|74.107354|113.608437|
20170502_125845|18232|120|12.987013|1|Caçula|1|circulo_r60_xc160_yc120|220|120|64536|82|64316.011226|0.000000|0.000000|55.000000|55.000000|1877.157914|2.356194|3.054326|0.698132|11.959094|106.446416|81.269375|
20170502_125845|18305|122|12.987013|1|CarroTeste|0|circulo_r60_xc160_yc120|0|0|0|0|0.000000|0.000000|0.000000|0.000000|0.000000|0.000000|0.000000|0.000000|0.000000|0.000000|0.000000|0.000000|
20170502_125845|18307|122|12.987013|1|CarroTeste2|1|circulo_r60_xc160_yc120|204|80|203|82|2.236068|0.000000|0.000000|55.000000|55.000000|1877.157914|1.997424|0.797225|-1.200198|-20.559569|72.216244|115.499547|
20170502_125845|18309|122|12.987013|1|Caçula|1|circulo_r60_xc160_yc120|220|120|64536|82|64316.011226|0.000000|0.000000|55.000000|55.000000|1877.157914|2.356194|3.054326|0.698132|11.959094|106.446416|81.269375|
20170502_125845|18383|124|12.987013|1|CarroTeste|0|circulo_r60_xc160_yc120|0|0|0|0|0.000000|0.000000|0.000000|0.000000|0.000000|0.000000|0.000000|0.000000|0.000000|0.000000|0.000000|0.000000|
20170502_125845|18385|124|12.987013|1|CarroTeste2|1|circulo_r60_xc160_yc120|204|80|203|82|2.236068|0.000000|0.000000|55.000000|55.000000|1877.157914|1.997424|0.797225|-1.200198|-20.559569|72.216243|115.499548|
20170502_125845|18388|124|12.987013|1|Caçula|1|circulo_r60_xc160_yc120|220|120|64536|82|64316.011226|0.000000|0.000000|55.000000|55.000000|1877.157914|2.356194|3.054326|0.698132|11.959094|106.446416|81.269375|
20170502_125845|18461|126|12.987013|1|CarroTeste|0|circulo_r60_xc160_yc120|0|0|0|0|0.000000|0.000000|0.000000|0.000000|0.000000|0.000000|0.000000|0.000000|0.000000|0.000000|0.000000|0.000000|
20170502_125845|18463|126|12.987013|1|CarroTeste2|1|circulo_r60_xc160_yc120|204|80|203|82|2.236068|0.000000|0.000000|55.000000|55.000000|1877.157914|1.997424|0.797225|-1.200198|-20.559569|72.216243|115.499548|
20170502_125845|18465|126|12.987013|1|Caçula|1|circulo_r60_xc160_yc120|220|120|64536|82|64316.011226|0.000000|0.000000|55.000000|55.000000|1877.157914|2.356194|3.054326|0.698132|11.959094|106.446416|81.269375|
20170502_125845|18539|128|12.987013|1|CarroTeste|0|circulo_r60_xc160_yc120|0|0|0|0|0.000000|0.000000|0.000000|0.000000|0.000000|0.000000|0.000000|0.000000|0.000000|0.000000|0.000000|0.000000|
20170502_125845|18542|128|12.987013|1|CarroTeste2|1|circulo_r60_xc160_yc120|204|80|203|82|2.236068|0.000000|0.000000|55.000000|55.000000|1877.157914|1.997424|0.797225|-1.200198|-20.559569|72.216243|115.499548|
20170502_125845|18544|128|12.987013|1|Caçula|1|circulo_r60_xc160_yc120|220|120|64536|82|64316.011226|0.000000|0.000000|55.000000|55.000000|1877.157914|2.356194|3.054326|0.698132|11.959094|106.446416|81.269375|
20170502_125846|18618|130|12.987013|1|CarroTeste|0|circulo_r60_xc160_yc120|0|0|0|0|0.000000|0.000000|0.000000|0.000000|0.000000|0.000000|0.000000|0.000000|0.000000|0.000000|0.000000|0.000000|
20170502_125846|18620|130|12.987013|1|CarroTeste2|1|circulo_r60_xc160_yc120|204|80|203|82|2.236068|0.000000|0.000000|55.000000|55.000000|1877.157914|1.997424|0.797225|-1.200198|-20.559569|72.216243|115.499548|
20170502_125846|18622|130|12.987013|1|Caçula|1|circulo_r60_xc160_yc120|220|120|64536|82|64316.011226|0.000000|0.000000|55.000000|55.000000|1877.157914|2.356194|3.054326|0.698132|11.959094|106.446416|81.269375|
20170502_125846|18695|132|12.987013|1|CarroTeste|0|circulo_r60_xc160_yc120|0|0|0|0|0.000000|0.000000|0.000000|0.000000|0.000000|0.000000|0.000000|0.000000|0.000000|0.000000|0.000000|0.000000|
20170502_125846|18697|132|12.987013|1|CarroTeste2|1|circulo_r60_xc160_yc120|204|80|203|82|2.236068|0.000000|0.000000|55.000000|55.000000|1877.157914|1.997424|0.797225|-1.200198|-20.559569|72.216243|115.499548|
20170502_125846|18700|132|12.987013|1|Caçula|1|circulo_r60_xc160_yc120|220|120|64536|82|64316.011226|0.000000|0.000000|55.000000|55.000000|1877.157914|2.356194|3.054326|0.698132|11.959094|106.446416|81.269375|
20170502_125846|18773|134|12.987013|1|CarroTeste|0|circulo_r60_xc160_yc120|0|0|0|0|0.000000|0.000000|0.000000|0.000000|0.000000|0.000000|0.000000|0.000000|0.000000|0.000000|0.000000|0.000000|
20170502_125846|18775|134|12.987013|1|CarroTeste2|1|circulo_r60_xc160_yc120|204|80|203|82|2.236068|0.000000|0.000000|55.000000|55.000000|1877.157914|1.997424|0.797225|-1.200198|-20.559569|72.216243|115.499548|
20170502_125846|18777|134|12.987013|1|Caçula|1|circulo_r60_xc160_yc120|220|120|64536|82|64316.011226|0.000000|0.000000|55.000000|55.000000|1877.157914|2.356194|3.054326|0.698132|11.959094|106.446416|81.269375|
20170502_125846|18850|136|12.987013|1|CarroTeste|0|circulo_r60_xc160_yc120|0|0|0|0|0.000000|0.000000|0.000000|0.000000|0.000000|0.000000|0.000000|0.000000|0.000000|0.000000|0.000000|0.000000|
20170502_125846|18853|136|12.987013|1|CarroTeste2|1|circulo_r60_xc160_yc120|204|80|203|82|2.236068|0.000000|0.000000|55.000000|55.000000|1877.157914|2.111216|0.797225|-1.313990|-22.508843|70.164376|117.551415|
20170502_125846|18855|136|12.987013|1|Caçula|1|circulo_r60_xc160_yc120|220|120|64536|82|64316.011226|0.000000|0.000000|55.000000|55.000000|1877.157914|2.356194|3.054326|0.698132|11.959094|106.446416|81.269375|
20170502_125846|18928|138|12.987013|1|CarroTeste|0|circulo_r60_xc160_yc120|0|0|0|0|0.000000|0.000000|0.000000|0.000000|0.000000|0.000000|0.000000|0.000000|0.000000|0.000000|0.000000|0.000000|
20170502_125846|18930|138|12.987013|1|CarroTeste2|1|circulo_r60_xc160_yc120|204|80|203|82|2.236068|0.000000|0.000000|55.000000|55.000000|1877.157914|2.111216|0.797225|-1.313990|-22.508844|70.164376|117.551416|
20170502_125846|18933|138|12.987013|1|Caçula|1|circulo_r60_xc160_yc120|220|120|64536|82|64316.011226|0.000000|0.000000|55.000000|55.000000|1877.157914|2.356194|3.054326|0.698132|11.959094|106.446416|81.269375|
20170502_125846|19007|140|12.987013|1|CarroTeste|0|circulo_r60_xc160_yc120|0|0|0|0|0.000000|0.000000|0.000000|0.000000|0.000000|0.000000|0.000000|0.000000|0.000000|0.000000|0.000000|0.000000|
20170502_125846|19009|140|12.987013|1|CarroTeste2|1|circulo_r60_xc160_yc120|204|80|203|82|2.236068|0.000000|0.000000|55.000000|55.000000|1877.157914|1.997424|0.797225|-1.200198|-20.559570|72.216242|115.499549|
20170502_125846|19012|140|12.987013|1|Caçula|1|circulo_r60_xc160_yc120|220|120|64536|82|64316.011226|0.000000|0.000000|55.000000|55.000000|1877.157914|2.356194|3.054326|0.698132|11.959094|106.446416|81.269375|
20170502_125846|19085|142|12.987013|1|CarroTeste|0|circulo_r60_xc160_yc120|0|0|0|0|0.000000|0.000000|0.000000|0.000000|0.000000|0.000000|0.000000|0.000000|0.000000|0.000000|0.000000|0.000000|
20170502_125846|19087|142|12.987013|1|CarroTeste2|1|circulo_r60_xc160_yc120|204|80|203|82|2.236068|0.000000|0.000000|55.000000|55.000000|1877.157914|1.997424|0.797225|-1.200198|-20.559569|72.216243|115.499548|
20170502_125846|19090|142|12.987013|1|Caçula|1|circulo_r60_xc160_yc120|220|120|64536|82|64316.011226|0.000000|0.000000|55.000000|55.000000|1877.157914|2.356194|3.054326|0.698132|11.959094|106.446416|81.269375|
20170502_125846|19162|144|12.987013|1|CarroTeste|0|circulo_r60_xc160_yc120|0|0|0|0|0.000000|0.000000|0.000000|0.000000|0.000000|0.000000|0.000000|0.000000|0.000000|0.000000|0.000000|0.000000|
20170502_125846|19164|144|12.987013|1|CarroTeste2|1|circulo_r60_xc160_yc120|204|80|203|82|2.236068|0.000000|0.000000|55.000000|55.000000|1877.157914|1.892547|0.797225|-1.095321|-18.763014|74.107354|113.608437|
20170502_125846|19166|144|12.987013|1|Caçula|1|circulo_r60_xc160_yc120|220|120|64536|82|64316.011226|0.000000|0.000000|55.000000|55.000000|1877.157914|2.356194|3.054326|0.698132|11.959094|106.446416|81.269375|
20170502_125846|19241|146|12.987013|1|CarroTeste|0|circulo_r60_xc160_yc120|0|0|0|0|0.000000|0.000000|0.000000|0.000000|0.000000|0.000000|0.000000|0.000000|0.000000|0.000000|0.000000|0.000000|
20170502_125846|19243|146|12.987013|1|CarroTeste2|1|circulo_r60_xc160_yc120|204|80|203|82|2.236068|0.000000|0.000000|55.000000|55.000000|1877.157914|1.997424|0.797225|-1.200198|-20.559569|72.216244|115.499547|
20170502_125846|19245|146|12.987013|1|Caçula|1|circulo_r60_xc160_yc120|220|120|64536|82|64316.011226|0.000000|0.000000|55.000000|55.000000|1877.157914|2.356194|3.054326|0.698132|11.959094|106.446416|81.269375|
20170502_125846|19317|148|12.987013|1|CarroTeste|0|circulo_r60_xc160_yc120|0|0|0|0|0.000000|0.000000|0.000000|0.000000|0.000000|0.000000|0.000000|0.000000|0.000000|0.000000|0.000000|0.000000|
20170502_125846|19319|148|12.987013|1|CarroTeste2|1|circulo_r60_xc160_yc120|204|80|203|82|2.236068|0.000000|0.000000|55.000000|55.000000|1877.157914|1.997424|0.797225|-1.200198|-20.559569|72.216243|115.499548|
20170502_125846|19321|148|12.987013|1|Caçula|1|circulo_r60_xc160_yc120|220|120|64536|82|64316.011226|0.000000|0.000000|55.000000|55.000000|1877.157914|2.356194|3.054326|0.698132|11.959094|106.446416|81.269375|
20170502_125846|19395|150|12.987013|1|CarroTeste|0|circulo_r60_xc160_yc120|0|0|0|0|0.000000|0.000000|0.000000|0.000000|0.000000|0.000000|0.000000|0.000000|0.000000|0.000000|0.000000|0.000000|
20170502_125846|19397|150|12.987013|1|CarroTeste2|1|circulo_r60_xc160_yc120|204|80|203|82|2.236068|0.000000|0.000000|55.000000|55.000000|1877.157914|1.997424|0.797225|-1.200198|-20.559569|72.216243|115.499548|
20170502_125846|19399|150|12.987013|1|Caçula|1|circulo_r60_xc160_yc120|220|120|64536|82|64316.011226|0.000000|0.000000|55.000000|55.000000|1877.157914|2.356194|3.054326|0.698132|11.959094|106.446416|81.269375|
20170502_125846|19473|152|12.987013|1|CarroTeste|0|circulo_r60_xc160_yc120|0|0|0|0|0.000000|0.000000|0.000000|0.000000|0.000000|0.000000|0.000000|0.000000|0.000000|0.000000|0.000000|0.000000|
20170502_125846|19475|152|12.987013|1|CarroTeste2|1|circulo_r60_xc160_yc120|204|80|203|82|2.236068|0.000000|0.000000|55.000000|55.000000|1877.157914|1.997424|0.797225|-1.200198|-20.559569|72.216243|115.499548|
20170502_125846|19478|152|12.987013|1|Caçula|1|circulo_r60_xc160_yc120|220|120|64536|82|64316.011226|0.000000|0.000000|55.000000|55.000000|1877.157914|2.356194|3.054326|0.698132|11.959094|106.446416|81.269375|
20170502_125847|19551|154|12.987013|1|CarroTeste|0|circulo_r60_xc160_yc120|0|0|0|0|0.000000|0.000000|0.000000|0.000000|0.000000|0.000000|0.000000|0.000000|0.000000|0.000000|0.000000|0.000000|
20170502_125847|19553|154|12.987013|1|CarroTeste2|1|circulo_r60_xc160_yc120|204|80|203|82|2.236068|0.000000|0.000000|55.000000|55.000000|1877.157914|1.951303|0.797225|-1.154077|-19.769508|73.047887|114.667905|
20170502_125847|19556|154|12.987013|1|Caçula|1|circulo_r60_xc160_yc120|220|120|64536|82|64316.011226|0.000000|0.000000|55.000000|55.000000|1877.157914|2.356194|3.054326|0.698132|11.959094|106.446416|81.269375|
20170502_125847|19629|156|12.987013|1|CarroTeste|0|circulo_r60_xc160_yc120|0|0|0|0|0.000000|0.000000|0.000000|0.000000|0.000000|0.000000|0.000000|0.000000|0.000000|0.000000|0.000000|0.000000|
20170502_125847|19631|156|12.987013|1|CarroTeste2|1|circulo_r60_xc160_yc120|204|80|203|82|2.236068|0.000000|0.000000|55.000000|55.000000|1877.157914|1.997424|0.797225|-1.200198|-20.559569|72.216244|115.499548|
20170502_125847|19633|156|12.987013|1|Caçula|1|circulo_r60_xc160_yc120|220|120|64536|82|64316.011226|0.000000|0.000000|55.000000|55.000000|1877.157914|2.356194|3.054326|0.698132|11.959094|106.446416|81.269375|
20170502_125847|19706|158|12.987013|1|CarroTeste|0|circulo_r60_xc160_yc120|0|0|0|0|0.000000|0.000000|0.000000|0.000000|0.000000|0.000000|0.000000|0.000000|0.000000|0.000000|0.000000|0.000000|
20170502_125847|19708|158|12.987013|1|CarroTeste2|1|circulo_r60_xc160_yc120|204|80|203|82|2.236068|0.000000|0.000000|55.000000|55.000000|1877.157914|2.034444|0.797225|-1.237218|-21.193731|71.548705|116.167086|
20170502_125847|19710|158|12.987013|1|Caçula|1|circulo_r60_xc160_yc120|220|120|64536|82|64316.011226|0.000000|0.000000|55.000000|55.000000|1877.157914|2.356194|3.054326|0.698132|11.959094|106.446416|81.269375|
20170502_125847|19784|160|12.987013|1|CarroTeste|0|circulo_r60_xc160_yc120|0|0|0|0|0.000000|0.000000|0.000000|0.000000|0.000000|0.000000|0.000000|0.000000|0.000000|0.000000|0.000000|0.000000|
20170502_125847|19786|160|12.987013|1|CarroTeste2|1|circulo_r60_xc160_yc120|204|80|203|82|2.236068|0.000000|0.000000|55.000000|55.000000|1877.157914|1.997424|0.797225|-1.200198|-20.559570|72.216243|115.499548|
20170502_125847|19788|160|12.987013|1|Caçula|1|circulo_r60_xc160_yc120|220|120|64536|82|64316.011226|0.000000|0.000000|55.000000|55.000000|1877.157914|2.356194|3.054326|0.698132|11.959094|106.446416|81.269375|
20170502_125847|19862|162|12.987013|1|CarroTeste|0|circulo_r60_xc160_yc120|0|0|0|0|0.000000|0.000000|0.000000|0.000000|0.000000|0.000000|0.000000|0.000000|0.000000|0.000000|0.000000|0.000000|
20170502_125847|19865|162|12.987013|1|CarroTeste2|1|circulo_r60_xc160_yc120|204|80|203|82|2.236068|0.000000|0.000000|55.000000|55.000000|1877.157914|1.997424|0.797225|-1.200198|-20.559569|72.216243|115.499548|
20170502_125847|19867|162|12.987013|1|Caçula|1|circulo_r60_xc160_yc120|220|120|64536|82|64316.011226|0.000000|0.000000|55.000000|55.000000|1877.157914|2.356194|3.054326|0.698132|11.959094|106.446416|81.269375|
20170502_125847|19940|164|12.987013|1|CarroTeste|0|circulo_r60_xc160_yc120|0|0|0|0|0.000000|0.000000|0.000000|0.000000|0.000000|0.000000|0.000000|0.000000|0.000000|0.000000|0.000000|0.000000|
20170502_125847|19943|164|12.987013|1|CarroTeste2|1|circulo_r60_xc160_yc120|204|80|203|82|2.236068|0.000000|0.000000|55.000000|55.000000|1877.157914|1.997424|0.797225|-1.200198|-20.559569|72.216243|115.499548|
20170502_125847|19945|164|12.987013|1|Caçula|1|circulo_r60_xc160_yc120|220|120|64536|82|64316.011226|0.000000|0.000000|55.000000|55.000000|1877.157914|2.356194|3.054326|0.698132|11.959094|106.446416|81.269375|
20170502_125847|20017|166|12.987013|1|CarroTeste|0|circulo_r60_xc160_yc120|0|0|0|0|0.000000|0.000000|0.000000|0.000000|0.000000|0.000000|0.000000|0.000000|0.000000|0.000000|0.000000|0.000000|
20170502_125847|20019|166|12.987013|1|CarroTeste2|1|circulo_r60_xc160_yc120|204|80|203|82|2.236068|0.000000|0.000000|55.000000|55.000000|1877.157914|2.111216|0.797225|-1.313990|-22.508843|70.164376|117.551415|
20170502_125847|20021|166|12.987013|1|Caçula|1|circulo_r60_xc160_yc120|220|120|64536|82|64316.011226|0.000000|0.000000|55.000000|55.000000|1877.157914|2.356194|3.054326|0.698132|11.959094|106.446416|81.269375|
20170502_125847|20094|168|12.987013|1|CarroTeste|0|circulo_r60_xc160_yc120|0|0|0|0|0.000000|0.000000|0.000000|0.000000|0.000000|0.000000|0.000000|0.000000|0.000000|0.000000|0.000000|0.000000|
20170502_125847|20096|168|12.987013|1|CarroTeste2|1|circulo_r60_xc160_yc120|204|80|203|82|2.236068|0.000000|0.000000|55.000000|55.000000|1877.157914|1.951303|0.797225|-1.154077|-19.769509|73.047886|114.667906|
20170502_125847|20098|168|12.987013|1|Caçula|1|circulo_r60_xc160_yc120|220|120|64536|82|64316.011226|0.000000|0.000000|55.000000|55.000000|1877.157914|2.356194|3.054326|0.698132|11.959094|106.446416|81.269375|
20170502_125847|20173|170|12.987013|1|CarroTeste|0|circulo_r60_xc160_yc120|0|0|0|0|0.000000|0.000000|0.000000|0.000000|0.000000|0.000000|0.000000|0.000000|0.000000|0.000000|0.000000|0.000000|
20170502_125847|20175|170|12.987013|1|CarroTeste2|1|circulo_r60_xc160_yc120|204|80|203|82|2.236068|0.000000|0.000000|55.000000|55.000000|1877.157914|2.111216|0.797225|-1.313990|-22.508843|70.164377|117.551415|
20170502_125847|20178|170|12.987013|1|Caçula|1|circulo_r60_xc160_yc120|220|120|64536|82|64316.011226|0.000000|0.000000|55.000000|55.000000|1877.157914|2.356194|3.054326|0.698132|11.959094|106.446416|81.269375|
20170502_125847|20250|172|12.987013|1|CarroTeste|0|circulo_r60_xc160_yc120|0|0|0|0|0.000000|0.000000|0.000000|0.000000|0.000000|0.000000|0.000000|0.000000|0.000000|0.000000|0.000000|0.000000|
20170502_125847|20252|172|12.987013|1|CarroTeste2|1|circulo_r60_xc160_yc120|204|80|203|82|2.236068|0.000000|0.000000|55.000000|55.000000|1877.157914|1.997424|0.797225|-1.200198|-20.559570|72.216242|115.499549|
20170502_125847|20254|172|12.987013|1|Caçula|1|circulo_r60_xc160_yc120|220|120|64536|82|64316.011226|0.000000|0.000000|55.000000|55.000000|1877.157914|2.356194|3.054326|0.698132|11.959094|106.446416|81.269375|
20170502_125847|20329|174|12.987013|1|CarroTeste|0|circulo_r60_xc160_yc120|0|0|0|0|0.000000|0.000000|0.000000|0.000000|0.000000|0.000000|0.000000|0.000000|0.000000|0.000000|0.000000|0.000000|
20170502_125847|20331|174|12.987013|1|CarroTeste2|1|circulo_r60_xc160_yc120|204|80|203|82|2.236068|0.000000|0.000000|55.000000|55.000000|1877.157914|2.111216|0.797225|-1.313990|-22.508843|70.164376|117.551415|
20170502_125847|20333|174|12.987013|1|Caçula|1|circulo_r60_xc160_yc120|220|120|64536|82|64316.011226|0.000000|0.000000|55.000000|55.000000|1877.157914|2.356194|3.054326|0.698132|11.959094|106.446416|81.269375|
20170502_125847|20407|176|12.987013|1|CarroTeste|0|circulo_r60_xc160_yc120|0|0|0|0|0.000000|0.000000|0.000000|0.000000|0.000000|0.000000|0.000000|0.000000|0.000000|0.000000|0.000000|0.000000|
20170502_125847|20409|176|12.987013|1|CarroTeste2|1|circulo_r60_xc160_yc120|204|80|203|82|2.236068|0.000000|0.000000|55.000000|55.000000|1877.157914|2.111216|0.797225|-1.313990|-22.508844|70.164376|117.551416|
20170502_125847|20411|176|12.987013|1|Caçula|1|circulo_r60_xc160_yc120|220|120|64536|82|64316.011226|0.000000|0.000000|55.000000|55.000000|1877.157914|2.356194|3.054326|0.698132|11.959094|106.446416|81.269375|
20170502_125847|20484|178|12.987013|1|CarroTeste|0|circulo_r60_xc160_yc120|0|0|0|0|0.000000|0.000000|0.000000|0.000000|0.000000|0.000000|0.000000|0.000000|0.000000|0.000000|0.000000|0.000000|
20170502_125847|20487|178|12.987013|1|CarroTeste2|1|circulo_r60_xc160_yc120|204|80|203|82|2.236068|0.000000|0.000000|55.000000|55.000000|1877.157914|2.077895|0.797225|-1.280669|-21.938050|70.765211|116.950580|
20170502_125847|20489|178|12.987013|1|Caçula|1|circulo_r60_xc160_yc120|220|120|64536|82|64316.011226|0.000000|0.000000|55.000000|55.000000|1877.157914|2.356194|3.054326|0.698132|11.959094|106.446416|81.269375|
20170502_125848|20562|180|12.987013|1|CarroTeste|0|circulo_r60_xc160_yc120|0|0|0|0|0.000000|0.000000|0.000000|0.000000|0.000000|0.000000|0.000000|0.000000|0.000000|0.000000|0.000000|0.000000|
20170502_125848|20565|180|12.987013|1|CarroTeste2|1|circulo_r60_xc160_yc120|204|80|203|82|2.236068|0.000000|0.000000|55.000000|55.000000|1877.157914|1.997424|0.797225|-1.200198|-20.559570|72.216243|115.499549|
20170502_125848|20567|180|12.987013|1|Caçula|1|circulo_r60_xc160_yc120|220|120|64536|82|64316.011226|0.000000|0.000000|55.000000|55.000000|1877.157914|2.356194|3.054326|0.698132|11.959094|106.446416|81.269375|
20170502_125848|20640|182|12.987013|1|CarroTeste|0|circulo_r60_xc160_yc120|0|0|0|0|0.000000|0.000000|0.000000|0.000000|0.000000|0.000000|0.000000|0.000000|0.000000|0.000000|0.000000|0.000000|
20170502_125848|20642|182|12.987013|1|CarroTeste2|1|circulo_r60_xc160_yc120|204|80|203|82|2.236068|0.000000|0.000000|55.000000|55.000000|1877.157914|1.997424|0.797225|-1.200198|-20.559569|72.216243|115.499548|
20170502_125848|20644|182|12.987013|1|Caçula|1|circulo_r60_xc160_yc120|220|120|64536|82|64316.011226|0.000000|0.000000|55.000000|55.000000|1877.157914|2.356194|3.054326|0.698132|11.959094|106.446416|81.269375|
20170502_125848|20719|184|12.987013|1|CarroTeste|0|circulo_r60_xc160_yc120|0|0|0|0|0.000000|0.000000|0.000000|0.000000|0.000000|0.000000|0.000000|0.000000|0.000000|0.000000|0.000000|0.000000|
20170502_125848|20721|184|12.987013|1|CarroTeste2|1|circulo_r60_xc160_yc120|204|80|203|82|2.236068|0.000000|0.000000|55.000000|55.000000|1877.157914|1.997424|0.797225|-1.200198|-20.559569|72.216243|115.499548|
20170502_125848|20723|184|12.987013|1|Caçula|1|circulo_r60_xc160_yc120|220|120|64536|82|64316.011226|0.000000|0.000000|55.000000|55.000000|1877.157914|2.356194|3.054326|0.698132|11.959094|106.446416|81.269375|
20170502_125848|20797|186|12.987013|1|CarroTeste|0|circulo_r60_xc160_yc120|0|0|0|0|0.000000|0.000000|0.000000|0.000000|0.000000|0.000000|0.000000|0.000000|0.000000|0.000000|0.000000|0.000000|
20170502_125848|20799|186|12.987013|1|CarroTeste2|1|circulo_r60_xc160_yc120|204|80|203|82|2.236068|0.000000|0.000000|55.000000|55.000000|1877.157914|1.997424|0.797225|-1.200198|-20.559569|72.216243|115.499548|
20170502_125848|20801|186|12.987013|1|Caçula|1|circulo_r60_xc160_yc120|220|120|64536|82|64316.011226|0.000000|0.000000|55.000000|55.000000|1877.157914|2.356194|3.054326|0.698132|11.959094|106.446416|81.269375|
20170502_125848|20874|188|12.987013|1|CarroTeste|0|circulo_r60_xc160_yc120|0|0|0|0|0.000000|0.000000|0.000000|0.000000|0.000000|0.000000|0.000000|0.000000|0.000000|0.000000|0.000000|0.000000|
20170502_125848|20876|188|12.987013|1|CarroTeste2|1|circulo_r60_xc160_yc120|204|80|203|82|2.236068|0.000000|0.000000|55.000000|55.000000|1877.157914|1.997424|0.797225|-1.200198|-20.559569|72.216243|115.499548|
20170502_125848|20878|188|12.987013|1|Caçula|1|circulo_r60_xc160_yc120|220|120|64536|82|64316.011226|0.000000|0.000000|55.000000|55.000000|1877.157914|2.356194|3.054326|0.698132|11.959094|106.446416|81.269375|
20170502_125848|20951|190|12.987013|1|CarroTeste|0|circulo_r60_xc160_yc120|0|0|0|0|0.000000|0.000000|0.000000|0.000000|0.000000|0.000000|0.000000|0.000000|0.000000|0.000000|0.000000|0.000000|
20170502_125848|20954|190|12.987013|1|CarroTeste2|1|circulo_r60_xc160_yc120|204|80|203|82|2.236068|0.000000|0.000000|55.000000|55.000000|1877.157914|2.111216|0.797225|-1.313990|-22.508843|70.164376|117.551415|
20170502_125848|20956|190|12.987013|1|Caçula|1|circulo_r60_xc160_yc120|220|120|64536|82|64316.011226|0.000000|0.000000|55.000000|55.000000|1877.157914|2.356194|3.054326|0.698132|11.959094|106.446416|81.269375|
20170502_125848|21029|192|12.987013|1|CarroTeste|0|circulo_r60_xc160_yc120|0|0|0|0|0.000000|0.000000|0.000000|0.000000|0.000000|0.000000|0.000000|0.000000|0.000000|0.000000|0.000000|0.000000|
20170502_125848|21031|192|12.987013|1|CarroTeste2|1|circulo_r60_xc160_yc120|204|80|203|82|2.236068|0.000000|0.000000|55.000000|55.000000|1877.157914|1.997424|0.797225|-1.200198|-20.559570|72.216242|115.499549|
20170502_125848|21033|192|12.987013|1|Caçula|1|circulo_r60_xc160_yc120|220|120|64536|82|64316.011226|0.000000|0.000000|55.000000|55.000000|1877.157914|2.356194|3.054326|0.698132|11.959094|106.446416|81.269375|
20170502_125848|21107|194|12.987013|1|CarroTeste|0|circulo_r60_xc160_yc120|0|0|0|0|0.000000|0.000000|0.000000|0.000000|0.000000|0.000000|0.000000|0.000000|0.000000|0.000000|0.000000|0.000000|
20170502_125848|21109|194|12.987013|1|CarroTeste2|1|circulo_r60_xc160_yc120|204|80|203|82|2.236068|0.000000|0.000000|55.000000|55.000000|1877.157914|1.997424|0.797225|-1.200198|-20.559569|72.216243|115.499548|
20170502_125848|21112|194|12.987013|1|Caçula|1|circulo_r60_xc160_yc120|220|120|64536|82|64316.011226|0.000000|0.000000|55.000000|55.000000|1877.157914|2.356194|3.054326|0.698132|11.959094|106.446416|81.269375|
20170502_125848|21184|196|12.987013|1|CarroTeste|0|circulo_r60_xc160_yc120|0|0|0|0|0.000000|0.000000|0.000000|0.000000|0.000000|0.000000|0.000000|0.000000|0.000000|0.000000|0.000000|0.000000|
20170502_125848|21186|196|12.987013|1|CarroTeste2|1|circulo_r60_xc160_yc120|204|80|203|82|2.236068|0.000000|0.000000|55.000000|55.000000|1877.157914|2.111216|0.797225|-1.313990|-22.508843|70.164376|117.551415|
20170502_125848|21188|196|12.987013|1|Caçula|1|circulo_r60_xc160_yc120|220|120|64536|82|64316.011226|0.000000|0.000000|55.000000|55.000000|1877.157914|2.356194|3.054326|0.698132|11.959094|106.446416|81.269375|
20170502_125848|21263|198|12.987013|1|CarroTeste|0|circulo_r60_xc160_yc120|0|0|0|0|0.000000|0.000000|0.000000|0.000000|0.000000|0.000000|0.000000|0.000000|0.000000|0.000000|0.000000|0.000000|
20170502_125848|21265|198|12.987013|1|CarroTeste2|1|circulo_r60_xc160_yc120|204|80|203|82|2.236068|0.000000|0.000000|55.000000|55.000000|1877.157914|1.997424|0.797225|-1.200198|-20.559570|72.216242|115.499549|
20170502_125848|21267|198|12.987013|1|Caçula|1|circulo_r60_xc160_yc120|220|120|64536|82|64316.011226|0.000000|0.000000|55.000000|55.000000|1877.157914|2.356194|3.054326|0.698132|11.959094|106.446416|81.269375|
20170502_125848|21340|200|12.987013|1|CarroTeste|0|circulo_r60_xc160_yc120|0|0|0|0|0.000000|0.000000|0.000000|0.000000|0.000000|0.000000|0.000000|0.000000|0.000000|0.000000|0.000000|0.000000|
20170502_125848|21343|200|12.987013|1|CarroTeste2|1|circulo_r60_xc160_yc120|204|80|203|82|2.236068|0.000000|0.000000|55.000000|55.000000|1877.157914|1.997424|0.797225|-1.200198|-20.559569|72.216243|115.499548|
20170502_125848|21345|200|12.987013|1|Caçula|1|circulo_r60_xc160_yc120|220|120|64536|82|64316.011226|0.000000|0.000000|55.000000|55.000000|1877.157914|2.356194|3.054326|0.698132|11.959094|106.446416|81.269375|
20170502_125848|21418|202|12.987013|1|CarroTeste|0|circulo_r60_xc160_yc120|0|0|0|0|0.000000|0.000000|0.000000|0.000000|0.000000|0.000000|0.000000|0.000000|0.000000|0.000000|0.000000|0.000000|
20170502_125848|21420|202|12.987013|1|CarroTeste2|1|circulo_r60_xc160_yc120|204|80|203|82|2.236068|0.000000|0.000000|55.000000|55.000000|1877.157914|1.997424|0.797225|-1.200198|-20.559569|72.216243|115.499548|
20170502_125848|21422|202|12.987013|1|Caçula|1|circulo_r60_xc160_yc120|220|120|64536|82|64316.011226|0.000000|0.000000|55.000000|55.000000|1877.157914|2.356194|3.054326|0.698132|11.959094|106.446416|81.269375|
20170502_125848|21497|204|12.987013|1|CarroTeste|0|circulo_r60_xc160_yc120|0|0|0|0|0.000000|0.000000|0.000000|0.000000|0.000000|0.000000|0.000000|0.000000|0.000000|0.000000|0.000000|0.000000|
20170502_125848|21499|204|12.987013|1|CarroTeste2|1|circulo_r60_xc160_yc120|204|80|203|82|2.236068|0.000000|0.000000|55.000000|55.000000|1877.157914|1.997424|0.797225|-1.200198|-20.559569|72.216243|115.499548|
20170502_125848|21502|204|12.987013|1|Caçula|1|circulo_r60_xc160_yc120|220|120|64536|82|64316.011226|0.000000|0.000000|55.000000|55.000000|1877.157914|2.356194|3.054326|0.698132|11.959094|106.446416|81.269375|
20170502_125849|21573|206|12.987013|1|CarroTeste|0|circulo_r60_xc160_yc120|0|0|0|0|0.000000|0.000000|0.000000|0.000000|0.000000|0.000000|0.000000|0.000000|0.000000|0.000000|0.000000|0.000000|
20170502_125849|21575|206|12.987013|1|CarroTeste2|1|circulo_r60_xc160_yc120|204|80|203|82|2.236068|0.000000|0.000000|55.000000|55.000000|1877.157914|1.997424|0.797225|-1.200198|-20.559569|72.216243|115.499548|
20170502_125849|21577|206|12.987013|1|Caçula|1|circulo_r60_xc160_yc120|220|120|64536|82|64316.011226|0.000000|0.000000|55.000000|55.000000|1877.157914|2.356194|3.054326|0.698132|11.959094|106.446416|81.269375|
20170502_125849|21651|208|12.987013|1|CarroTeste|0|circulo_r60_xc160_yc120|0|0|0|0|0.000000|0.000000|0.000000|0.000000|0.000000|0.000000|0.000000|0.000000|0.000000|0.000000|0.000000|0.000000|
20170502_125849|21653|208|12.987013|1|CarroTeste2|1|circulo_r60_xc160_yc120|204|80|203|82|2.236068|0.000000|0.000000|55.000000|55.000000|1877.157914|1.997424|0.797225|-1.200198|-20.559569|72.216243|115.499548|
20170502_125849|21655|208|12.987013|1|Caçula|1|circulo_r60_xc160_yc120|220|120|64536|82|64316.011226|0.000000|0.000000|55.000000|55.000000|1877.157914|2.356194|3.054326|0.698132|11.959094|106.446416|81.269375|
20170502_125849|21729|210|12.987013|1|CarroTeste|0|circulo_r60_xc160_yc120|0|0|0|0|0.000000|0.000000|0.000000|0.000000|0.000000|0.000000|0.000000|0.000000|0.000000|0.000000|0.000000|0.000000|
20170502_125849|21731|210|12.987013|1|CarroTeste2|1|circulo_r60_xc160_yc120|204|80|203|82|2.236068|0.000000|0.000000|55.000000|55.000000|1877.157914|2.111216|0.797225|-1.313990|-22.508843|70.164376|117.551415|
20170502_125849|21734|210|12.987013|1|Caçula|1|circulo_r60_xc160_yc120|220|120|64536|82|64316.011226|0.000000|0.000000|55.000000|55.000000|1877.157914|2.356194|3.054326|0.698132|11.959094|106.446416|81.269375|
20170502_125849|21805|212|12.987013|1|CarroTeste|0|circulo_r60_xc160_yc120|0|0|0|0|0.000000|0.000000|0.000000|0.000000|0.000000|0.000000|0.000000|0.000000|0.000000|0.000000|0.000000|0.000000|
20170502_125849|21806|212|12.987013|1|CarroTeste2|0|circulo_r60_xc160_yc120|0|0|203|82|0.000000|0.000000|0.000000|0.000000|0.000000|0.000000|0.000000|0.000000|0.000000|0.000000|0.000000|0.000000|
20170502_125849|21807|212|12.987013|1|Caçula|0|circulo_r60_xc160_yc120|0|0|64536|82|0.000000|0.000000|0.000000|0.000000|0.000000|0.000000|0.000000|0.000000|0.000000|0.000000|0.000000|0.000000|
20170502_125849|21884|214|12.987013|1|CarroTeste|0|circulo_r60_xc160_yc120|0|0|0|0|0.000000|0.000000|0.000000|0.000000|0.000000|0.000000|0.000000|0.000000|0.000000|0.000000|0.000000|0.000000|
20170502_125849|21886|214|12.987013|1|CarroTeste2|1|circulo_r60_xc160_yc120|204|80|203|82|2.236068|0.000000|0.000000|55.000000|55.000000|1877.157914|1.997424|0.797225|-1.200198|-20.559570|72.216242|115.499549|
20170502_125849|21889|214|12.987013|1|Caçula|1|circulo_r60_xc160_yc120|220|120|64536|82|64316.011226|0.000000|0.000000|55.000000|55.000000|1877.157914|2.356194|3.054326|0.698132|11.959094|106.446416|81.269375|
20170502_125849|21962|216|12.987013|1|CarroTeste|0|circulo_r60_xc160_yc120|0|0|0|0|0.000000|0.000000|0.000000|0.000000|0.000000|0.000000|0.000000|0.000000|0.000000|0.000000|0.000000|0.000000|
20170502_125849|21964|216|12.987013|1|CarroTeste2|1|circulo_r60_xc160_yc120|204|80|203|82|2.236068|0.000000|0.000000|55.000000|55.000000|1877.157914|1.997424|0.797225|-1.200198|-20.559569|72.216243|115.499548|
20170502_125849|21966|216|12.987013|1|Caçula|1|circulo_r60_xc160_yc120|220|120|64536|82|64316.011226|0.000000|0.000000|55.000000|55.000000|1877.157914|2.356194|3.054326|0.698132|11.959094|106.446416|81.269375|
20170502_125849|22040|218|12.987013|1|CarroTeste|0|circulo_r60_xc160_yc120|0|0|0|0|0.000000|0.000000|0.000000|0.000000|0.000000|0.000000|0.000000|0.000000|0.000000|0.000000|0.000000|0.000000|
20170502_125849|22042|218|12.987013|1|CarroTeste2|1|circulo_r60_xc160_yc120|204|80|203|82|2.236068|0.000000|0.000000|55.000000|55.000000|1877.157914|1.997424|0.797225|-1.200198|-20.559569|72.216243|115.499548|
20170502_125849|22044|218|12.987013|1|Caçula|1|circulo_r60_xc160_yc120|220|120|64536|82|64316.011226|0.000000|0.000000|55.000000|55.000000|1877.157914|2.356194|3.054326|0.698132|11.959094|106.446416|81.269375|
20170502_125849|22117|220|12.987013|1|CarroTeste|0|circulo_r60_xc160_yc120|0|0|0|0|0.000000|0.000000|0.000000|0.000000|0.000000|0.000000|0.000000|0.000000|0.000000|0.000000|0.000000|0.000000|
20170502_125849|22119|220|12.987013|1|CarroTeste2|1|circulo_r60_xc160_yc120|204|80|203|82|2.236068|0.000000|0.000000|55.000000|55.000000|1877.157914|2.111216|0.797225|-1.313990|-22.508843|70.164376|117.551415|
20170502_125849|22122|220|12.987013|1|Caçula|1|circulo_r60_xc160_yc120|220|120|64536|82|64316.011226|0.000000|0.000000|55.000000|55.000000|1877.157914|2.356194|3.054326|0.698132|11.959094|106.446416|81.269375|
20170502_125849|22195|222|12.987013|1|CarroTeste|0|circulo_r60_xc160_yc120|0|0|0|0|0.000000|0.000000|0.000000|0.000000|0.000000|0.000000|0.000000|0.000000|0.000000|0.000000|0.000000|0.000000|
20170502_125849|22198|222|12.987013|1|CarroTeste2|1|circulo_r60_xc160_yc120|204|80|203|82|2.236068|0.000000|0.000000|55.000000|55.000000|1877.157914|1.997424|0.797225|-1.200198|-20.559570|72.216242|115.499549|
20170502_125849|22200|222|12.987013|1|Caçula|1|circulo_r60_xc160_yc120|220|120|64536|82|64316.011226|0.000000|0.000000|55.000000|55.000000|1877.157914|2.356194|3.054326|0.698132|11.959094|106.446416|81.269375|
20170502_125849|22273|224|12.987013|1|CarroTeste|0|circulo_r60_xc160_yc120|0|0|0|0|0.000000|0.000000|0.000000|0.000000|0.000000|0.000000|0.000000|0.000000|0.000000|0.000000|0.000000|0.000000|
20170502_125849|22275|224|12.987013|1|CarroTeste2|1|circulo_r60_xc160_yc120|204|80|203|82|2.236068|0.000000|0.000000|55.000000|55.000000|1877.157914|1.997424|0.797225|-1.200198|-20.559569|72.216243|115.499548|
20170502_125849|22277|224|12.987013|1|Caçula|1|circulo_r60_xc160_yc120|220|120|64536|82|64316.011226|0.000000|0.000000|55.000000|55.000000|1877.157914|2.356194|3.054326|0.698132|11.959094|106.446416|81.269375|
20170502_125849|22350|226|12.987013|1|CarroTeste|0|circulo_r60_xc160_yc120|0|0|0|0|0.000000|0.000000|0.000000|0.000000|0.000000|0.000000|0.000000|0.000000|0.000000|0.000000|0.000000|0.000000|
20170502_125849|22352|226|12.987013|1|CarroTeste2|1|circulo_r60_xc160_yc120|204|80|203|82|2.236068|0.000000|0.000000|55.000000|55.000000|1877.157914|1.997424|0.797225|-1.200198|-20.559569|72.216243|115.499548|
20170502_125849|22354|226|12.987013|1|Caçula|1|circulo_r60_xc160_yc120|220|120|64536|82|64316.011226|0.000000|0.000000|55.000000|55.000000|1877.157914|2.356194|3.054326|0.698132|11.959094|106.446416|81.269375|
20170502_125849|22428|228|12.987013|1|CarroTeste|0|circulo_r60_xc160_yc120|0|0|0|0|0.000000|0.000000|0.000000|0.000000|0.000000|0.000000|0.000000|0.000000|0.000000|0.000000|0.000000|0.000000|
20170502_125849|22430|228|12.987013|1|CarroTeste2|1|circulo_r60_xc160_yc120|204|80|203|82|2.236068|0.000000|0.000000|55.000000|55.000000|1877.157914|1.997424|0.797225|-1.200198|-20.559569|72.216243|115.499548|
20170502_125849|22433|228|12.987013|1|Caçula|1|circulo_r60_xc160_yc120|220|120|64536|82|64316.011226|0.000000|0.000000|55.000000|55.000000|1877.157914|2.356194|3.054326|0.698132|11.959094|106.446416|81.269375|
20170502_125849|22506|230|12.987013|1|CarroTeste|0|circulo_r60_xc160_yc120|0|0|0|0|0.000000|0.000000|0.000000|0.000000|0.000000|0.000000|0.000000|0.000000|0.000000|0.000000|0.000000|0.000000|
20170502_125849|22509|230|12.987013|1|CarroTeste2|1|circulo_r60_xc160_yc120|204|80|203|82|2.236068|0.000000|0.000000|55.000000|55.000000|1877.157914|1.997424|0.797225|-1.200198|-20.559569|72.216243|115.499548|
20170502_125849|22511|230|12.987013|1|Caçula|1|circulo_r60_xc160_yc120|220|120|64536|82|64316.011226|0.000000|0.000000|55.000000|55.000000|1877.157914|2.356194|3.054326|0.698132|11.959094|106.446416|81.269375|
20170502_125850|22583|232|12.987013|1|CarroTeste|0|circulo_r60_xc160_yc120|0|0|0|0|0.000000|0.000000|0.000000|0.000000|0.000000|0.000000|0.000000|0.000000|0.000000|0.000000|0.000000|0.000000|
20170502_125850|22586|232|12.987013|1|CarroTeste2|1|circulo_r60_xc160_yc120|204|80|203|82|2.236068|0.000000|0.000000|55.000000|55.000000|1877.157914|1.997424|0.797225|-1.200198|-20.559569|72.216243|115.499548|
20170502_125850|22588|232|12.987013|1|Caçula|1|circulo_r60_xc160_yc120|220|120|64536|82|64316.011226|0.000000|0.000000|55.000000|55.000000|1877.157914|2.356194|3.054326|0.698132|11.959094|106.446416|81.269375|
20170502_125850|22661|234|12.987013|1|CarroTeste|0|circulo_r60_xc160_yc120|0|0|0|0|0.000000|0.000000|0.000000|0.000000|0.000000|0.000000|0.000000|0.000000|0.000000|0.000000|0.000000|0.000000|
20170502_125850|22664|234|12.987013|1|CarroTeste2|1|circulo_r60_xc160_yc120|204|80|203|82|2.236068|0.000000|0.000000|55.000000|55.000000|1877.157914|2.111216|0.797225|-1.313990|-22.508843|70.164376|117.551415|
20170502_125850|22666|234|12.987013|1|Caçula|1|circulo_r60_xc160_yc120|220|120|64536|82|64316.011226|0.000000|0.000000|55.000000|55.000000|1877.157914|2.356194|3.054326|0.698132|11.959094|106.446416|81.269375|
20170502_125850|22738|236|12.987013|1|CarroTeste|0|circulo_r60_xc160_yc120|0|0|0|0|0.000000|0.000000|0.000000|0.000000|0.000000|0.000000|0.000000|0.000000|0.000000|0.000000|0.000000|0.000000|
20170502_125850|22740|236|12.987013|1|CarroTeste2|1|circulo_r60_xc160_yc120|204|80|203|82|2.236068|0.000000|0.000000|55.000000|55.000000|1877.157914|1.997424|0.797225|-1.200198|-20.559570|72.216242|115.499549|
20170502_125850|22742|236|12.987013|1|Caçula|1|circulo_r60_xc160_yc120|220|120|64536|82|64316.011226|0.000000|0.000000|55.000000|55.000000|1877.157914|2.356194|3.054326|0.698132|11.959094|106.446416|81.269375|
20170502_125850|22825|238|12.987013|1|CarroTeste|0|circulo_r60_xc160_yc120|0|0|0|0|0.000000|0.000000|0.000000|0.000000|0.000000|0.000000|0.000000|0.000000|0.000000|0.000000|0.000000|0.000000|
20170502_125850|22826|238|12.987013|1|CarroTeste2|0|circulo_r60_xc160_yc120|0|0|203|82|0.000000|0.000000|0.000000|0.000000|0.000000|0.000000|0.000000|0.000000|0.000000|0.000000|0.000000|0.000000|
20170502_125850|22827|238|12.987013|1|Caçula|0|circulo_r60_xc160_yc120|0|0|64536|82|0.000000|0.000000|0.000000|0.000000|0.000000|0.000000|0.000000|0.000000|0.000000|0.000000|0.000000|0.000000|
20170502_125850|22894|240|12.987013|1|CarroTeste|0|circulo_r60_xc160_yc120|0|0|0|0|0.000000|0.000000|0.000000|0.000000|0.000000|0.000000|0.000000|0.000000|0.000000|0.000000|0.000000|0.000000|
20170502_125850|22896|240|12.987013|1|CarroTeste2|1|circulo_r60_xc160_yc120|204|80|203|82|2.236068|0.000000|0.000000|55.000000|55.000000|1877.157914|1.997424|0.797225|-1.200198|-20.559569|72.216243|115.499548|
20170502_125850|22898|240|12.987013|1|Caçula|1|circulo_r60_xc160_yc120|220|120|64536|82|64316.011226|0.000000|0.000000|55.000000|55.000000|1877.157914|2.356194|3.054326|0.698132|11.959094|106.446416|81.269375|
20170502_125850|22971|242|12.987013|1|CarroTeste|0|circulo_r60_xc160_yc120|0|0|0|0|0.000000|0.000000|0.000000|0.000000|0.000000|0.000000|0.000000|0.000000|0.000000|0.000000|0.000000|0.000000|
20170502_125850|22973|242|12.987013|1|CarroTeste2|1|circulo_r60_xc160_yc120|204|80|203|82|2.236068|0.000000|0.000000|55.000000|55.000000|1877.157914|1.997424|0.797225|-1.200198|-20.559569|72.216243|115.499548|
20170502_125850|22976|242|12.987013|1|Caçula|1|circulo_r60_xc160_yc120|220|120|64536|82|64316.011226|0.000000|0.000000|55.000000|55.000000|1877.157914|2.356194|3.054326|0.698132|11.959094|106.446416|81.269375|
20170502_125850|23049|244|12.987013|1|CarroTeste|0|circulo_r60_xc160_yc120|0|0|0|0|0.000000|0.000000|0.000000|0.000000|0.000000|0.000000|0.000000|0.000000|0.000000|0.000000|0.000000|0.000000|
20170502_125850|23052|244|12.987013|1|CarroTeste2|1|circulo_r60_xc160_yc120|204|80|203|82|2.236068|0.000000|0.000000|55.000000|55.000000|1877.157914|1.997424|0.797225|-1.200198|-20.559569|72.216243|115.499548|
20170502_125850|23054|244|12.987013|1|Caçula|1|circulo_r60_xc160_yc120|220|120|64536|82|64316.011226|0.000000|0.000000|55.000000|55.000000|1877.157914|2.356194|3.054326|0.698132|11.959094|106.446416|81.269375|
20170502_125850|23126|246|12.987013|1|CarroTeste|0|circulo_r60_xc160_yc120|0|0|0|0|0.000000|0.000000|0.000000|0.000000|0.000000|0.000000|0.000000|0.000000|0.000000|0.000000|0.000000|0.000000|
20170502_125850|23129|246|12.987013|1|CarroTeste2|1|circulo_r60_xc160_yc120|204|80|203|82|2.236068|0.000000|0.000000|55.000000|55.000000|1877.157914|2.111216|0.797225|-1.313990|-22.508843|70.164376|117.551415|
20170502_125850|23131|246|12.987013|1|Caçula|1|circulo_r60_xc160_yc120|220|120|64536|82|64316.011226|0.000000|0.000000|55.000000|55.000000|1877.157914|2.356194|3.054326|0.698132|11.959094|106.446416|81.269375|
20170502_125850|23205|248|12.987013|1|CarroTeste|0|circulo_r60_xc160_yc120|0|0|0|0|0.000000|0.000000|0.000000|0.000000|0.000000|0.000000|0.000000|0.000000|0.000000|0.000000|0.000000|0.000000|
20170502_125850|23207|248|12.987013|1|CarroTeste2|1|circulo_r60_xc160_yc120|204|80|203|82|2.236068|0.000000|0.000000|55.000000|55.000000|1877.157914|1.997424|0.797225|-1.200198|-20.559570|72.216242|115.499549|
20170502_125850|23209|248|12.987013|1|Caçula|1|circulo_r60_xc160_yc120|220|120|64536|82|64316.011226|0.000000|0.000000|55.000000|55.000000|1877.157914|2.356194|3.054326|0.698132|11.959094|106.446416|81.269375|
20170502_125850|23283|250|12.987013|1|CarroTeste|0|circulo_r60_xc160_yc120|0|0|0|0|0.000000|0.000000|0.000000|0.000000|0.000000|0.000000|0.000000|0.000000|0.000000|0.000000|0.000000|0.000000|
20170502_125850|23285|250|12.987013|1|CarroTeste2|1|circulo_r60_xc160_yc120|204|80|203|82|2.236068|0.000000|0.000000|55.000000|55.000000|1877.157914|1.997424|0.797225|-1.200198|-20.559569|72.216243|115.499548|
20170502_125850|23287|250|12.987013|1|Caçula|1|circulo_r60_xc160_yc120|220|120|64536|82|64316.011226|0.000000|0.000000|55.000000|55.000000|1877.157914|2.356194|3.054326|0.698132|11.959094|106.446416|81.269375|
20170502_125850|23359|252|12.987013|1|CarroTeste|0|circulo_r60_xc160_yc120|0|0|0|0|0.000000|0.000000|0.000000|0.000000|0.000000|0.000000|0.000000|0.000000|0.000000|0.000000|0.000000|0.000000|
20170502_125850|23361|252|12.987013|1|CarroTeste2|1|circulo_r60_xc160_yc120|204|80|203|82|2.236068|0.000000|0.000000|55.000000|55.000000|1877.157914|1.997424|0.797225|-1.200198|-20.559569|72.216243|115.499548|
20170502_125850|23363|252|12.987013|1|Caçula|1|circulo_r60_xc160_yc120|220|120|64536|82|64316.011226|0.000000|0.000000|55.000000|55.000000|1877.157914|2.356194|3.054326|0.698132|11.959094|106.446416|81.269375|
20170502_125850|23437|254|12.987013|1|CarroTeste|0|circulo_r60_xc160_yc120|0|0|0|0|0.000000|0.000000|0.000000|0.000000|0.000000|0.000000|0.000000|0.000000|0.000000|0.000000|0.000000|0.000000|
20170502_125850|23439|254|12.987013|1|CarroTeste2|1|circulo_r60_xc160_yc120|204|80|203|82|2.236068|0.000000|0.000000|55.000000|55.000000|1877.157914|1.997424|0.797225|-1.200198|-20.559569|72.216243|115.499548|
20170502_125850|23441|254|12.987013|1|Caçula|1|circulo_r60_xc160_yc120|220|120|64536|82|64316.011226|0.000000|0.000000|55.000000|55.000000|1877.157914|2.356194|3.054326|0.698132|11.959094|106.446416|81.269375|
20170502_125850|23515|256|12.987013|1|CarroTeste|0|circulo_r60_xc160_yc120|0|0|0|0|0.000000|0.000000|0.000000|0.000000|0.000000|0.000000|0.000000|0.000000|0.000000|0.000000|0.000000|0.000000|
20170502_125850|23517|256|12.987013|1|CarroTeste2|1|circulo_r60_xc160_yc120|204|80|203|82|2.236068|0.000000|0.000000|55.000000|55.000000|1877.157914|1.997424|0.797225|-1.200198|-20.559569|72.216243|115.499548|
20170502_125850|23519|256|12.987013|1|Caçula|1|circulo_r60_xc160_yc120|220|120|64536|82|64316.011226|0.000000|0.000000|55.000000|55.000000|1877.157914|2.356194|3.054326|0.698132|11.959094|106.446416|81.269375|
20170502_125851|23592|258|12.987013|1|CarroTeste|0|circulo_r60_xc160_yc120|0|0|0|0|0.000000|0.000000|0.000000|0.000000|0.000000|0.000000|0.000000|0.000000|0.000000|0.000000|0.000000|0.000000|
20170502_125851|23594|258|12.987013|1|CarroTeste2|1|circulo_r60_xc160_yc120|204|80|203|82|2.236068|0.000000|0.000000|55.000000|55.000000|1877.157914|1.997424|0.797225|-1.200198|-20.559569|72.216243|115.499548|
20170502_125851|23596|258|12.987013|1|Caçula|1|circulo_r60_xc160_yc120|220|120|64536|82|64316.011226|0.000000|0.000000|55.000000|55.000000|1877.157914|2.356194|3.054326|0.698132|11.959094|106.446416|81.269375|
20170502_125851|23669|260|12.987013|1|CarroTeste|0|circulo_r60_xc160_yc120|0|0|0|0|0.000000|0.000000|0.000000|0.000000|0.000000|0.000000|0.000000|0.000000|0.000000|0.000000|0.000000|0.000000|
20170502_125851|23671|260|12.987013|1|CarroTeste2|1|circulo_r60_xc160_yc120|204|80|203|82|2.236068|0.000000|0.000000|55.000000|55.000000|1877.157914|2.111216|0.797225|-1.313990|-22.508843|70.164376|117.551415|
20170502_125851|23673|260|12.987013|1|Caçula|1|circulo_r60_xc160_yc120|220|120|64536|82|64316.011226|0.000000|0.000000|55.000000|55.000000|1877.157914|2.356194|3.054326|0.698132|11.959094|106.446416|81.269375|
20170502_125851|23746|262|12.987013|1|CarroTeste|0|circulo_r60_xc160_yc120|0|0|0|0|0.000000|0.000000|0.000000|0.000000|0.000000|0.000000|0.000000|0.000000|0.000000|0.000000|0.000000|0.000000|
20170502_125851|23749|262|12.987013|1|CarroTeste2|1|circulo_r60_xc160_yc120|204|80|203|82|2.236068|0.000000|0.000000|55.000000|55.000000|1877.157914|1.997424|0.797225|-1.200198|-20.559570|72.216242|115.499549|
20170502_125851|23751|262|12.987013|1|Caçula|1|circulo_r60_xc160_yc120|220|120|64536|82|64316.011226|0.000000|0.000000|55.000000|55.000000|1877.157914|2.356194|3.054326|0.698132|11.959094|106.446416|81.269375|
20170502_125851|23825|264|12.987013|1|CarroTeste|0|circulo_r60_xc160_yc120|0|0|0|0|0.000000|0.000000|0.000000|0.000000|0.000000|0.000000|0.000000|0.000000|0.000000|0.000000|0.000000|0.000000|
20170502_125851|23828|264|12.987013|1|CarroTeste2|1|circulo_r60_xc160_yc120|204|80|203|82|2.236068|0.000000|0.000000|55.000000|55.000000|1877.157914|1.997424|0.797225|-1.200198|-20.559569|72.216243|115.499548|
20170502_125851|23830|264|12.987013|1|Caçula|1|circulo_r60_xc160_yc120|220|120|64536|82|64316.011226|0.000000|0.000000|55.000000|55.000000|1877.157914|2.356194|3.054326|0.698132|11.959094|106.446416|81.269375|
20170502_125851|23901|266|12.987013|1|CarroTeste|0|circulo_r60_xc160_yc120|0|0|0|0|0.000000|0.000000|0.000000|0.000000|0.000000|0.000000|0.000000|0.000000|0.000000|0.000000|0.000000|0.000000|
20170502_125851|23903|266|12.987013|1|CarroTeste2|1|circulo_r60_xc160_yc120|204|80|203|82|2.236068|0.000000|0.000000|55.000000|55.000000|1877.157914|2.111216|0.797225|-1.313990|-22.508843|70.164376|117.551415|
20170502_125851|23905|266|12.987013|1|Caçula|1|circulo_r60_xc160_yc120|220|120|64536|82|64316.011226|0.000000|0.000000|55.000000|55.000000|1877.157914|2.356194|3.054326|0.698132|11.959094|106.446416|81.269375|
20170502_125851|23979|268|12.987013|1|CarroTeste|0|circulo_r60_xc160_yc120|0|0|0|0|0.000000|0.000000|0.000000|0.000000|0.000000|0.000000|0.000000|0.000000|0.000000|0.000000|0.000000|0.000000|
20170502_125851|23982|268|12.987013|1|CarroTeste2|1|circulo_r60_xc160_yc120|204|80|203|82|2.236068|0.000000|0.000000|55.000000|55.000000|1877.157914|1.997424|0.797225|-1.200198|-20.559570|72.216242|115.499549|
20170502_125851|23984|268|12.987013|1|Caçula|1|circulo_r60_xc160_yc120|220|120|64536|82|64316.011226|0.000000|0.000000|55.000000|55.000000|1877.157914|2.356194|3.054326|0.698132|11.959094|106.446416|81.269375|
20170502_125851|24056|270|12.987013|1|CarroTeste|0|circulo_r60_xc160_yc120|0|0|0|0|0.000000|0.000000|0.000000|0.000000|0.000000|0.000000|0.000000|0.000000|0.000000|0.000000|0.000000|0.000000|
20170502_125851|24057|270|12.987013|1|CarroTeste2|0|circulo_r60_xc160_yc120|0|0|203|82|0.000000|0.000000|0.000000|0.000000|0.000000|0.000000|0.000000|0.000000|0.000000|0.000000|0.000000|0.000000|
20170502_125851|24058|270|12.987013|1|Caçula|0|circulo_r60_xc160_yc120|0|0|64536|82|0.000000|0.000000|0.000000|0.000000|0.000000|0.000000|0.000000|0.000000|0.000000|0.000000|0.000000|0.000000|
20170502_125851|24135|272|12.987013|1|CarroTeste|0|circulo_r60_xc160_yc120|0|0|0|0|0.000000|0.000000|0.000000|0.000000|0.000000|0.000000|0.000000|0.000000|0.000000|0.000000|0.000000|0.000000|
20170502_125851|24137|272|12.987013|1|CarroTeste2|1|circulo_r60_xc160_yc120|204|80|203|82|2.236068|0.000000|0.000000|55.000000|55.000000|1877.157914|2.111216|0.797225|-1.313990|-22.508843|70.164376|117.551415|
20170502_125851|24140|272|12.987013|1|Caçula|1|circulo_r60_xc160_yc120|220|120|64536|82|64316.011226|0.000000|0.000000|55.000000|55.000000|1877.157914|2.356194|3.054326|0.698132|11.959094|106.446416|81.269375|
20170502_125851|24212|274|12.987013|1|CarroTeste|0|circulo_r60_xc160_yc120|0|0|0|0|0.000000|0.000000|0.000000|0.000000|0.000000|0.000000|0.000000|0.000000|0.000000|0.000000|0.000000|0.000000|
20170502_125851|24214|274|12.987013|1|CarroTeste2|1|circulo_r60_xc160_yc120|204|80|203|82|2.236068|0.000000|0.000000|55.000000|55.000000|1877.157914|1.997424|0.797225|-1.200198|-20.559570|72.216242|115.499549|
20170502_125851|24216|274|12.987013|1|Caçula|1|circulo_r60_xc160_yc120|220|120|64536|82|64316.011226|0.000000|0.000000|55.000000|55.000000|1877.157914|2.356194|3.054326|0.698132|11.959094|106.446416|81.269375|
20170502_125851|24289|276|12.987013|1|CarroTeste|0|circulo_r60_xc160_yc120|0|0|0|0|0.000000|0.000000|0.000000|0.000000|0.000000|0.000000|0.000000|0.000000|0.000000|0.000000|0.000000|0.000000|
20170502_125851|24292|276|12.987013|1|CarroTeste2|1|circulo_r60_xc160_yc120|204|80|203|82|2.236068|0.000000|0.000000|55.000000|55.000000|1877.157914|2.111216|0.797225|-1.313990|-22.508843|70.164376|117.551415|
20170502_125851|24294|276|12.987013|1|Caçula|1|circulo_r60_xc160_yc120|220|120|64536|82|64316.011226|0.000000|0.000000|55.000000|55.000000|1877.157914|2.356194|3.054326|0.698132|11.959094|106.446416|81.269375|
20170502_125851|24368|278|12.987013|1|CarroTeste|0|circulo_r60_xc160_yc120|0|0|0|0|0.000000|0.000000|0.000000|0.000000|0.000000|0.000000|0.000000|0.000000|0.000000|0.000000|0.000000|0.000000|
20170502_125851|24370|278|12.987013|1|CarroTeste2|1|circulo_r60_xc160_yc120|204|80|203|82|2.236068|0.000000|0.000000|55.000000|55.000000|1877.157914|2.137526|0.797225|-1.340300|-22.959533|69.689966|118.025826|
20170502_125851|24372|278|12.987013|1|Caçula|1|circulo_r60_xc160_yc120|220|120|64536|82|64316.011226|0.000000|0.000000|55.000000|55.000000|1877.157914|2.356194|3.054326|0.698132|11.959094|106.446416|81.269375|
20170502_125851|24445|280|12.987013|1|CarroTeste|0|circulo_r60_xc160_yc120|0|0|0|0|0.000000|0.000000|0.000000|0.000000|0.000000|0.000000|0.000000|0.000000|0.000000|0.000000|0.000000|0.000000|
20170502_125851|24447|280|12.987013|1|CarroTeste2|1|circulo_r60_xc160_yc120|204|80|203|82|2.236068|0.000000|0.000000|55.000000|55.000000|1877.157914|2.111216|0.797225|-1.313990|-22.508844|70.164375|117.551416|
20170502_125851|24450|280|12.987013|1|Caçula|1|circulo_r60_xc160_yc120|220|120|64536|82|64316.011226|0.000000|0.000000|55.000000|55.000000|1877.157914|2.356194|3.054326|0.698132|11.959094|106.446416|81.269375|
20170502_125851|24521|282|12.987013|1|CarroTeste|0|circulo_r60_xc160_yc120|0|0|0|0|0.000000|0.000000|0.000000|0.000000|0.000000|0.000000|0.000000|0.000000|0.000000|0.000000|0.000000|0.000000|
20170502_125851|24522|282|12.987013|1|CarroTeste2|0|circulo_r60_xc160_yc120|0|0|203|82|0.000000|0.000000|0.000000|0.000000|0.000000|0.000000|0.000000|0.000000|0.000000|0.000000|0.000000|0.000000|
20170502_125851|24523|282|12.987013|1|Caçula|0|circulo_r60_xc160_yc120|0|0|64536|82|0.000000|0.000000|0.000000|0.000000|0.000000|0.000000|0.000000|0.000000|0.000000|0.000000|0.000000|0.000000|
20170502_125852|24599|284|12.987013|1|CarroTeste|0|circulo_r60_xc160_yc120|0|0|0|0|0.000000|0.000000|0.000000|0.000000|0.000000|0.000000|0.000000|0.000000|0.000000|0.000000|0.000000|0.000000|
20170502_125852|24602|284|12.987013|1|CarroTeste2|1|circulo_r60_xc160_yc120|204|80|203|82|2.236068|0.000000|0.000000|55.000000|55.000000|1877.157914|1.997424|0.797225|-1.200198|-20.559570|72.216242|115.499549|
20170502_125852|24604|284|12.987013|1|Caçula|1|circulo_r60_xc160_yc120|220|120|64536|82|64316.011226|0.000000|0.000000|55.000000|55.000000|1877.157914|2.356194|3.054326|0.698132|11.959094|106.446416|81.269375|
20170502_125852|24676|286|12.987013|1|CarroTeste|0|circulo_r60_xc160_yc120|0|0|0|0|0.000000|0.000000|0.000000|0.000000|0.000000|0.000000|0.000000|0.000000|0.000000|0.000000|0.000000|0.000000|
20170502_125852|24678|286|12.987013|1|CarroTeste2|1|circulo_r60_xc160_yc120|204|80|203|82|2.236068|0.000000|0.000000|55.000000|55.000000|1877.157914|1.997424|0.797225|-1.200198|-20.559569|72.216243|115.499548|
20170502_125852|24680|286|12.987013|1|Caçula|1|circulo_r60_xc160_yc120|220|120|64536|82|64316.011226|0.000000|0.000000|55.000000|55.000000|1877.157914|2.356194|3.054326|0.698132|11.959094|106.446416|81.269375|
20170502_125852|24753|288|12.987013|1|CarroTeste|0|circulo_r60_xc160_yc120|0|0|0|0|0.000000|0.000000|0.000000|0.000000|0.000000|0.000000|0.000000|0.000000|0.000000|0.000000|0.000000|0.000000|
20170502_125852|24755|288|12.987013|1|CarroTeste2|1|circulo_r60_xc160_yc120|204|80|203|82|2.236068|0.000000|0.000000|55.000000|55.000000|1877.157914|1.951303|0.797225|-1.154077|-19.769508|73.047887|114.667905|
20170502_125852|24758|288|12.987013|1|Caçula|1|circulo_r60_xc160_yc120|220|120|64536|82|64316.011226|0.000000|0.000000|55.000000|55.000000|1877.157914|2.356194|3.054326|0.698132|11.959094|106.446416|81.269375|
20170502_125852|24833|290|12.987013|1|CarroTeste|0|circulo_r60_xc160_yc120|0|0|0|0|0.000000|0.000000|0.000000|0.000000|0.000000|0.000000|0.000000|0.000000|0.000000|0.000000|0.000000|0.000000|
20170502_125852|24835|290|12.987013|1|CarroTeste2|1|circulo_r60_xc160_yc120|204|80|203|82|2.236068|0.000000|0.000000|55.000000|55.000000|1877.157914|1.997424|0.797225|-1.200198|-20.559569|72.216244|115.499548|
20170502_125852|24837|290|12.987013|1|Caçula|1|circulo_r60_xc160_yc120|220|120|64536|82|64316.011226|0.000000|0.000000|55.000000|55.000000|1877.157914|2.356194|3.054326|0.698132|11.959094|106.446416|81.269375|
20170502_125852|24909|292|12.987013|1|CarroTeste|0|circulo_r60_xc160_yc120|0|0|0|0|0.000000|0.000000|0.000000|0.000000|0.000000|0.000000|0.000000|0.000000|0.000000|0.000000|0.000000|0.000000|
20170502_125852|24911|292|12.987013|1|CarroTeste2|1|circulo_r60_xc160_yc120|204|80|203|82|2.236068|0.000000|0.000000|55.000000|55.000000|1877.157914|1.997424|0.797225|-1.200198|-20.559569|72.216243|115.499548|
20170502_125852|24913|292|12.987013|1|Caçula|1|circulo_r60_xc160_yc120|220|120|64536|82|64316.011226|0.000000|0.000000|55.000000|55.000000|1877.157914|2.356194|3.054326|0.698132|11.959094|106.446416|81.269375|
20170502_125852|24987|294|12.987013|1|CarroTeste|0|circulo_r60_xc160_yc120|0|0|0|0|0.000000|0.000000|0.000000|0.000000|0.000000|0.000000|0.000000|0.000000|0.000000|0.000000|0.000000|0.000000|
20170502_125852|24989|294|12.987013|1|CarroTeste2|1|circulo_r60_xc160_yc120|204|80|203|82|2.236068|0.000000|0.000000|55.000000|55.000000|1877.157914|1.997424|0.797225|-1.200198|-20.559569|72.216243|115.499548|
20170502_125852|24992|294|12.987013|1|Caçula|1|circulo_r60_xc160_yc120|220|120|64536|82|64316.011226|0.000000|0.000000|55.000000|55.000000|1877.157914|2.356194|3.054326|0.698132|11.959094|106.446416|81.269375|
20170502_125852|25065|296|12.987013|1|CarroTeste|0|circulo_r60_xc160_yc120|0|0|0|0|0.000000|0.000000|0.000000|0.000000|0.000000|0.000000|0.000000|0.000000|0.000000|0.000000|0.000000|0.000000|
20170502_125852|25067|296|12.987013|1|CarroTeste2|1|circulo_r60_xc160_yc120|204|80|203|82|2.236068|0.000000|0.000000|55.000000|55.000000|1877.157914|2.111216|0.797225|-1.313990|-22.508843|70.164376|117.551415|
20170502_125852|25070|296|12.987013|1|Caçula|1|circulo_r60_xc160_yc120|220|120|64536|82|64316.011226|0.000000|0.000000|55.000000|55.000000|1877.157914|2.356194|3.054326|0.698132|11.959094|106.446416|81.269375|
20170502_125852|25142|298|12.987013|1|CarroTeste|0|circulo_r60_xc160_yc120|0|0|0|0|0.000000|0.000000|0.000000|0.000000|0.000000|0.000000|0.000000|0.000000|0.000000|0.000000|0.000000|0.000000|
20170502_125852|25144|298|12.987013|1|CarroTeste2|1|circulo_r60_xc160_yc120|204|80|203|82|2.236068|0.000000|0.000000|55.000000|55.000000|1877.157914|1.997424|0.797225|-1.200198|-20.559570|72.216242|115.499549|
20170502_125852|25146|298|12.987013|1|Caçula|1|circulo_r60_xc160_yc120|220|120|64536|82|64316.011226|0.000000|0.000000|55.000000|55.000000|1877.157914|2.356194|3.054326|0.698132|11.959094|106.446416|81.269375|
20170502_125852|25219|300|12.987013|1|CarroTeste|0|circulo_r60_xc160_yc120|0|0|0|0|0.000000|0.000000|0.000000|0.000000|0.000000|0.000000|0.000000|0.000000|0.000000|0.000000|0.000000|0.000000|
20170502_125852|25221|300|12.987013|1|CarroTeste2|1|circulo_r60_xc160_yc120|204|80|203|82|2.236068|0.000000|0.000000|55.000000|55.000000|1877.157914|1.997424|0.797225|-1.200198|-20.559569|72.216243|115.499548|
20170502_125852|25223|300|12.987013|1|Caçula|1|circulo_r60_xc160_yc120|220|120|64536|82|64316.011226|0.000000|0.000000|55.000000|55.000000|1877.157914|2.356194|3.054326|0.698132|11.959094|106.446416|81.269375|
20170502_125852|25297|302|12.987013|1|CarroTeste|0|circulo_r60_xc160_yc120|0|0|0|0|0.000000|0.000000|0.000000|0.000000|0.000000|0.000000|0.000000|0.000000|0.000000|0.000000|0.000000|0.000000|
20170502_125852|25300|302|12.987013|1|CarroTeste2|1|circulo_r60_xc160_yc120|204|80|203|82|2.236068|0.000000|0.000000|55.000000|55.000000|1877.157914|1.997424|0.797225|-1.200198|-20.559569|72.216243|115.499548|
20170502_125852|25302|302|12.987013|1|Caçula|1|circulo_r60_xc160_yc120|220|120|64536|82|64316.011226|0.000000|0.000000|55.000000|55.000000|1877.157914|2.356194|3.054326|0.698132|11.959094|106.446416|81.269375|
20170502_125852|25375|304|12.987013|1|CarroTeste|0|circulo_r60_xc160_yc120|0|0|0|0|0.000000|0.000000|0.000000|0.000000|0.000000|0.000000|0.000000|0.000000|0.000000|0.000000|0.000000|0.000000|
20170502_125852|25377|304|12.987013|1|CarroTeste2|1|circulo_r60_xc160_yc120|204|80|203|82|2.236068|0.000000|0.000000|55.000000|55.000000|1877.157914|2.111216|0.797225|-1.313990|-22.508843|70.164376|117.551415|
20170502_125852|25379|304|12.987013|1|Caçula|1|circulo_r60_xc160_yc120|220|120|64536|82|64316.011226|0.000000|0.000000|55.000000|55.000000|1877.157914|2.356194|3.054326|0.698132|11.959094|106.446416|81.269375|
20170502_125852|25453|306|12.987013|1|CarroTeste|0|circulo_r60_xc160_yc120|0|0|0|0|0.000000|0.000000|0.000000|0.000000|0.000000|0.000000|0.000000|0.000000|0.000000|0.000000|0.000000|0.000000|
20170502_125852|25455|306|12.987013|1|CarroTeste2|1|circulo_r60_xc160_yc120|204|80|203|82|2.236068|0.000000|0.000000|55.000000|55.000000|1877.157914|2.111216|0.797225|-1.313990|-22.508844|70.164376|117.551416|
20170502_125852|25457|306|12.987013|1|Caçula|1|circulo_r60_xc160_yc120|220|120|64536|82|64316.011226|0.000000|0.000000|55.000000|55.000000|1877.157914|2.356194|3.054326|0.698132|11.959094|106.446416|81.269375|
20170502_125852|25530|308|12.987013|1|CarroTeste|0|circulo_r60_xc160_yc120|0|0|0|0|0.000000|0.000000|0.000000|0.000000|0.000000|0.000000|0.000000|0.000000|0.000000|0.000000|0.000000|0.000000|
20170502_125852|25533|308|12.987013|1|CarroTeste2|1|circulo_r60_xc160_yc120|204|80|203|82|2.236068|0.000000|0.000000|55.000000|55.000000|1877.157914|1.997424|0.797225|-1.200198|-20.559570|72.216242|115.499549|
20170502_125852|25535|308|12.987013|1|Caçula|1|circulo_r60_xc160_yc120|220|120|64536|82|64316.011226|0.000000|0.000000|55.000000|55.000000|1877.157914|2.356194|3.054326|0.698132|11.959094|106.446416|81.269375|
20170502_125853|25608|310|12.987013|1|CarroTeste|0|circulo_r60_xc160_yc120|0|0|0|0|0.000000|0.000000|0.000000|0.000000|0.000000|0.000000|0.000000|0.000000|0.000000|0.000000|0.000000|0.000000|
20170502_125853|25610|310|12.987013|1|CarroTeste2|1|circulo_r60_xc160_yc120|204|80|203|82|2.236068|0.000000|0.000000|55.000000|55.000000|1877.157914|1.997424|0.797225|-1.200198|-20.559569|72.216243|115.499548|
20170502_125853|25612|310|12.987013|1|Caçula|1|circulo_r60_xc160_yc120|220|120|64536|82|64316.011226|0.000000|0.000000|55.000000|55.000000|1877.157914|2.356194|3.054326|0.698132|11.959094|106.446416|81.269375|
20170502_125853|25686|312|12.987013|1|CarroTeste|0|circulo_r60_xc160_yc120|0|0|0|0|0.000000|0.000000|0.000000|0.000000|0.000000|0.000000|0.000000|0.000000|0.000000|0.000000|0.000000|0.000000|
20170502_125853|25689|312|12.987013|1|CarroTeste2|1|circulo_r60_xc160_yc120|204|80|203|82|2.236068|0.000000|0.000000|55.000000|55.000000|1877.157914|1.997424|0.797225|-1.200198|-20.559569|72.216243|115.499548|
20170502_125853|25691|312|12.987013|1|Caçula|1|circulo_r60_xc160_yc120|220|120|64536|82|64316.011226|0.000000|0.000000|55.000000|55.000000|1877.157914|2.356194|3.054326|0.698132|11.959094|106.446416|81.269375|
20170502_125853|25763|314|12.987013|1|CarroTeste|0|circulo_r60_xc160_yc120|0|0|0|0|0.000000|0.000000|0.000000|0.000000|0.000000|0.000000|0.000000|0.000000|0.000000|0.000000|0.000000|0.000000|
20170502_125853|25765|314|12.987013|1|CarroTeste2|1|circulo_r60_xc160_yc120|204|80|203|82|2.236068|0.000000|0.000000|55.000000|55.000000|1877.157914|2.111216|0.797225|-1.313990|-22.508843|70.164376|117.551415|
20170502_125853|25768|314|12.987013|1|Caçula|1|circulo_r60_xc160_yc120|220|120|64536|82|64316.011226|0.000000|0.000000|55.000000|55.000000|1877.157914|2.356194|3.054326|0.698132|11.959094|106.446416|81.269375|
20170502_125853|25841|316|12.987013|1|CarroTeste|0|circulo_r60_xc160_yc120|0|0|0|0|0.000000|0.000000|0.000000|0.000000|0.000000|0.000000|0.000000|0.000000|0.000000|0.000000|0.000000|0.000000|
20170502_125853|25844|316|12.987013|1|CarroTeste2|1|circulo_r60_xc160_yc120|204|80|203|82|2.236068|0.000000|0.000000|55.000000|55.000000|1877.157914|1.997424|0.797225|-1.200198|-20.559570|72.216242|115.499549|
20170502_125853|25846|316|12.987013|1|Caçula|1|circulo_r60_xc160_yc120|220|120|64536|82|64316.011226|0.000000|0.000000|55.000000|55.000000|1877.157914|2.356194|3.054326|0.698132|11.959094|106.446416|81.269375|
20170502_125853|25918|318|12.987013|1|CarroTeste|0|circulo_r60_xc160_yc120|0|0|0|0|0.000000|0.000000|0.000000|0.000000|0.000000|0.000000|0.000000|0.000000|0.000000|0.000000|0.000000|0.000000|
20170502_125853|25920|318|12.987013|1|CarroTeste2|1|circulo_r60_xc160_yc120|204|80|203|82|2.236068|0.000000|0.000000|55.000000|55.000000|1877.157914|2.137526|0.797225|-1.340300|-22.959532|69.689967|118.025825|
20170502_125853|25922|318|12.987013|1|Caçula|1|circulo_r60_xc160_yc120|220|120|64536|82|64316.011226|0.000000|0.000000|55.000000|55.000000|1877.157914|2.356194|3.054326|0.698132|11.959094|106.446416|81.269375|
20170502_125853|25996|320|12.987013|1|CarroTeste|0|circulo_r60_xc160_yc120|0|0|0|0|0.000000|0.000000|0.000000|0.000000|0.000000|0.000000|0.000000|0.000000|0.000000|0.000000|0.000000|0.000000|
20170502_125853|25998|320|12.987013|1|CarroTeste2|1|circulo_r60_xc160_yc120|204|80|203|82|2.236068|0.000000|0.000000|55.000000|55.000000|1877.157914|1.997424|0.797225|-1.200198|-20.559571|72.216242|115.499549|
20170502_125853|26000|320|12.987013|1|Caçula|1|circulo_r60_xc160_yc120|220|120|64536|82|64316.011226|0.000000|0.000000|55.000000|55.000000|1877.157914|2.356194|3.054326|0.698132|11.959094|106.446416|81.269375|
20170502_125853|26074|322|12.987013|1|CarroTeste|0|circulo_r60_xc160_yc120|0|0|0|0|0.000000|0.000000|0.000000|0.000000|0.000000|0.000000|0.000000|0.000000|0.000000|0.000000|0.000000|0.000000|
20170502_125853|26076|322|12.987013|1|CarroTeste2|1|circulo_r60_xc160_yc120|204|80|203|82|2.236068|0.000000|0.000000|55.000000|55.000000|1877.157914|1.997424|0.797225|-1.200198|-20.559569|72.216243|115.499548|
20170502_125853|26078|322|12.987013|1|Caçula|1|circulo_r60_xc160_yc120|220|120|64536|82|64316.011226|0.000000|0.000000|55.000000|55.000000|1877.157914|2.356194|3.054326|0.698132|11.959094|106.446416|81.269375|
20170502_125853|26152|324|12.987013|1|CarroTeste|0|circulo_r60_xc160_yc120|0|0|0|0|0.000000|0.000000|0.000000|0.000000|0.000000|0.000000|0.000000|0.000000|0.000000|0.000000|0.000000|0.000000|
20170502_125853|26154|324|12.987013|1|CarroTeste2|1|circulo_r60_xc160_yc120|204|80|203|82|2.236068|0.000000|0.000000|55.000000|55.000000|1877.157914|2.111216|0.797225|-1.313990|-22.508843|70.164376|117.551415|
20170502_125853|26157|324|12.987013|1|Caçula|1|circulo_r60_xc160_yc120|220|120|64536|82|64316.011226|0.000000|0.000000|55.000000|55.000000|1877.157914|2.356194|3.054326|0.698132|11.959094|106.446416|81.269375|
20170502_125853|26230|326|12.987013|1|CarroTeste|0|circulo_r60_xc160_yc120|0|0|0|0|0.000000|0.000000|0.000000|0.000000|0.000000|0.000000|0.000000|0.000000|0.000000|0.000000|0.000000|0.000000|
20170502_125853|26233|326|12.987013|1|CarroTeste2|1|circulo_r60_xc160_yc120|204|80|203|82|2.236068|0.000000|0.000000|55.000000|55.000000|1877.157914|2.111216|0.797225|-1.313990|-22.508844|70.164376|117.551416|
20170502_125853|26236|326|12.987013|1|Caçula|1|circulo_r60_xc160_yc120|220|120|64536|82|64316.011226|0.000000|0.000000|55.000000|55.000000|1877.157914|2.356194|3.054326|0.698132|11.959094|106.446416|81.269375|
20170502_125853|26307|328|12.987013|1|CarroTeste|0|circulo_r60_xc160_yc120|0|0|0|0|0.000000|0.000000|0.000000|0.000000|0.000000|0.000000|0.000000|0.000000|0.000000|0.000000|0.000000|0.000000|
20170502_125853|26310|328|12.987013|1|CarroTeste2|1|circulo_r60_xc160_yc120|204|80|203|82|2.236068|0.000000|0.000000|55.000000|55.000000|1877.157914|2.034444|0.797225|-1.237218|-21.193732|71.548704|116.167087|
20170502_125853|26312|328|12.987013|1|Caçula|1|circulo_r60_xc160_yc120|220|120|64536|82|64316.011226|0.000000|0.000000|55.000000|55.000000|1877.157914|2.356194|3.054326|0.698132|11.959094|106.446416|81.269375|
20170502_125853|26386|330|12.987013|1|CarroTeste|0|circulo_r60_xc160_yc120|0|0|0|0|0.000000|0.000000|0.000000|0.000000|0.000000|0.000000|0.000000|0.000000|0.000000|0.000000|0.000000|0.000000|
20170502_125853|26388|330|12.987013|1|CarroTeste2|1|circulo_r60_xc160_yc120|204|80|203|82|2.236068|0.000000|0.000000|55.000000|55.000000|1877.157914|1.997424|0.797225|-1.200198|-20.559570|72.216243|115.499548|
20170502_125853|26391|330|12.987013|1|Caçula|1|circulo_r60_xc160_yc120|220|120|64536|82|64316.011226|0.000000|0.000000|55.000000|55.000000|1877.157914|2.356194|3.054326|0.698132|11.959094|106.446416|81.269375|
