TimeStamp|Ticks|FrameNum|FPS|LogaDados|Robo|achou|trajetoria|Xd|Yd|Xa|Ya|DistMelhorPonto|velAtual|velDesejada|erroVel|SaidaControleLinear|angAtual|angDesejado|erroAng|SaidaControleAngular|SinalDeControle1|SinalDeControle2|
20170121_183930|37952|1|0,000001|0||0||0|0|0|0||||||||||||
20170121_183931|38309|2|0,057402|0||0||0|0|0|0||||||||||||
20170121_183931|38576|3|5,102041|0||0||0|0|0|0||||||||||||
20170121_183931|38768|4|3,759398|0||0||0|0|0|0||||||||||||
20170121_183931|38987|5|5,263158|0||0||0|0|0|0||||||||||||
20170121_183932|39186|6|4,310345|0||0||0|0|0|0||||||||||||
20170121_183932|39369|7|5,347594|0||0||0|0|0|0||||||||||||
20170121_183932|39561|8|5,376344|0||0||0|0|0|0||||||||||||
20170121_183932|39792|9|5,263158|0||0||0|0|0|0||||||||||||
20170121_183933|40025|10|4,255319|0||0||0|0|0|0||||||||||||
20170121_183933|40267|11|4,273504|0||0||0|0|0|0||||||||||||
20170121_183933|40464|12|4,273504|0||0||0|0|0|0||||||||||||
20170121_183933|40699|13|4,273504|0||0||0|0|0|0||||||||||||
20170121_183933|40962|14|4,255319|0||0||0|0|0|0||||||||||||
20170121_183934|41193|15|4,291845|0||0||0|0|0|0||||||||||||
20170121_183934|41402|16|4,273504|0||0||0|0|0|0||||||||||||
20170121_183934|41652|17|4,255319|0||0||0|0|0|0||||||||||||
20170121_183934|41895|18|4,219409|0||0||0|0|0|0||||||||||||
20170121_183935|42144|19|4,081633|0||0||0|0|0|0||||||||||||
20170121_183935|42359|20|4,016064|0||0||0|0|0|0||||||||||||
20170121_183935|42580|21|5,586592|0||0||0|0|0|0||||||||||||
20170121_183935|42775|22|4,504505|0||0||0|0|0|0||||||||||||
20170121_183935|42990|23|5,000000|0||0||0|0|0|0||||||||||||
20170121_183936|43166|24|4,587156|0||0||0|0|0|0||||||||||||
20170121_183936|43351|25|5,405405|0||0||0|0|0|0||||||||||||
20170121_183936|43618|26|5,263158|0||0||0|0|0|0||||||||||||
20170121_183936|43831|27|3,610108|0||0||0|0|0|0||||||||||||
20170121_183936|44017|28|5,291005|0||0||0|0|0|0||||||||||||
20170121_183937|44217|29|5,319149|0||0||0|0|0|0||||||||||||
20170121_183937|44468|30|4,273504|0||0||0|0|0|0||||||||||||
20170121_183937|44682|31|4,310345|0||0||0|0|0|0||||||||||||
20170121_183937|44877|32|5,291005|0||0||0|0|0|0||||||||||||
20170121_183938|45099|33|4,237288|0||0||0|0|0|0||||||||||||
20170121_183938|45298|34|5,319149|0||0||0|0|0|0||||||||||||
20170121_183938|45541|35|4,291845|0||0||0|0|0|0||||||||||||
20170121_183938|45706|36|4,854369|0||0||0|0|0|0||||||||||||
20170121_183938|45962|37|5,952381|0||0||0|0|0|0||||||||||||
20170121_183939|46167|38|3,546099|0||0||0|0|0|0||||||||||||
20170121_183939|46398|39|5,291005|0||0||0|0|0|0||||||||||||
20170121_183939|46602|40|4,166667|0||0||0|0|0|0||||||||||||
20170121_183939|46837|41|5,235602|0||0||0|0|0|0||||||||||||
20170121_183940|47022|42|4,329004|0||0||0|0|0|0||||||||||||
20170121_183940|47205|43|5,555556|0||0||0|0|0|0||||||||||||
20170121_183940|47394|44|5,263158|0||0||0|0|0|0||||||||||||
20170121_183940|47611|45|5,347594|0||0||0|0|0|0||||||||||||
20170121_183940|47832|46|4,255319|0||0||0|0|0|0||||||||||||
20170121_183941|48029|47|5,263158|0||0||0|0|0|0||||||||||||
20170121_183941|48175|48|5,050505|0||0||0|0|0|0||||||||||||
20170121_183941|48305|49|6,993007|0||0||0|0|0|0||||||||||||
20170121_183941|48516|50|6,896552|0||0||0|0|0|0||||||||||||
20170121_183941|48712|51|4,716981|0||0||0|0|0|0||||||||||||
20170121_183941|48970|52|4,464286|0||0||0|0|0|0||||||||||||
20170121_183942|49295|53|4,273504|0||0||0|0|0|0||||||||||||
20170121_183942|49584|54|2,506266|0||0||0|0|0|0||||||||||||
20170121_183942|49810|55|5,128205|0||0||0|0|0|0||||||||||||
20170121_183942|49963|56|4,237288|0||0||0|0|0|0||||||||||||
20170121_183943|50236|57|6,024096|0||0||0|0|0|0||||||||||||
20170121_183943|50594|58|3,558719|0||0||0|0|0|0||||||||||||
20170121_183943|50800|59|2,659574|0||0||0|0|0|0||||||||||||
20170121_183943|51001|60|5,434783|0||0||0|0|0|0||||||||||||
20170121_183944|51205|61|5,154639|0||0||0|0|0|0||||||||||||
20170121_183944|51416|62|4,329004|0||0||0|0|0|0||||||||||||
20170121_183944|51625|63|5,319149|0||0||0|0|0|0||||||||||||
20170121_183944|51933|64|4,255319|0||0||0|0|0|0||||||||||||
20170121_183945|52135|65|3,558719|0||0||0|0|0|0||||||||||||
20170121_183945|52361|66|4,310345|0||0||0|0|0|0||||||||||||
20170121_183945|52755|67|3,875969|0||0||0|0|0|0||||||||||||
20170121_183945|52935|68|3,225806|0||0||0|0|0|0||||||||||||
20170121_183946|53138|69|5,208333|0||0||0|0|0|0||||||||||||
20170121_183946|53330|70|5,181347|0||0||0|0|0|0||||||||||||
20170121_183946|53523|71|5,154639|0||0||0|0|0|0||||||||||||
20170121_183946|53732|72|4,672897|0||0||0|0|0|0||||||||||||
20170121_183946|53915|73|5,263158|0||0||0|0|0|0||||||||||||
20170121_183947|54118|74|5,181347|0||0||0|0|0|0||||||||||||
20170121_183947|54314|75|5,102041|0||0||0|0|0|0||||||||||||
20170121_183947|54519|76|5,376344|0||0||0|0|0|0||||||||||||
20170121_183947|54695|77|4,545455|0||0||0|0|0|0||||||||||||
20170121_183949|56955|78|5,347594|0|CarroTeste2|1|circulo_r120_xc320_yc240|201|218|113|206|88,814413|0,000136|50,000000|49,999864|167,646423|0,295441|-5,424604|0,563141|2,919555|11,455537|5,309105|
20170121_183950|57197|79|0,444444|0|CarroTeste2|1|circulo_r120_xc320_yc240|201|218|113|206|88,814413|0,000000|50,000000|50,000000|178,309445|0,295441|-5,424604|0,563141|3,033805|12,108951|5,721993|
20170121_183950|57382|80|4,237288|0|CarroTeste2|1|circulo_r120_xc320_yc240|201|218|113|206|88,814413|0,000000|50,000000|50,000000|189,276113|0,295441|-5,424604|0,563141|3,153826|12,783622|6,143989|
20170121_183950|57601|81|5,434783|0|CarroTeste2|1|circulo_r120_xc320_yc240|201|218|113|206|88,814413|0,000000|50,000000|50,000000|200,422636|0,295441|-5,424604|0,563141|3,277513|13,471146|6,571118|
20170121_183950|57786|82|4,255319|0|CarroTeste2|1|circulo_r120_xc320_yc240|200|232|139|232|61,000000|198,754338|50,000000|-148,754338|-455,800600|-1,308187|-5,263746|2,327627|12,523645|-9,607246|-35,972814|
20170121_183950|57975|83|5,319149|0|CarroTeste2|1|circulo_r120_xc320_yc240|200|224|115|207|86,683332|182,397089|50,000000|-132,397089|-434,278783|0,404892|-5,453558|0,424735|3,212561|-18,332296|-25,095582|
20170121_183951|58184|84|5,347594|0|CarroTeste2|1|circulo_r120_xc320_yc240|200|224|116|207|85,702975|4,784689|50,000000|45,215311|132,429244|0,482513|-5,443755|0,356917|2,957567|9,734691|3,508234|
20170121_183951|58417|85|4,273504|0|CarroTeste2|1|circulo_r120_xc320_yc240|201|218|113|206|88,814413|13,630507|50,000000|36,369493|112,732528|0,668289|-5,424604|0,190292|2,175592|7,926724|3,346529|
20170121_183951|58612|86|5,263158|0|CarroTeste2|1|circulo_r120_xc320_yc240|201|218|109|202|93,380940|29,009509|50,000000|20,990491|69,093379|0,785398|-5,470269|0,027518|1,374994|4,902031|2,007307|
20170121_183951|58847|87|4,310345|0|CarroTeste2|1|circulo_r120_xc320_yc240|201|218|109|202|93,380940|0,000000|50,000000|50,000000|171,038287|0,785398|-5,470269|0,027518|1,381024|10,005624|7,098205|
20170121_183952|59068|88|4,291845|0|CarroTeste2|1|circulo_r120_xc320_yc240|201|218|109|202|93,380940|0,000000|50,000000|50,000000|182,034624|0,785398|-5,470269|0,027518|1,386968|10,561698|7,641764|
20170121_183952|59291|89|5,154639|0|CarroTeste2|1|circulo_r120_xc320_yc240|201|218|110|201|92,574294|6,285394|50,000000|43,714606|171,973836|0,840897|-5,462203|-0,019914|1,147684|9,806780|7,390604|
20170121_183952|59488|90|4,366812|0|CarroTeste2|1|circulo_r120_xc320_yc240|201|218|110|202|92,395887|5,076142|50,000000|44,923858|185,566382|0,785398|-5,460419|0,037369|1,439859|10,793960|7,762678|
20170121_183952|59639|91|5,263158|0|CarroTeste2|1|circulo_r120_xc320_yc240|201|218|110|202|92,395887|0,000000|50,000000|50,000000|212,326319|0,844154|-5,460419|-0,021387|1,143730|11,820243|9,412389|
20170121_183952|59890|92|5,405405|0|CarroTeste2|1|circulo_r120_xc320_yc240|201|218|110|202|92,395887|0,000000|50,000000|50,000000|223,156782|0,844154|-5,460419|-0,021387|1,139086|12,356877|9,958802|
20170121_183953|60130|93|4,255319|0|CarroTeste2|1|circulo_r120_xc320_yc240|201|218|110|202|92,395887|0,000000|50,000000|50,000000|233,977156|0,844154|-5,460419|-0,021387|1,134461|12,893027|10,504688|
20170121_183953|60392|94|3,773585|0|CarroTeste2|1|circulo_r120_xc320_yc240|201|218|110|202|92,395887|0,000000|50,000000|50,000000|244,844603|0,844154|-5,460419|-0,021387|1,129887|13,431585|11,052876|
20170121_183953|60589|95|4,672897|0|CarroTeste2|1|circulo_r120_xc320_yc240|201|218|110|202|92,395887|0,000000|50,000000|50,000000|255,774619|0,844154|-5,460419|-0,021387|1,125191|13,973143|11,604319|
20170121_183953|60818|96|4,761905|0|CarroTeste2|1|circulo_r120_xc320_yc240|201|218|110|202|92,395887|0,000000|50,000000|50,000000|266,650926|0,844154|-5,460419|-0,021387|1,120481|14,512000|12,153092|
20170121_183954|61076|97|4,048583|0|CarroTeste2|1|circulo_r120_xc320_yc240|201|218|110|202|92,395887|0,000000|50,000000|50,000000|277,476345|0,844154|-5,460419|-0,021387|1,115863|15,048410|12,699224|
20170121_183954|61283|98|4,237288|0|CarroTeste2|1|circulo_r120_xc320_yc240|201|218|111|203|91,241438|6,799104|50,000000|43,200896|265,495064|0,960070|-5,448874|-0,125759|0,570770|13,875564|12,673942|
20170121_183954|61491|99|4,255319|0|CarroTeste2|1|circulo_r120_xc320_yc240|201|218|113|205|88,955045|13,598207|50,000000|36,401793|252,006337|1,088283|-5,426010|-0,231108|-0,002335|12,597859|12,602775|
20170121_183954|61693|100|5,347594|0|CarroTeste2|1|circulo_r120_xc320_yc240|201|218|114|206|87,823687|7,001057|50,000000|42,998943|281,946042|1,197809|-5,414697|-0,329320|-0,560752|13,507037|14,687567|
20170121_183954|61920|101|4,219409|0|CarroTeste2|1|circulo_r120_xc320_yc240|200|224|114|208|87,475711|8,888889|50,000000|41,111111|284,856702|1,249046|-5,461483|-0,427343|-1,138439|13,044478|15,441192|
20170121_183955|62136|102|5,434783|0|CarroTeste2|1|circulo_r120_xc320_yc240|200|224|114|209|87,298339|4,566210|50,000000|45,433790|308,227032|1,325818|-5,459709|-0,502341|-1,619317|13,706807|17,115896|
20170121_183955|62344|103|4,237288|0|CarroTeste2|1|circulo_r120_xc320_yc240|200|224|115|210|86,145226|6,799104|50,000000|43,200896|310,537079|1,405648|-5,448177|-0,570640|-2,080850|13,336485|17,717223|
20170121_183955|62559|104|5,319149|0|CarroTeste2|1|circulo_r120_xc320_yc240|200|224|115|211|85,988371|4,629630|50,000000|45,370370|327,151062|1,451367|-5,446609|-0,614791|-2,432868|13,796639|18,918467|
20170121_183955|62744|105|4,310345|0|CarroTeste2|1|circulo_r120_xc320_yc240|200|224|115|213|85,708809|10,869565|50,000000|39,130435|316,038999|1,487655|-5,443813|-0,648283|-2,738166|12,919670|18,684230|
20170121_183955|62919|106|5,319149|0|CarroTeste2|1|circulo_r120_xc320_yc240|200|224|116|216|84,380092|18,385335|50,000000|31,614665|299,324189|1,451367|-5,430526|-0,598708|-2,622667|12,205508|17,726911|
20170121_183956|63108|107|5,319149|0|CarroTeste2|1|circulo_r120_xc320_yc240|200|224|116|219|84,148678|15,706806|50,000000|34,293194|315,173652|1,373401|-5,428212|-0,518428|-2,336936|13,298750|18,218615|
20170121_183956|63377|108|5,376344|0|CarroTeste2|1|circulo_r120_xc320_yc240|200|224|117|222|83,024093|11,712139|50,000000|38,287861|336,004826|1,405648|-5,416966|-0,539429|-2,558991|14,106567|19,493916|
20170121_183956|63583|109|4,255319|0|CarroTeste2|1|circulo_r120_xc320_yc240|200|225|117|225|83,000000|14,634146|50,000000|35,365854|334,489053|1,275355|-5,425103|-0,417273|-2,042082|14,574893|18,874012|
20170121_183956|63801|110|4,255319|0|CarroTeste2|1|circulo_r120_xc320_yc240|200|227|118|227|82,000000|10,304461|50,000000|39,695539|356,630370|1,325818|-5,431858|-0,474490|-2,432171|15,271338|20,391699|
20170121_183956|63995|111|5,347594|0|CarroTeste2|1|circulo_r120_xc320_yc240|200|232|120|232|80,000000|27,758581|50,000000|22,241419|306,500421|1,275355|-5,453746|-0,445916|-2,385472|12,813998|17,836044|
20170121_183957|64239|112|5,263158|0|CarroTeste2|1|circulo_r120_xc320_yc240|200|234|120|234|80,000000|8,163265|50,000000|41,836735|376,878353|1,275355|-5,470501|-0,462671|-2,565969|16,142898|21,544938|
20170121_183957|64456|113|3,571429|0|CarroTeste2|1|circulo_r120_xc320_yc240|200|237|122|237|78,000000|16,615444|50,000000|33,384556|357,357599|1,197809|-5,475634|-0,390257|-2,287435|15,460054|20,275706|
20170121_183957|64670|114|5,347594|0|CarroTeste2|1|circulo_r120_xc320_yc240|200|240|124|240|76,000000|16,770006|50,000000|33,229994|363,899499|1,197809|-5,478672|-0,393295|-2,385741|15,683668|20,706282|
20170121_183958|65071|115|4,237288|0|CarroTeste2|1|circulo_r120_xc320_yc240|200|244|126|244|74,000000|11,152459|50,000000|38,847541|389,783481|1,197809|-5,492182|-0,406806|-2,538141|16,817447|22,160902|
20170121_183958|65253|116|2,680965|0|CarroTeste2|1|circulo_r120_xc320_yc240|200|248|128|248|72,000000|24,707933|50,000000|25,292067|352,620764|1,088283|-5,505693|-0,310791|-2,126433|15,392687|19,869389|
20170121_183958|65418|117|5,291005|0|CarroTeste2|1|circulo_r120_xc320_yc240|200|254|131|254|69,000000|41,154625|50,000000|8,845375|302,898882|0,970746|-5,525958|-0,213519|-1,689626|13,366390|16,923498|
20170121_183958|65651|118|5,405405|0|CarroTeste2|1|circulo_r120_xc320_yc240|200|255|133|257|67,029844|15,213297|50,000000|34,786703|391,803769|1,016489|-5,510446|-0,243749|-1,892641|17,597934|21,582442|
20170121_183958|65870|119|4,273504|0|CarroTeste2|1|circulo_r120_xc320_yc240|200|255|135|260|65,192024|16,539226|50,000000|33,460774|394,792911|0,960070|-5,492067|-0,168952|-1,557220|18,100466|21,378825|
20170121_183959|66120|120|4,255319|0|CarroTeste2|1|circulo_r120_xc320_yc240|200|255|138|264|62,649820|20,000000|50,000000|30,000000|390,353107|0,960070|-5,466645|-0,143530|-1,461407|17,979332|21,055978|
20170121_183959|66334|121|4,237288|0|CarroTeste2|1|circulo_r120_xc320_yc240|200|255|141|267|60,207973|19,825424|50,000000|30,174576|397,394291|0,896055|-5,442227|-0,055097|-1,034245|18,781036|20,958394|
20170121_183959|66504|122|5,208333|0|CarroTeste2|1|circulo_r120_xc320_yc240|201|261|144|271|57,870545|29,585799|50,000000|20,414201|371,151106|0,896055|-5,473307|-0,086177|-1,207065|17,286960|19,828150|
20170121_183959|66726|123|5,494505|0|CarroTeste2|1|circulo_r120_xc320_yc240|201|261|146|274|56,515485|16,241222|50,000000|33,758778|420,310694|0,902507|-5,459756|-0,079078|-1,188875|19,764087|22,266982|
20170121_183959|66946|124|4,273504|0|CarroTeste2|1|circulo_r120_xc320_yc240|202|266|149|276|53,935146|16,463704|50,000000|33,536296|426,830971|0,844154|-5,473746|-0,034715|-0,976135|20,314038|22,369059|
20170121_184000|67140|125|5,291005|0|CarroTeste2|1|circulo_r120_xc320_yc240|202|266|153|280|50,960769|28,861501|50,000000|21,138499|392,445142|0,902507|-5,444003|-0,063324|-1,131947|18,430734|20,813780|
20170121_184000|67372|126|4,273504|0|CarroTeste2|1|circulo_r120_xc320_yc240|203|270|155|282|49,477268|12,191496|50,000000|37,808504|452,860233|0,844154|-5,464772|-0,025741|-0,950665|21,642311|23,643712|
20170121_184000|67588|127|4,273504|0|CarroTeste2|1|circulo_r120_xc320_yc240|204|274|160|287|45,880279|32,888687|50,000000|17,111313|391,524298|0,785398|-5,460218|0,037569|-0,628179|18,914974|20,237456|
20170121_184000|67780|128|5,319149|0|CarroTeste2|1|circulo_r120_xc320_yc240|205|277|163|290|43,965896|22,097087|50,000000|27,902913|431,369366|0,785398|-5,468302|0,029486|-0,661936|20,871693|22,265244|
20170121_184000|68003|129|5,291005|0|CarroTeste2|1|circulo_r120_xc320_yc240|206|280|167|293|41,109610|22,321429|50,000000|27,678571|436,530453|0,785398|-5,464871|0,032916|-0,637834|21,155119|22,497926|
20170121_184001|68300|130|4,310345|0|CarroTeste2|1|circulo_r120_xc320_yc240|207|283|170|296|39,217343|14,284985|50,000000|35,715015|469,312908|0,726642|-5,471082|0,085461|-0,358467|23,088312|23,842979|
20170121_184001|68569|131|3,558719|0|CarroTeste2|1|circulo_r120_xc320_yc240|219|304|226|298|9,219544|207,539640|50,000000|-157,539640|-171,262229|3,855683|-5,376354|-2,948852|-16,062459|-25,470963|8,344740|
20170121_184001|68746|132|3,533569|0|CarroTeste2|1|circulo_r120_xc320_yc240|210|290|180|305|33,541020|268,956997|50,000000|-218,956997|-410,942889|0,785398|-5,479245|0,018543|-1,316827|-21,933278|-19,161011|
20170121_184001|68919|133|5,376344|0|CarroTeste2|1|circulo_r120_xc320_yc240|213|296|185|310|31,304952|40,638321|50,000000|9,361679|307,918339|0,785398|-5,511338|-0,013551|-1,479097|13,838972|16,952862|
20170121_184002|69252|134|5,347594|0|CarroTeste2|1|circulo_r120_xc320_yc240|212|294|184|309|31,764760|4,221533|50,000000|45,778467|432,049024|0,668289|-5,499181|0,115715|-0,812181|20,747524|22,457378|
20170121_184002|69439|135|3,533569|0|CarroTeste2|1|circulo_r120_xc320_yc240|211|292|182|307|32,649655|15,206597|50,000000|34,793403|404,987106|0,600050|-5,489181|0,193954|-0,382715|19,846498|20,652213|
20170121_184002|69667|136|5,347594|0|CarroTeste2|1|circulo_r120_xc320_yc240|213|296|185|309|30,870698|15,883486|50,000000|34,116514|410,197023|0,600050|-5,506996|0,176139|-0,432857|20,054212|20,965491|
20170121_184002|69875|137|4,115226|0|CarroTeste2|1|circulo_r120_xc320_yc240|214|298|188|311|29,068884|17,251442|50,000000|32,748558|412,930113|0,610726|-5,507827|0,164633|-0,455120|20,167432|21,125579|
20170121_184003|70067|138|5,076142|0|CarroTeste2|1|circulo_r120_xc320_yc240|214|298|192|313|26,627054|23,171689|50,000000|26,828311|400,139981|0,610726|-5,483409|0,189050|-0,293224|19,698342|20,315656|
20170121_184003|70238|139|5,405405|0|CarroTeste2|1|circulo_r120_xc320_yc240|217|303|196|315|24,186773|26,306682|50,000000|23,693318|395,421342|0,610726|-5,507177|0,165283|-0,375427|19,375881|20,166254|
20170121_184003|70441|140|5,649718|0|CarroTeste2|1|circulo_r120_xc320_yc240|219|306|200|317|21,954498|21,922235|50,000000|28,077765|415,229556|0,600050|-5,077180|0,605954|1,943637|22,807412|18,715544|
20170121_184003|70615|141|5,050505|0|CarroTeste2|1|circulo_r120_xc320_yc240|221|309|203|320|21,095023|24,523935|50,000000|25,476065|412,502513|0,668289|-5,115097|0,499800|1,524072|22,229412|19,020839|
20170121_184003|70950|142|5,586592|0|CarroTeste2|1|circulo_r120_xc320_yc240|221|309|207|322|19,104973|13,349660|50,000000|36,650340|455,394883|0,610726|-5,134997|0,537463|1,825852|24,691694|20,847795|
20170121_184004|71295|143|2,958580|0|CarroTeste2|1|circulo_r120_xc320_yc240|224|313|210|324|17,804494|10,481254|50,000000|39,518746|472,849320|0,610726|-5,189890|0,482570|1,653656|25,383156|21,901776|
20170121_184004|71510|144|2,793296|0|CarroTeste2|1|circulo_r120_xc320_yc240|228|318|216|328|15,620499|33,540012|50,000000|16,459988|404,034627|0,726642|-5,266184|0,290359|0,762121|21,003964|19,399499|
20170121_184004|71736|145|4,255319|0|CarroTeste2|1|circulo_r120_xc320_yc240|235|325|224|335|14,866069|46,623447|50,000000|3,376553|363,713938|0,785398|-5,357504|0,140283|0,047941|18,236161|18,135233|
20170121_184004|72015|146|4,291845|0|CarroTeste2|1|circulo_r120_xc320_yc240|238|328|228|338|14,142136|17,857143|50,000000|32,142857|460,983004|0,844154|-5,400348|0,038683|-0,447173|22,578442|23,519858|
20170121_184005|72344|147|3,546099|0|CarroTeste2|1|circulo_r120_xc320_yc240|241|331|232|343|15,000000|19,641485|50,000000|30,358515|462,009463|0,844154|-5,425280|0,013752|-0,567722|22,502871|23,698075|
20170121_184005|72535|148|3,521127|0|CarroTeste2|1|circulo_r120_xc320_yc240|246|335|236|347|15,620499|29,310126|50,000000|20,689874|436,189114|0,909753|-5,471435|-0,098003|-1,142972|20,606327|23,012585|
20170121_184005|72773|149|4,310345|0|CarroTeste2|1|circulo_r120_xc320_yc240|250|338|240|352|17,204651|26,903883|50,000000|23,096117|448,833955|0,847817|-5,841574|-0,406206|-2,758403|19,538115|25,345280|
20170121_184006|73122|150|4,273504|0|CarroTeste2|1|circulo_r120_xc320_yc240|256|342|244|357|19,209373|18,294641|50,000000|31,705359|482,857113|0,902507|-5,922359|-0,541680|-3,549182|20,406875|27,878837|
20170121_184006|73299|151|3,039514|0|CarroTeste2|1|circulo_r120_xc320_yc240|256|342|247|361|21,023796|28,571429|50,000000|21,428571|455,408351|0,902507|-5,940503|-0,559825|-3,762077|18,810336|26,730499|
20170121_184006|73497|152|5,376344|0|CarroTeste2|1|circulo_r120_xc320_yc240|263|346|253|367|23,259407|42,639605|50,000000|7,360395|412,961782|0,847817|-6,029880|-0,594511|-4,067768|16,366228|24,929950|
20170121_184006|73647|153|5,376344|0|CarroTeste2|1|circulo_r120_xc320_yc240|269|349|257|371|25,059928|37,712362|50,000000|12,287638|431,134406|0,785398|-6,102339|-0,604552|-4,251805|17,081136|26,032305|
20170121_184006|73981|154|7,042254|0|CarroTeste2|1|circulo_r120_xc320_yc240|269|349|260|374|26,570661|12,702517|50,000000|37,297483|517,776973|0,726642|-6,117446|-0,560903|-4,161487|21,508336|30,269361|
20170121_184007|74135|155|3,048780|0|CarroTeste2|1|circulo_r120_xc320_yc240|276|352|263|377|28,178006|27,549615|50,000000|22,450385|476,145325|0,661043|-6,198446|-0,576304|-4,362988|19,214647|28,399885|
20170121_184007|74344|156|5,319149|0|CarroTeste2|1|circulo_r120_xc320_yc240|279|353|269|381|29,732137|34,836244|50,000000|15,163756|456,651623|0,554307|-6,239120|-0,510243|-4,148747|18,465479|27,199683|
20170121_184007|74500|157|5,319149|0|CarroTeste2|1|circulo_r120_xc320_yc240|285|355|275|384|30,675723|42,727414|50,000000|7,272586|433,512389|0,426627|-6,300916|-0,444359|-3,921532|17,547691|25,803548|
20170121_184007|74825|158|5,319149|0|CarroTeste2|1|circulo_r120_xc320_yc240|285|355|279|385|30,594117|12,647563|50,000000|37,352437|536,033301|0,348771|-6,300100|-0,365686|-3,612606|22,998922|30,604408|
20170121_184007|74963|159|3,558719|0|CarroTeste2|1|circulo_r120_xc320_yc240|289|356|282|387|31,780497|26,511406|50,000000|23,488594|497,676770|0,295441|-6,347569|-0,359824|-3,660877|21,030284|28,737393|
20170121_184008|75233|160|5,376344|0|CarroTeste2|1|circulo_r120_xc320_yc240|293|357|288|388|31,400637|22,363098|50,000000|27,636902|516,780111|0,129703|-6,377280|-0,223798|-3,036577|22,642609|29,035402|
20170121_184008|75400|161|4,273504|0|CarroTeste2|1|circulo_r120_xc320_yc240|298|358|291|388|30,805844|18,072289|50,000000|31,927711|537,275028|0,129703|-6,415315|-0,261832|-3,282667|23,408312|30,319191|
20170121_184008|75617|162|5,291005|0|CarroTeste2|1|circulo_r120_xc320_yc240|304|359|298|388|29,614186|32,110092|50,000000|17,889908|497,181308|0,043451|-6,453663|-0,213929|-3,093202|21,603063|28,115068|
20170121_184008|75803|163|4,273504|0|CarroTeste2|1|circulo_r120_xc320_yc240|304|359|304|388|29,000000|32,258065|50,000000|17,741935|500,574449|0,043451|-6,447522|-0,207787|-3,108272|21,756857|28,300588|
20170121_184008|75945|164|7,092199|0|CarroTeste2|1|circulo_r120_xc320_yc240|309|359|309|388|29,000000|35,460993|50,000000|14,539007|493,660256|-0,083141|-6,489409|-0,123083|-2,715104|21,825008|27,541017|
20170121_184009|76258|165|5,347594|0|CarroTeste2|1|circulo_r120_xc320_yc240|320|360|313|388|28,861739|12,861736|50,000000|37,138264|572,572324|-0,119429|-0,288617|-0,169188|-2,980310|25,491448|31,765784|
20170121_184009|76430|166|3,558719|0|CarroTeste2|1|circulo_r120_xc320_yc240|320|360|318|387|27,073973|29,304710|50,000000|20,695290|525,374311|-0,165149|-0,270740|-0,105591|-2,687079|23,440212|29,097220|
20170121_184009|76627|167|5,347594|0|CarroTeste2|1|circulo_r120_xc320_yc240|320|360|325|385|25,495098|36,954873|50,000000|13,045127|504,146295|-0,244979|-0,254951|-0,009972|-2,214331|22,876440|27,538189|
20170121_184009|76796|168|5,319149|0|CarroTeste2|1|circulo_r120_xc320_yc240|331|359|331|383|24,000000|37,646163|50,000000|12,353837|504,613168|-0,295441|-0,338437|-0,042996|-2,387635|22,717359|27,743958|
20170121_184009|77003|169|5,319149|0|CarroTeste2|1|circulo_r120_xc320_yc240|335|359|336|381|22,022716|25,766339|50,000000|24,233661|547,071471|-0,295441|-0,347985|-0,052544|-2,446274|24,778548|29,928599|
20170121_184010|77163|170|5,347594|0|CarroTeste2|1|circulo_r120_xc320_yc240|335|359|341|379|20,880613|33,448229|50,000000|16,551771|526,449275|-0,404892|-0,336564|0,068328|-1,830933|24,395166|28,249762|
20170121_184010|77303|171|7,092199|0|CarroTeste2|1|circulo_r120_xc320_yc240|341|358|346|377|19,646883|39,022933|50,000000|10,977067|511,258006|-0,446106|-0,378681|0,067424|-1,820952|23,646109|27,479691|
20170121_184010|77496|172|5,319149|0|CarroTeste2|1|circulo_r120_xc320_yc240|346|357|349|376|19,235384|16,470196|50,000000|33,529804|589,170444|-0,482513|-0,414360|0,068154|-1,802979|27,560650|31,356394|
20170121_184010|77625|173|7,042254|0|CarroTeste2|0|circulo_r120_xc320_yc240|0|0|349|376||||||||||||
20170121_184010|77772|174|7,142857|0|CarroTeste2|0|circulo_r120_xc320_yc240|0|0|349|376||||||||||||
20170121_184010|77891|175|7,142857|0|CarroTeste2|0|circulo_r120_xc320_yc240|0|0|349|376||||||||||||
20170121_184011|78068|176|7,194245|0|CarroTeste2|0|circulo_r120_xc320_yc240|0|0|349|376||||||||||||
20170121_184011|78274|177|5,319149|0|CarroTeste2|0|circulo_r120_xc320_yc240|0|0|349|376||||||||||||
20170121_184011|78382|178|5,347594|0|CarroTeste2|0|circulo_r120_xc320_yc240|0|0|349|376||||||||||||
20170121_184011|78559|179|7,092199|0|CarroTeste2|0|circulo_r120_xc320_yc240|0|0|349|376||||||||||||
20170121_184011|78688|180|7,092199|0|CarroTeste2|0|circulo_r120_xc320_yc240|0|0|349|376||||||||||||
20170121_184011|78861|181|7,092199|0|CarroTeste2|0|circulo_r120_xc320_yc240|0|0|349|376||||||||||||
20170121_184012|79042|182|5,235602|0|CarroTeste2|0|circulo_r120_xc320_yc240|0|0|349|376||||||||||||
20170121_184012|79243|183|5,494505|0|CarroTeste2|0|circulo_r120_xc320_yc240|0|0|349|376||||||||||||
20170121_184012|79432|184|5,263158|0|CarroTeste2|1|circulo_r120_xc320_yc240|398|331|403|336|7,071068|34,675537|50,000000|15,324463|535,067879|-0,668289|-0,780711|-0,112421|-2,731310|23,878331|29,628457|
20170121_184012|79617|185|5,263158|0|CarroTeste2|1|circulo_r120_xc320_yc240|403|326|408|331|7,071068|38,429716|50,000000|11,570284|525,221047|-0,785398|-0,841448|-0,056050|-2,455575|23,676237|28,845868|
20170121_184012|79780|186|5,405405|0|CarroTeste2|1|circulo_r120_xc320_yc240|407|322|412|328|7,810250|30,487805|50,000000|19,512195|553,865024|-0,785398|-0,738712|0,046687|-1,927347|25,664465|29,722037|
20170121_184012|79938|187|7,194245|0|CarroTeste2|1|circulo_r120_xc320_yc240|411|318|416|323|7,071068|40,784231|50,000000|9,215769|522,855369|-0,785398|-0,792180|-0,006782|-2,199417|23,827593|28,457944|
20170121_184013|80138|188|5,291005|0|CarroTeste2|1|circulo_r120_xc320_yc240|414|314|419|320|7,810250|21,319802|50,000000|28,680198|589,595583|-0,902507|-0,982881|-0,080374|-2,586676|26,756962|32,202596|
20170121_184013|80310|189|5,376344|0|CarroTeste2|1|circulo_r120_xc320_yc240|418|309|423|315|7,810250|36,799565|50,000000|13,200435|542,808692|-0,902507|-0,879036|0,023471|-2,055929|24,976299|29,304570|
20170121_184013|80486|190|5,347594|0|CarroTeste2|1|circulo_r120_xc320_yc240|420|306|427|310|8,062258|36,589281|50,000000|13,410719|545,817453|-0,902507|-0,905838|-0,003331|-2,192451|24,983030|29,598716|
20170121_184013|80639|191|7,042254|0|CarroTeste2|1|circulo_r120_xc320_yc240|425|298|431|304|8,485281|47,441464|50,000000|2,558536|511,823607|-1,016489|-0,981194|0,035295|-1,990102|23,496337|27,686024|
20170121_184013|80902|192|5,347594|0|CarroTeste2|1|circulo_r120_xc320_yc240|426|296|433|300|8,062258|16,939909|50,000000|33,060091|614,324749|-0,960070|-1,165519|-0,205449|-3,249430|27,295785|34,136690|
20170121_184014|81168|193|4,255319|0|CarroTeste2|1|circulo_r120_xc320_yc240|428|292|436|297|9,433981|15,890040|50,000000|34,109960|623,466994|-1,030377|-1,216936|-0,186559|-3,184683|27,821052|34,525648|
20170121_184014|81376|194|3,546099|0|CarroTeste2|1|circulo_r120_xc320_yc240|431|285|440|289|9,848858|43,209043|50,000000|6,790957|537,896188|-1,016489|-1,283916|-0,267427|-3,641088|23,062085|30,727534|
20170121_184014|81578|195|5,376344|0|CarroTeste2|1|circulo_r120_xc320_yc240|434|277|445|280|11,401754|50,468775|50,000000|-0,468775|514,772082|-1,144169|-1,370655|-0,226486|-3,471156|22,084756|29,392452|
20170121_184014|81810|196|4,255319|0|CarroTeste2|1|circulo_r120_xc320_yc240|436|270|447|272|11,180340|35,697884|50,000000|14,302116|564,115984|-1,128422|-1,429178|-0,300756|-3,899557|24,101003|32,310596|
20170121_184014|81995|197|4,273504|0|CarroTeste2|1|circulo_r120_xc320_yc240|438|261|451|264|13,341664|48,610173|50,000000|1,389827|523,408147|-1,222025|-1,528284|-0,306258|-3,981451|21,979406|30,361409|
20170121_184015|82199|198|5,376344|0|CarroTeste2|1|circulo_r120_xc320_yc240|439|255|453|258|14,317821|31,002722|50,000000|18,997278|582,566536|-1,356736|-1,588311|-0,231575|-3,642830|25,293769|32,962885|
20170121_184015|82404|199|5,263158|0|CarroTeste2|1|circulo_r120_xc320_yc240|439|252|454|252|15,000000|29,964347|50,000000|20,035653|589,345752|-1,356736|-1,620265|-0,263530|-3,850773|25,413843|33,520732|
20170121_184015|82659|200|5,347594|0|CarroTeste2|1|circulo_r120_xc320_yc240|440|240|455|245|15,811388|27,513883|50,000000|22,486117|601,031692|-1,487655|-1,728910|-0,241255|-3,779754|26,072896|34,030273|
20170121_184015|82870|201|3,558719|0|CarroTeste2|1|circulo_r120_xc320_yc240|440|240|456|238|16,124515|33,832860|50,000000|16,167140|583,800475|-1,570796|-1,732041|-0,161245|-3,401212|25,609800|32,770247|
20170121_184016|83038|202|5,319149|0|CarroTeste2|1|circulo_r120_xc320_yc240|439|228|455|228|16,000000|59,466720|50,000000|-9,466720|500,866199|-1,614247|-1,829233|-0,214986|-3,710512|21,137507|28,949113|
20170121_184016|83274|203|5,405405|0|CarroTeste2|1|circulo_r120_xc320_yc240|439|241|438|241|1,000000|89,543659|50,000000|-39,543659|398,541364|-0,391948|-1,552419|-1,160471|-8,703113|10,765897|29,088240|
20170121_184016|83440|204|4,237288|0|CarroTeste2|1|circulo_r120_xc320_yc240|438|218|454|216|16,124515|180,985635|50,000000|-130,985635|85,514178|-1,700499|-1,914254|-0,213755|-3,946880|0,121098|8,430320|
20170121_184016|83674|205|6,944444|0|CarroTeste2|1|circulo_r120_xc320_yc240|436|209|452|207|16,124515|39,232104|50,000000|10,767896|536,258831|-1,815775|-1,989652|-0,173877|-3,776636|22,837536|30,788348|
20170121_184016|83843|206|4,329004|0|CarroTeste2|1|circulo_r120_xc320_yc240|436|209|452|204|16,763055|17,751479|50,000000|32,248521|610,095903|-1,943784|-1,996037|-0,052253|-3,171196|27,166694|33,842896|
20170121_184017|84161|207|5,376344|0|CarroTeste2|1|circulo_r120_xc320_yc240|436|209|452|203|17,088007|3,154574|50,000000|46,845426|664,878577|-1,997424|-1,999287|-0,001863|-2,917367|30,173016|36,314842|
20170121_184017|84340|208|3,030303|0|CarroTeste2|1|circulo_r120_xc320_yc240|435|205|450|200|15,811388|20,142745|50,000000|29,857255|616,723003|-1,997424|-2,017937|-0,020513|-3,015034|27,662430|34,009870|
20170121_184017|84655|209|5,376344|0|CarroTeste2|1|circulo_r120_xc320_yc240|431|194|444|188|14,317821|42,727414|50,000000|7,272586|546,741447|-2,070143|-2,103532|-0,033389|-3,086093|24,088553|30,585591|
20170121_184017|84810|210|3,533569|0|CarroTeste2|1|circulo_r120_xc320_yc240|428|187|439|181|12,529964|55,143111|50,000000|-5,143111|506,546208|-2,111216|-1,895792|0,215424|-1,795416|23,437399|27,217222|
20170121_184017|85007|211|5,405405|0|CarroTeste2|1|circulo_r120_xc320_yc240|422|176|432|172|10,770330|57,876925|50,000000|-7,876925|496,401305|-2,181522|-2,016013|0,165509|-2,014700|22,699328|26,940802|
20170121_184018|85273|212|5,235602|0|CarroTeste2|1|circulo_r120_xc320_yc240|420|173|428|166|10,630146|27,314782|50,000000|22,685218|597,218284|-2,239086|-2,261434|-0,022348|-2,960862|26,744217|32,977611|
20170121_184018|85478|213|3,571429|0|CarroTeste2|1|circulo_r120_xc320_yc240|415|166|424|161|10,295630|31,234752|50,000000|18,765248|588,558884|-2,300696|-2,123386|0,177310|-1,926704|27,399834|31,456054|
20170121_184018|85733|214|5,347594|0|CarroTeste2|1|circulo_r120_xc320_yc240|411|161|418|155|9,219544|33,016659|50,000000|16,983341|586,319246|-2,297439|-2,372992|-0,075553|-3,206668|25,940523|32,691402|
20170121_184018|85945|215|4,219409|0|CarroTeste2|1|circulo_r120_xc320_yc240|406|156|413|150|9,219544|33,197501|50,000000|16,802499|589,096283|3,926991|-2,433729|-0,077535|-3,231842|26,052875|32,856753|
20170121_184019|86136|216|4,310345|0|CarroTeste2|1|circulo_r120_xc320_yc240|401|151|407|145|8,485281|41,324072|50,000000|8,675928|565,240206|3,868235|-2,485030|-0,070079|-3,208476|24,884667|31,639353|
20170121_184019|86313|217|5,291005|0|CarroTeste2|1|circulo_r120_xc320_yc240|393|144|399|138|8,485281|59,386289|50,000000|-9,386289|506,476412|3,868235|-2,401194|0,013756|-2,786890|22,390252|28,257389|
20170121_184019|86473|218|5,434783|0|CarroTeste2|1|circulo_r120_xc320_yc240|389|141|393|134|8,062258|45,069391|50,000000|4,930609|552,551680|3,761842|-2,447312|0,074031|-2,471121|25,026404|30,228764|
20170121_184019|86608|219|6,944444|0|CarroTeste2|1|circulo_r120_xc320_yc240|383|137|387|130|8,062258|54,218816|50,000000|-4,218816|522,901561|3,708322|-2,669295|-0,094432|-3,331245|22,638505|29,651652|
20170121_184019|86755|220|7,194245|0|CarroTeste2|1|circulo_r120_xc320_yc240|378|134|383|128|7,810250|30,217135|50,000000|19,782865|602,449504|3,695900|-2,558741|0,028544|-2,711123|27,268661|32,976289|
20170121_184019|86977|221|7,042254|0|CarroTeste2|1|circulo_r120_xc320_yc240|376|133|379|126|7,615773|20,054421|50,000000|29,945579|640,419245|3,640939|-2,731851|-0,089605|-3,320127|28,526092|35,515832|
20170121_184020|87172|222|4,291845|0|CarroTeste2|1|circulo_r120_xc320_yc240|372|131|375|124|7,615773|22,934031|50,000000|27,065969|636,704027|3,640939|-2,769550|-0,127304|-3,533287|28,115952|35,554451|
20170121_184020|87327|223|5,319149|0|CarroTeste2|1|circulo_r120_xc320_yc240|365|128|368|120|8,544004|52,694495|50,000000|-2,694495|542,440446|3,514580|-2,841664|-0,073059|-3,276864|23,672692|30,571352|
20170121_184020|87499|224|7,142857|0|CarroTeste2|1|circulo_r120_xc320_yc240|357|125|361|118|8,062258|42,326220|50,000000|7,673780|576,625999|3,514580|-2,908056|-0,139451|-3,637426|25,002431|32,660169|
20170121_184020|87705|225|5,291005|0|CarroTeste2|1|circulo_r120_xc320_yc240|354|124|355|116|8,062258|30,406516|50,000000|19,593484|618,048869|3,514580|-2,933189|-0,164584|-3,796259|26,906381|34,898506|
20170121_184020|87854|226|5,347594|0|CarroTeste2|1|circulo_r120_xc320_yc240|346|122|348|114|8,246211|50,207654|50,000000|-0,207654|555,561993|3,414601|-3,004143|-0,135559|-3,677195|23,907368|31,648831|
20170121_184021|88071|227|5,376344|0|CarroTeste2|1|circulo_r120_xc320_yc240|341|121|341|113|8,000000|32,141217|50,000000|17,858783|616,013708|3,368392|-3,045663|-0,130870|-3,679496|26,927532|34,673839|
20170121_184021|88305|228|5,291005|0|CarroTeste2|1|circulo_r120_xc320_yc240|333|120|333|111|9,000000|35,240219|50,000000|14,759781|609,090910|3,261022|-3,122684|-0,100520|-3,546936|26,720928|34,188163|
20170121_184021|88497|229|4,255319|0|CarroTeste2|1|circulo_r120_xc320_yc240|326|120|326|111|9,000000|36,649215|50,000000|13,350785|607,216267|3,261022|-3,181327|-0,159163|-3,871525|26,285524|34,436103|
20170121_184021|88657|230|5,376344|0|CarroTeste2|1|circulo_r120_xc320_yc240|318|120|318|111|9,000000|49,382716|50,000000|0,617284|567,166325|3,141593|-3,246253|-0,104661|-3,618469|24,549402|32,167231|
20170121_184021|88879|231|5,347594|0|CarroTeste2|1|circulo_r120_xc320_yc240|310|120|310|112|8,000000|36,316476|50,000000|13,683524|611,035682|3,064821|-3,303274|-0,084910|-3,535837|26,829850|34,273718|
20170121_184021|89020|232|5,347594|0|CarroTeste2|1|circulo_r120_xc320_yc240|304|120|301|113|7,615773|63,770318|50,000000|-13,770318|521,766058|2,988943|-3,345509|-0,051266|-3,377199|22,533357|29,643249|
20170121_184022|89188|233|6,993007|0|CarroTeste2|1|circulo_r120_xc320_yc240|294|122|294|115|7,000000|43,856084|50,000000|6,143916|585,798710|2,896614|-3,429410|-0,042838|-3,343224|25,770752|32,809119|
20170121_184022|89388|234|5,347594|0|CarroTeste2|1|circulo_r120_xc320_yc240|293|122|290|116|6,708204|20,615528|50,000000|29,384472|664,762254|2,896614|-3,430681|-0,044109|-3,357964|29,703413|36,772812|
20170121_184022|89549|235|5,376344|0|CarroTeste2|1|circulo_r120_xc320_yc240|260|136|278|166|34,985711|321,374003|50,000000|-271,374003|-336,420104|-0,746956|-4,015049|3,015092|12,598459|-3,559470|-30,082541|
20170121_184022|89694|236|6,993007|0|CarroTeste2|1|circulo_r120_xc320_yc240|282|125|280|120|5,385165|313,220801|50,000000|-263,220801|-360,207510|2,819842|-3,511698|-0,048355|-2,821053|-20,979905|-15,040846|
20170121_184022|89889|237|5,347594|0|CarroTeste2|1|circulo_r120_xc320_yc240|276|127|275|122|5,099020|27,616230|50,000000|22,383770|546,274319|2,746802|-3,559102|-0,022718|-2,696409|24,475391|30,152041|
20170121_184023|90118|238|5,376344|0|CarroTeste2|1|circulo_r120_xc320_yc240|274|128|272|124|4,472136|15,813821|50,000000|34,186179|589,965254|2,768605|-3,575871|-0,061291|-2,902041|26,443483|32,553043|
20170121_184023|90304|239|4,255319|0|CarroTeste2|1|circulo_r120_xc320_yc240|279|126|277|122|4,472136|28,797673|50,000000|21,202327|552,895526|2,768605|-3,527700|-0,013120|-2,662043|24,842626|30,446927|
20170121_184023|90485|240|5,291005|0|CarroTeste2|1|circulo_r120_xc320_yc240|276|127|274|124|3,605551|19,920173|50,000000|30,079827|586,544930|2,819842|-3,472056|-0,008713|-2,641458|26,546765|32,107728|
20170121_184023|90719|241|5,434783|0|CarroTeste2|1|circulo_r120_xc320_yc240|244|147|268|179|40,000000|238,475452|50,000000|-188,475452|-139,322950|-0,875045|-4,226460|2,931770|12,727598|6,431324|-20,363619|
20170121_184023|90886|242|4,219409|0|CarroTeste2|1|circulo_r120_xc320_yc240|263|133|262|130|3,162278|293,845120|50,000000|-243,845120|-359,282393|2,695487|-3,595870|-0,008171|-2,101836|-20,176578|-15,751661|
20170121_184024|91067|243|7,142857|0|CarroTeste2|1|circulo_r120_xc320_yc240|256|137|254|134|3,605551|49,967999|50,000000|0,032001|411,848984|2,530867|-3,658458|0,093861|-1,569873|18,939951|22,244947|
20170121_184024|91243|244|5,319149|0|CarroTeste2|1|circulo_r120_xc320_yc240|256|137|255|134|3,162278|5,586592|50,000000|44,413408|560,375964|2,642246|-3,662890|-0,021951|-2,158349|25,746852|30,290745|
20170121_184024|91402|245|5,319149|0|CarroTeste2|1|circulo_r120_xc320_yc240|260|135|258|132|3,605551|22,676423|50,000000|27,323577|511,224391|2,587285|-3,627042|0,068858|-1,687161|23,785261|27,337178|
20170121_184024|91567|246|7,142857|0|CarroTeste2|1|circulo_r120_xc320_yc240|256|137|255|134|3,162278|22,394728|50,000000|27,605272|517,107519|2,642246|-3,662890|-0,021951|-2,149995|23,592223|28,118529|
20170121_184024|91723|247|5,347594|0|CarroTeste2|1|circulo_r120_xc320_yc240|255|138|253|135|3,605551|13,888621|50,000000|36,111379|550,482802|2,530867|-3,675213|0,077106|-1,634782|25,803317|29,244963|
20170121_184024|91874|248|7,092199|0|CarroTeste2|1|circulo_r120_xc320_yc240|250|141|248|138|3,605551|38,873013|50,000000|11,126987|473,268865|2,530867|-3,719195|0,033124|-1,851523|21,714472|25,612414|
20170121_184025|92041|249|7,142857|0|CarroTeste2|1|circulo_r120_xc320_yc240|246|144|245|141|3,162278|25,405034|50,000000|24,594966|520,282721|2,521343|-3,828761|-0,066919|-2,370715|23,518647|28,509625|
20170121_184025|92245|250|5,291005|0|CarroTeste2|1|circulo_r120_xc320_yc240|233|157|260|184|38,183766|225,451436|50,000000|-175,451436|-144,832975|-1,388381|-3,570286|-2,181905|-13,475716|-21,426614|6,943316|
20170121_184025|92411|251|5,347594|0|CarroTeste2|1|circulo_r120_xc320_yc240|239|150|237|147|3,605551|260,874502|50,000000|-210,874502|-294,096187|2,466852|-3,912781|-0,096447|-2,918586|-17,777005|-11,632614|
20170121_184025|92561|252|5,376344|0|CarroTeste2|1|circulo_r120_xc320_yc240|235|154|233|151|3,605551|37,712362|50,000000|12,287638|415,340018|2,473303|-3,960952|-0,151070|-3,221384|17,376070|24,157932|
20170121_184025|92739|253|7,092199|0|CarroTeste2|1|circulo_r120_xc320_yc240|235|154|232|151|4,242641|5,586592|50,000000|44,413408|525,031181|2,297439|-3,882470|0,103277|-1,915592|24,235146|28,267972|
20170121_184025|93004|254|5,319149|0|CarroTeste2|1|circulo_r120_xc320_yc240|227|164|256|185|35,805028|157,046431|50,000000|-107,046431|26,030300|-1,487655|-4,385572|-2,897917|-17,634714|-17,261342|19,864372|
20170121_184026|93151|255|4,219409|0|CarroTeste2|1|circulo_r120_xc320_yc240|233|156|231|153|3,605551|280,054352|50,000000|-230,054352|-404,424778|2,191046|-3,911879|0,180260|-2,004357|-22,331088|-18,111390|
20170121_184026|93327|256|5,464481|0|CarroTeste2|1|circulo_r120_xc320_yc240|229|160|228|158|2,236068|33,130408|50,000000|16,869592|380,733097|2,191046|-4,014278|0,077862|-2,508389|16,396245|21,677064|
20170121_184026|93519|257|6,944444|0|CarroTeste2|1|circulo_r120_xc320_yc240|228|161|227|160|1,414214|11,526124|50,000000|38,473876|456,036480|1,997424|-3,990341|0,295420|-1,353959|21,376604|24,227044|
20170121_184026|93675|258|5,376344|0|CarroTeste2|1|circulo_r120_xc320_yc240|229|160|228|158|2,236068|14,519922|50,000000|35,480078|452,826609|1,997424|-4,014278|0,271484|-1,427139|21,139078|24,143582|
20170121_184026|93839|259|5,347594|0|CarroTeste2|1|circulo_r120_xc320_yc240|228|161|227|159|2,236068|8,519359|50,000000|41,480641|479,183833|1,943784|-4,026844|0,312557|-1,163791|22,734149|25,184235|
20170121_184026|94012|260|7,042254|0|CarroTeste2|1|circulo_r120_xc320_yc240|226|164|226|163|1,000000|24,253563|50,000000|25,746437|433,869613|1,892547|-4,045899|0,344739|-0,937692|20,706436|22,680525|
20170121_184027|94191|261|5,347594|0|CarroTeste2|1|circulo_r120_xc320_yc240|204|209|241|217|37,854986|307,937500|50,000000|-257,937500|-510,887529|-1,054566|-4,831234|2,506517|10,465969|-14,527567|-36,561186|
20170121_184027|94404|262|5,347594|0|CarroTeste2|1|circulo_r120_xc320_yc240|204|209|252|221|49,477268|55,210849|50,000000|-5,210849|289,845424|-1,304544|-4,947457|2,640273|11,604352|26,707378|2,277164|
20170121_184027|94652|263|4,273504|0|CarroTeste2|1|circulo_r120_xc320_yc240|219|175|223|176|4,123106|214,140141|50,000000|-164,140141|-242,861903|1,892547|-4,099388|0,291251|-0,262733|-12,419656|-11,866535|
20170121_184027|94805|264|5,291005|0|CarroTeste2|1|circulo_r120_xc320_yc240|204|209|244|221|41,761226|326,702869|50,000000|-276,702869|-648,288277|-1,176005|-4,870296|2,588894|11,829627|-19,962175|-44,866653|
20170121_184027|94997|265|5,319149|0|CarroTeste2|1|circulo_r120_xc320_yc240|221|172|223|173|2,236068|275,751303|50,000000|-225,751303|-526,746401|2,191046|-4,088937|0,003203|-1,264513|-27,668387|-25,006253|
20170121_184028|95237|266|5,405405|0|CarroTeste2|1|circulo_r120_xc320_yc240|221|172|223|173|2,236068|0,000000|50,000000|50,000000|356,028558|2,181522|-4,133658|-0,031995|-1,448428|16,276767|19,326089|
20170121_184028|95454|267|4,237288|0|CarroTeste2|1|circulo_r120_xc320_yc240|226|165|229|167|3,605551|39,102679|50,000000|10,897321|234,030542|2,473303|-4,004033|-0,194151|-2,302806|9,277521|14,125533|
20170121_184028|95646|268|4,273504|0|CarroTeste2|1|circulo_r120_xc320_yc240|230|160|233|163|4,242641|29,930446|50,000000|20,069554|266,684697|2,414950|-3,945302|-0,077067|-1,724567|11,518901|15,149569|
20170121_184028|95866|269|5,347594|0|CarroTeste2|1|circulo_r120_xc320_yc240|229|161|232|164|4,242641|6,399156|50,000000|43,600844|349,061188|2,356194|-4,042721|-0,115730|-1,940821|15,410090|19,496029|
20170121_184029|96064|270|5,319149|0|CarroTeste2|1|circulo_r120_xc320_yc240|227|164|231|165|4,123106|7,178749|50,000000|42,821251|354,335612|2,297439|-4,068753|-0,083006|-1,790707|15,831826|19,601736|
20170121_184029|96272|271|4,273504|0|CarroTeste2|1|circulo_r120_xc320_yc240|204|209|251|219|48,052055|274,212953|50,000000|-224,212953|-531,581193|-1,202568|-3,972163|-2,769596|-15,864070|-43,278081|-9,880039|
20170121_184029|96420|272|5,291005|0|CarroTeste2|1|circulo_r120_xc320_yc240|226|165|229|168|4,242641|377,842016|50,000000|-327,842016|-918,923745|2,245537|-3,997662|0,039986|-1,662723|-47,696422|-44,195953|
20170121_184029|96613|273|5,405405|0|CarroTeste2|1|circulo_r120_xc320_yc240|223|169|227|170|4,123106|14,731391|50,000000|35,268609|236,873455|2,181522|-4,040745|0,060918|-1,545802|10,216513|13,470833|
20170121_184029|96779|274|6,993007|0|CarroTeste2|1|circulo_r120_xc320_yc240|206|202|251|216|47,127487|310,685551|50,000000|-260,685551|-747,162288|-1,187512|-3,922766|-2,735254|-16,172329|-54,381619|-20,334610|
20170121_184029|97016|275|5,319149|0|CarroTeste2|1|circulo_r120_xc320_yc240|233|157|233|157|0,000000|259,179336|50,000000|-209,179336|-621,702476|1,943784|-3,952124|0,387277|-0,318536|-31,420425|-30,749823|
20170121_184030|97204|276|4,291845|0|CarroTeste2|1|circulo_r120_xc320_yc240|233|156|233|156|0,000000|5,263158|50,000000|44,736842|190,368846|1,943784|-3,947935|0,391466|-0,227803|9,278649|9,758235|
20170121_184030|97469|277|5,376344|0|CarroTeste2|1|circulo_r120_xc320_yc240|239|150|234|145|7,071068|41,838489|50,000000|8,161511|76,068899|1,570796|-3,947436|0,764953|1,794450|5,692339|1,914550|
20170121_184030|97730|278|3,558719|0|CarroTeste2|1|circulo_r120_xc320_yc240|241|148|232|137|14,212670|31,594679|50,000000|18,405321|111,848041|1,405648|-3,993719|0,883818|2,552504|8,279249|2,905555|
20170121_184030|97923|279|4,237288|0|CarroTeste2|1|circulo_r120_xc320_yc240|241|148|232|137|14,212670|0,000000|50,000000|50,000000|221,015644|1,451367|-3,993719|0,838098|2,471957|13,652842|8,448722|
20170121_184031|98124|280|5,347594|0|CarroTeste2|1|circulo_r120_xc320_yc240|241|148|232|137|14,212670|0,000000|50,000000|50,000000|230,433795|1,451367|-3,993719|0,838098|2,626437|14,286360|8,757019|
20170121_184031|98351|281|4,184100|0|CarroTeste2|1|circulo_r120_xc320_yc240|241|148|232|138|13,453624|4,405286|50,000000|45,594714|225,201673|1,405648|-3,986129|0,891409|3,061771|14,483000|8,037167|
20170121_184031|98603|282|4,329004|0|CarroTeste2|1|circulo_r120_xc320_yc240|241|148|232|138|13,453624|0,000000|50,000000|50,000000|248,688086|1,451367|-3,717056|1,114762|4,394432|17,060122|7,808686|
20170121_184031|98805|283|4,901961|0|CarroTeste2|1|circulo_r120_xc320_yc240|241|148|232|139|12,727922|4,975124|50,000000|45,024876|241,666054|1,487655|-3,978872|0,816658|3,054945|15,299034|8,867571|
20170121_184032|99066|284|4,608295|0|CarroTeste2|1|circulo_r120_xc320_yc240|240|149|232|140|12,041595|3,802281|50,000000|46,197719|254,320265|1,653938|-3,743743|0,885505|3,567013|16,470763|8,961263|
20170121_184032|99270|285|3,558719|0|CarroTeste2|1|circulo_r120_xc320_yc240|239|150|233|143|9,219544|15,654840|50,000000|34,345160|223,709665|1,735945|-3,784530|0,762710|3,098970|14,447557|7,923409|
20170121_184032|99461|286|5,291005|0|CarroTeste2|1|circulo_r120_xc320_yc240|238|151|232|144|9,219544|7,482611|50,000000|42,517389|257,882960|1,815775|-3,795002|0,672408|2,781999|15,822569|9,965727|
20170121_184032|99652|287|5,376344|0|CarroTeste2|1|circulo_r120_xc320_yc240|238|151|232|145|8,485281|5,181347|50,000000|44,818653|273,970130|1,892547|-3,802345|0,588294|2,476700|16,305559|11,091454|
20170121_184032|99852|288|5,291005|0|CarroTeste2|1|circulo_r120_xc320_yc240|0|0|232|145||||||||||||
20170121_184033|100071|289|5,319149|0|CarroTeste2|1|circulo_r120_xc320_yc240|0|0|269|191||||||||||||
20170121_184033|100270|290|4,273504|0|CarroTeste2|1|circulo_r120_xc320_yc240|0|0|231|147||||||||||||
20170121_184033|100414|291|5,347594|0|CarroTeste2|1|circulo_r120_xc320_yc240|0|0|231|147||||||||||||
20170121_184033|100634|292|5,376344|0|CarroTeste2|1|circulo_r120_xc320_yc240|0|0|231|147||||||||||||
20170121_184033|100891|293|5,235602|0|CarroTeste2|1|circulo_r120_xc320_yc240|0|0|255|187||||||||||||
20170121_184034|101024|294|4,291845|0|CarroTeste2|1|circulo_r120_xc320_yc240|0|0|269|191||||||||||||
20170121_184034|101331|295|5,434783|0|CarroTeste2|1|circulo_r120_xc320_yc240|0|0|257|189||||||||||||
20170121_184034|101508|296|3,533569|0|CarroTeste2|1|circulo_r120_xc320_yc240|0|0|231|147||||||||||||
20170121_184034|101753|297|5,291005|0|CarroTeste2|1|circulo_r120_xc320_yc240|0|0|231|147||||||||||||
20170121_184034|101954|298|4,291845|0|CarroTeste2|1|circulo_r120_xc320_yc240|0|0|231|147||||||||||||
20170121_184035|102244|299|5,263158|0|CarroTeste2|1|circulo_r120_xc320_yc240|0|0|232|147||||||||||||
20170121_184035|102549|300|3,571429|0|CarroTeste2|1|circulo_r120_xc320_yc240|0|0|231|147||||||||||||
20170121_184035|102741|301|3,067485|0|CarroTeste2|1|circulo_r120_xc320_yc240|0|0|231|148||||||||||||
20170121_184035|102910|302|5,347594|0|CarroTeste2|1|circulo_r120_xc320_yc240|0|0|231|147||||||||||||
20170121_184036|103097|303|5,263158|0|CarroTeste2|1|circulo_r120_xc320_yc240|0|0|231|148||||||||||||
20170121_184036|103329|304|5,347594|0|CarroTeste2|1|circulo_r120_xc320_yc240|0|0|251|191||||||||||||
20170121_184036|103501|305|4,255319|0|CarroTeste2|1|circulo_r120_xc320_yc240|0|0|231|147||||||||||||
20170121_184036|103679|306|5,405405|0|CarroTeste2|1|circulo_r120_xc320_yc240|0|0|231|147||||||||||||
20170121_184036|103817|307|7,042254|0|CarroTeste2|1|circulo_r120_xc320_yc240|0|0|231|147||||||||||||
20170121_184036|103998|308|7,092199|0|CarroTeste2|1|circulo_r120_xc320_yc240|0|0|231|147||||||||||||
20170121_184037|104239|309|5,347594|0|CarroTeste2|1|circulo_r120_xc320_yc240|0|0|231|147||||||||||||
20170121_184037|104425|310|4,255319|0|CarroTeste2|1|circulo_r120_xc320_yc240|0|0|231|147||||||||||||
20170121_184037|104712|311|6,250000|0|CarroTeste2|1|circulo_r120_xc320_yc240|0|0|231|147||||||||||||
20170121_184037|104923|312|3,246753|0|CarroTeste2|1|circulo_r120_xc320_yc240|0|0|231|147||||||||||||
20170121_184038|105133|313|4,219409|0|CarroTeste2|1|circulo_r120_xc320_yc240|0|0|231|147||||||||||||
20170121_184038|105281|314|5,347594|0|CarroTeste2|1|circulo_r120_xc320_yc240|0|0|231|147||||||||||||
20170121_184038|105511|315|4,694836|0|CarroTeste2|1|circulo_r120_xc320_yc240|0|0|231|147||||||||||||
20170121_184038|105688|316|6,250000|0|CarroTeste2|1|circulo_r120_xc320_yc240|0|0|231|147||||||||||||
20170121_184038|105901|317|5,208333|0|CarroTeste2|1|circulo_r120_xc320_yc240|0|0|256|183||||||||||||
20170121_184039|106141|318|4,347826|0|CarroTeste2|1|circulo_r120_xc320_yc240|0|0|231|147||||||||||||
20170121_184039|106331|319|4,255319|0|CarroTeste2|1|circulo_r120_xc320_yc240|0|0|231|148||||||||||||
20170121_184039|106549|320|5,347594|0|CarroTeste2|1|circulo_r120_xc320_yc240|0|0|231|147||||||||||||
20170121_184039|106753|321|4,255319|0|CarroTeste2|1|circulo_r120_xc320_yc240|0|0|231|147||||||||||||
20170121_184039|106996|322|5,347594|0|CarroTeste2|1|circulo_r120_xc320_yc240|0|0|231|148||||||||||||
20170121_184040|107168|323|4,237288|0|CarroTeste2|1|circulo_r120_xc320_yc240|0|0|231|147||||||||||||
20170121_184040|107365|324|5,347594|0|CarroTeste2|1|circulo_r120_xc320_yc240|0|0|231|147||||||||||||
20170121_184040|107590|325|5,319149|0|CarroTeste2|1|circulo_r120_xc320_yc240|0|0|231|147||||||||||||
20170121_184040|107844|326|4,310345|0|CarroTeste2|1|circulo_r120_xc320_yc240|0|0|231|147||||||||||||
20170121_184040|108008|327|4,273504|0|CarroTeste2|1|circulo_r120_xc320_yc240|0|0|231|147||||||||||||
20170121_184041|108220|328|5,347594|0|CarroTeste2|1|circulo_r120_xc320_yc240|0|0|231|147||||||||||||
20170121_184041|108405|329|5,263158|0|CarroTeste2|1|circulo_r120_xc320_yc240|0|0|257|181||||||||||||
20170121_184041|108595|330|5,376344|0|CarroTeste2|1|circulo_r120_xc320_yc240|0|0|231|148||||||||||||
20170121_184041|108787|331|5,347594|0|CarroTeste2|1|circulo_r120_xc320_yc240|0|0|231|147||||||||||||
20170121_184041|108962|332|5,319149|0|CarroTeste2|1|circulo_r120_xc320_yc240|0|0|231|148||||||||||||
20170121_184042|109189|333|5,319149|0|CarroTeste2|1|circulo_r120_xc320_yc240|0|0|231|147||||||||||||
20170121_184042|109344|334|4,255319|0|CarroTeste2|1|circulo_r120_xc320_yc240|0|0|232|147||||||||||||
20170121_184042|109577|335|7,142857|0|CarroTeste2|1|circulo_r120_xc320_yc240|0|0|231|147||||||||||||
20170121_184042|109762|336|4,291845|0|CarroTeste2|1|circulo_r120_xc320_yc240|0|0|231|147||||||||||||
20170121_184042|109942|337|5,291005|0|CarroTeste2|1|circulo_r120_xc320_yc240|0|0|231|147||||||||||||
20170121_184046|113108|338|0,315457|0|CarroTeste2|1|circulo_r120_xc320_yc240|0|0|231|147|0,000000|0,000000|0,000000||0,000000|0,000000|0,000000||0,000000|0,000000||
20170121_184046|113403|339|4,273504|0|CarroTeste2|1|circulo_r120_xc320_yc240|0|0|231|147|0,000000|0,000000|0,000000||0,000000|0,000000|0,000000||0,000000|0,000000||
20170121_184046|113652|340|3,571429|0|CarroTeste2|1|circulo_r120_xc320_yc240|0|0|231|147|0,000000|0,000000|0,000000||0,000000|0,000000|0,000000||0,000000|0,000000||
20170121_184046|113893|341|4,149378|0|CarroTeste2|1|circulo_r120_xc320_yc240|0|0|257|183|0,000000|0,000000|0,000000||0,000000|0,000000|0,000000||0,000000|0,000000||
20170121_184047|114157|342|4,310345|0|CarroTeste2|1|circulo_r120_xc320_yc240|0|0|231|147|0,000000|0,000000|0,000000||0,000000|0,000000|0,000000||0,000000|0,000000||
20170121_184047|114428|343|3,533569|0|CarroTeste2|1|circulo_r120_xc320_yc240|0|0|231|147|0,000000|0,000000|0,000000||0,000000|0,000000|0,000000||0,000000|0,000000||
20170121_184047|114722|344|3,636364|0|CarroTeste2|1|circulo_r120_xc320_yc240|0|0|231|147|0,000000|0,000000|0,000000||0,000000|0,000000|0,000000||0,000000|0,000000||
20170121_184047|114998|345|3,472222|0|CarroTeste2|1|circulo_r120_xc320_yc240|0|0|255|188|0,000000|0,000000|0,000000||0,000000|0,000000|0,000000||0,000000|0,000000||
20170121_184048|115346|346|3,610108|0|CarroTeste2|1|circulo_r120_xc320_yc240|0|0|231|147|0,000000|0,000000|0,000000||0,000000|0,000000|0,000000||0,000000|0,000000||
20170121_184048|115639|347|3,115265|0|CarroTeste2|1|circulo_r120_xc320_yc240|0|0|231|147|0,000000|0,000000|0,000000||0,000000|0,000000|0,000000||0,000000|0,000000||
20170121_184048|115926|348|3,322259|0|CarroTeste2|1|circulo_r120_xc320_yc240|0|0|232|147|0,000000|0,000000|0,000000||0,000000|0,000000|0,000000||0,000000|0,000000||
20170121_184049|116311|349|3,448276|0|CarroTeste2|1|circulo_r120_xc320_yc240|0|0|231|147|0,000000|0,000000|0,000000||0,000000|0,000000|0,000000||0,000000|0,000000||
20170121_184049|116660|350|2,673797|0|CarroTeste2|1|circulo_r120_xc320_yc240|0|0|231|147|0,000000|0,000000|0,000000||0,000000|0,000000|0,000000||0,000000|0,000000||
20170121_184050|117605|351|1,111111|0|CarroTeste2|1|circulo_r120_xc320_yc240|0|0|231|147|0,000000|0,000000|0,000000||0,000000|0,000000|0,000000||0,000000|0,000000||
20170121_184051|118130|352|1,353180|0|CarroTeste2|1|circulo_r120_xc320_yc240|0|0|231|148|0,000000|0,000000|0,000000||0,000000|0,000000|0,000000||0,000000|0,000000||
20170121_184052|119139|353|1,245330|0|CarroTeste2|1|circulo_r120_xc320_yc240|0|0|231|147|0,000000|0,000000|0,000000||0,000000|0,000000|0,000000||0,000000|0,000000||
20170121_184052|119882|354|1,170960|0|CarroTeste2|1|circulo_r120_xc320_yc240|0|0|231|148|0,000000|0,000000|0,000000||0,000000|0,000000|0,000000||0,000000|0,000000||
20170121_184053|120749|355|1,113586|0|CarroTeste2|1|circulo_r120_xc320_yc240|0|0|231|147|0,000000|0,000000|0,000000||0,000000|0,000000|0,000000||0,000000|0,000000||
20170121_184054|121378|356|1,569859|0|CarroTeste2|1|circulo_r120_xc320_yc240|0|0|231|147|0,000000|0,000000|0,000000||0,000000|0,000000|0,000000||0,000000|0,000000||
20170121_184054|122007|357|1,501502|0|CarroTeste2|1|circulo_r120_xc320_yc240|0|0|231|148|0,000000|0,000000|0,000000||0,000000|0,000000|0,000000||0,000000|0,000000||
20170121_184055|122681|358|1,610306|0|CarroTeste2|1|circulo_r120_xc320_yc240|0|0|231|147|0,000000|0,000000|0,000000||0,000000|0,000000|0,000000||0,000000|0,000000||
20170121_184056|123647|359|1,020408|0|CarroTeste2|1|circulo_r120_xc320_yc240|0|0|255|199|0,000000|0,000000|0,000000||0,000000|0,000000|0,000000||0,000000|0,000000||
20170121_184057|124708|360|1,081081|0|CarroTeste2|1|circulo_r120_xc320_yc240|0|0|257|171|0,000000|0,000000|0,000000||0,000000|0,000000|0,000000||0,000000|0,000000||
20170121_184058|125314|361|1,269036|0|CarroTeste2|1|circulo_r120_xc320_yc240|0|0|231|147|0,000000|0,000000|0,000000||0,000000|0,000000|0,000000||0,000000|0,000000||
20170121_184059|126131|362|1,538462|0|CarroTeste2|1|circulo_r120_xc320_yc240|0|0|231|148|0,000000|0,000000|0,000000||0,000000|0,000000|0,000000||0,000000|0,000000||
20170121_184059|126792|363|1,212121|0|CarroTeste2|1|circulo_r120_xc320_yc240|0|0|231|147|0,000000|0,000000|0,000000||0,000000|0,000000|0,000000||0,000000|0,000000||
20170121_184100|127448|364|1,683502|0|CarroTeste2|1|circulo_r120_xc320_yc240|0|0|231|147|0,000000|0,000000|0,000000||0,000000|0,000000|0,000000||0,000000|0,000000||
20170121_184101|128054|365|1,540832|0|CarroTeste2|1|circulo_r120_xc320_yc240|0|0|231|148|0,000000|0,000000|0,000000||0,000000|0,000000|0,000000||0,000000|0,000000||
20170121_184101|128590|366|1,855288|0|CarroTeste2|1|circulo_r120_xc320_yc240|0|0|231|147|0,000000|0,000000|0,000000||0,000000|0,000000|0,000000||0,000000|0,000000||
20170121_184102|129226|367|1,545595|0|CarroTeste2|1|circulo_r120_xc320_yc240|0|0|231|147|0,000000|0,000000|0,000000||0,000000|0,000000|0,000000||0,000000|0,000000||
20170121_184102|129906|368|1,536098|0|CarroTeste2|1|circulo_r120_xc320_yc240|0|0|258|185|0,000000|0,000000|0,000000||0,000000|0,000000|0,000000||0,000000|0,000000||
20170121_184103|130561|369|1,472754|0|CarroTeste2|1|circulo_r120_xc320_yc240|0|0|231|147|0,000000|0,000000|0,000000||0,000000|0,000000|0,000000||0,000000|0,000000||
20170121_184104|131350|370|1,517451|0|CarroTeste2|1|circulo_r120_xc320_yc240|0|0|232|147|0,000000|0,000000|0,000000||0,000000|0,000000|0,000000||0,000000|0,000000||
20170121_184104|131959|371|1,333333|0|CarroTeste2|1|circulo_r120_xc320_yc240|0|0|231|147|0,000000|0,000000|0,000000||0,000000|0,000000|0,000000||0,000000|0,000000||
20170121_184105|132658|372|1,543210|0|CarroTeste2|1|circulo_r120_xc320_yc240|0|0|231|147|0,000000|0,000000|0,000000||0,000000|0,000000|0,000000||0,000000|0,000000||
20170121_184106|133562|373|1,203369|0|CarroTeste2|1|circulo_r120_xc320_yc240|0|0|231|147|0,000000|0,000000|0,000000||0,000000|0,000000|0,000000||0,000000|0,000000||
20170121_184107|134392|374|1,109878|0|CarroTeste2|1|circulo_r120_xc320_yc240|0|0|231|147|0,000000|0,000000|0,000000||0,000000|0,000000|0,000000||0,000000|0,000000||
20170121_184107|135012|375|1,470588|0|CarroTeste2|1|circulo_r120_xc320_yc240|0|0|231|147|0,000000|0,000000|0,000000||0,000000|0,000000|0,000000||0,000000|0,000000||
20170121_184108|135803|376|1,615509|0|CarroTeste2|1|circulo_r120_xc320_yc240|0|0|231|147|0,000000|0,000000|0,000000||0,000000|0,000000|0,000000||0,000000|0,000000||
20170121_184109|136503|377|1,219512|0|CarroTeste2|1|circulo_r120_xc320_yc240|0|0|231|148|0,000000|0,000000|0,000000||0,000000|0,000000|0,000000||0,000000|0,000000||
20170121_184110|137546|378|0,966184|0|CarroTeste2|1|circulo_r120_xc320_yc240|0|0|231|147|0,000000|0,000000|0,000000||0,000000|0,000000|0,000000||0,000000|0,000000||
20170121_184111|138432|379|1,230012|0|CarroTeste2|1|circulo_r120_xc320_yc240|0|0|231|148|0,000000|0,000000|0,000000||0,000000|0,000000|0,000000||0,000000|0,000000||
20170121_184112|139308|380|1,129944|0|CarroTeste2|1|circulo_r120_xc320_yc240|0|0|231|147|0,000000|0,000000|0,000000||0,000000|0,000000|0,000000||0,000000|0,000000||
20170121_184113|140103|381|1,108647|0|CarroTeste2|1|circulo_r120_xc320_yc240|0|0|231|147|0,000000|0,000000|0,000000||0,000000|0,000000|0,000000||0,000000|0,000000||
20170121_184114|141049|382|1,490313|0|CarroTeste2|1|circulo_r120_xc320_yc240|0|0|231|147|0,000000|0,000000|0,000000||0,000000|0,000000|0,000000||0,000000|0,000000||
20170121_184114|142000|383|0,836120|0|CarroTeste2|1|circulo_r120_xc320_yc240|0|0|231|147|0,000000|0,000000|0,000000||0,000000|0,000000|0,000000||0,000000|0,000000||
20170121_184115|142994|384|1,020408|0|CarroTeste2|1|circulo_r120_xc320_yc240|0|0|231|148|0,000000|0,000000|0,000000||0,000000|0,000000|0,000000||0,000000|0,000000||
20170121_184116|143986|385|1,302083|0|CarroTeste2|1|circulo_r120_xc320_yc240|0|0|231|147|0,000000|0,000000|0,000000||0,000000|0,000000|0,000000||0,000000|0,000000||
20170121_184117|144748|386|1,007049|0|CarroTeste2|1|circulo_r120_xc320_yc240|0|0|257|184|0,000000|0,000000|0,000000||0,000000|0,000000|0,000000||0,000000|0,000000||
20170121_184118|145697|387|1,048218|0|CarroTeste2|1|circulo_r120_xc320_yc240|0|0|231|147|0,000000|0,000000|0,000000||0,000000|0,000000|0,000000||0,000000|0,000000||
20170121_184119|146556|388|1,356852|0|CarroTeste2|1|circulo_r120_xc320_yc240|0|0|231|147|0,000000|0,000000|0,000000||0,000000|0,000000|0,000000||0,000000|0,000000||
20170121_184120|147369|389|1,142857|0|CarroTeste2|1|circulo_r120_xc320_yc240|0|0|257|187|0,000000|0,000000|0,000000||0,000000|0,000000|0,000000||0,000000|0,000000||
20170121_184121|148382|390|1,038422|0|CarroTeste2|1|circulo_r120_xc320_yc240|0|0|231|147|0,000000|0,000000|0,000000||0,000000|0,000000|0,000000||0,000000|0,000000||
20170121_184122|149105|391|1,218027|0|CarroTeste2|1|circulo_r120_xc320_yc240|0|0|255|183|0,000000|0,000000|0,000000||0,000000|0,000000|0,000000||0,000000|0,000000||
20170121_184122|149971|392|1,166861|0|CarroTeste2|1|circulo_r120_xc320_yc240|0|0|231|148|0,000000|0,000000|0,000000||0,000000|0,000000|0,000000||0,000000|0,000000||
20170121_184123|150869|393|1,097695|0|CarroTeste2|1|circulo_r120_xc320_yc240|0|0|231|147|0,000000|0,000000|0,000000||0,000000|0,000000|0,000000||0,000000|0,000000||
20170121_184124|151529|394|1,466276|0|CarroTeste2|1|circulo_r120_xc320_yc240|0|0|231|147|0,000000|0,000000|0,000000||0,000000|0,000000|0,000000||0,000000|0,000000||
20170121_184125|152181|395|1,443001|0|CarroTeste2|1|circulo_r120_xc320_yc240|0|0|259|187|0,000000|0,000000|0,000000||0,000000|0,000000|0,000000||0,000000|0,000000||
20170121_184126|153183|396|1,095290|0|CarroTeste2|1|circulo_r120_xc320_yc240|0|0|259|180|0,000000|0,000000|0,000000||0,000000|0,000000|0,000000||0,000000|0,000000||
20170121_184126|153771|397|1,597444|0|CarroTeste2|1|circulo_r120_xc320_yc240|0|0|231|147|0,000000|0,000000|0,000000||0,000000|0,000000|0,000000||0,000000|0,000000||
20170121_184127|154277|398|1,700680|0|CarroTeste2|1|circulo_r120_xc320_yc240|0|0|231|147|0,000000|0,000000|0,000000||0,000000|0,000000|0,000000||0,000000|0,000000||
20170121_184127|154785|399|2,392344|0|CarroTeste2|1|circulo_r120_xc320_yc240|0|0|231|147|0,000000|0,000000|0,000000||0,000000|0,000000|0,000000||0,000000|0,000000||
20170121_184128|155228|400|2,049180|0|CarroTeste2|1|circulo_r120_xc320_yc240|0|0|231|147|0,000000|0,000000|0,000000||0,000000|0,000000|0,000000||0,000000|0,000000||
20170121_184128|155622|401|2,267574|0|CarroTeste2|1|circulo_r120_xc320_yc240|0|0|231|147|0,000000|0,000000|0,000000||0,000000|0,000000|0,000000||0,000000|0,000000||
20170121_184128|155955|402|3,236246|0|CarroTeste2|1|circulo_r120_xc320_yc240|0|0|231|147|0,000000|0,000000|0,000000||0,000000|0,000000|0,000000||0,000000|0,000000||
20170121_184129|156446|403|1,960784|0|CarroTeste2|1|circulo_r120_xc320_yc240|0|0|231|147|0,000000|0,000000|0,000000||0,000000|0,000000|0,000000||0,000000|0,000000||
20170121_184129|156732|404|3,401361|0|CarroTeste2|1|circulo_r120_xc320_yc240|0|0|231|147|0,000000|0,000000|0,000000||0,000000|0,000000|0,000000||0,000000|0,000000||
20170121_184130|157067|405|2,915452|0|CarroTeste2|1|circulo_r120_xc320_yc240|0|0|231|147|0,000000|0,000000|0,000000||0,000000|0,000000|0,000000||0,000000|0,000000||
20170121_184130|157489|406|2,512563|0|CarroTeste2|1|circulo_r120_xc320_yc240|0|0|231|147|0,000000|0,000000|0,000000||0,000000|0,000000|0,000000||0,000000|0,000000||
20170121_184130|157746|407|3,703704|0|CarroTeste2|1|circulo_r120_xc320_yc240|0|0|231|148|0,000000|0,000000|0,000000||0,000000|0,000000|0,000000||0,000000|0,000000||
20170121_184131|158144|408|2,645503|0|CarroTeste2|1|circulo_r120_xc320_yc240|0|0|231|147|0,000000|0,000000|0,000000||0,000000|0,000000|0,000000||0,000000|0,000000||
20170121_184131|158493|409|2,808989|0|CarroTeste2|1|circulo_r120_xc320_yc240|0|0|231|148|0,000000|0,000000|0,000000||0,000000|0,000000|0,000000||0,000000|0,000000||
20170121_184131|158868|410|2,604167|0|CarroTeste2|1|circulo_r120_xc320_yc240|0|0|231|147|0,000000|0,000000|0,000000||0,000000|0,000000|0,000000||0,000000|0,000000||
20170121_184132|159419|411|1,904762|0|CarroTeste2|1|circulo_r120_xc320_yc240|0|0|231|147|0,000000|0,000000|0,000000||0,000000|0,000000|0,000000||0,000000|0,000000||
20170121_184132|159686|412|3,225806|0|CarroTeste2|1|circulo_r120_xc320_yc240|0|0|231|147|0,000000|0,000000|0,000000||0,000000|0,000000|0,000000||0,000000|0,000000||
20170121_184132|159943|413|3,831418|0|CarroTeste2|1|circulo_r120_xc320_yc240|0|0|231|147|0,000000|0,000000|0,000000||0,000000|0,000000|0,000000||0,000000|0,000000||
20170121_184133|160214|414|3,816794|0|CarroTeste2|1|circulo_r120_xc320_yc240|0|0|231|148|0,000000|0,000000|0,000000||0,000000|0,000000|0,000000||0,000000|0,000000||
20170121_184133|160507|415|3,367003|0|CarroTeste2|1|circulo_r120_xc320_yc240|0|0|231|148|0,000000|0,000000|0,000000||0,000000|0,000000|0,000000||0,000000|0,000000||
20170121_184133|160811|416|3,278689|0|CarroTeste2|1|circulo_r120_xc320_yc240|0|0|231|147|0,000000|0,000000|0,000000||0,000000|0,000000|0,000000||0,000000|0,000000||
20170121_184134|161128|417|3,257329|0|CarroTeste2|1|circulo_r120_xc320_yc240|0|0|231|147|0,000000|0,000000|0,000000||0,000000|0,000000|0,000000||0,000000|0,000000||
20170121_184134|161335|418|4,524887|0|CarroTeste2|1|circulo_r120_xc320_yc240|0|0|231|147|0,000000|0,000000|0,000000||0,000000|0,000000|0,000000||0,000000|0,000000||
20170121_184134|161546|419|4,716981|0|CarroTeste2|1|circulo_r120_xc320_yc240|0|0|231|147|0,000000|0,000000|0,000000||0,000000|0,000000|0,000000||0,000000|0,000000||
20170121_184134|161827|420|4,237288|0|CarroTeste2|1|circulo_r120_xc320_yc240|0|0|231|147|0,000000|0,000000|0,000000||0,000000|0,000000|0,000000||0,000000|0,000000||
20170121_184135|162121|421|2,976190|0|CarroTeste2|1|circulo_r120_xc320_yc240|0|0|231|147|0,000000|0,000000|0,000000||0,000000|0,000000|0,000000||0,000000|0,000000||
20170121_184135|162506|422|2,680965|0|CarroTeste2|1|circulo_r120_xc320_yc240|0|0|231|148|0,000000|0,000000|0,000000||0,000000|0,000000|0,000000||0,000000|0,000000||
20170121_184135|162838|423|3,039514|0|CarroTeste2|1|circulo_r120_xc320_yc240|0|0|231|148|0,000000|0,000000|0,000000||0,000000|0,000000|0,000000||0,000000|0,000000||
20170121_184136|163205|424|2,793296|0|CarroTeste2|1|circulo_r120_xc320_yc240|0|0|231|147|0,000000|0,000000|0,000000||0,000000|0,000000|0,000000||0,000000|0,000000||
20170121_184136|163693|425|2,610966|0|CarroTeste2|1|circulo_r120_xc320_yc240|0|0|231|147|0,000000|0,000000|0,000000||0,000000|0,000000|0,000000||0,000000|0,000000||
20170121_184137|164149|426|1,988072|0|CarroTeste2|1|circulo_r120_xc320_yc240|0|0|231|147|0,000000|0,000000|0,000000||0,000000|0,000000|0,000000||0,000000|0,000000||
20170121_184137|164388|427|3,067485|0|CarroTeste2|1|circulo_r120_xc320_yc240|0|0|231|148|0,000000|0,000000|0,000000||0,000000|0,000000|0,000000||0,000000|0,000000||
20170121_184137|164735|428|3,086420|0|CarroTeste2|1|circulo_r120_xc320_yc240|0|0|231|148|0,000000|0,000000|0,000000||0,000000|0,000000|0,000000||0,000000|0,000000||
20170121_184138|165149|429|2,487562|0|CarroTeste2|1|circulo_r120_xc320_yc240|0|0|231|147|0,000000|0,000000|0,000000||0,000000|0,000000|0,000000||0,000000|0,000000||
20170121_184138|165529|430|2,564103|0|CarroTeste2|1|circulo_r120_xc320_yc240|0|0|231|147|0,000000|0,000000|0,000000||0,000000|0,000000|0,000000||0,000000|0,000000||
20170121_184138|165708|431|4,807692|0|CarroTeste2|1|circulo_r120_xc320_yc240|0|0|231|147|0,000000|0,000000|0,000000||0,000000|0,000000|0,000000||0,000000|0,000000||
20170121_184138|165892|432|5,494505|0|CarroTeste2|1|circulo_r120_xc320_yc240|0|0|231|147|0,000000|0,000000|0,000000||0,000000|0,000000|0,000000||0,000000|0,000000||
20170121_184139|166076|433|5,347594|0|CarroTeste2|1|circulo_r120_xc320_yc240|0|0|231|147|0,000000|0,000000|0,000000||0,000000|0,000000|0,000000||0,000000|0,000000||
20170121_184139|166248|434|5,882353|0|CarroTeste2|1|circulo_r120_xc320_yc240|0|0|231|148|0,000000|0,000000|0,000000||0,000000|0,000000|0,000000||0,000000|0,000000||
20170121_184139|166427|435|5,555556|0|CarroTeste2|1|circulo_r120_xc320_yc240|0|0|231|147|0,000000|0,000000|0,000000||0,000000|0,000000|0,000000||0,000000|0,000000||
20170121_184139|166622|436|5,128205|0|CarroTeste2|1|circulo_r120_xc320_yc240|0|0|231|148|0,000000|0,000000|0,000000||0,000000|0,000000|0,000000||0,000000|0,000000||
20170121_184139|166808|437|5,405405|0|CarroTeste2|1|circulo_r120_xc320_yc240|0|0|231|148|0,000000|0,000000|0,000000||0,000000|0,000000|0,000000||0,000000|0,000000||
20170121_184140|167037|438|4,566210|0|CarroTeste2|1|circulo_r120_xc320_yc240|0|0|231|148|0,000000|0,000000|0,000000||0,000000|0,000000|0,000000||0,000000|0,000000||
20170121_184140|167271|439|4,166667|0|CarroTeste2|1|circulo_r120_xc320_yc240|0|0|231|147|0,000000|0,000000|0,000000||0,000000|0,000000|0,000000||0,000000|0,000000||
20170121_184140|167450|440|5,405405|0|CarroTeste2|1|circulo_r120_xc320_yc240|0|0|231|147|0,000000|0,000000|0,000000||0,000000|0,000000|0,000000||0,000000|0,000000||
20170121_184140|167626|441|5,617978|0|CarroTeste2|1|circulo_r120_xc320_yc240|0|0|231|147|0,000000|0,000000|0,000000||0,000000|0,000000|0,000000||0,000000|0,000000||
20170121_184140|167807|442|5,586592|0|CarroTeste2|1|circulo_r120_xc320_yc240|0|0|231|147|0,000000|0,000000|0,000000||0,000000|0,000000|0,000000||0,000000|0,000000||
20170121_184140|167957|443|6,578947|0|CarroTeste2|1|circulo_r120_xc320_yc240|0|0|231|147|0,000000|0,000000|0,000000||0,000000|0,000000|0,000000||0,000000|0,000000||
20170121_184141|168115|444|6,289308|0|CarroTeste2|1|circulo_r120_xc320_yc240|0|0|231|147|0,000000|0,000000|0,000000||0,000000|0,000000|0,000000||0,000000|0,000000||
20170121_184141|168268|445|6,622517|0|CarroTeste2|1|circulo_r120_xc320_yc240|0|0|231|148|0,000000|0,000000|0,000000||0,000000|0,000000|0,000000||0,000000|0,000000||
20170121_184141|168446|446|5,681818|0|CarroTeste2|1|circulo_r120_xc320_yc240|0|0|231|148|0,000000|0,000000|0,000000||0,000000|0,000000|0,000000||0,000000|0,000000||
20170121_184141|168621|447|5,747126|0|CarroTeste2|1|circulo_r120_xc320_yc240|0|0|231|148|0,000000|0,000000|0,000000||0,000000|0,000000|0,000000||0,000000|0,000000||
20170121_184141|168805|448|5,434783|0|CarroTeste2|1|circulo_r120_xc320_yc240|0|0|231|148|0,000000|0,000000|0,000000||0,000000|0,000000|0,000000||0,000000|0,000000||
20170121_184141|169014|449|4,761905|0|CarroTeste2|1|circulo_r120_xc320_yc240|0|0|231|148|0,000000|0,000000|0,000000||0,000000|0,000000|0,000000||0,000000|0,000000||
20170121_184142|169216|450|5,000000|0|CarroTeste2|1|circulo_r120_xc320_yc240|0|0|231|148|0,000000|0,000000|0,000000||0,000000|0,000000|0,000000||0,000000|0,000000||
20170121_184142|169436|451|4,545455|0|CarroTeste2|1|circulo_r120_xc320_yc240|0|0|231|147|0,000000|0,000000|0,000000||0,000000|0,000000|0,000000||0,000000|0,000000||
20170121_184142|169632|452|5,050505|0|CarroTeste2|1|circulo_r120_xc320_yc240|0|0|231|147|0,000000|0,000000|0,000000||0,000000|0,000000|0,000000||0,000000|0,000000||
20170121_184142|169796|453|6,060606|0|CarroTeste2|1|circulo_r120_xc320_yc240|0|0|231|147|0,000000|0,000000|0,000000||0,000000|0,000000|0,000000||0,000000|0,000000||
20170121_184142|169970|454|5,747126|0|CarroTeste2|1|circulo_r120_xc320_yc240|0|0|231|147|0,000000|0,000000|0,000000||0,000000|0,000000|0,000000||0,000000|0,000000||
20170121_184143|170136|455|6,060606|0|CarroTeste2|1|circulo_r120_xc320_yc240|0|0|231|147|0,000000|0,000000|0,000000||0,000000|0,000000|0,000000||0,000000|0,000000||
20170121_184143|170302|456|5,882353|0|CarroTeste2|1|circulo_r120_xc320_yc240|0|0|231|148|0,000000|0,000000|0,000000||0,000000|0,000000|0,000000||0,000000|0,000000||
20170121_184143|170503|457|5,102041|0|CarroTeste2|1|circulo_r120_xc320_yc240|0|0|231|148|0,000000|0,000000|0,000000||0,000000|0,000000|0,000000||0,000000|0,000000||
20170121_184143|170663|458|6,172840|0|CarroTeste2|1|circulo_r120_xc320_yc240|0|0|231|148|0,000000|0,000000|0,000000||0,000000|0,000000|0,000000||0,000000|0,000000||
20170121_184143|170819|459|6,369427|0|CarroTeste2|1|circulo_r120_xc320_yc240|0|0|231|148|0,000000|0,000000|0,000000||0,000000|0,000000|0,000000||0,000000|0,000000||
20170121_184143|170972|460|6,578947|0|CarroTeste2|1|circulo_r120_xc320_yc240|0|0|231|148|0,000000|0,000000|0,000000||0,000000|0,000000|0,000000||0,000000|0,000000||
20170121_184144|171122|461|6,578947|0|CarroTeste2|1|circulo_r120_xc320_yc240|0|0|231|148|0,000000|0,000000|0,000000||0,000000|0,000000|0,000000||0,000000|0,000000||
20170121_184144|171314|462|5,319149|0|CarroTeste2|1|circulo_r120_xc320_yc240|0|0|231|147|0,000000|0,000000|0,000000||0,000000|0,000000|0,000000||0,000000|0,000000||
20170121_184144|171480|463|5,952381|0|CarroTeste2|1|circulo_r120_xc320_yc240|0|0|231|148|0,000000|0,000000|0,000000||0,000000|0,000000|0,000000||0,000000|0,000000||
20170121_184144|171637|464|6,369427|0|CarroTeste2|1|circulo_r120_xc320_yc240|0|0|231|147|0,000000|0,000000|0,000000||0,000000|0,000000|0,000000||0,000000|0,000000||
20170121_184144|171800|465|6,134969|0|CarroTeste2|1|circulo_r120_xc320_yc240|0|0|231|147|0,000000|0,000000|0,000000||0,000000|0,000000|0,000000||0,000000|0,000000||
20170121_184144|171960|466|6,211180|0|CarroTeste2|1|circulo_r120_xc320_yc240|0|0|231|147|0,000000|0,000000|0,000000||0,000000|0,000000|0,000000||0,000000|0,000000||
20170121_184145|172108|467|6,711409|0|CarroTeste2|1|circulo_r120_xc320_yc240|0|0|231|147|0,000000|0,000000|0,000000||0,000000|0,000000|0,000000||0,000000|0,000000||
20170121_184145|172276|468|6,024096|0|CarroTeste2|1|circulo_r120_xc320_yc240|0|0|231|148|0,000000|0,000000|0,000000||0,000000|0,000000|0,000000||0,000000|0,000000||
20170121_184145|172444|469|5,952381|0|CarroTeste2|1|circulo_r120_xc320_yc240|0|0|231|148|0,000000|0,000000|0,000000||0,000000|0,000000|0,000000||0,000000|0,000000||
20170121_184145|172614|470|5,847953|0|CarroTeste2|1|circulo_r120_xc320_yc240|0|0|231|148|0,000000|0,000000|0,000000||0,000000|0,000000|0,000000||0,000000|0,000000||
20170121_184145|172780|471|6,024096|0|CarroTeste2|1|circulo_r120_xc320_yc240|0|0|231|148|0,000000|0,000000|0,000000||0,000000|0,000000|0,000000||0,000000|0,000000||
20170121_184145|172950|472|5,882353|0|CarroTeste2|1|circulo_r120_xc320_yc240|0|0|231|148|0,000000|0,000000|0,000000||0,000000|0,000000|0,000000||0,000000|0,000000||
20170121_184146|173132|473|5,524862|0|CarroTeste2|1|circulo_r120_xc320_yc240|0|0|231|147|0,000000|0,000000|0,000000||0,000000|0,000000|0,000000||0,000000|0,000000||
20170121_184146|173317|474|5,405405|0|CarroTeste2|1|circulo_r120_xc320_yc240|0|0|231|148|0,000000|0,000000|0,000000||0,000000|0,000000|0,000000||0,000000|0,000000||
20170121_184146|173493|475|5,747126|0|CarroTeste2|1|circulo_r120_xc320_yc240|0|0|231|147|0,000000|0,000000|0,000000||0,000000|0,000000|0,000000||0,000000|0,000000||
20170121_184146|173660|476|5,952381|0|CarroTeste2|1|circulo_r120_xc320_yc240|0|0|231|147|0,000000|0,000000|0,000000||0,000000|0,000000|0,000000||0,000000|0,000000||
20170121_184146|173820|477|6,134969|0|CarroTeste2|1|circulo_r120_xc320_yc240|0|0|231|147|0,000000|0,000000|0,000000||0,000000|0,000000|0,000000||0,000000|0,000000||
20170121_184146|173987|478|6,134969|0|CarroTeste2|1|circulo_r120_xc320_yc240|0|0|231|147|0,000000|0,000000|0,000000||0,000000|0,000000|0,000000||0,000000|0,000000||
20170121_184147|174143|479|6,410256|0|CarroTeste2|1|circulo_r120_xc320_yc240|0|0|231|147|0,000000|0,000000|0,000000||0,000000|0,000000|0,000000||0,000000|0,000000||
20170121_184147|174305|480|6,172840|0|CarroTeste2|1|circulo_r120_xc320_yc240|0|0|231|148|0,000000|0,000000|0,000000||0,000000|0,000000|0,000000||0,000000|0,000000||
20170121_184147|174468|481|6,024096|0|CarroTeste2|1|circulo_r120_xc320_yc240|0|0|231|148|0,000000|0,000000|0,000000||0,000000|0,000000|0,000000||0,000000|0,000000||
20170121_184147|174618|482|6,578947|0|CarroTeste2|1|circulo_r120_xc320_yc240|0|0|231|148|0,000000|0,000000|0,000000||0,000000|0,000000|0,000000||0,000000|0,000000||
20170121_184147|174765|483|6,849315|0|CarroTeste2|1|circulo_r120_xc320_yc240|0|0|231|148|0,000000|0,000000|0,000000||0,000000|0,000000|0,000000||0,000000|0,000000||
20170121_184147|174931|484|6,134969|0|CarroTeste2|1|circulo_r120_xc320_yc240|0|0|231|147|0,000000|0,000000|0,000000||0,000000|0,000000|0,000000||0,000000|0,000000||
20170121_184148|175072|485|6,896552|0|CarroTeste2|1|circulo_r120_xc320_yc240|0|0|231|148|0,000000|0,000000|0,000000||0,000000|0,000000|0,000000||0,000000|0,000000||
20170121_184148|175234|486|6,250000|0|CarroTeste2|1|circulo_r120_xc320_yc240|0|0|231|147|0,000000|0,000000|0,000000||0,000000|0,000000|0,000000||0,000000|0,000000||
20170121_184148|175392|487|6,369427|0|CarroTeste2|1|circulo_r120_xc320_yc240|0|0|231|147|0,000000|0,000000|0,000000||0,000000|0,000000|0,000000||0,000000|0,000000||
20170121_184148|175554|488|6,250000|0|CarroTeste2|1|circulo_r120_xc320_yc240|0|0|231|147|0,000000|0,000000|0,000000||0,000000|0,000000|0,000000||0,000000|0,000000||
20170121_184148|175744|489|5,263158|0|CarroTeste2|1|circulo_r120_xc320_yc240|0|0|231|147|0,000000|0,000000|0,000000||0,000000|0,000000|0,000000||0,000000|0,000000||
20170121_184148|175976|490|4,385965|0|CarroTeste2|1|circulo_r120_xc320_yc240|0|0|231|147|0,000000|0,000000|0,000000||0,000000|0,000000|0,000000||0,000000|0,000000||
20170121_184149|176290|491|3,289474|0|CarroTeste2|1|circulo_r120_xc320_yc240|0|0|231|147|0,000000|0,000000|0,000000||0,000000|0,000000|0,000000||0,000000|0,000000||
20170121_184149|176631|492|3,012048|0|CarroTeste2|1|circulo_r120_xc320_yc240|0|0|231|147|0,000000|0,000000|0,000000||0,000000|0,000000|0,000000||0,000000|0,000000||
20170121_184150|177184|493|1,848429|0|CarroTeste2|1|circulo_r120_xc320_yc240|0|0|231|147|0,000000|0,000000|0,000000||0,000000|0,000000|0,000000||0,000000|0,000000||
20170121_184150|177703|494|1,897533|0|CarroTeste2|1|circulo_r120_xc320_yc240|0|0|231|147|0,000000|0,000000|0,000000||0,000000|0,000000|0,000000||0,000000|0,000000||
20170121_184151|178109|495|2,597403|0|CarroTeste2|1|circulo_r120_xc320_yc240|0|0|231|147|0,000000|0,000000|0,000000||0,000000|0,000000|0,000000||0,000000|0,000000||
20170121_184151|178718|496|1,615509|0|CarroTeste2|1|circulo_r120_xc320_yc240|0|0|231|147|0,000000|0,000000|0,000000||0,000000|0,000000|0,000000||0,000000|0,000000||
20170121_184152|179519|497|1,338688|0|CarroTeste2|1|circulo_r120_xc320_yc240|0|0|257|186|0,000000|0,000000|0,000000||0,000000|0,000000|0,000000||0,000000|0,000000||
20170121_184153|180116|498|1,552795|0|CarroTeste2|1|circulo_r120_xc320_yc240|0|0|231|148|0,000000|0,000000|0,000000||0,000000|0,000000|0,000000||0,000000|0,000000||
20170121_184153|180910|499|1,297017|0|CarroTeste2|1|circulo_r120_xc320_yc240|0|0|231|147|0,000000|0,000000|0,000000||0,000000|0,000000|0,000000||0,000000|0,000000||
20170121_184154|181760|500|1,189061|0|CarroTeste2|1|circulo_r120_xc320_yc240|0|0|267|193|0,000000|0,000000|0,000000||0,000000|0,000000|0,000000||0,000000|0,000000||
20170121_184155|182243|501|1,848429|0|CarroTeste2|1|circulo_r120_xc320_yc240|0|0|231|148|0,000000|0,000000|0,000000||0,000000|0,000000|0,000000||0,000000|0,000000||
20170121_184155|182820|502|1,769912|0|CarroTeste2|1|circulo_r120_xc320_yc240|0|0|231|147|0,000000|0,000000|0,000000||0,000000|0,000000|0,000000||0,000000|0,000000||
