TimeStamp|Ticks|FrameNum|FPS|LogaDados|Robo|achou|trajetoria|Xd|Yd|Xa|Ya|DistMelhorPonto|velAtual|velAtualDerivSuja|velDesejada|erroVel|SaidaControleLinear|angAtual|angDesejado|erroAng|SaidaControleAngular|SinalDeControle1|SinalDeControle2|
20170502_145440|13823|44|22.000000|1|CarroTeste|0|circulo_r60_xc160_yc120|0|0|0|0|0.000000|0.000000|0.000000|0.000000|0.000000|0.000000|0.000000|0.000000|0.000000|0.000000|0.000000|0.000000|
20170502_145440|13863|44|22.000000|1|CarroTeste2|1|circulo_r60_xc160_yc120|0|0|203|81|0.000000|0.000000|0.000000|0.000000|0.000000|-2372.742542|203.000000|133.660110|-69.339890|0.000000|-118.637127|-118.637127|
20170502_145440|13865|44|22.000000|1|Caçula|1|circulo_r60_xc160_yc120|0|0|64536|81|0.000000|0.000000|0.000000|0.000000|0.000000|-2203776.933305|64536.000000|133.879640|-64402.120360|0.000000|-255.000000|-255.000000|
20170502_145440|13899|46|12.987013|1|CarroTeste|0|circulo_r60_xc160_yc120|0|0|0|0|0.000000|0.000000|0.000000|0.000000|0.000000|0.000000|0.000000|0.000000|0.000000|0.000000|0.000000|0.000000|
20170502_145440|13902|46|12.987013|1|CarroTeste2|1|circulo_r60_xc160_yc120|0|0|202|82|0.000000|0.000000|0.000000|0.000000|0.000000|-2318.040746|202.000000|134.082297|-67.917703|0.000000|-115.902037|-115.902037|
20170502_145440|13904|46|12.987013|1|Caçula|1|circulo_r60_xc160_yc120|0|0|64536|82|0.000000|0.000000|0.000000|0.000000|0.000000|-2198045.925397|64536.000000|134.099402|-64401.900598|0.000000|-255.000000|-255.000000|
20170502_145440|13976|48|12.987013|1|CarroTeste|0|circulo_r60_xc160_yc120|0|0|0|0|0.000000|0.000000|0.000000|0.000000|0.000000|0.000000|0.000000|0.000000|0.000000|0.000000|0.000000|0.000000|
20170502_145440|13979|48|12.987013|1|CarroTeste2|1|circulo_r60_xc160_yc120|0|0|203|82|0.000000|0.000000|0.000000|0.000000|0.000000|-2336.831736|203.000000|134.531735|-68.468265|0.000000|-116.841587|-116.841587|
20170502_145440|13981|48|12.987013|1|Caçula|1|circulo_r60_xc160_yc120|0|0|64536|82|0.000000|0.000000|0.000000|0.000000|0.000000|-2198030.763977|64536.000000|134.549682|-64401.450318|0.000000|-255.000000|-255.000000|
20170502_145440|14053|50|12.987013|1|CarroTeste|0|circulo_r60_xc160_yc120|0|0|0|0|0.000000|0.000000|0.000000|0.000000|0.000000|0.000000|0.000000|0.000000|0.000000|0.000000|0.000000|0.000000|
20170502_145440|14056|50|12.987013|1|CarroTeste2|1|circulo_r60_xc160_yc120|0|0|202|82|0.000000|0.000000|0.000000|0.000000|0.000000|-2286.629845|202.000000|135.002631|-66.997369|0.000000|-114.331492|-114.331492|
20170502_145440|14058|50|12.987013|1|Caçula|1|circulo_r60_xc160_yc120|0|0|64536|82|0.000000|0.000000|0.000000|0.000000|0.000000|-2198014.665510|64536.000000|135.021407|-64400.978593|0.000000|-255.000000|-255.000000|
20170502_145440|14131|52|12.987013|1|CarroTeste|0|circulo_r60_xc160_yc120|0|0|0|0|0.000000|0.000000|0.000000|0.000000|0.000000|0.000000|0.000000|0.000000|0.000000|0.000000|0.000000|0.000000|
20170502_145440|14134|52|12.987013|1|CarroTeste2|1|circulo_r60_xc160_yc120|0|0|202|82|0.000000|0.000000|0.000000|0.000000|0.000000|-2269.393638|202.000000|135.507645|-66.492355|0.000000|-113.469682|-113.469682|
20170502_145440|14137|52|12.987013|1|Caçula|1|circulo_r60_xc160_yc120|0|0|64536|82|0.000000|0.000000|0.000000|0.000000|0.000000|-2197997.624236|64536.000000|135.520714|-64400.479286|0.000000|-255.000000|-255.000000|
20170502_145440|14210|54|12.987013|1|CarroTeste|0|circulo_r60_xc160_yc120|0|0|0|0|0.000000|0.000000|0.000000|0.000000|0.000000|0.000000|0.000000|0.000000|0.000000|0.000000|0.000000|0.000000|
20170502_145440|14213|54|12.987013|1|CarroTeste2|1|circulo_r60_xc160_yc120|0|0|202|82|0.000000|0.000000|0.000000|0.000000|0.000000|-2251.648171|202.000000|136.027581|-65.972419|0.000000|-112.582409|-112.582409|
20170502_145440|14215|54|12.987013|1|Caçula|1|circulo_r60_xc160_yc120|0|0|64536|82|0.000000|0.000000|0.000000|0.000000|0.000000|-2197979.627924|64536.000000|136.047995|-64399.952005|0.000000|-255.000000|-255.000000|
20170502_145440|14287|56|12.987013|1|CarroTeste|0|circulo_r60_xc160_yc120|0|0|0|0|0.000000|0.000000|0.000000|0.000000|0.000000|0.000000|0.000000|0.000000|0.000000|0.000000|0.000000|0.000000|
20170502_145440|14291|56|12.987013|1|CarroTeste2|1|circulo_r60_xc160_yc120|0|0|203|82|0.000000|0.000000|0.000000|0.000000|0.000000|-2267.325430|203.000000|136.568243|-66.431757|0.000000|-113.366272|-113.366272|
20170502_145440|14294|56|12.987013|1|Caçula|1|circulo_r60_xc160_yc120|0|0|64536|82|0.000000|0.000000|0.000000|0.000000|0.000000|-2197961.147887|64536.000000|136.589445|-64399.410555|0.000000|-255.000000|-255.000000|
20170502_145440|14366|58|12.987013|1|CarroTeste|0|circulo_r60_xc160_yc120|0|0|0|0|0.000000|0.000000|0.000000|0.000000|0.000000|0.000000|0.000000|0.000000|0.000000|0.000000|0.000000|0.000000|
20170502_145440|14369|58|12.987013|1|CarroTeste2|1|circulo_r60_xc160_yc120|0|0|203|82|0.000000|0.000000|0.000000|0.000000|0.000000|-2247.931251|203.000000|137.136485|-65.863515|0.000000|-112.396563|-112.396563|
20170502_145440|14373|58|12.987013|1|Caçula|1|circulo_r60_xc160_yc120|0|0|64536|82|0.000000|0.000000|0.000000|0.000000|0.000000|-2197941.727469|64536.000000|137.158467|-64398.841533|0.000000|-255.000000|-255.000000|
20170502_145441|14442|60|12.987013|1|CarroTeste|0|circulo_r60_xc160_yc120|0|0|0|0|0.000000|0.000000|0.000000|0.000000|0.000000|0.000000|0.000000|0.000000|0.000000|0.000000|0.000000|0.000000|
20170502_145441|14445|60|12.987013|1|CarroTeste2|1|circulo_r60_xc160_yc120|0|0|203|82|0.000000|0.000000|0.000000|0.000000|0.000000|-2228.620170|203.000000|137.702292|-65.297708|0.000000|-111.431008|-111.431008|
20170502_145441|14448|60|12.987013|1|Caçula|1|circulo_r60_xc160_yc120|0|0|64536|82|0.000000|0.000000|0.000000|0.000000|0.000000|-2197922.649980|64536.000000|137.717431|-64398.282569|0.000000|-255.000000|-255.000000|
20170502_145441|14521|62|12.987013|1|CarroTeste|0|circulo_r60_xc160_yc120|0|0|0|0|0.000000|0.000000|0.000000|0.000000|0.000000|0.000000|0.000000|0.000000|0.000000|0.000000|0.000000|0.000000|
20170502_145441|14524|62|12.987013|1|CarroTeste2|1|circulo_r60_xc160_yc120|0|0|203|82|0.000000|0.000000|0.000000|0.000000|0.000000|-2208.151495|203.000000|138.302016|-64.697984|0.000000|-110.407575|-110.407575|
20170502_145441|14526|62|12.987013|1|Caçula|1|circulo_r60_xc160_yc120|0|0|64536|82|0.000000|0.000000|0.000000|0.000000|0.000000|-2197901.898373|64536.000000|138.325461|-64397.674539|0.000000|-255.000000|-255.000000|
20170502_145441|14598|64|12.987013|1|CarroTeste|0|circulo_r60_xc160_yc120|0|0|0|0|0.000000|0.000000|0.000000|0.000000|0.000000|0.000000|0.000000|0.000000|0.000000|0.000000|0.000000|0.000000|
20170502_145441|14601|64|12.987013|1|CarroTeste2|1|circulo_r60_xc160_yc120|0|0|202|82|0.000000|0.000000|0.000000|0.000000|0.000000|-2152.912393|202.000000|138.920501|-63.079499|0.000000|-107.645620|-107.645620|
20170502_145441|14603|64|12.987013|1|Caçula|1|circulo_r60_xc160_yc120|0|0|64536|82|0.000000|0.000000|0.000000|0.000000|0.000000|-2197881.039034|64536.000000|138.936601|-64397.063399|0.000000|-255.000000|-255.000000|
20170502_145441|14676|66|12.987013|1|CarroTeste|0|circulo_r60_xc160_yc120|0|0|0|0|0.000000|0.000000|0.000000|0.000000|0.000000|0.000000|0.000000|0.000000|0.000000|0.000000|0.000000|0.000000|
20170502_145441|14679|66|12.987013|1|CarroTeste2|1|circulo_r60_xc160_yc120|0|0|202|82|0.000000|0.000000|0.000000|0.000000|0.000000|-2131.181379|202.000000|139.557211|-62.442789|0.000000|-106.559069|-106.559069|
20170502_145441|14681|66|12.987013|1|Caçula|1|circulo_r60_xc160_yc120|0|0|64536|82|0.000000|0.000000|0.000000|0.000000|0.000000|-2197859.292720|64536.000000|139.573772|-64396.426228|0.000000|-255.000000|-255.000000|
20170502_145441|14754|68|12.987013|1|CarroTeste|0|circulo_r60_xc160_yc120|0|0|0|0|0.000000|0.000000|0.000000|0.000000|0.000000|0.000000|0.000000|0.000000|0.000000|0.000000|0.000000|0.000000|
20170502_145441|14757|68|12.987013|1|CarroTeste2|1|circulo_r60_xc160_yc120|0|0|203|82|0.000000|0.000000|0.000000|0.000000|0.000000|-2142.977257|203.000000|140.211596|-62.788404|0.000000|-107.148863|-107.148863|
20170502_145441|14759|68|12.987013|1|Caçula|1|circulo_r60_xc160_yc120|0|0|64536|82|0.000000|0.000000|0.000000|0.000000|0.000000|-2197836.943974|64536.000000|140.228603|-64395.771397|0.000000|-255.000000|-255.000000|
20170502_145441|14833|70|12.987013|1|CarroTeste|0|circulo_r60_xc160_yc120|0|0|0|0|0.000000|0.000000|0.000000|0.000000|0.000000|0.000000|0.000000|0.000000|0.000000|0.000000|0.000000|0.000000|
20170502_145441|14837|70|12.987013|1|CarroTeste2|1|circulo_r60_xc160_yc120|0|0|202|82|0.000000|0.000000|0.000000|0.000000|0.000000|-2085.928930|202.000000|140.883090|-61.116910|0.000000|-104.296447|-104.296447|
20170502_145441|14839|70|12.987013|1|Caçula|1|circulo_r60_xc160_yc120|0|0|64536|82|0.000000|0.000000|0.000000|0.000000|0.000000|-2197813.414879|64536.000000|140.917977|-64395.082023|0.000000|-255.000000|-255.000000|
20170502_145441|14915|72|12.987013|1|CarroTeste|0|circulo_r60_xc160_yc120|0|0|0|0|0.000000|0.000000|0.000000|0.000000|0.000000|0.000000|0.000000|0.000000|0.000000|0.000000|0.000000|0.000000|
20170502_145441|14918|72|12.987013|1|CarroTeste2|1|circulo_r60_xc160_yc120|0|0|203|82|0.000000|0.000000|0.000000|0.000000|0.000000|-2095.357678|203.000000|141.606831|-61.393169|0.000000|-104.767884|-104.767884|
20170502_145441|14921|72|12.987013|1|Caçula|1|circulo_r60_xc160_yc120|0|0|64536|82|0.000000|0.000000|0.000000|0.000000|0.000000|-2197788.988749|64536.000000|141.633647|-64394.366353|0.000000|-255.000000|-255.000000|
20170502_145441|14990|74|12.987013|1|CarroTeste|0|circulo_r60_xc160_yc120|0|0|0|0|0.000000|0.000000|0.000000|0.000000|0.000000|0.000000|0.000000|0.000000|0.000000|0.000000|0.000000|0.000000|
20170502_145441|14993|74|12.987013|1|CarroTeste2|1|circulo_r60_xc160_yc120|0|0|202|82|0.000000|0.000000|0.000000|0.000000|0.000000|-2038.108989|202.000000|142.284196|-59.715804|0.000000|-101.905449|-101.905449|
20170502_145441|14996|74|12.987013|1|Caçula|1|circulo_r60_xc160_yc120|0|0|64536|82|0.000000|0.000000|0.000000|0.000000|0.000000|-2197765.850310|64536.000000|142.311589|-64393.688411|0.000000|-255.000000|-255.000000|
20170502_145441|15067|76|12.987013|1|CarroTeste|0|circulo_r60_xc160_yc120|0|0|0|0|0.000000|0.000000|0.000000|0.000000|0.000000|0.000000|0.000000|0.000000|0.000000|0.000000|0.000000|0.000000|
20170502_145441|15069|76|12.987013|1|CarroTeste2|1|circulo_r60_xc160_yc120|0|0|203|82|0.000000|0.000000|0.000000|0.000000|0.000000|-2048.001389|203.000000|142.994352|-60.005648|0.000000|-102.400069|-102.400069|
20170502_145441|15072|76|12.987013|1|Caçula|1|circulo_r60_xc160_yc120|0|0|64536|82|0.000000|0.000000|0.000000|0.000000|0.000000|-2197741.911262|64536.000000|143.012991|-64392.987009|0.000000|-255.000000|-255.000000|
20170502_145441|15145|78|12.987013|1|CarroTeste|0|circulo_r60_xc160_yc120|0|0|0|0|0.000000|0.000000|0.000000|0.000000|0.000000|0.000000|0.000000|0.000000|0.000000|0.000000|0.000000|0.000000|
20170502_145441|15148|78|12.987013|1|CarroTeste2|1|circulo_r60_xc160_yc120|0|0|203|82|0.000000|0.000000|0.000000|0.000000|0.000000|-2022.950376|203.000000|143.728337|-59.271663|0.000000|-101.147519|-101.147519|
20170502_145441|15151|78|12.987013|1|Caçula|1|circulo_r60_xc160_yc120|0|0|64536|82|0.000000|0.000000|0.000000|0.000000|0.000000|-2197716.523696|64536.000000|143.756853|-64392.243147|0.000000|-255.000000|-255.000000|
20170502_145441|15224|80|12.987013|1|CarroTeste|0|circulo_r60_xc160_yc120|0|0|0|0|0.000000|0.000000|0.000000|0.000000|0.000000|0.000000|0.000000|0.000000|0.000000|0.000000|0.000000|0.000000|
20170502_145441|15228|80|12.987013|1|CarroTeste2|1|circulo_r60_xc160_yc120|0|0|203|82|0.000000|0.000000|0.000000|0.000000|0.000000|-1997.088846|203.000000|144.486070|-58.513930|0.000000|-99.854442|-99.854442|
20170502_145441|15230|80|12.987013|1|Caçula|1|circulo_r60_xc160_yc120|0|0|64536|82|0.000000|0.000000|0.000000|0.000000|0.000000|-2197690.313003|64536.000000|144.524808|-64391.475192|0.000000|-255.000000|-255.000000|
20170502_145441|15302|82|12.987013|1|CarroTeste|0|circulo_r60_xc160_yc120|0|0|0|0|0.000000|0.000000|0.000000|0.000000|0.000000|0.000000|0.000000|0.000000|0.000000|0.000000|0.000000|0.000000|
20170502_145441|15306|82|12.987013|1|CarroTeste2|1|circulo_r60_xc160_yc120|0|0|203|82|0.000000|0.000000|0.000000|0.000000|0.000000|-1971.093842|203.000000|145.247714|-57.752286|0.000000|-98.554692|-98.554692|
20170502_145441|15310|82|12.987013|1|Caçula|1|circulo_r60_xc160_yc120|0|0|64536|82|0.000000|0.000000|0.000000|0.000000|0.000000|-2197664.295109|64536.000000|145.287122|-64390.712878|0.000000|-255.000000|-255.000000|
20170502_145441|15380|84|12.987013|1|CarroTeste|0|circulo_r60_xc160_yc120|0|0|0|0|0.000000|0.000000|0.000000|0.000000|0.000000|0.000000|0.000000|0.000000|0.000000|0.000000|0.000000|0.000000|
20170502_145442|15383|84|12.987013|1|CarroTeste2|1|circulo_r60_xc160_yc120|0|0|203|82|0.000000|0.000000|0.000000|0.000000|0.000000|-1944.663510|203.000000|146.022112|-56.977888|0.000000|-97.233175|-97.233175|
20170502_145442|15386|84|12.987013|1|Caçula|1|circulo_r60_xc160_yc120|0|0|64536|82|0.000000|0.000000|0.000000|0.000000|0.000000|-2197638.185181|64536.000000|146.052143|-64389.947857|0.000000|-255.000000|-255.000000|
20170502_145442|15457|86|12.987013|1|CarroTeste|0|circulo_r60_xc160_yc120|0|0|0|0|0.000000|0.000000|0.000000|0.000000|0.000000|0.000000|0.000000|0.000000|0.000000|0.000000|0.000000|0.000000|
20170502_145442|15460|86|12.987013|1|CarroTeste2|1|circulo_r60_xc160_yc120|0|0|202|82|0.000000|0.000000|0.000000|0.000000|0.000000|-1883.690564|202.000000|146.808596|-55.191404|0.000000|-94.184528|-94.184528|
20170502_145442|15463|86|12.987013|1|Caçula|1|circulo_r60_xc160_yc120|0|0|64536|82|0.000000|0.000000|0.000000|0.000000|0.000000|-2197611.673714|64536.000000|146.828915|-64389.171085|0.000000|-255.000000|-255.000000|
20170502_145442|15536|88|12.987013|1|CarroTeste|0|circulo_r60_xc160_yc120|0|0|0|0|0.000000|0.000000|0.000000|0.000000|0.000000|0.000000|0.000000|0.000000|0.000000|0.000000|0.000000|0.000000|
20170502_145442|15541|88|12.987013|1|CarroTeste2|1|circulo_r60_xc160_yc120|0|0|203|82|0.000000|0.000000|0.000000|0.000000|0.000000|-1890.237059|203.000000|147.616786|-55.383214|0.000000|-94.511853|-94.511853|
20170502_145442|15543|88|12.987013|1|Caçula|1|circulo_r60_xc160_yc120|0|0|64536|82|0.000000|0.000000|0.000000|0.000000|0.000000|-2197583.376594|64536.000000|147.658005|-64388.341995|0.000000|-255.000000|-255.000000|
20170502_145442|15613|90|12.987013|1|CarroTeste|0|circulo_r60_xc160_yc120|0|0|0|0|0.000000|0.000000|0.000000|0.000000|0.000000|0.000000|0.000000|0.000000|0.000000|0.000000|0.000000|0.000000|
20170502_145442|15616|90|12.987013|1|CarroTeste2|1|circulo_r60_xc160_yc120|0|0|202|82|0.000000|0.000000|0.000000|0.000000|0.000000|-1829.216716|202.000000|148.404659|-53.595341|0.000000|-91.460836|-91.460836|
20170502_145442|15618|90|12.987013|1|Caçula|1|circulo_r60_xc160_yc120|0|0|64536|82|0.000000|0.000000|0.000000|0.000000|0.000000|-2197556.824984|64536.000000|148.435959|-64387.564041|0.000000|-255.000000|-255.000000|
20170502_145442|15692|92|12.987013|1|CarroTeste|0|circulo_r60_xc160_yc120|0|0|0|0|0.000000|0.000000|0.000000|0.000000|0.000000|0.000000|0.000000|0.000000|0.000000|0.000000|0.000000|0.000000|
20170502_145442|15695|92|12.987013|1|CarroTeste2|1|circulo_r60_xc160_yc120|0|0|203|82|0.000000|0.000000|0.000000|0.000000|0.000000|-1835.051148|203.000000|149.233712|-53.766288|0.000000|-91.752557|-91.752557|
20170502_145442|15698|92|12.987013|1|Caçula|1|circulo_r60_xc160_yc120|0|0|64536|82|0.000000|0.000000|0.000000|0.000000|0.000000|-2197528.156248|64536.000000|149.275949|-64386.724051|0.000000|-255.000000|-255.000000|
20170502_145442|15769|94|12.987013|1|CarroTeste|0|circulo_r60_xc160_yc120|0|0|0|0|0.000000|0.000000|0.000000|0.000000|0.000000|0.000000|0.000000|0.000000|0.000000|0.000000|0.000000|0.000000|
20170502_145442|15773|94|12.987013|1|CarroTeste2|1|circulo_r60_xc160_yc120|0|0|202|82|0.000000|0.000000|0.000000|0.000000|0.000000|-1773.027834|202.000000|150.050971|-51.949029|0.000000|-88.651392|-88.651392|
20170502_145442|15775|94|12.987013|1|Caçula|1|circulo_r60_xc160_yc120|0|0|64536|82|0.000000|0.000000|0.000000|0.000000|0.000000|-2197500.247933|64536.000000|150.093662|-64385.906338|0.000000|-255.000000|-255.000000|
20170502_145442|15846|96|12.987013|1|CarroTeste|0|circulo_r60_xc160_yc120|0|0|0|0|0.000000|0.000000|0.000000|0.000000|0.000000|0.000000|0.000000|0.000000|0.000000|0.000000|0.000000|0.000000|
20170502_145442|15850|96|12.987013|1|CarroTeste2|1|circulo_r60_xc160_yc120|0|0|203|82|0.000000|0.000000|0.000000|0.000000|0.000000|-1778.610924|203.000000|150.887389|-52.112611|0.000000|-88.930546|-88.930546|
20170502_145442|15852|96|12.987013|1|Caçula|1|circulo_r60_xc160_yc120|0|0|64536|82|0.000000|0.000000|0.000000|0.000000|0.000000|-2197472.053863|64536.000000|150.919720|-64385.080280|0.000000|-255.000000|-255.000000|
20170502_145442|15924|98|12.987013|1|CarroTeste|0|circulo_r60_xc160_yc120|0|0|0|0|0.000000|0.000000|0.000000|0.000000|0.000000|0.000000|0.000000|0.000000|0.000000|0.000000|0.000000|0.000000|
20170502_145442|15927|98|12.987013|1|CarroTeste2|1|circulo_r60_xc160_yc120|0|0|202|82|0.000000|0.000000|0.000000|0.000000|0.000000|-1716.035883|202.000000|151.720814|-50.279186|0.000000|-85.801794|-85.801794|
20170502_145442|15929|98|12.987013|1|Caçula|1|circulo_r60_xc160_yc120|0|0|64536|82|0.000000|0.000000|0.000000|0.000000|0.000000|-2197443.599657|64536.000000|151.753430|-64384.246570|0.000000|-255.000000|-255.000000|
20170502_145442|16003|100|12.987013|1|CarroTeste|0|circulo_r60_xc160_yc120|0|0|0|0|0.000000|0.000000|0.000000|0.000000|0.000000|0.000000|0.000000|0.000000|0.000000|0.000000|0.000000|0.000000|
20170502_145442|16006|100|12.987013|1|CarroTeste2|1|circulo_r60_xc160_yc120|0|0|202|82|0.000000|0.000000|0.000000|0.000000|0.000000|-1686.604907|202.000000|152.583130|-49.416870|0.000000|-84.330245|-84.330245|
20170502_145442|16009|100|12.987013|1|Caçula|1|circulo_r60_xc160_yc120|0|0|64536|82|0.000000|0.000000|0.000000|0.000000|0.000000|-2197414.159945|64536.000000|152.616010|-64383.383990|0.000000|-255.000000|-255.000000|
20170502_145442|16080|102|12.987013|1|CarroTeste|0|circulo_r60_xc160_yc120|0|0|0|0|0.000000|0.000000|0.000000|0.000000|0.000000|0.000000|0.000000|0.000000|0.000000|0.000000|0.000000|0.000000|
20170502_145442|16083|102|12.987013|1|CarroTeste2|1|circulo_r60_xc160_yc120|0|0|202|82|0.000000|0.000000|0.000000|0.000000|0.000000|-1657.702752|202.000000|153.429951|-48.570049|0.000000|-82.885138|-82.885138|
20170502_145442|16085|102|12.987013|1|Caçula|1|circulo_r60_xc160_yc120|0|0|64536|82|0.000000|0.000000|0.000000|0.000000|0.000000|-2197385.249200|64536.000000|153.463061|-64382.536939|0.000000|-255.000000|-255.000000|
20170502_145442|16158|104|12.987013|1|CarroTeste|0|circulo_r60_xc160_yc120|0|0|0|0|0.000000|0.000000|0.000000|0.000000|0.000000|0.000000|0.000000|0.000000|0.000000|0.000000|0.000000|0.000000|
20170502_145442|16161|104|12.987013|1|CarroTeste2|1|circulo_r60_xc160_yc120|0|0|202|82|0.000000|0.000000|0.000000|0.000000|0.000000|-1628.232718|202.000000|154.293412|-47.706588|0.000000|-81.411636|-81.411636|
20170502_145442|16163|104|12.987013|1|Caçula|1|circulo_r60_xc160_yc120|0|0|64536|82|0.000000|0.000000|0.000000|0.000000|0.000000|-2197355.772618|64536.000000|154.326725|-64381.673275|0.000000|-255.000000|-255.000000|
20170502_145442|16235|106|12.987013|1|CarroTeste|0|circulo_r60_xc160_yc120|0|0|0|0|0.000000|0.000000|0.000000|0.000000|0.000000|0.000000|0.000000|0.000000|0.000000|0.000000|0.000000|0.000000|
20170502_145442|16238|106|12.987013|1|CarroTeste2|1|circulo_r60_xc160_yc120|0|0|202|82|0.000000|0.000000|0.000000|0.000000|0.000000|-1598.975226|202.000000|155.150645|-46.849355|0.000000|-79.948761|-79.948761|
20170502_145442|16240|106|12.987013|1|Caçula|1|circulo_r60_xc160_yc120|0|0|64536|82|0.000000|0.000000|0.000000|0.000000|0.000000|-2197326.508820|64536.000000|155.184131|-64380.815869|0.000000|-255.000000|-255.000000|
20170502_145442|16313|108|12.987013|1|CarroTeste|0|circulo_r60_xc160_yc120|0|0|0|0|0.000000|0.000000|0.000000|0.000000|0.000000|0.000000|0.000000|0.000000|0.000000|0.000000|0.000000|0.000000|
20170502_145442|16315|108|12.987013|1|CarroTeste2|1|circulo_r60_xc160_yc120|0|0|203|82|0.000000|0.000000|0.000000|0.000000|0.000000|-1603.325827|203.000000|156.023174|-46.976826|0.000000|-80.166291|-80.166291|
20170502_145442|16318|108|12.987013|1|Caçula|1|circulo_r60_xc160_yc120|0|0|64536|82|0.000000|0.000000|0.000000|0.000000|0.000000|-2197297.107056|64536.000000|156.045595|-64379.954405|0.000000|-255.000000|-255.000000|
20170502_145443|16392|110|12.987013|1|CarroTeste|0|circulo_r60_xc160_yc120|0|0|0|0|0.000000|0.000000|0.000000|0.000000|0.000000|0.000000|0.000000|0.000000|0.000000|0.000000|0.000000|0.000000|
20170502_145443|16395|110|12.987013|1|CarroTeste2|1|circulo_r60_xc160_yc120|0|0|202|82|0.000000|0.000000|0.000000|0.000000|0.000000|-1538.914867|202.000000|156.910391|-45.089609|0.000000|-76.945743|-76.945743|
20170502_145443|16397|110|12.987013|1|Caçula|1|circulo_r60_xc160_yc120|0|0|64536|82|0.000000|0.000000|0.000000|0.000000|0.000000|-2197266.439568|64536.000000|156.944141|-64379.055859|0.000000|-255.000000|-255.000000|
20170502_145443|16469|112|12.987013|1|CarroTeste|0|circulo_r60_xc160_yc120|0|0|0|0|0.000000|0.000000|0.000000|0.000000|0.000000|0.000000|0.000000|0.000000|0.000000|0.000000|0.000000|0.000000|
20170502_145443|16472|112|12.987013|1|CarroTeste2|1|circulo_r60_xc160_yc120|0|0|203|82|0.000000|0.000000|0.000000|0.000000|0.000000|-1543.440547|203.000000|157.777790|-45.222210|0.000000|-77.172027|-77.172027|
20170502_145443|16475|112|12.987013|1|Caçula|1|circulo_r60_xc160_yc120|0|0|64536|82|0.000000|0.000000|0.000000|0.000000|0.000000|-2197236.832080|64536.000000|157.811627|-64378.188373|0.000000|-255.000000|-255.000000|
20170502_145443|16546|114|12.987013|1|CarroTeste|0|circulo_r60_xc160_yc120|0|0|0|0|0.000000|0.000000|0.000000|0.000000|0.000000|0.000000|0.000000|0.000000|0.000000|0.000000|0.000000|0.000000|
20170502_145443|16549|114|12.987013|1|CarroTeste2|1|circulo_r60_xc160_yc120|0|0|202|81|0.000000|0.000000|0.000000|0.000000|0.000000|-1479.642063|202.000000|158.647061|-43.352939|0.000000|-73.982103|-73.982103|
20170502_145443|16551|114|12.987013|1|Caçula|1|circulo_r60_xc160_yc120|0|0|64536|81|0.000000|0.000000|0.000000|0.000000|0.000000|-2197207.161899|64536.000000|158.680956|-64377.319044|0.000000|-255.000000|-255.000000|
20170502_145443|16622|116|12.987013|1|CarroTeste|0|circulo_r60_xc160_yc120|0|0|0|0|0.000000|0.000000|0.000000|0.000000|0.000000|0.000000|0.000000|0.000000|0.000000|0.000000|0.000000|0.000000|
20170502_145443|16625|116|12.987013|1|CarroTeste2|1|circulo_r60_xc160_yc120|0|0|203|82|0.000000|0.000000|0.000000|0.000000|0.000000|-1484.450882|203.000000|159.506164|-43.493836|0.000000|-74.222544|-74.222544|
20170502_145443|16627|116|12.987013|1|Caçula|1|circulo_r60_xc160_yc120|0|0|64536|82|0.000000|0.000000|0.000000|0.000000|0.000000|-2197177.839401|64536.000000|159.540089|-64376.459911|0.000000|-255.000000|-255.000000|
20170502_145443|16699|118|12.987013|1|CarroTeste|0|circulo_r60_xc160_yc120|0|0|0|0|0.000000|0.000000|0.000000|0.000000|0.000000|0.000000|0.000000|0.000000|0.000000|0.000000|0.000000|0.000000|
20170502_145443|16702|118|12.987013|1|CarroTeste2|1|circulo_r60_xc160_yc120|0|0|203|82|0.000000|0.000000|0.000000|0.000000|0.000000|-1454.729771|203.000000|160.376981|-42.623019|0.000000|-72.736489|-72.736489|
20170502_145443|16705|118|12.987013|1|Caçula|1|circulo_r60_xc160_yc120|0|0|64536|82|0.000000|0.000000|0.000000|0.000000|0.000000|-2197148.118586|64536.000000|160.410907|-64375.589093|0.000000|-255.000000|-255.000000|
20170502_145443|16777|120|12.987013|1|CarroTeste|0|circulo_r60_xc160_yc120|0|0|0|0|0.000000|0.000000|0.000000|0.000000|0.000000|0.000000|0.000000|0.000000|0.000000|0.000000|0.000000|0.000000|
20170502_145443|16780|120|12.987013|1|CarroTeste2|1|circulo_r60_xc160_yc120|0|0|203|82|0.000000|0.000000|0.000000|0.000000|0.000000|-1424.633828|203.000000|161.258781|-41.741219|0.000000|-71.231691|-71.231691|
20170502_145443|16782|120|12.987013|1|Caçula|1|circulo_r60_xc160_yc120|0|0|64536|82|0.000000|0.000000|0.000000|0.000000|0.000000|-2197118.023404|64536.000000|161.292679|-64374.707321|0.000000|-255.000000|-255.000000|
20170502_145443|16855|122|12.987013|1|CarroTeste|0|circulo_r60_xc160_yc120|0|0|0|0|0.000000|0.000000|0.000000|0.000000|0.000000|0.000000|0.000000|0.000000|0.000000|0.000000|0.000000|0.000000|
20170502_145443|16859|122|12.987013|1|CarroTeste2|1|circulo_r60_xc160_yc120|0|0|202|82|0.000000|0.000000|0.000000|0.000000|0.000000|-1360.059880|202.000000|162.150773|-39.849227|0.000000|-68.002994|-68.002994|
20170502_145443|16861|122|12.987013|1|Caçula|1|circulo_r60_xc160_yc120|0|0|64536|82|0.000000|0.000000|0.000000|0.000000|0.000000|-2197087.581723|64536.000000|162.184613|-64373.815387|0.000000|-255.000000|-255.000000|
20170502_145443|16933|124|12.987013|1|CarroTeste|0|circulo_r60_xc160_yc120|0|0|0|0|0.000000|0.000000|0.000000|0.000000|0.000000|0.000000|0.000000|0.000000|0.000000|0.000000|0.000000|0.000000|
20170502_145443|16935|124|12.987013|1|CarroTeste2|1|circulo_r60_xc160_yc120|0|0|203|82|0.000000|0.000000|0.000000|0.000000|0.000000|-1364.579360|203.000000|163.018353|-39.981647|0.000000|-68.228968|-68.228968|
20170502_145443|16938|124|12.987013|1|Caçula|1|circulo_r60_xc160_yc120|0|0|64536|82|0.000000|0.000000|0.000000|0.000000|0.000000|-2197058.357438|64536.000000|163.040857|-64372.959143|0.000000|-255.000000|-255.000000|
20170502_145443|17011|126|12.987013|1|CarroTeste|0|circulo_r60_xc160_yc120|0|0|0|0|0.000000|0.000000|0.000000|0.000000|0.000000|0.000000|0.000000|0.000000|0.000000|0.000000|0.000000|0.000000|
20170502_145443|17015|126|12.987013|1|CarroTeste2|1|circulo_r60_xc160_yc120|0|0|203|82|0.000000|0.000000|0.000000|0.000000|0.000000|-1334.290048|203.000000|163.905818|-39.094182|0.000000|-66.714502|-66.714502|
20170502_145443|17018|126|12.987013|1|Caçula|1|circulo_r60_xc160_yc120|0|0|64536|82|0.000000|0.000000|0.000000|0.000000|0.000000|-2197027.305971|64536.000000|163.950668|-64372.049332|0.000000|-255.000000|-255.000000|
20170502_145443|17087|128|12.987013|1|CarroTeste|0|circulo_r60_xc160_yc120|0|0|0|0|0.000000|0.000000|0.000000|0.000000|0.000000|0.000000|0.000000|0.000000|0.000000|0.000000|0.000000|0.000000|
20170502_145443|17089|128|12.987013|1|CarroTeste2|1|circulo_r60_xc160_yc120|0|0|203|81|0.000000|0.000000|0.000000|0.000000|0.000000|-1305.643349|203.000000|164.745156|-38.254844|0.000000|-65.282167|-65.282167|
20170502_145443|17092|128|12.987013|1|Caçula|1|circulo_r60_xc160_yc120|0|0|64536|81|0.000000|0.000000|0.000000|0.000000|0.000000|-2196999.426972|64536.000000|164.767489|-64371.232511|0.000000|-255.000000|-255.000000|
20170502_145443|17165|130|12.987013|1|CarroTeste|0|circulo_r60_xc160_yc120|0|0|0|0|0.000000|0.000000|0.000000|0.000000|0.000000|0.000000|0.000000|0.000000|0.000000|0.000000|0.000000|0.000000|
20170502_145443|17167|130|12.987013|1|CarroTeste2|1|circulo_r60_xc160_yc120|0|0|202|82|0.000000|0.000000|0.000000|0.000000|0.000000|-1241.858304|202.000000|165.614033|-36.385967|0.000000|-62.092915|-62.092915|
20170502_145443|17169|130|12.987013|1|Caçula|1|circulo_r60_xc160_yc120|0|0|64536|82|0.000000|0.000000|0.000000|0.000000|0.000000|-2196969.777051|64536.000000|165.636251|-64370.363749|0.000000|-255.000000|-255.000000|
20170502_145443|17242|132|12.987013|1|CarroTeste|0|circulo_r60_xc160_yc120|0|0|0|0|0.000000|0.000000|0.000000|0.000000|0.000000|0.000000|0.000000|0.000000|0.000000|0.000000|0.000000|0.000000|
20170502_145443|17245|132|12.987013|1|CarroTeste2|1|circulo_r60_xc160_yc120|0|0|203|82|0.000000|0.000000|0.000000|0.000000|0.000000|-1246.876101|203.000000|166.467013|-36.532987|0.000000|-62.343805|-62.343805|
20170502_145443|17248|132|12.987013|1|Caçula|1|circulo_r60_xc160_yc120|0|0|64536|82|0.000000|0.000000|0.000000|0.000000|0.000000|-2196940.291844|64536.000000|166.500140|-64369.499860|0.000000|-255.000000|-255.000000|
20170502_145443|17320|134|12.987013|1|CarroTeste|0|circulo_r60_xc160_yc120|0|0|0|0|0.000000|0.000000|0.000000|0.000000|0.000000|0.000000|0.000000|0.000000|0.000000|0.000000|0.000000|0.000000|
20170502_145443|17323|134|12.987013|1|CarroTeste2|1|circulo_r60_xc160_yc120|0|0|203|82|0.000000|0.000000|0.000000|0.000000|0.000000|-1217.575416|203.000000|167.325512|-35.674488|0.000000|-60.878771|-60.878771|
20170502_145443|17326|134|12.987013|1|Caçula|1|circulo_r60_xc160_yc120|0|0|64536|82|0.000000|0.000000|0.000000|0.000000|0.000000|-2196910.998702|64536.000000|167.358409|-64368.641591|0.000000|-255.000000|-255.000000|
20170502_145444|17397|136|12.987013|1|CarroTeste|0|circulo_r60_xc160_yc120|0|0|0|0|0.000000|0.000000|0.000000|0.000000|0.000000|0.000000|0.000000|0.000000|0.000000|0.000000|0.000000|0.000000|
20170502_145444|17399|136|12.987013|1|CarroTeste2|1|circulo_r60_xc160_yc120|0|0|203|82|0.000000|0.000000|0.000000|0.000000|0.000000|-1188.862299|203.000000|168.166795|-34.833205|0.000000|-59.443115|-59.443115|
20170502_145444|17402|136|12.987013|1|Caçula|1|circulo_r60_xc160_yc120|0|0|64536|82|0.000000|0.000000|0.000000|0.000000|0.000000|-2196882.665580|64536.000000|168.188558|-64367.811442|0.000000|-255.000000|-255.000000|
20170502_145444|17474|138|12.987013|1|CarroTeste|0|circulo_r60_xc160_yc120|0|0|0|0|0.000000|0.000000|0.000000|0.000000|0.000000|0.000000|0.000000|0.000000|0.000000|0.000000|0.000000|0.000000|
20170502_145444|17477|138|12.987013|1|CarroTeste2|1|circulo_r60_xc160_yc120|0|0|203|82|0.000000|0.000000|0.000000|0.000000|0.000000|-1160.015842|203.000000|169.011985|-33.988015|0.000000|-58.000792|-58.000792|
20170502_145444|17480|138|12.987013|1|Caçula|1|circulo_r60_xc160_yc120|0|0|64536|82|0.000000|0.000000|0.000000|0.000000|0.000000|-2196853.825571|64536.000000|169.033557|-64366.966443|0.000000|-255.000000|-255.000000|
20170502_145444|17551|140|12.987013|1|CarroTeste|0|circulo_r60_xc160_yc120|0|0|0|0|0.000000|0.000000|0.000000|0.000000|0.000000|0.000000|0.000000|0.000000|0.000000|0.000000|0.000000|0.000000|
20170502_145444|17553|140|12.987013|1|CarroTeste2|1|circulo_r60_xc160_yc120|0|0|203|82|0.000000|0.000000|0.000000|0.000000|0.000000|-1132.164630|203.000000|169.828015|-33.171985|0.000000|-56.608231|-56.608231|
20170502_145444|17556|140|12.987013|1|Caçula|1|circulo_r60_xc160_yc120|0|0|64536|82|0.000000|0.000000|0.000000|0.000000|0.000000|-2196825.982360|64536.000000|169.849383|-64366.150617|0.000000|-255.000000|-255.000000|
20170502_145444|17628|142|12.987013|1|CarroTeste|0|circulo_r60_xc160_yc120|0|0|0|0|0.000000|0.000000|0.000000|0.000000|0.000000|0.000000|0.000000|0.000000|0.000000|0.000000|0.000000|0.000000|
20170502_145444|17632|142|12.987013|1|CarroTeste2|1|circulo_r60_xc160_yc120|0|0|203|82|0.000000|0.000000|0.000000|0.000000|0.000000|-1103.866999|203.000000|170.657125|-32.342875|0.000000|-55.193350|-55.193350|
20170502_145444|17634|142|12.987013|1|Caçula|1|circulo_r60_xc160_yc120|0|0|64536|82|0.000000|0.000000|0.000000|0.000000|0.000000|-2196797.331013|64536.000000|170.688834|-64365.311166|0.000000|-255.000000|-255.000000|
20170502_145444|17706|144|12.987013|1|CarroTeste|0|circulo_r60_xc160_yc120|0|0|0|0|0.000000|0.000000|0.000000|0.000000|0.000000|0.000000|0.000000|0.000000|0.000000|0.000000|0.000000|0.000000|
20170502_145444|17709|144|12.987013|1|CarroTeste2|1|circulo_r60_xc160_yc120|0|0|202|82|0.000000|0.000000|0.000000|0.000000|0.000000|-1041.753716|202.000000|171.477020|-30.522980|0.000000|-52.087686|-52.087686|
20170502_145444|17711|144|12.987013|1|Caçula|1|circulo_r60_xc160_yc120|0|0|64536|82|0.000000|0.000000|0.000000|0.000000|0.000000|-2196769.717121|64536.000000|171.497915|-64364.502085|0.000000|-255.000000|-255.000000|
20170502_145444|17787|146|12.987013|1|CarroTeste|0|circulo_r60_xc160_yc120|0|0|0|0|0.000000|0.000000|0.000000|0.000000|0.000000|0.000000|0.000000|0.000000|0.000000|0.000000|0.000000|0.000000|
20170502_145444|17789|146|12.987013|1|CarroTeste2|1|circulo_r60_xc160_yc120|0|0|203|82|0.000000|0.000000|0.000000|0.000000|0.000000|-1047.535209|203.000000|172.307624|-30.692376|0.000000|-52.376760|-52.376760|
20170502_145444|17792|146|12.987013|1|Caçula|1|circulo_r60_xc160_yc120|0|0|64536|82|0.000000|0.000000|0.000000|0.000000|0.000000|-2196741.025226|64536.000000|172.338559|-64363.661441|0.000000|-255.000000|-255.000000|
20170502_145444|17862|148|12.987013|1|CarroTeste|0|circulo_r60_xc160_yc120|0|0|0|0|0.000000|0.000000|0.000000|0.000000|0.000000|0.000000|0.000000|0.000000|0.000000|0.000000|0.000000|0.000000|
20170502_145444|17865|148|12.987013|1|CarroTeste2|1|circulo_r60_xc160_yc120|0|0|203|82|0.000000|0.000000|0.000000|0.000000|0.000000|-1020.957493|203.000000|173.086341|-29.913659|0.000000|-51.047875|-51.047875|
20170502_145444|17867|148|12.987013|1|Caçula|1|circulo_r60_xc160_yc120|0|0|64536|82|0.000000|0.000000|0.000000|0.000000|0.000000|-2196714.809484|64536.000000|173.106691|-64362.893309|0.000000|-255.000000|-255.000000|
20170502_145444|17939|150|12.987013|1|CarroTeste|0|circulo_r60_xc160_yc120|0|0|0|0|0.000000|0.000000|0.000000|0.000000|0.000000|0.000000|0.000000|0.000000|0.000000|0.000000|0.000000|0.000000|
20170502_145444|17942|150|12.987013|1|CarroTeste2|1|circulo_r60_xc160_yc120|0|0|203|82|0.000000|0.000000|0.000000|0.000000|0.000000|-994.746391|203.000000|173.854316|-29.145684|0.000000|-49.737320|-49.737320|
20170502_145444|17944|150|12.987013|1|Caçula|1|circulo_r60_xc160_yc120|0|0|64536|82|0.000000|0.000000|0.000000|0.000000|0.000000|-2196688.266137|64536.000000|173.884402|-64362.115598|0.000000|-255.000000|-255.000000|
20170502_145444|18018|152|12.987013|1|CarroTeste|0|circulo_r60_xc160_yc120|0|0|0|0|0.000000|0.000000|0.000000|0.000000|0.000000|0.000000|0.000000|0.000000|0.000000|0.000000|0.000000|0.000000|
20170502_145444|18021|152|12.987013|1|CarroTeste2|1|circulo_r60_xc160_yc120|0|0|203|82|0.000000|0.000000|0.000000|0.000000|0.000000|-967.912355|203.000000|174.640543|-28.359457|0.000000|-48.395618|-48.395618|
20170502_145444|18023|152|12.987013|1|Caçula|1|circulo_r60_xc160_yc120|0|0|64536|82|0.000000|0.000000|0.000000|0.000000|0.000000|-2196661.448585|64536.000000|174.670148|-64361.329852|0.000000|-255.000000|-255.000000|
20170502_145444|18094|154|12.987013|1|CarroTeste|0|circulo_r60_xc160_yc120|0|0|0|0|0.000000|0.000000|0.000000|0.000000|0.000000|0.000000|0.000000|0.000000|0.000000|0.000000|0.000000|0.000000|
20170502_145444|18097|154|12.987013|1|CarroTeste2|1|circulo_r60_xc160_yc120|0|0|203|82|0.000000|0.000000|0.000000|0.000000|0.000000|-942.515307|203.000000|175.384667|-27.615333|0.000000|-47.125765|-47.125765|
20170502_145444|18100|154|12.987013|1|Caçula|1|circulo_r60_xc160_yc120|0|0|64536|82|0.000000|0.000000|0.000000|0.000000|0.000000|-2196636.067679|64536.000000|175.413785|-64360.586215|0.000000|-255.000000|-255.000000|
20170502_145444|18172|156|12.987013|1|CarroTeste|0|circulo_r60_xc160_yc120|0|0|0|0|0.000000|0.000000|0.000000|0.000000|0.000000|0.000000|0.000000|0.000000|0.000000|0.000000|0.000000|0.000000|
20170502_145444|18174|156|12.987013|1|CarroTeste2|1|circulo_r60_xc160_yc120|0|0|203|82|0.000000|0.000000|0.000000|0.000000|0.000000|-916.898275|203.000000|176.135236|-26.864764|0.000000|-45.844914|-45.844914|
20170502_145444|18177|156|12.987013|1|Caçula|1|circulo_r60_xc160_yc120|0|0|64536|82|0.000000|0.000000|0.000000|0.000000|0.000000|-2196610.794846|64536.000000|176.154300|-64359.845700|0.000000|-255.000000|-255.000000|
20170502_145444|18250|158|12.987013|1|CarroTeste|0|circulo_r60_xc160_yc120|0|0|0|0|0.000000|0.000000|0.000000|0.000000|0.000000|0.000000|0.000000|0.000000|0.000000|0.000000|0.000000|0.000000|
20170502_145444|18252|158|12.987013|1|CarroTeste2|1|circulo_r60_xc160_yc120|0|0|202|82|0.000000|0.000000|0.000000|0.000000|0.000000|-857.627245|202.000000|176.871854|-25.128146|0.000000|-42.881362|-42.881362|
20170502_145444|18255|158|12.987013|1|Caçula|1|circulo_r60_xc160_yc120|0|0|64536|82|0.000000|0.000000|0.000000|0.000000|0.000000|-2196585.665992|64536.000000|176.890553|-64359.109447|0.000000|-255.000000|-255.000000|
20170502_145444|18327|160|12.987013|1|CarroTeste|0|circulo_r60_xc160_yc120|0|0|0|0|0.000000|0.000000|0.000000|0.000000|0.000000|0.000000|0.000000|0.000000|0.000000|0.000000|0.000000|0.000000|
20170502_145444|18330|160|12.987013|1|CarroTeste2|1|circulo_r60_xc160_yc120|0|0|203|82|0.000000|0.000000|0.000000|0.000000|0.000000|-867.427052|203.000000|177.584723|-25.415277|0.000000|-43.371353|-43.371353|
20170502_145444|18332|160|12.987013|1|Caçula|1|circulo_r60_xc160_yc120|0|0|64536|82|0.000000|0.000000|0.000000|0.000000|0.000000|-2196561.035630|64536.000000|177.612201|-64358.387799|0.000000|-255.000000|-255.000000|
20170502_145445|18406|162|12.987013|1|CarroTeste|0|circulo_r60_xc160_yc120|0|0|0|0|0.000000|0.000000|0.000000|0.000000|0.000000|0.000000|0.000000|0.000000|0.000000|0.000000|0.000000|0.000000|
20170502_145445|18408|162|12.987013|1|CarroTeste2|1|circulo_r60_xc160_yc120|0|0|203|82|0.000000|0.000000|0.000000|0.000000|0.000000|-842.990529|203.000000|178.300704|-24.699296|0.000000|-42.149526|-42.149526|
20170502_145445|18411|162|12.987013|1|Caçula|1|circulo_r60_xc160_yc120|0|0|64536|82|0.000000|0.000000|0.000000|0.000000|0.000000|-2196536.925950|64536.000000|178.318622|-64357.681378|0.000000|-255.000000|-255.000000|
20170502_145445|18484|164|12.987013|1|CarroTeste|0|circulo_r60_xc160_yc120|0|0|0|0|0.000000|0.000000|0.000000|0.000000|0.000000|0.000000|0.000000|0.000000|0.000000|0.000000|0.000000|0.000000|
20170502_145445|18486|164|12.987013|1|CarroTeste2|1|circulo_r60_xc160_yc120|0|0|203|82|0.000000|0.000000|0.000000|0.000000|0.000000|-819.406734|203.000000|178.991700|-24.008300|0.000000|-40.970337|-40.970337|
20170502_145445|18489|164|12.987013|1|Caçula|1|circulo_r60_xc160_yc120|0|0|64536|82|0.000000|0.000000|0.000000|0.000000|0.000000|-2196513.355766|64536.000000|179.009205|-64356.990795|0.000000|-255.000000|-255.000000|
20170502_145445|18560|166|12.987013|1|CarroTeste|0|circulo_r60_xc160_yc120|0|0|0|0|0.000000|0.000000|0.000000|0.000000|0.000000|0.000000|0.000000|0.000000|0.000000|0.000000|0.000000|0.000000|
20170502_145445|18563|166|12.987013|1|CarroTeste2|1|circulo_r60_xc160_yc120|0|0|202|82|0.000000|0.000000|0.000000|0.000000|0.000000|-762.836411|202.000000|179.649189|-22.350811|0.000000|-38.141821|-38.141821|
20170502_145445|18566|166|12.987013|1|Caçula|1|circulo_r60_xc160_yc120|0|0|64536|82|0.000000|0.000000|0.000000|0.000000|0.000000|-2196490.638556|64536.000000|179.674815|-64356.325185|0.000000|-255.000000|-255.000000|
20170502_145445|18638|168|12.987013|1|CarroTeste|0|circulo_r60_xc160_yc120|0|0|0|0|0.000000|0.000000|0.000000|0.000000|0.000000|0.000000|0.000000|0.000000|0.000000|0.000000|0.000000|0.000000|
20170502_145445|18641|168|12.987013|1|CarroTeste2|1|circulo_r60_xc160_yc120|0|0|202|82|0.000000|0.000000|0.000000|0.000000|0.000000|-740.094176|202.000000|180.315527|-21.684473|0.000000|-37.004709|-37.004709|
20170502_145445|18644|168|12.987013|1|Caçula|1|circulo_r60_xc160_yc120|0|0|64536|82|0.000000|0.000000|0.000000|0.000000|0.000000|-2196468.203175|64536.000000|180.332165|-64355.667835|0.000000|-255.000000|-255.000000|
20170502_145445|18716|170|12.987013|1|CarroTeste|0|circulo_r60_xc160_yc120|0|0|0|0|0.000000|0.000000|0.000000|0.000000|0.000000|0.000000|0.000000|0.000000|0.000000|0.000000|0.000000|0.000000|
20170502_145445|18719|170|12.987013|1|CarroTeste2|1|circulo_r60_xc160_yc120|0|0|202|82|0.000000|0.000000|0.000000|0.000000|0.000000|-718.519350|202.000000|180.947661|-21.052339|0.000000|-35.925967|-35.925967|
20170502_145445|18721|170|12.987013|1|Caçula|1|circulo_r60_xc160_yc120|0|0|64536|82|0.000000|0.000000|0.000000|0.000000|0.000000|-2196446.367459|64536.000000|180.971936|-64355.028064|0.000000|-255.000000|-255.000000|
20170502_145445|18794|172|12.987013|1|CarroTeste|0|circulo_r60_xc160_yc120|0|0|0|0|0.000000|0.000000|0.000000|0.000000|0.000000|0.000000|0.000000|0.000000|0.000000|0.000000|0.000000|0.000000|
20170502_145445|18797|172|12.987013|1|CarroTeste2|1|circulo_r60_xc160_yc120|0|0|202|82|0.000000|0.000000|0.000000|0.000000|0.000000|-697.278598|202.000000|181.570007|-20.429993|0.000000|-34.863930|-34.863930|
20170502_145445|18799|172|12.987013|1|Caçula|1|circulo_r60_xc160_yc120|0|0|64536|82|0.000000|0.000000|0.000000|0.000000|0.000000|-2196425.151194|64536.000000|181.593575|-64354.406425|0.000000|-255.000000|-255.000000|
20170502_145445|18872|174|12.987013|1|CarroTeste|0|circulo_r60_xc160_yc120|0|0|0|0|0.000000|0.000000|0.000000|0.000000|0.000000|0.000000|0.000000|0.000000|0.000000|0.000000|0.000000|0.000000|
20170502_145445|18874|174|12.987013|1|CarroTeste2|1|circulo_r60_xc160_yc120|0|0|202|82|0.000000|0.000000|0.000000|0.000000|0.000000|-676.674362|202.000000|182.173703|-19.826297|0.000000|-33.833718|-33.833718|
20170502_145445|18877|174|12.987013|1|Caçula|1|circulo_r60_xc160_yc120|0|0|64536|82|0.000000|0.000000|0.000000|0.000000|0.000000|-2196404.831399|64536.000000|182.188933|-64353.811067|0.000000|-255.000000|-255.000000|
20170502_145445|18949|176|12.987013|1|CarroTeste|0|circulo_r60_xc160_yc120|0|0|0|0|0.000000|0.000000|0.000000|0.000000|0.000000|0.000000|0.000000|0.000000|0.000000|0.000000|0.000000|0.000000|
20170502_145445|18952|176|12.987013|1|CarroTeste2|1|circulo_r60_xc160_yc120|0|0|202|82|0.000000|0.000000|0.000000|0.000000|0.000000|-656.976009|202.000000|182.750857|-19.249143|0.000000|-32.848800|-32.848800|
20170502_145445|18954|176|12.987013|1|Caçula|1|circulo_r60_xc160_yc120|0|0|64536|82|0.000000|0.000000|0.000000|0.000000|0.000000|-2196384.898857|64536.000000|182.772959|-64353.227041|0.000000|-255.000000|-255.000000|
20170502_145445|19027|178|12.987013|1|CarroTeste|0|circulo_r60_xc160_yc120|0|0|0|0|0.000000|0.000000|0.000000|0.000000|0.000000|0.000000|0.000000|0.000000|0.000000|0.000000|0.000000|0.000000|
20170502_145445|19029|178|12.987013|1|CarroTeste2|1|circulo_r60_xc160_yc120|0|0|202|82|0.000000|0.000000|0.000000|0.000000|0.000000|-637.688964|202.000000|183.315960|-18.684040|0.000000|-31.884448|-31.884448|
20170502_145445|19032|178|12.987013|1|Caçula|1|circulo_r60_xc160_yc120|0|0|64536|82|0.000000|0.000000|0.000000|0.000000|0.000000|-2196365.637734|64536.000000|183.337296|-64352.662704|0.000000|-255.000000|-255.000000|
20170502_145445|19105|180|12.987013|1|CarroTeste|0|circulo_r60_xc160_yc120|0|0|0|0|0.000000|0.000000|0.000000|0.000000|0.000000|0.000000|0.000000|0.000000|0.000000|0.000000|0.000000|0.000000|
20170502_145445|19108|180|12.987013|1|CarroTeste2|1|circulo_r60_xc160_yc120|0|0|202|82|0.000000|0.000000|0.000000|0.000000|0.000000|-619.089955|202.000000|183.860904|-18.139096|0.000000|-30.954498|-30.954498|
20170502_145445|19111|180|12.987013|1|Caçula|1|circulo_r60_xc160_yc120|0|0|64536|82|0.000000|0.000000|0.000000|0.000000|0.000000|-2196347.065596|64536.000000|183.881455|-64352.118545|0.000000|-255.000000|-255.000000|
20170502_145445|19183|182|12.987013|1|CarroTeste|0|circulo_r60_xc160_yc120|0|0|0|0|0.000000|0.000000|0.000000|0.000000|0.000000|0.000000|0.000000|0.000000|0.000000|0.000000|0.000000|0.000000|
20170502_145445|19186|182|12.987013|1|CarroTeste2|1|circulo_r60_xc160_yc120|0|0|202|82|0.000000|0.000000|0.000000|0.000000|0.000000|-600.970282|202.000000|184.391804|-17.608196|0.000000|-30.048514|-30.048514|
20170502_145445|19189|182|12.987013|1|Caçula|1|circulo_r60_xc160_yc120|0|0|64536|82|0.000000|0.000000|0.000000|0.000000|0.000000|-2196329.197465|64536.000000|184.404965|-64351.595035|0.000000|-255.000000|-255.000000|
20170502_145445|19261|184|12.987013|1|CarroTeste|0|circulo_r60_xc160_yc120|0|0|0|0|0.000000|0.000000|0.000000|0.000000|0.000000|0.000000|0.000000|0.000000|0.000000|0.000000|0.000000|0.000000|
20170502_145445|19263|184|12.987013|1|CarroTeste2|1|circulo_r60_xc160_yc120|0|0|202|82|0.000000|0.000000|0.000000|0.000000|0.000000|-584.019762|202.000000|184.888447|-17.111553|0.000000|-29.200988|-29.200988|
20170502_145445|19265|184|12.987013|1|Caçula|1|circulo_r60_xc160_yc120|0|0|64536|82|0.000000|0.000000|0.000000|0.000000|0.000000|-2196312.265083|64536.000000|184.901069|-64351.098931|0.000000|-255.000000|-255.000000|
20170502_145445|19338|186|12.987013|1|CarroTeste|0|circulo_r60_xc160_yc120|0|0|0|0|0.000000|0.000000|0.000000|0.000000|0.000000|0.000000|0.000000|0.000000|0.000000|0.000000|0.000000|0.000000|
20170502_145445|19341|186|12.987013|1|CarroTeste2|1|circulo_r60_xc160_yc120|0|0|203|82|0.000000|0.000000|0.000000|0.000000|0.000000|-601.709036|203.000000|185.370158|-17.629842|0.000000|-30.085452|-30.085452|
20170502_145445|19343|186|12.987013|1|Caçula|1|circulo_r60_xc160_yc120|0|0|64536|82|0.000000|0.000000|0.000000|0.000000|0.000000|-2196295.842988|64536.000000|185.382223|-64350.617777|0.000000|-255.000000|-255.000000|
20170502_145446|19416|188|12.987013|1|CarroTeste|0|circulo_r60_xc160_yc120|0|0|0|0|0.000000|0.000000|0.000000|0.000000|0.000000|0.000000|0.000000|0.000000|0.000000|0.000000|0.000000|0.000000|
20170502_145446|19418|188|12.987013|1|CarroTeste2|1|circulo_r60_xc160_yc120|0|0|202|82|0.000000|0.000000|0.000000|0.000000|0.000000|-552.083087|202.000000|185.824180|-16.175820|0.000000|-27.604154|-27.604154|
20170502_145446|19421|188|12.987013|1|Caçula|1|circulo_r60_xc160_yc120|0|0|64536|82|0.000000|0.000000|0.000000|0.000000|0.000000|-2196280.367339|64536.000000|185.835684|-64350.164316|0.000000|-255.000000|-255.000000|
20170502_145446|19492|190|12.987013|1|CarroTeste|0|circulo_r60_xc160_yc120|0|0|0|0|0.000000|0.000000|0.000000|0.000000|0.000000|0.000000|0.000000|0.000000|0.000000|0.000000|0.000000|0.000000|
20170502_145446|19495|190|12.987013|1|CarroTeste2|1|circulo_r60_xc160_yc120|0|0|202|82|0.000000|0.000000|0.000000|0.000000|0.000000|-537.516685|202.000000|186.250969|-15.749031|0.000000|-26.875834|-26.875834|
20170502_145446|19497|190|12.987013|1|Caçula|1|circulo_r60_xc160_yc120|0|0|64536|82|0.000000|0.000000|0.000000|0.000000|0.000000|-2196265.632822|64536.000000|186.267376|-64349.732624|0.000000|-255.000000|-255.000000|
20170502_145446|19571|192|12.987013|1|CarroTeste|0|circulo_r60_xc160_yc120|0|0|0|0|0.000000|0.000000|0.000000|0.000000|0.000000|0.000000|0.000000|0.000000|0.000000|0.000000|0.000000|0.000000|
20170502_145446|19574|192|12.987013|1|CarroTeste2|1|circulo_r60_xc160_yc120|0|0|203|82|0.000000|0.000000|0.000000|0.000000|0.000000|-557.285149|203.000000|186.671761|-16.328239|0.000000|-27.864257|-27.864257|
20170502_145446|19576|192|12.987013|1|Caçula|1|circulo_r60_xc160_yc120|0|0|64536|82|0.000000|0.000000|0.000000|0.000000|0.000000|-2196251.302191|64536.000000|186.687276|-64349.312724|0.000000|-255.000000|-255.000000|
20170502_145446|19648|194|12.987013|1|CarroTeste|0|circulo_r60_xc160_yc120|0|0|0|0|0.000000|0.000000|0.000000|0.000000|0.000000|0.000000|0.000000|0.000000|0.000000|0.000000|0.000000|0.000000|
20170502_145446|19651|194|12.987013|1|CarroTeste2|1|circulo_r60_xc160_yc120|0|0|203|82|0.000000|0.000000|0.000000|0.000000|0.000000|-544.063944|203.000000|187.059137|-15.940863|0.000000|-27.203197|-27.203197|
20170502_145446|19653|194|12.987013|1|Caçula|1|circulo_r60_xc160_yc120|0|0|64536|82|0.000000|0.000000|0.000000|0.000000|0.000000|-2196238.110309|64536.000000|187.073770|-64348.926230|0.000000|-255.000000|-255.000000|
20170502_145446|19725|196|12.987013|1|CarroTeste|0|circulo_r60_xc160_yc120|0|0|0|0|0.000000|0.000000|0.000000|0.000000|0.000000|0.000000|0.000000|0.000000|0.000000|0.000000|0.000000|0.000000|
20170502_145446|19728|196|12.987013|1|CarroTeste2|1|circulo_r60_xc160_yc120|0|0|203|81|0.000000|0.000000|0.000000|0.000000|0.000000|-531.620885|203.000000|187.423714|-15.576286|0.000000|-26.581044|-26.581044|
20170502_145446|19731|196|12.987013|1|Caçula|1|circulo_r60_xc160_yc120|0|0|64536|81|0.000000|0.000000|0.000000|0.000000|0.000000|-2196225.697957|64536.000000|187.437453|-64348.562547|0.000000|-255.000000|-255.000000|
20170502_145446|19801|198|12.987013|1|CarroTeste|0|circulo_r60_xc160_yc120|0|0|0|0|0.000000|0.000000|0.000000|0.000000|0.000000|0.000000|0.000000|0.000000|0.000000|0.000000|0.000000|0.000000|
20170502_145446|19804|198|12.987013|1|CarroTeste2|1|circulo_r60_xc160_yc120|0|0|203|81|0.000000|0.000000|0.000000|0.000000|0.000000|-519.966463|203.000000|187.765184|-15.234816|0.000000|-25.998323|-25.998323|
20170502_145446|19807|198|12.987013|1|Caçula|1|circulo_r60_xc160_yc120|0|0|64536|81|0.000000|0.000000|0.000000|0.000000|0.000000|-2196214.220856|64536.000000|187.773743|-64348.226257|0.000000|-255.000000|-255.000000|
20170502_145446|19880|200|12.987013|1|CarroTeste|0|circulo_r60_xc160_yc120|0|0|0|0|0.000000|0.000000|0.000000|0.000000|0.000000|0.000000|0.000000|0.000000|0.000000|0.000000|0.000000|0.000000|
20170502_145446|19882|200|12.987013|1|CarroTeste2|1|circulo_r60_xc160_yc120|0|0|202|82|0.000000|0.000000|0.000000|0.000000|0.000000|-474.844670|202.000000|188.087235|-13.912765|0.000000|-23.742233|-23.742233|
20170502_145446|19884|200|12.987013|1|Caçula|1|circulo_r60_xc160_yc120|0|0|64536|82|0.000000|0.000000|0.000000|0.000000|0.000000|-2196203.249925|64536.000000|188.095175|-64347.904825|0.000000|-255.000000|-255.000000|
20170502_145446|19956|202|12.987013|1|CarroTeste|0|circulo_r60_xc160_yc120|0|0|0|0|0.000000|0.000000|0.000000|0.000000|0.000000|0.000000|0.000000|0.000000|0.000000|0.000000|0.000000|0.000000|
20170502_145446|19959|202|12.987013|1|CarroTeste2|1|circulo_r60_xc160_yc120|0|0|202|82|0.000000|0.000000|0.000000|0.000000|0.000000|-464.806848|202.000000|188.381339|-13.618661|0.000000|-23.240342|-23.240342|
20170502_145446|19961|202|12.987013|1|Caçula|1|circulo_r60_xc160_yc120|0|0|64536|82|0.000000|0.000000|0.000000|0.000000|0.000000|-2196193.233088|64536.000000|188.388661|-64347.611339|0.000000|-255.000000|-255.000000|
20170502_145446|20035|204|12.987013|1|CarroTeste|0|circulo_r60_xc160_yc120|0|0|0|0|0.000000|0.000000|0.000000|0.000000|0.000000|0.000000|0.000000|0.000000|0.000000|0.000000|0.000000|0.000000|
20170502_145446|20039|204|12.987013|1|CarroTeste2|1|circulo_r60_xc160_yc120|0|0|202|82|0.000000|0.000000|0.000000|0.000000|0.000000|-455.356634|202.000000|188.658227|-13.341773|0.000000|-22.767832|-22.767832|
20170502_145446|20041|204|12.987013|1|Caçula|1|circulo_r60_xc160_yc120|0|0|64536|82|0.000000|0.000000|0.000000|0.000000|0.000000|-2196183.690970|64536.000000|188.668242|-64347.331758|0.000000|-255.000000|-255.000000|
20170502_145446|20112|206|12.987013|1|CarroTeste|0|circulo_r60_xc160_yc120|0|0|0|0|0.000000|0.000000|0.000000|0.000000|0.000000|0.000000|0.000000|0.000000|0.000000|0.000000|0.000000|0.000000|
20170502_145446|20115|206|12.987013|1|CarroTeste2|1|circulo_r60_xc160_yc120|0|0|202|82|0.000000|0.000000|0.000000|0.000000|0.000000|-447.083912|202.000000|188.900615|-13.099385|0.000000|-22.354196|-22.354196|
20170502_145446|20118|206|12.987013|1|Caçula|1|circulo_r60_xc160_yc120|0|0|64536|82|0.000000|0.000000|0.000000|0.000000|0.000000|-2196175.450069|64536.000000|188.909697|-64347.090303|0.000000|-255.000000|-255.000000|
20170502_145446|20190|208|12.987013|1|CarroTeste|0|circulo_r60_xc160_yc120|0|0|0|0|0.000000|0.000000|0.000000|0.000000|0.000000|0.000000|0.000000|0.000000|0.000000|0.000000|0.000000|0.000000|
20170502_145446|20193|208|12.987013|1|CarroTeste2|1|circulo_r60_xc160_yc120|0|0|203|82|0.000000|0.000000|0.000000|0.000000|0.000000|-473.473093|203.000000|189.127422|-13.872578|0.000000|-23.673655|-23.673655|
20170502_145446|20196|208|12.987013|1|Caçula|1|circulo_r60_xc160_yc120|0|0|64536|82|0.000000|0.000000|0.000000|0.000000|0.000000|-2196167.835089|64536.000000|189.132829|-64346.867171|0.000000|-255.000000|-255.000000|
20170502_145446|20268|210|12.987013|1|CarroTeste|0|circulo_r60_xc160_yc120|0|0|0|0|0.000000|0.000000|0.000000|0.000000|0.000000|0.000000|0.000000|0.000000|0.000000|0.000000|0.000000|0.000000|
20170502_145446|20271|210|12.987013|1|CarroTeste2|1|circulo_r60_xc160_yc120|0|0|202|82|0.000000|0.000000|0.000000|0.000000|0.000000|-432.646440|202.000000|189.323627|-12.676373|0.000000|-21.632322|-21.632322|
20170502_145446|20273|210|12.987013|1|Caçula|1|circulo_r60_xc160_yc120|0|0|64536|82|0.000000|0.000000|0.000000|0.000000|0.000000|-2196161.079468|64536.000000|189.330772|-64346.669228|0.000000|-255.000000|-255.000000|
20170502_145446|20347|212|12.987013|1|CarroTeste|0|circulo_r60_xc160_yc120|0|0|0|0|0.000000|0.000000|0.000000|0.000000|0.000000|0.000000|0.000000|0.000000|0.000000|0.000000|0.000000|0.000000|
20170502_145446|20350|212|12.987013|1|CarroTeste2|1|circulo_r60_xc160_yc120|0|0|203|82|0.000000|0.000000|0.000000|0.000000|0.000000|-460.782568|203.000000|189.499249|-13.500751|0.000000|-23.039128|-23.039128|
20170502_145446|20353|212|12.987013|1|Caçula|1|circulo_r60_xc160_yc120|0|0|64536|82|0.000000|0.000000|0.000000|0.000000|0.000000|-2196155.119416|64536.000000|189.505403|-64346.494597|0.000000|-255.000000|-255.000000|
20170502_145447|20424|214|12.987013|1|CarroTeste|0|circulo_r60_xc160_yc120|0|0|0|0|0.000000|0.000000|0.000000|0.000000|0.000000|0.000000|0.000000|0.000000|0.000000|0.000000|0.000000|0.000000|
20170502_145447|20426|214|12.987013|1|CarroTeste2|1|circulo_r60_xc160_yc120|0|0|202|82|0.000000|0.000000|0.000000|0.000000|0.000000|-421.669487|202.000000|189.645248|-12.354752|0.000000|-21.083474|-21.083474|
20170502_145447|20429|214|12.987013|1|Caçula|1|circulo_r60_xc160_yc120|0|0|64536|82|0.000000|0.000000|0.000000|0.000000|0.000000|-2196150.227438|64536.000000|189.648707|-64346.351293|0.000000|-255.000000|-255.000000|
20170502_145447|20501|216|12.987013|1|CarroTeste|0|circulo_r60_xc160_yc120|0|0|0|0|0.000000|0.000000|0.000000|0.000000|0.000000|0.000000|0.000000|0.000000|0.000000|0.000000|0.000000|0.000000|
20170502_145447|20503|216|12.987013|1|CarroTeste2|1|circulo_r60_xc160_yc120|0|0|202|82|0.000000|0.000000|0.000000|0.000000|0.000000|-417.539050|202.000000|189.766268|-12.233732|0.000000|-20.876952|-20.876952|
20170502_145447|20506|216|12.987013|1|Caçula|1|circulo_r60_xc160_yc120|0|0|64536|82|0.000000|0.000000|0.000000|0.000000|0.000000|-2196146.119149|64536.000000|189.769077|-64346.230923|0.000000|-255.000000|-255.000000|
20170502_145447|20579|218|12.987013|1|CarroTeste|0|circulo_r60_xc160_yc120|0|0|0|0|0.000000|0.000000|0.000000|0.000000|0.000000|0.000000|0.000000|0.000000|0.000000|0.000000|0.000000|0.000000|
20170502_145447|20581|218|12.987013|1|CarroTeste2|1|circulo_r60_xc160_yc120|0|0|203|81|0.000000|0.000000|0.000000|0.000000|0.000000|-448.357879|203.000000|189.863288|-13.136712|0.000000|-22.417894|-22.417894|
20170502_145447|20584|218|12.987013|1|Caçula|1|circulo_r60_xc160_yc120|0|0|64536|81|0.000000|0.000000|0.000000|0.000000|0.000000|-2196142.831152|64536.000000|189.865436|-64346.134564|0.000000|-255.000000|-255.000000|
20170502_145447|20655|220|12.987013|1|CarroTeste|0|circulo_r60_xc160_yc120|0|0|0|0|0.000000|0.000000|0.000000|0.000000|0.000000|0.000000|0.000000|0.000000|0.000000|0.000000|0.000000|0.000000|
20170502_145447|20658|220|12.987013|1|CarroTeste2|1|circulo_r60_xc160_yc120|0|0|202|82|0.000000|0.000000|0.000000|0.000000|0.000000|-411.848969|202.000000|189.932985|-12.067015|0.000000|-20.592448|-20.592448|
20170502_145447|20660|220|12.987013|1|Caçula|1|circulo_r60_xc160_yc120|0|0|64536|82|0.000000|0.000000|0.000000|0.000000|0.000000|-2196140.449234|64536.000000|189.935232|-64346.064768|0.000000|-255.000000|-255.000000|
20170502_145447|20740|222|12.987013|1|CarroTeste|0|circulo_r60_xc160_yc120|0|0|0|0|0.000000|0.000000|0.000000|0.000000|0.000000|0.000000|0.000000|0.000000|0.000000|0.000000|0.000000|0.000000|
20170502_145447|20743|222|12.987013|1|CarroTeste2|1|circulo_r60_xc160_yc120|0|0|203|82|0.000000|0.000000|0.000000|0.000000|0.000000|-444.298749|203.000000|189.982218|-13.017782|0.000000|-22.214937|-22.214937|
20170502_145447|20745|222|12.987013|1|Caçula|1|circulo_r60_xc160_yc120|0|0|64536|82|0.000000|0.000000|0.000000|0.000000|0.000000|-2196138.818648|64536.000000|189.982989|-64346.017011|0.000000|-255.000000|-255.000000|
20170502_145447|20811|224|12.987013|1|CarroTeste|0|circulo_r60_xc160_yc120|0|0|0|0|0.000000|0.000000|0.000000|0.000000|0.000000|0.000000|0.000000|0.000000|0.000000|0.000000|0.000000|0.000000|
20170502_145447|20813|224|12.987013|1|CarroTeste2|1|circulo_r60_xc160_yc120|0|0|203|82|0.000000|0.000000|0.000000|0.000000|0.000000|-443.724984|203.000000|189.999030|-13.000970|0.000000|-22.186249|-22.186249|
20170502_145447|20816|224|12.987013|1|Caçula|1|circulo_r60_xc160_yc120|0|0|64536|82|0.000000|0.000000|0.000000|0.000000|0.000000|-2196138.262657|64536.000000|189.999283|-64346.000717|0.000000|-255.000000|-255.000000|
20170502_145447|20888|226|12.987013|1|CarroTeste|0|circulo_r60_xc160_yc120|0|0|0|0|0.000000|0.000000|0.000000|0.000000|0.000000|0.000000|0.000000|0.000000|0.000000|0.000000|0.000000|0.000000|
20170502_145447|20891|226|12.987013|1|CarroTeste2|1|circulo_r60_xc160_yc120|0|0|202|82|0.000000|0.000000|0.000000|0.000000|0.000000|-409.795365|202.000000|189.993155|-12.006845|0.000000|-20.489768|-20.489768|
20170502_145447|20894|226|12.987013|1|Caçula|1|circulo_r60_xc160_yc120|0|0|64536|82|0.000000|0.000000|0.000000|0.000000|0.000000|-2196138.497311|64536.000000|189.992411|-64346.007589|0.000000|-255.000000|-255.000000|
20170502_145447|20967|228|12.987013|1|CarroTeste|0|circulo_r60_xc160_yc120|0|0|0|0|0.000000|0.000000|0.000000|0.000000|0.000000|0.000000|0.000000|0.000000|0.000000|0.000000|0.000000|0.000000|
20170502_145447|20969|228|12.987013|1|CarroTeste2|1|circulo_r60_xc160_yc120|0|0|203|82|0.000000|0.000000|0.000000|0.000000|0.000000|-445.011087|203.000000|189.961347|-13.038653|0.000000|-22.250554|-22.250554|
20170502_145447|20972|228|12.987013|1|Caçula|1|circulo_r60_xc160_yc120|0|0|64536|82|0.000000|0.000000|0.000000|0.000000|0.000000|-2196139.596718|64536.000000|189.960191|-64346.039809|0.000000|-255.000000|-255.000000|
20170502_145447|21044|230|12.987013|1|CarroTeste|0|circulo_r60_xc160_yc120|0|0|0|0|0.000000|0.000000|0.000000|0.000000|0.000000|0.000000|0.000000|0.000000|0.000000|0.000000|0.000000|0.000000|
20170502_145447|21047|230|12.987013|1|CarroTeste2|1|circulo_r60_xc160_yc120|0|0|202|82|0.000000|0.000000|0.000000|0.000000|0.000000|-412.850688|202.000000|189.903635|-12.096365|0.000000|-20.642534|-20.642534|
20170502_145447|21049|230|12.987013|1|Caçula|1|circulo_r60_xc160_yc120|0|0|64536|82|0.000000|0.000000|0.000000|0.000000|0.000000|-2196141.589359|64536.000000|189.901815|-64346.098185|0.000000|-255.000000|-255.000000|
20170502_145447|21123|232|12.987013|1|CarroTeste|0|circulo_r60_xc160_yc120|0|0|0|0|0.000000|0.000000|0.000000|0.000000|0.000000|0.000000|0.000000|0.000000|0.000000|0.000000|0.000000|0.000000|
20170502_145447|21126|232|12.987013|1|CarroTeste2|1|circulo_r60_xc160_yc120|0|0|202|81|0.000000|0.000000|0.000000|0.000000|0.000000|-415.702844|202.000000|189.820068|-12.179932|0.000000|-20.785142|-20.785142|
20170502_145447|21130|232|12.987013|1|Caçula|1|circulo_r60_xc160_yc120|0|0|64536|81|0.000000|0.000000|0.000000|0.000000|0.000000|-2196144.507356|64536.000000|189.816338|-64346.183662|0.000000|-255.000000|-255.000000|
20170502_145447|21200|234|12.987013|1|CarroTeste|0|circulo_r60_xc160_yc120|0|0|0|0|0.000000|0.000000|0.000000|0.000000|0.000000|0.000000|0.000000|0.000000|0.000000|0.000000|0.000000|0.000000|
20170502_145447|21202|234|12.987013|1|CarroTeste2|1|circulo_r60_xc160_yc120|0|0|202|82|0.000000|0.000000|0.000000|0.000000|0.000000|-419.381573|202.000000|189.712282|-12.287718|0.000000|-20.969079|-20.969079|
20170502_145447|21205|234|12.987013|1|Caçula|1|circulo_r60_xc160_yc120|0|0|64536|82|0.000000|0.000000|0.000000|0.000000|0.000000|-2196148.219039|64536.000000|189.707576|-64346.292424|0.000000|-255.000000|-255.000000|
20170502_145447|21277|236|12.987013|1|CarroTeste|0|circulo_r60_xc160_yc120|0|0|0|0|0.000000|0.000000|0.000000|0.000000|0.000000|0.000000|0.000000|0.000000|0.000000|0.000000|0.000000|0.000000|
20170502_145447|21280|236|12.987013|1|CarroTeste2|1|circulo_r60_xc160_yc120|0|0|202|82|0.000000|0.000000|0.000000|0.000000|0.000000|-423.914752|202.000000|189.579462|-12.420538|0.000000|-21.195738|-21.195738|
20170502_145447|21282|236|12.987013|1|Caçula|1|circulo_r60_xc160_yc120|0|0|64536|82|0.000000|0.000000|0.000000|0.000000|0.000000|-2196152.785707|64536.000000|189.573782|-64346.426218|0.000000|-255.000000|-255.000000|
20170502_145447|21354|238|12.987013|1|CarroTeste|0|circulo_r60_xc160_yc120|0|0|0|0|0.000000|0.000000|0.000000|0.000000|0.000000|0.000000|0.000000|0.000000|0.000000|0.000000|0.000000|0.000000|
20170502_145447|21357|238|12.987013|1|CarroTeste2|1|circulo_r60_xc160_yc120|0|0|203|82|0.000000|0.000000|0.000000|0.000000|0.000000|-463.428700|203.000000|189.421718|-13.578282|0.000000|-23.171435|-23.171435|
20170502_145447|21360|238|12.987013|1|Caçula|1|circulo_r60_xc160_yc120|0|0|64536|82|0.000000|0.000000|0.000000|0.000000|0.000000|-2196158.202548|64536.000000|189.415070|-64346.584930|0.000000|-255.000000|-255.000000|
20170502_145448|21431|240|12.987013|1|CarroTeste|0|circulo_r60_xc160_yc120|0|0|0|0|0.000000|0.000000|0.000000|0.000000|0.000000|0.000000|0.000000|0.000000|0.000000|0.000000|0.000000|0.000000|
20170502_145448|21434|240|12.987013|1|CarroTeste2|1|circulo_r60_xc160_yc120|0|0|202|81|0.000000|0.000000|0.000000|0.000000|0.000000|-435.528478|202.000000|189.239184|-12.760816|0.000000|-21.776424|-21.776424|
20170502_145448|21437|240|12.987013|1|Caçula|1|circulo_r60_xc160_yc120|0|0|64536|81|0.000000|0.000000|0.000000|0.000000|0.000000|-2196164.465017|64536.000000|189.231573|-64346.768427|0.000000|-255.000000|-255.000000|
20170502_145448|21509|242|12.987013|1|CarroTeste|0|circulo_r60_xc160_yc120|0|0|0|0|0.000000|0.000000|0.000000|0.000000|0.000000|0.000000|0.000000|0.000000|0.000000|0.000000|0.000000|0.000000|
20170502_145448|21512|242|12.987013|1|CarroTeste2|1|circulo_r60_xc160_yc120|0|0|203|82|0.000000|0.000000|0.000000|0.000000|0.000000|-476.924167|203.000000|189.026306|-13.973694|0.000000|-23.846208|-23.846208|
20170502_145448|21515|242|12.987013|1|Caçula|1|circulo_r60_xc160_yc120|0|0|64536|82|0.000000|0.000000|0.000000|0.000000|0.000000|-2196171.763744|64536.000000|189.017714|-64346.982286|0.000000|-255.000000|-255.000000|
20170502_145448|21588|244|12.987013|1|CarroTeste|0|circulo_r60_xc160_yc120|0|0|0|0|0.000000|0.000000|0.000000|0.000000|0.000000|0.000000|0.000000|0.000000|0.000000|0.000000|0.000000|0.000000|
20170502_145448|21590|244|12.987013|1|CarroTeste2|1|circulo_r60_xc160_yc120|0|0|202|82|0.000000|0.000000|0.000000|0.000000|0.000000|-450.829693|202.000000|188.790865|-13.209135|0.000000|-22.541485|-22.541485|
20170502_145448|21592|244|12.987013|1|Caçula|1|circulo_r60_xc160_yc120|0|0|64536|82|0.000000|0.000000|0.000000|0.000000|0.000000|-2196179.723480|64536.000000|188.784500|-64347.215500|0.000000|-255.000000|-255.000000|
20170502_145448|21665|246|12.987013|1|CarroTeste|0|circulo_r60_xc160_yc120|0|0|0|0|0.000000|0.000000|0.000000|0.000000|0.000000|0.000000|0.000000|0.000000|0.000000|0.000000|0.000000|0.000000|
20170502_145448|21668|246|12.987013|1|CarroTeste2|1|circulo_r60_xc160_yc120|0|0|203|82|0.000000|0.000000|0.000000|0.000000|0.000000|-493.845073|203.000000|188.530530|-14.469470|0.000000|-24.692254|-24.692254|
20170502_145448|21671|246|12.987013|1|Caçula|1|circulo_r60_xc160_yc120|0|0|64536|82|0.000000|0.000000|0.000000|0.000000|0.000000|-2196188.750057|64536.000000|188.520023|-64347.479977|0.000000|-255.000000|-255.000000|
20170502_145448|21744|248|12.987013|1|CarroTeste|0|circulo_r60_xc160_yc120|0|0|0|0|0.000000|0.000000|0.000000|0.000000|0.000000|0.000000|0.000000|0.000000|0.000000|0.000000|0.000000|0.000000|
20170502_145448|21746|248|12.987013|1|CarroTeste2|1|circulo_r60_xc160_yc120|0|0|202|82|0.000000|0.000000|0.000000|0.000000|0.000000|-469.442111|202.000000|188.245528|-13.754472|0.000000|-23.472106|-23.472106|
20170502_145448|21749|248|12.987013|1|Caçula|1|circulo_r60_xc160_yc120|0|0|64536|82|0.000000|0.000000|0.000000|0.000000|0.000000|-2196198.509559|64536.000000|188.234077|-64347.765923|0.000000|-255.000000|-255.000000|
20170502_145448|21820|250|12.987013|1|CarroTeste|0|circulo_r60_xc160_yc120|0|0|0|0|0.000000|0.000000|0.000000|0.000000|0.000000|0.000000|0.000000|0.000000|0.000000|0.000000|0.000000|0.000000|
20170502_145448|21823|250|12.987013|1|CarroTeste2|1|circulo_r60_xc160_yc120|0|0|202|82|0.000000|0.000000|0.000000|0.000000|0.000000|-479.721649|202.000000|187.944341|-14.055659|0.000000|-23.986082|-23.986082|
20170502_145448|21825|250|12.987013|1|Caçula|1|circulo_r60_xc160_yc120|0|0|64536|82|0.000000|0.000000|0.000000|0.000000|0.000000|-2196208.820153|64536.000000|187.931980|-64348.068020|0.000000|-255.000000|-255.000000|
20170502_145448|21898|252|12.987013|1|CarroTeste|0|circulo_r60_xc160_yc120|0|0|0|0|0.000000|0.000000|0.000000|0.000000|0.000000|0.000000|0.000000|0.000000|0.000000|0.000000|0.000000|0.000000|
20170502_145448|21901|252|12.987013|1|CarroTeste2|1|circulo_r60_xc160_yc120|0|0|203|82|0.000000|0.000000|0.000000|0.000000|0.000000|-525.215812|203.000000|187.611380|-15.388620|0.000000|-26.260791|-26.260791|
20170502_145448|21905|252|12.987013|1|Caçula|1|circulo_r60_xc160_yc120|0|0|64536|82|0.000000|0.000000|0.000000|0.000000|0.000000|-2196220.215479|64536.000000|187.598095|-64348.401905|0.000000|-255.000000|-255.000000|
20170502_145448|21977|254|12.987013|1|CarroTeste|0|circulo_r60_xc160_yc120|0|0|0|0|0.000000|0.000000|0.000000|0.000000|0.000000|0.000000|0.000000|0.000000|0.000000|0.000000|0.000000|0.000000|
20170502_145448|21979|254|12.987013|1|CarroTeste2|1|circulo_r60_xc160_yc120|0|0|203|82|0.000000|0.000000|0.000000|0.000000|0.000000|-537.556021|203.000000|187.249817|-15.750183|0.000000|-26.877801|-26.877801|
20170502_145448|21982|254|12.987013|1|Caçula|1|circulo_r60_xc160_yc120|0|0|64536|82|0.000000|0.000000|0.000000|0.000000|0.000000|-2196232.426024|64536.000000|187.240348|-64348.759652|0.000000|-255.000000|-255.000000|
20170502_145448|22054|256|12.987013|1|CarroTeste|0|circulo_r60_xc160_yc120|0|0|0|0|0.000000|0.000000|0.000000|0.000000|0.000000|0.000000|0.000000|0.000000|0.000000|0.000000|0.000000|0.000000|
20170502_145448|22057|256|12.987013|1|CarroTeste2|1|circulo_r60_xc160_yc120|0|0|203|82|0.000000|0.000000|0.000000|0.000000|0.000000|-550.549340|203.000000|186.869117|-16.130883|0.000000|-27.527467|-27.527467|
20170502_145448|22060|256|12.987013|1|Caçula|1|circulo_r60_xc160_yc120|0|0|64536|82|0.000000|0.000000|0.000000|0.000000|0.000000|-2196245.439318|64536.000000|186.859049|-64349.140951|0.000000|-255.000000|-255.000000|
20170502_145448|22132|258|12.987013|1|CarroTeste|0|circulo_r60_xc160_yc120|0|0|0|0|0.000000|0.000000|0.000000|0.000000|0.000000|0.000000|0.000000|0.000000|0.000000|0.000000|0.000000|0.000000|
20170502_145448|22136|258|12.987013|1|CarroTeste2|1|circulo_r60_xc160_yc120|0|0|203|82|0.000000|0.000000|0.000000|0.000000|0.000000|-564.335546|203.000000|186.465187|-16.534813|0.000000|-28.216777|-28.216777|
20170502_145448|22138|258|12.987013|1|Caçula|1|circulo_r60_xc160_yc120|0|0|64536|82|0.000000|0.000000|0.000000|0.000000|0.000000|-2196259.428490|64536.000000|186.449192|-64349.550808|0.000000|-255.000000|-255.000000|
20170502_145448|22209|260|12.987013|1|CarroTeste|0|circulo_r60_xc160_yc120|0|0|0|0|0.000000|0.000000|0.000000|0.000000|0.000000|0.000000|0.000000|0.000000|0.000000|0.000000|0.000000|0.000000|
20170502_145448|22212|260|12.987013|1|CarroTeste2|1|circulo_r60_xc160_yc120|0|0|203|82|0.000000|0.000000|0.000000|0.000000|0.000000|-578.519550|203.000000|186.049601|-16.950399|0.000000|-28.925977|-28.925977|
20170502_145448|22215|260|12.987013|1|Caçula|1|circulo_r60_xc160_yc120|0|0|64536|82|0.000000|0.000000|0.000000|0.000000|0.000000|-2196273.641364|64536.000000|186.032755|-64349.967245|0.000000|-255.000000|-255.000000|
20170502_145448|22288|262|12.987013|1|CarroTeste|0|circulo_r60_xc160_yc120|0|0|0|0|0.000000|0.000000|0.000000|0.000000|0.000000|0.000000|0.000000|0.000000|0.000000|0.000000|0.000000|0.000000|
20170502_145448|22291|262|12.987013|1|CarroTeste2|1|circulo_r60_xc160_yc120|0|0|202|82|0.000000|0.000000|0.000000|0.000000|0.000000|-559.906715|202.000000|185.594950|-16.405050|0.000000|-27.995336|-27.995336|
20170502_145448|22293|262|12.987013|1|Caçula|1|circulo_r60_xc160_yc120|0|0|64536|82|0.000000|0.000000|0.000000|0.000000|0.000000|-2196289.188008|64536.000000|185.577235|-64350.422765|0.000000|-255.000000|-255.000000|
20170502_145448|22364|264|12.987013|1|CarroTeste|0|circulo_r60_xc160_yc120|0|0|0|0|0.000000|0.000000|0.000000|0.000000|0.000000|0.000000|0.000000|0.000000|0.000000|0.000000|0.000000|0.000000|
20170502_145448|22367|264|12.987013|1|CarroTeste2|1|circulo_r60_xc160_yc120|0|0|202|82|0.000000|0.000000|0.000000|0.000000|0.000000|-575.776885|202.000000|185.129960|-16.870040|0.000000|-28.788844|-28.788844|
20170502_145448|22370|264|12.987013|1|Caçula|1|circulo_r60_xc160_yc120|0|0|64536|82|0.000000|0.000000|0.000000|0.000000|0.000000|-2196305.086881|64536.000000|185.111412|-64350.888588|0.000000|-255.000000|-255.000000|
20170502_145449|22444|266|12.987013|1|CarroTeste|0|circulo_r60_xc160_yc120|0|0|0|0|0.000000|0.000000|0.000000|0.000000|0.000000|0.000000|0.000000|0.000000|0.000000|0.000000|0.000000|0.000000|
20170502_145449|22447|266|12.987013|1|CarroTeste2|1|circulo_r60_xc160_yc120|0|0|203|82|0.000000|0.000000|0.000000|0.000000|0.000000|-626.940361|203.000000|184.630890|-18.369110|0.000000|-31.347018|-31.347018|
20170502_145449|22449|266|12.987013|1|Caçula|1|circulo_r60_xc160_yc120|0|0|64536|82|0.000000|0.000000|0.000000|0.000000|0.000000|-2196322.148597|64536.000000|184.611504|-64351.388496|0.000000|-255.000000|-255.000000|
20170502_145449|22522|268|12.987013|1|CarroTeste|0|circulo_r60_xc160_yc120|0|0|0|0|0.000000|0.000000|0.000000|0.000000|0.000000|0.000000|0.000000|0.000000|0.000000|0.000000|0.000000|0.000000|
20170502_145449|22524|268|12.987013|1|CarroTeste2|1|circulo_r60_xc160_yc120|0|0|203|82|0.000000|0.000000|0.000000|0.000000|0.000000|-644.489659|203.000000|184.116702|-18.883298|0.000000|-32.224483|-32.224483|
20170502_145449|22526|268|12.987013|1|Caçula|1|circulo_r60_xc160_yc120|0|0|64536|82|0.000000|0.000000|0.000000|0.000000|0.000000|-2196339.495344|64536.000000|184.103242|-64351.896758|0.000000|-255.000000|-255.000000|
20170502_145449|22600|270|12.987013|1|CarroTeste|0|circulo_r60_xc160_yc120|0|0|0|0|0.000000|0.000000|0.000000|0.000000|0.000000|0.000000|0.000000|0.000000|0.000000|0.000000|0.000000|0.000000|
20170502_145449|22602|270|12.987013|1|CarroTeste2|1|circulo_r60_xc160_yc120|0|0|202|82|0.000000|0.000000|0.000000|0.000000|0.000000|-628.620480|202.000000|183.581663|-18.418337|0.000000|-31.431024|-31.431024|
20170502_145449|22605|270|12.987013|1|Caçula|1|circulo_r60_xc160_yc120|0|0|64536|82|0.000000|0.000000|0.000000|0.000000|0.000000|-2196357.774394|64536.000000|183.567674|-64352.432326|0.000000|-255.000000|-255.000000|
20170502_145449|22677|272|12.987013|1|CarroTeste|0|circulo_r60_xc160_yc120|0|0|0|0|0.000000|0.000000|0.000000|0.000000|0.000000|0.000000|0.000000|0.000000|0.000000|0.000000|0.000000|0.000000|
20170502_145449|22679|272|12.987013|1|CarroTeste2|1|circulo_r60_xc160_yc120|0|0|203|81|0.000000|0.000000|0.000000|0.000000|0.000000|-681.460070|203.000000|183.033483|-19.966517|0.000000|-34.073004|-34.073004|
20170502_145449|22681|272|12.987013|1|Caçula|1|circulo_r60_xc160_yc120|0|0|64536|81|0.000000|0.000000|0.000000|0.000000|0.000000|-2196376.501570|64536.000000|183.018984|-64352.981016|0.000000|-255.000000|-255.000000|
20170502_145449|22755|274|12.987013|1|CarroTeste|0|circulo_r60_xc160_yc120|0|0|0|0|0.000000|0.000000|0.000000|0.000000|0.000000|0.000000|0.000000|0.000000|0.000000|0.000000|0.000000|0.000000|
20170502_145449|22758|274|12.987013|1|CarroTeste2|1|circulo_r60_xc160_yc120|0|0|202|82|0.000000|0.000000|0.000000|0.000000|0.000000|-667.213634|202.000000|182.450899|-19.549101|0.000000|-33.360682|-33.360682|
20170502_145449|22760|274|12.987013|1|Caçula|1|circulo_r60_xc160_yc120|0|0|64536|82|0.000000|0.000000|0.000000|0.000000|0.000000|-2196396.402451|64536.000000|182.435889|-64353.564111|0.000000|-255.000000|-255.000000|
20170502_145449|22833|276|12.987013|1|CarroTeste|0|circulo_r60_xc160_yc120|0|0|0|0|0.000000|0.000000|0.000000|0.000000|0.000000|0.000000|0.000000|0.000000|0.000000|0.000000|0.000000|0.000000|
20170502_145449|22836|276|12.987013|1|CarroTeste2|1|circulo_r60_xc160_yc120|0|0|203|82|0.000000|0.000000|0.000000|0.000000|0.000000|-721.378232|203.000000|181.863897|-21.136103|0.000000|-36.068912|-36.068912|
20170502_145449|22839|276|12.987013|1|Caçula|1|circulo_r60_xc160_yc120|0|0|64536|82|0.000000|0.000000|0.000000|0.000000|0.000000|-2196416.982837|64536.000000|181.832895|-64354.167105|0.000000|-255.000000|-255.000000|
20170502_145449|22910|278|12.987013|1|CarroTeste|0|circulo_r60_xc160_yc120|0|0|0|0|0.000000|0.000000|0.000000|0.000000|0.000000|0.000000|0.000000|0.000000|0.000000|0.000000|0.000000|0.000000|
20170502_145449|22913|278|12.987013|1|CarroTeste2|1|circulo_r60_xc160_yc120|0|0|203|82|0.000000|0.000000|0.000000|0.000000|0.000000|-742.041460|203.000000|181.258472|-21.741528|0.000000|-37.102073|-37.102073|
20170502_145449|22916|278|12.987013|1|Caçula|1|circulo_r60_xc160_yc120|0|0|64536|82|0.000000|0.000000|0.000000|0.000000|0.000000|-2196437.405265|64536.000000|181.234519|-64354.765481|0.000000|-255.000000|-255.000000|
20170502_145449|22988|280|12.987013|1|CarroTeste|0|circulo_r60_xc160_yc120|0|0|0|0|0.000000|0.000000|0.000000|0.000000|0.000000|0.000000|0.000000|0.000000|0.000000|0.000000|0.000000|0.000000|
20170502_145449|22991|280|12.987013|1|CarroTeste2|1|circulo_r60_xc160_yc120|0|0|202|82|0.000000|0.000000|0.000000|0.000000|0.000000|-729.466121|202.000000|180.626925|-21.373075|0.000000|-36.473306|-36.473306|
20170502_145449|22993|280|12.987013|1|Caçula|1|circulo_r60_xc160_yc120|0|0|64536|82|0.000000|0.000000|0.000000|0.000000|0.000000|-2196458.984062|64536.000000|180.602275|-64355.397725|0.000000|-255.000000|-255.000000|
20170502_145449|23066|282|12.987013|1|CarroTeste|0|circulo_r60_xc160_yc120|0|0|0|0|0.000000|0.000000|0.000000|0.000000|0.000000|0.000000|0.000000|0.000000|0.000000|0.000000|0.000000|0.000000|
20170502_145449|23068|282|12.987013|1|CarroTeste2|1|circulo_r60_xc160_yc120|0|0|203|81|0.000000|0.000000|0.000000|0.000000|0.000000|-785.759732|203.000000|179.977544|-23.022456|0.000000|-39.287987|-39.287987|
20170502_145449|23071|282|12.987013|1|Caçula|1|circulo_r60_xc160_yc120|0|0|64536|81|0.000000|0.000000|0.000000|0.000000|0.000000|-2196480.882371|64536.000000|179.960663|-64356.039337|0.000000|-255.000000|-255.000000|
20170502_145449|23144|284|12.987013|1|CarroTeste|0|circulo_r60_xc160_yc120|0|0|0|0|0.000000|0.000000|0.000000|0.000000|0.000000|0.000000|0.000000|0.000000|0.000000|0.000000|0.000000|0.000000|
20170502_145449|23146|284|12.987013|1|CarroTeste2|0|circulo_r60_xc160_yc120|0|0|203|81|0.000000|0.000000|0.000000|0.000000|0.000000|0.000000|0.000000|0.000000|0.000000|0.000000|0.000000|0.000000|
20170502_145449|23147|284|12.987013|1|Caçula|0|circulo_r60_xc160_yc120|0|0|64536|81|0.000000|0.000000|0.000000|0.000000|0.000000|0.000000|0.000000|0.000000|0.000000|0.000000|0.000000|0.000000|
20170502_145449|23221|286|12.987013|1|CarroTeste|0|circulo_r60_xc160_yc120|0|0|0|0|0.000000|0.000000|0.000000|0.000000|0.000000|0.000000|0.000000|0.000000|0.000000|0.000000|0.000000|0.000000|
20170502_145449|23224|286|12.987013|1|CarroTeste2|1|circulo_r60_xc160_yc120|0|0|202|82|0.000000|0.000000|0.000000|0.000000|0.000000|-797.402925|202.000000|178.636403|-23.363597|0.000000|-39.870146|-39.870146|
20170502_145449|23226|286|12.987013|1|Caçula|1|circulo_r60_xc160_yc120|0|0|64536|82|0.000000|0.000000|0.000000|0.000000|0.000000|-2196526.987482|64536.000000|178.609803|-64357.390197|0.000000|-255.000000|-255.000000|
20170502_145449|23298|288|12.987013|1|CarroTeste|0|circulo_r60_xc160_yc120|0|0|0|0|0.000000|0.000000|0.000000|0.000000|0.000000|0.000000|0.000000|0.000000|0.000000|0.000000|0.000000|0.000000|
20170502_145449|23301|288|12.987013|1|CarroTeste2|1|circulo_r60_xc160_yc120|0|0|203|82|0.000000|0.000000|0.000000|0.000000|0.000000|-855.398681|203.000000|177.937149|-25.062851|0.000000|-42.769934|-42.769934|
20170502_145449|23304|288|12.987013|1|Caçula|1|circulo_r60_xc160_yc120|0|0|64536|82|0.000000|0.000000|0.000000|0.000000|0.000000|-2196550.563730|64536.000000|177.919013|-64358.080987|0.000000|-255.000000|-255.000000|
20170502_145449|23379|290|12.987013|1|CarroTeste|0|circulo_r60_xc160_yc120|0|0|0|0|0.000000|0.000000|0.000000|0.000000|0.000000|0.000000|0.000000|0.000000|0.000000|0.000000|0.000000|0.000000|
20170502_145450|23382|290|12.987013|1|CarroTeste2|1|circulo_r60_xc160_yc120|0|0|203|82|0.000000|0.000000|0.000000|0.000000|0.000000|-880.425907|203.000000|177.203862|-25.796138|0.000000|-44.021295|-44.021295|
20170502_145450|23385|290|12.987013|1|Caçula|1|circulo_r60_xc160_yc120|0|0|64536|82|0.000000|0.000000|0.000000|0.000000|0.000000|-2196575.921580|64536.000000|177.176055|-64358.823945|0.000000|-255.000000|-255.000000|
20170502_145450|23454|292|12.987013|1|CarroTeste|0|circulo_r60_xc160_yc120|0|0|0|0|0.000000|0.000000|0.000000|0.000000|0.000000|0.000000|0.000000|0.000000|0.000000|0.000000|0.000000|0.000000|
20170502_145450|23457|292|12.987013|1|CarroTeste2|1|circulo_r60_xc160_yc120|0|0|203|82|0.000000|0.000000|0.000000|0.000000|0.000000|-904.374379|203.000000|176.502181|-26.497819|0.000000|-45.218719|-45.218719|
20170502_145450|23459|292|12.987013|1|Caçula|1|circulo_r60_xc160_yc120|0|0|64536|82|0.000000|0.000000|0.000000|0.000000|0.000000|-2196599.888408|64536.000000|176.473835|-64359.526165|0.000000|-255.000000|-255.000000|
20170502_145450|23531|294|12.987013|1|CarroTeste|0|circulo_r60_xc160_yc120|0|0|0|0|0.000000|0.000000|0.000000|0.000000|0.000000|0.000000|0.000000|0.000000|0.000000|0.000000|0.000000|0.000000|
20170502_145450|23534|294|12.987013|1|CarroTeste2|1|circulo_r60_xc160_yc120|0|0|203|82|0.000000|0.000000|0.000000|0.000000|0.000000|-929.429697|203.000000|175.768070|-27.231930|0.000000|-46.471485|-46.471485|
20170502_145450|23536|294|12.987013|1|Caçula|1|circulo_r60_xc160_yc120|0|0|64536|82|0.000000|0.000000|0.000000|0.000000|0.000000|-2196624.961479|64536.000000|175.739195|-64360.260805|0.000000|-255.000000|-255.000000|
20170502_145450|23610|296|12.987013|1|CarroTeste|0|circulo_r60_xc160_yc120|0|0|0|0|0.000000|0.000000|0.000000|0.000000|0.000000|0.000000|0.000000|0.000000|0.000000|0.000000|0.000000|0.000000|
20170502_145450|23612|296|12.987013|1|CarroTeste2|1|circulo_r60_xc160_yc120|0|0|203|82|0.000000|0.000000|0.000000|0.000000|0.000000|-955.606880|203.000000|175.001088|-27.998912|0.000000|-47.780344|-47.780344|
20170502_145450|23614|296|12.987013|1|Caçula|1|circulo_r60_xc160_yc120|0|0|64536|82|0.000000|0.000000|0.000000|0.000000|0.000000|-2196650.821507|64536.000000|174.981495|-64361.018505|0.000000|-255.000000|-255.000000|
20170502_145450|23685|298|12.987013|1|CarroTeste|0|circulo_r60_xc160_yc120|0|0|0|0|0.000000|0.000000|0.000000|0.000000|0.000000|0.000000|0.000000|0.000000|0.000000|0.000000|0.000000|0.000000|
20170502_145450|23689|298|12.987013|1|CarroTeste2|1|circulo_r60_xc160_yc120|0|0|203|82|0.000000|0.000000|0.000000|0.000000|0.000000|-981.218829|203.000000|174.250668|-28.749332|0.000000|-49.060941|-49.060941|
20170502_145450|23691|298|12.987013|1|Caçula|1|circulo_r60_xc160_yc120|0|0|64536|82|0.000000|0.000000|0.000000|0.000000|0.000000|-2196676.785279|64536.000000|174.220802|-64361.779198|0.000000|-255.000000|-255.000000|
20170502_145450|23764|300|12.987013|1|CarroTeste|0|circulo_r60_xc160_yc120|0|0|0|0|0.000000|0.000000|0.000000|0.000000|0.000000|0.000000|0.000000|0.000000|0.000000|0.000000|0.000000|0.000000|
20170502_145450|23767|300|12.987013|1|CarroTeste2|1|circulo_r60_xc160_yc120|0|0|203|82|0.000000|0.000000|0.000000|0.000000|0.000000|-1007.919719|203.000000|173.468342|-29.531658|0.000000|-50.395986|-50.395986|
20170502_145450|23770|300|12.987013|1|Caçula|1|circulo_r60_xc160_yc120|0|0|64536|82|0.000000|0.000000|0.000000|0.000000|0.000000|-2196703.501204|64536.000000|173.438016|-64362.561984|0.000000|-255.000000|-255.000000|
20170502_145450|23842|302|12.987013|1|CarroTeste|0|circulo_r60_xc160_yc120|0|0|0|0|0.000000|0.000000|0.000000|0.000000|0.000000|0.000000|0.000000|0.000000|0.000000|0.000000|0.000000|0.000000|
20170502_145450|23845|302|12.987013|1|CarroTeste2|1|circulo_r60_xc160_yc120|0|0|202|82|0.000000|0.000000|0.000000|0.000000|0.000000|-1000.887914|202.000000|172.674372|-29.325628|0.000000|-50.044396|-50.044396|
20170502_145450|23847|302|12.987013|1|Caçula|1|circulo_r60_xc160_yc120|0|0|64536|82|0.000000|0.000000|0.000000|0.000000|0.000000|-2196730.614126|64536.000000|172.643611|-64363.356389|0.000000|-255.000000|-255.000000|
20170502_145450|23921|304|12.987013|1|CarroTeste|0|circulo_r60_xc160_yc120|0|0|0|0|0.000000|0.000000|0.000000|0.000000|0.000000|0.000000|0.000000|0.000000|0.000000|0.000000|0.000000|0.000000|
20170502_145450|23924|304|12.987013|1|CarroTeste2|1|circulo_r60_xc160_yc120|0|0|202|82|0.000000|0.000000|0.000000|0.000000|0.000000|-1028.714783|202.000000|171.859055|-30.140945|0.000000|-51.435739|-51.435739|
20170502_145450|23927|304|12.987013|1|Caçula|1|circulo_r60_xc160_yc120|0|0|64536|82|0.000000|0.000000|0.000000|0.000000|0.000000|-2196758.455029|64536.000000|171.827882|-64364.172118|0.000000|-255.000000|-255.000000|
20170502_145450|23997|306|12.987013|1|CarroTeste|0|circulo_r60_xc160_yc120|0|0|0|0|0.000000|0.000000|0.000000|0.000000|0.000000|0.000000|0.000000|0.000000|0.000000|0.000000|0.000000|0.000000|
20170502_145450|24000|306|12.987013|1|CarroTeste2|1|circulo_r60_xc160_yc120|0|0|203|82|0.000000|0.000000|0.000000|0.000000|0.000000|-1089.954169|203.000000|171.064764|-31.935236|0.000000|-54.497708|-54.497708|
20170502_145450|24002|306|12.987013|1|Caçula|1|circulo_r60_xc160_yc120|0|0|64536|82|0.000000|0.000000|0.000000|0.000000|0.000000|-2196785.576675|64536.000000|171.033220|-64364.966780|0.000000|-255.000000|-255.000000|
20170502_145450|24076|308|12.987013|1|CarroTeste|0|circulo_r60_xc160_yc120|0|0|0|0|0.000000|0.000000|0.000000|0.000000|0.000000|0.000000|0.000000|0.000000|0.000000|0.000000|0.000000|0.000000|
20170502_145450|24079|308|12.987013|1|CarroTeste2|1|circulo_r60_xc160_yc120|0|0|203|81|0.000000|0.000000|0.000000|0.000000|0.000000|-1118.461796|203.000000|170.229502|-32.770498|0.000000|-55.923090|-55.923090|
20170502_145450|24081|308|12.987013|1|Caçula|1|circulo_r60_xc160_yc120|0|0|64536|81|0.000000|0.000000|0.000000|0.000000|0.000000|-2196814.096815|64536.000000|170.197600|-64365.802400|0.000000|-255.000000|-255.000000|
20170502_145450|24153|310|12.987013|1|CarroTeste|0|circulo_r60_xc160_yc120|0|0|0|0|0.000000|0.000000|0.000000|0.000000|0.000000|0.000000|0.000000|0.000000|0.000000|0.000000|0.000000|0.000000|
20170502_145450|24156|310|12.987013|1|CarroTeste2|1|circulo_r60_xc160_yc120|0|0|203|81|0.000000|0.000000|0.000000|0.000000|0.000000|-1146.545905|203.000000|169.406649|-33.593351|0.000000|-57.327295|-57.327295|
20170502_145450|24158|310|12.987013|1|Caçula|1|circulo_r60_xc160_yc120|0|0|64536|81|0.000000|0.000000|0.000000|0.000000|0.000000|-2196842.191862|64536.000000|169.374425|-64366.625575|0.000000|-255.000000|-255.000000|
20170502_145450|24230|312|12.987013|1|CarroTeste|0|circulo_r60_xc160_yc120|0|0|0|0|0.000000|0.000000|0.000000|0.000000|0.000000|0.000000|0.000000|0.000000|0.000000|0.000000|0.000000|0.000000|
20170502_145450|24233|312|12.987013|1|CarroTeste2|1|circulo_r60_xc160_yc120|0|0|202|82|0.000000|0.000000|0.000000|0.000000|0.000000|-1140.770389|202.000000|168.575869|-33.424131|0.000000|-57.038519|-57.038519|
20170502_145450|24235|312|12.987013|1|Caçula|1|circulo_r60_xc160_yc120|0|0|64536|82|0.000000|0.000000|0.000000|0.000000|0.000000|-2196870.557425|64536.000000|168.543351|-64367.456649|0.000000|-255.000000|-255.000000|
20170502_145450|24309|314|12.987013|1|CarroTeste|0|circulo_r60_xc160_yc120|0|0|0|0|0.000000|0.000000|0.000000|0.000000|0.000000|0.000000|0.000000|0.000000|0.000000|0.000000|0.000000|0.000000|
20170502_145450|24311|314|12.987013|1|CarroTeste2|1|circulo_r60_xc160_yc120|0|0|203|82|0.000000|0.000000|0.000000|0.000000|0.000000|-1204.247718|203.000000|167.716008|-35.283992|0.000000|-60.212386|-60.212386|
20170502_145450|24314|314|12.987013|1|Caçula|1|circulo_r60_xc160_yc120|0|0|64536|82|0.000000|0.000000|0.000000|0.000000|0.000000|-2196899.540379|64536.000000|167.694147|-64368.305853|0.000000|-255.000000|-255.000000|
20170502_145451|24386|316|12.987013|1|CarroTeste|0|circulo_r60_xc160_yc120|0|0|0|0|0.000000|0.000000|0.000000|0.000000|0.000000|0.000000|0.000000|0.000000|0.000000|0.000000|0.000000|0.000000|
20170502_145451|24389|316|12.987013|1|CarroTeste2|1|circulo_r60_xc160_yc120|0|0|202|82|0.000000|0.000000|0.000000|0.000000|0.000000|-1199.322568|202.000000|166.860313|-35.139687|0.000000|-59.966128|-59.966128|
20170502_145451|24391|316|12.987013|1|Caçula|1|circulo_r60_xc160_yc120|0|0|64536|82|0.000000|0.000000|0.000000|0.000000|0.000000|-2196928.750497|64536.000000|166.838291|-64369.161709|0.000000|-255.000000|-255.000000|
20170502_145451|24464|318|12.987013|1|CarroTeste|0|circulo_r60_xc160_yc120|0|0|0|0|0.000000|0.000000|0.000000|0.000000|0.000000|0.000000|0.000000|0.000000|0.000000|0.000000|0.000000|0.000000|
20170502_145451|24468|318|12.987013|1|CarroTeste2|1|circulo_r60_xc160_yc120|0|0|202|82|0.000000|0.000000|0.000000|0.000000|0.000000|-1228.351788|202.000000|166.009768|-35.990232|0.000000|-61.417589|-61.417589|
20170502_145451|24471|318|12.987013|1|Caçula|1|circulo_r60_xc160_yc120|0|0|64536|82|0.000000|0.000000|0.000000|0.000000|0.000000|-2196958.541418|64536.000000|165.965439|-64370.034561|0.000000|-255.000000|-255.000000|
20170502_145451|24541|320|12.987013|1|CarroTeste|0|circulo_r60_xc160_yc120|0|0|0|0|0.000000|0.000000|0.000000|0.000000|0.000000|0.000000|0.000000|0.000000|0.000000|0.000000|0.000000|0.000000|
20170502_145451|24544|320|12.987013|1|CarroTeste2|1|circulo_r60_xc160_yc120|0|0|202|82|0.000000|0.000000|0.000000|0.000000|0.000000|-1257.934117|202.000000|165.143017|-36.856983|0.000000|-62.896706|-62.896706|
20170502_145451|24547|320|12.987013|1|Caçula|1|circulo_r60_xc160_yc120|0|0|64536|82|0.000000|0.000000|0.000000|0.000000|0.000000|-2196987.371527|64536.000000|165.120731|-64370.879269|0.000000|-255.000000|-255.000000|
20170502_145451|24619|322|12.987013|1|CarroTeste|0|circulo_r60_xc160_yc120|0|0|0|0|0.000000|0.000000|0.000000|0.000000|0.000000|0.000000|0.000000|0.000000|0.000000|0.000000|0.000000|0.000000|
20170502_145451|24622|322|12.987013|1|CarroTeste2|1|circulo_r60_xc160_yc120|0|0|203|82|0.000000|0.000000|0.000000|0.000000|0.000000|-1321.416290|203.000000|164.283014|-38.716986|0.000000|-66.070815|-66.070815|
20170502_145451|24624|322|12.987013|1|Caçula|1|circulo_r60_xc160_yc120|0|0|64536|82|0.000000|0.000000|0.000000|0.000000|0.000000|-2197017.108765|64536.000000|164.249430|-64371.750570|0.000000|-255.000000|-255.000000|
