TimeStamp|Ticks|FrameNum|FPS|LogaDados|Robo|achou|trajetoria|Xd|Yd|Xa|Ya|DistMelhorPonto|velAtual|velDesejada|erroVel|SaidaControleLinear|angAtual|angDesejado|erroAng|SaidaControleAngular|SinalDeControle1|SinalDeControle2|
20170121_182500|34297|1|0,000001|0||0||0|0|0|0||||||||||||
20170121_182503|37581|2|0,151103|0||0||0|0|0|0||||||||||||
20170121_182503|37696|3|8,695652|0||0||0|0|0|0||||||||||||
20170121_182504|37791|4|10,869565|0||0||0|0|0|0||||||||||||
20170121_182504|37883|5|10,638298|0||0||0|0|0|0||||||||||||
20170121_182504|37977|6|10,752688|0||0||0|0|0|0||||||||||||
20170121_182504|38067|7|10,752688|0||0||0|0|0|0||||||||||||
20170121_182504|38167|8|10,416667|0||0||0|0|0|0||||||||||||
20170121_182504|38256|9|10,989011|0||0||0|0|0|0||||||||||||
20170121_182504|38348|10|10,638298|0||0||0|0|0|0||||||||||||
20170121_182504|38443|11|10,638298|0||0||0|0|0|0||||||||||||
20170121_182504|38539|12|10,752688|0||0||0|0|0|0||||||||||||
20170121_182504|38631|13|10,526316|0||0||0|0|0|0||||||||||||
20170121_182505|38725|14|10,526316|0||0||0|0|0|0||||||||||||
20170121_182505|38824|15|10,989011|0||0||0|0|0|0||||||||||||
20170121_182505|38914|16|10,416667|0||0||0|0|0|0||||||||||||
20170121_182505|39014|17|10,526316|0||0||0|0|0|0||||||||||||
20170121_182505|39107|18|10,752688|0||0||0|0|0|0||||||||||||
20170121_182505|39198|19|10,638298|0||0||0|0|0|0||||||||||||
20170121_182505|39289|20|10,869565|0||0||0|0|0|0||||||||||||
20170121_182505|39390|21|10,416667|0||0||0|0|0|0||||||||||||
20170121_182505|39482|22|10,638298|0||0||0|0|0|0||||||||||||
20170121_182505|39573|23|10,989011|0||0||0|0|0|0||||||||||||
20170121_182505|39662|24|10,638298|0||0||0|0|0|0||||||||||||
20170121_182506|39759|25|10,752688|0||0||0|0|0|0||||||||||||
20170121_182506|39850|26|10,638298|0||0||0|0|0|0||||||||||||
20170121_182506|39947|27|10,638298|0||0||0|0|0|0||||||||||||
20170121_182506|40041|28|10,416667|0||0||0|0|0|0||||||||||||
20170121_182506|40139|29|10,869565|0||0||0|0|0|0||||||||||||
20170121_182506|40230|30|10,526316|0||0||0|0|0|0||||||||||||
20170121_182506|40321|31|10,989011|0||0||0|0|0|0||||||||||||
20170121_182506|40412|32|10,526316|0||0||0|0|0|0||||||||||||
20170121_182506|40510|33|10,526316|0||0||0|0|0|0||||||||||||
20170121_182506|40608|34|10,869565|0||0||0|0|0|0||||||||||||
20170121_182506|40694|35|10,752688|0||0||0|0|0|0||||||||||||
20170121_182507|40799|36|10,526316|0||0||0|0|0|0||||||||||||
20170121_182507|40890|37|10,526316|0||0||0|0|0|0||||||||||||
20170121_182507|40978|38|10,526316|0||0||0|0|0|0||||||||||||
20170121_182507|41075|39|10,989011|0||0||0|0|0|0||||||||||||
20170121_182507|41164|40|10,526316|0||0||0|0|0|0||||||||||||
20170121_182507|41263|41|10,638298|0||0||0|0|0|0||||||||||||
20170121_182507|41354|42|10,752688|0||0||0|0|0|0||||||||||||
20170121_182507|41445|43|10,638298|0||0||0|0|0|0||||||||||||
20170121_182507|41543|44|10,526316|0||0||0|0|0|0||||||||||||
20170121_182507|41637|45|10,989011|0||0||0|0|0|0||||||||||||
20170121_182508|41737|46|10,416667|0||0||0|0|0|0||||||||||||
20170121_182508|41826|47|10,752688|0||0||0|0|0|0||||||||||||
20170121_182508|41914|48|10,638298|0||0||0|0|0|0||||||||||||
20170121_182508|42012|49|10,752688|0||0||0|0|0|0||||||||||||
20170121_182508|42101|50|10,752688|0||0||0|0|0|0||||||||||||
20170121_182508|42195|51|10,416667|0||0||0|0|0|0||||||||||||
20170121_182508|42288|52|10,638298|0||0||0|0|0|0||||||||||||
20170121_182508|42389|53|10,869565|0||0||0|0|0|0||||||||||||
20170121_182508|42483|54|10,526316|0||0||0|0|0|0||||||||||||
20170121_182508|42569|55|10,869565|0||0||0|0|0|0||||||||||||
20170121_182508|42673|56|10,526316|0||0||0|0|0|0||||||||||||
20170121_182509|42763|57|10,526316|0||0||0|0|0|0||||||||||||
20170121_182509|42851|58|10,752688|0||0||0|0|0|0||||||||||||
20170121_182509|42943|59|10,869565|0||0||0|0|0|0||||||||||||
20170121_182509|43040|60|10,526316|0||0||0|0|0|0||||||||||||
20170121_182509|43132|61|10,638298|0||0||0|0|0|0||||||||||||
20170121_182509|43224|62|10,752688|0||0||0|0|0|0||||||||||||
20170121_182509|43319|63|10,638298|0||0||0|0|0|0||||||||||||
20170121_182509|43412|64|10,638298|0||0||0|0|0|0||||||||||||
20170121_182509|43507|65|10,752688|0||0||0|0|0|0||||||||||||
20170121_182509|43599|66|10,752688|0||0||0|0|0|0||||||||||||
20170121_182509|43694|67|10,638298|0||0||0|0|0|0||||||||||||
20170121_182510|43787|68|10,526316|0||0||0|0|0|0||||||||||||
20170121_182510|43882|69|10,869565|0||0||0|0|0|0||||||||||||
20170121_182510|43975|70|10,526316|0||0||0|0|0|0||||||||||||
20170121_182510|44068|71|10,752688|0||0||0|0|0|0||||||||||||
20170121_182510|44165|72|10,638298|0||0||0|0|0|0||||||||||||
20170121_182510|44257|73|10,526316|0||0||0|0|0|0||||||||||||
20170121_182510|44352|74|10,526316|0||0||0|0|0|0||||||||||||
20170121_182510|44446|75|10,752688|0||0||0|0|0|0||||||||||||
20170121_182510|44510|76|15,151515|0||0||0|0|0|0||||||||||||
20170121_182510|44588|77|12,987013|0||0||0|0|0|0||||||||||||
20170121_182510|44679|78|10,869565|0||0||0|0|0|0||||||||||||
20170121_182511|44771|79|10,869565|0||0||0|0|0|0||||||||||||
20170121_182511|44866|80|10,638298|0||0||0|0|0|0||||||||||||
20170121_182511|44957|81|10,869565|0||0||0|0|0|0||||||||||||
20170121_182511|45052|82|10,526316|0||0||0|0|0|0||||||||||||
20170121_182511|45116|83|15,384615|0||0||0|0|0|0||||||||||||
20170121_182511|45194|84|13,333333|0||0||0|0|0|0||||||||||||
20170121_182511|45288|85|10,526316|0||0||0|0|0|0||||||||||||
20170121_182511|45381|86|10,752688|0||0||0|0|0|0||||||||||||
20170121_182511|45473|87|10,638298|0||0||0|0|0|0||||||||||||
20170121_182511|45569|88|10,638298|0||0||0|0|0|0||||||||||||
20170121_182511|45661|89|10,752688|0||0||0|0|0|0||||||||||||
20170121_182512|45757|90|10,526316|0||0||0|0|0|0||||||||||||
20170121_182512|45817|91|16,129032|0||0||0|0|0|0||||||||||||
20170121_182512|45896|92|12,987013|0||0||0|0|0|0||||||||||||
20170121_182512|45991|93|10,526316|0||0||0|0|0|0||||||||||||
20170121_182512|46056|94|15,151515|0||0||0|0|0|0||||||||||||
20170121_182512|46131|95|13,333333|0||0||0|0|0|0||||||||||||
20170121_182512|46197|96|15,384615|0||0||0|0|0|0||||||||||||
20170121_182512|46284|97|11,494253|0||0||0|0|0|0||||||||||||
20170121_182512|46370|98|11,904762|0||0||0|0|0|0||||||||||||
20170121_182512|46462|99|10,752688|0||0||0|0|0|0||||||||||||
20170121_182512|46554|100|10,638298|0||0||0|0|0|0||||||||||||
20170121_182512|46650|101|10,989011|0||0||0|0|0|0||||||||||||
20170121_182513|46741|102|10,526316|0||0||0|0|0|0||||||||||||
20170121_182513|46833|103|10,752688|0||0||0|0|0|0||||||||||||
20170121_182513|46925|104|10,752688|0||0||0|0|0|0||||||||||||
20170121_182513|47020|105|10,526316|0||0||0|0|0|0||||||||||||
20170121_182513|47115|106|10,526316|0||0||0|0|0|0||||||||||||
20170121_182513|47179|107|16,129032|0||0||0|0|0|0||||||||||||
20170121_182513|47255|108|12,987013|0||0||0|0|0|0||||||||||||
20170121_182513|47350|109|10,526316|0||0||0|0|0|0||||||||||||
20170121_182513|47442|110|10,869565|0||0||0|0|0|0||||||||||||
20170121_182513|47536|111|10,638298|0||0||0|0|0|0||||||||||||
20170121_182513|47631|112|10,526316|0||0||0|0|0|0||||||||||||
20170121_182514|47739|113|10,638298|0||0||0|0|0|0||||||||||||
20170121_182514|47816|114|10,869565|0||0||0|0|0|0||||||||||||
20170121_182514|47912|115|10,526316|0||0||0|0|0|0||||||||||||
20170121_182514|47983|116|14,084507|0||0||0|0|0|0||||||||||||
20170121_182514|48058|117|13,333333|0||0||0|0|0|0||||||||||||
20170121_182514|48145|118|11,494253|0||0||0|0|0|0||||||||||||
20170121_182514|48239|119|10,526316|0||0||0|0|0|0||||||||||||
20170121_182514|48335|120|10,638298|0||0||0|0|0|0||||||||||||
20170121_182514|48427|121|10,869565|0||0||0|0|0|0||||||||||||
20170121_182514|48521|122|10,526316|0||0||0|0|0|0||||||||||||
20170121_182514|48615|123|10,638298|0||0||0|0|0|0||||||||||||
20170121_182515|48712|124|10,101010|0||0||0|0|0|0||||||||||||
20170121_182515|48802|125|11,363636|0||0||0|0|0|0||||||||||||
20170121_182520|54382|126|0,179211|0||0||0|0|0|0||||||||||||
20170121_182520|54449|127|15,151515|0||0||0|0|0|0||||||||||||
20170121_182520|54521|128|13,888889|0||0||0|0|0|0||||||||||||
20170121_182520|54615|129|10,526316|0||0||0|0|0|0||||||||||||
20170121_182520|54709|130|10,526316|0||0||0|0|0|0||||||||||||
20170121_182521|54769|131|17,241379|0||0||0|0|0|0||||||||||||
20170121_182521|54848|132|12,345679|0||0||0|0|0|0||||||||||||
20170121_182521|54944|133|10,638298|0||0||0|0|0|0||||||||||||
20170121_182521|55038|134|10,638298|0||0||0|0|0|0||||||||||||
20170121_182521|55130|135|10,752688|0||0||0|0|0|0||||||||||||
20170121_182521|55229|136|10,752688|0||0||0|0|0|0||||||||||||
20170121_182521|55318|137|10,638298|0||0||0|0|0|0||||||||||||
20170121_182521|55411|138|10,638298|0||0||0|0|0|0||||||||||||
20170121_182521|55508|139|10,416667|0||0||0|0|0|0||||||||||||
20170121_182521|55600|140|10,752688|0||0||0|0|0|0||||||||||||
20170121_182521|55692|141|10,752688|0||0||0|0|0|0||||||||||||
20170121_182522|55785|142|10,752688|0||0||0|0|0|0||||||||||||
20170121_182522|55878|143|10,638298|0||0||0|0|0|0||||||||||||
20170121_182522|55975|144|10,752688|0||0||0|0|0|0||||||||||||
20170121_182522|56067|145|10,638298|0||0||0|0|0|0||||||||||||
20170121_182522|56164|146|10,526316|0||0||0|0|0|0||||||||||||
20170121_182522|56258|147|10,752688|0||0||0|0|0|0||||||||||||
20170121_182522|56349|148|10,638298|0||0||0|0|0|0||||||||||||
20170121_182522|56443|149|10,752688|0||0||0|0|0|0||||||||||||
20170121_182522|56536|150|10,638298|0||0||0|0|0|0||||||||||||
20170121_182522|56631|151|10,526316|0||0||0|0|0|0||||||||||||
20170121_182523|56724|152|10,752688|0||0||0|0|0|0||||||||||||
20170121_182523|56818|153|10,638298|0||0||0|0|0|0||||||||||||
20170121_182523|56911|154|10,638298|0||0||0|0|0|0||||||||||||
20170121_182523|57004|155|10,869565|0||0||0|0|0|0||||||||||||
20170121_182523|57100|156|10,526316|0||0||0|0|0|0||||||||||||
20170121_182523|57192|157|10,752688|0||0||0|0|0|0||||||||||||
20170121_182523|57286|158|10,526316|0||0||0|0|0|0||||||||||||
20170121_182523|57379|159|10,752688|0||0||0|0|0|0||||||||||||
20170121_182523|57474|160|10,638298|0||0||0|0|0|0||||||||||||
20170121_182523|57567|161|10,752688|0||0||0|0|0|0||||||||||||
20170121_182523|57660|162|10,638298|0||0||0|0|0|0||||||||||||
20170121_182524|57756|163|10,526316|0||0||0|0|0|0||||||||||||
20170121_182524|57849|164|10,752688|0||0||0|0|0|0||||||||||||
20170121_182524|57942|165|10,752688|0||0||0|0|0|0||||||||||||
20170121_182524|58036|166|10,638298|0||0||0|0|0|0||||||||||||
20170121_182524|58131|167|10,526316|0||0||0|0|0|0||||||||||||
20170121_182524|58223|168|10,638298|0||0||0|0|0|0||||||||||||
20170121_182524|58316|169|10,869565|0||0||0|0|0|0||||||||||||
20170121_182524|58411|170|10,526316|0||0||0|0|0|0||||||||||||
20170121_182524|58511|171|10,752688|0||0||0|0|0|0||||||||||||
20170121_182524|58600|172|10,638298|0||0||0|0|0|0||||||||||||
20170121_182524|58692|173|10,638298|0||0||0|0|0|0||||||||||||
20170121_182525|58784|174|10,752688|0||0||0|0|0|0||||||||||||
20170121_182525|58882|175|10,526316|0||0||0|0|0|0||||||||||||
20170121_182525|58975|176|10,752688|0||0||0|0|0|0||||||||||||
20170121_182525|59065|177|10,869565|0||0||0|0|0|0||||||||||||
20170121_182525|59162|178|10,416667|0||0||0|0|0|0||||||||||||
20170121_182525|59256|179|10,752688|0||0||0|0|0|0||||||||||||
20170121_182525|59349|180|10,638298|0||0||0|0|0|0||||||||||||
20170121_182525|59443|181|10,638298|0||0||0|0|0|0||||||||||||
20170121_182525|59535|182|10,752688|0||0||0|0|0|0||||||||||||
20170121_182525|59631|183|10,526316|0||0||0|0|0|0||||||||||||
20170121_182526|59723|184|10,869565|0||0||0|0|0|0||||||||||||
20170121_182526|59817|185|10,526316|0||0||0|0|0|0||||||||||||
20170121_182526|59911|186|10,638298|0||0||0|0|0|0||||||||||||
20170121_182526|60006|187|10,752688|0||0||0|0|0|0||||||||||||
20170121_182526|60099|188|10,638298|0||0||0|0|0|0||||||||||||
20170121_182526|60193|189|10,752688|0||0||0|0|0|0||||||||||||
20170121_182526|60285|190|10,638298|0||0||0|0|0|0||||||||||||
20170121_182526|60381|191|10,638298|0||0||0|0|0|0||||||||||||
20170121_182526|60474|192|10,526316|0||0||0|0|0|0||||||||||||
20170121_182526|60567|193|10,869565|0||0||0|0|0|0||||||||||||
20170121_182526|60662|194|10,526316|0||0||0|0|0|0||||||||||||
20170121_182527|60756|195|10,638298|0||0||0|0|0|0||||||||||||
20170121_182527|60846|196|10,869565|0||0||0|0|0|0||||||||||||
20170121_182527|60941|197|10,638298|0||0||0|0|0|0||||||||||||
20170121_182527|61037|198|10,752688|0||0||0|0|0|0||||||||||||
20170121_182527|61129|199|10,526316|0||0||0|0|0|0||||||||||||
20170121_182527|61225|200|10,638298|0||0||0|0|0|0||||||||||||
20170121_182527|61317|201|10,869565|0||0||0|0|0|0||||||||||||
20170121_182527|61411|202|10,309278|0||0||0|0|0|0||||||||||||
20170121_182527|61505|203|10,869565|0||0||0|0|0|0||||||||||||
20170121_182527|61598|204|10,752688|0||0||0|0|0|0||||||||||||
20170121_182527|61692|205|10,416667|0||0||0|0|0|0||||||||||||
20170121_182528|61786|206|10,869565|0||0||0|0|0|0||||||||||||
20170121_182528|61879|207|10,638298|0||0||0|0|0|0||||||||||||
20170121_182528|61973|208|10,638298|0||0||0|0|0|0||||||||||||
20170121_182528|62066|209|10,752688|0||0||0|0|0|0||||||||||||
20170121_182528|62159|210|10,638298|0||0||0|0|0|0||||||||||||
20170121_182528|62253|211|10,752688|0||0||0|0|0|0||||||||||||
20170121_182528|62350|212|10,526316|0||0||0|0|0|0||||||||||||
20170121_182528|62442|213|10,752688|0||0||0|0|0|0||||||||||||
20170121_182528|62536|214|10,752688|0||0||0|0|0|0||||||||||||
20170121_182528|62630|215|10,526316|0||0||0|0|0|0||||||||||||
20170121_182529|62724|216|10,638298|0||0||0|0|0|0||||||||||||
20170121_182529|62815|217|10,752688|0||0||0|0|0|0||||||||||||
20170121_182529|62911|218|10,638298|0||0||0|0|0|0||||||||||||
20170121_182529|63006|219|10,526316|0||0||0|0|0|0||||||||||||
20170121_182529|63100|220|10,752688|0||0||0|0|0|0||||||||||||
20170121_182529|63191|221|10,638298|0||0||0|0|0|0||||||||||||
20170121_182529|63287|222|10,638298|0||0||0|0|0|0||||||||||||
20170121_182529|63379|223|10,869565|0||0||0|0|0|0||||||||||||
20170121_182529|63472|224|10,638298|0||0||0|0|0|0||||||||||||
20170121_182529|63567|225|10,638298|0||0||0|0|0|0||||||||||||
20170121_182529|63661|226|10,638298|0||0||0|0|0|0||||||||||||
20170121_182530|63753|227|10,752688|0||0||0|0|0|0||||||||||||
20170121_182530|63848|228|10,526316|0||0||0|0|0|0||||||||||||
20170121_182530|63944|229|10,638298|0||0||0|0|0|0||||||||||||
20170121_182530|64037|230|10,638298|0||0||0|0|0|0||||||||||||
20170121_182530|64131|231|10,752688|0||0||0|0|0|0||||||||||||
20170121_182530|64225|232|10,638298|0||0||0|0|0|0||||||||||||
20170121_182530|64316|233|10,869565|0||0||0|0|0|0||||||||||||
20170121_182530|64411|234|10,526316|0||0||0|0|0|0||||||||||||
20170121_182530|64507|235|10,526316|0||0||0|0|0|0||||||||||||
20170121_182530|64598|236|10,752688|0||0||0|0|0|0||||||||||||
20170121_182530|64692|237|10,752688|0||0||0|0|0|0||||||||||||
20170121_182531|64786|238|10,638298|0||0||0|0|0|0||||||||||||
20170121_182531|64880|239|10,638298|0||0||0|0|0|0||||||||||||
20170121_182531|64972|240|10,638298|0||0||0|0|0|0||||||||||||
20170121_182531|65067|241|10,638298|0||0||0|0|0|0||||||||||||
20170121_182531|65162|242|10,638298|0||0||0|0|0|0||||||||||||
20170121_182531|65254|243|10,752688|0||0||0|0|0|0||||||||||||
20170121_182531|65350|244|10,752688|0||0||0|0|0|0||||||||||||
20170121_182531|65443|245|10,638298|0||0||0|0|0|0||||||||||||
20170121_182531|65535|246|10,638298|0||0||0|0|0|0||||||||||||
20170121_182531|65629|247|10,638298|0||0||0|0|0|0||||||||||||
20170121_182532|65724|248|10,638298|0||0||0|0|0|0||||||||||||
20170121_182532|65816|249|10,752688|0||0||0|0|0|0||||||||||||
20170121_182532|65910|250|10,638298|0||0||0|0|0|0||||||||||||
20170121_182532|66002|251|10,752688|0||0||0|0|0|0||||||||||||
20170121_182532|66096|252|10,638298|0||0||0|0|0|0||||||||||||
20170121_182532|66192|253|10,526316|0||0||0|0|0|0||||||||||||
20170121_182532|66285|254|10,752688|0||0||0|0|0|0||||||||||||
20170121_182532|66380|255|10,638298|0||0||0|0|0|0||||||||||||
20170121_182532|66472|256|10,752688|0||0||0|0|0|0||||||||||||
20170121_182532|66568|257|10,638298|0||0||0|0|0|0||||||||||||
20170121_182532|66661|258|10,638298|0||0||0|0|0|0||||||||||||
20170121_182533|66758|259|10,526316|0||0||0|0|0|0||||||||||||
20170121_182533|66848|260|10,869565|0||0||0|0|0|0||||||||||||
20170121_182533|66942|261|10,638298|0||0||0|0|0|0||||||||||||
20170121_182533|67036|262|10,638298|0||0||0|0|0|0||||||||||||
20170121_182533|67101|263|16,129032|0||0||0|0|0|0||||||||||||
20170121_182533|67178|264|12,820513|0||0||0|0|0|0||||||||||||
20170121_182533|67272|265|10,638298|0||0||0|0|0|0||||||||||||
20170121_182533|67367|266|10,638298|0||0||0|0|0|0||||||||||||
20170121_182533|67460|267|10,638298|0||0||0|0|0|0||||||||||||
20170121_182533|67554|268|10,638298|0||0||0|0|0|0||||||||||||
20170121_182533|67645|269|10,869565|0||0||0|0|0|0||||||||||||
20170121_182534|67739|270|10,638298|0||0||0|0|0|0||||||||||||
20170121_182534|67836|271|10,416667|0||0||0|0|0|0||||||||||||
20170121_182534|67928|272|10,869565|0||0||0|0|0|0||||||||||||
20170121_182534|68025|273|10,526316|0||0||0|0|0|0||||||||||||
20170121_182534|68116|274|10,752688|0||0||0|0|0|0||||||||||||
20170121_182534|68209|275|10,526316|0||0||0|0|0|0||||||||||||
20170121_182534|68304|276|10,638298|0||0||0|0|0|0||||||||||||
20170121_182534|68397|277|10,869565|0||0||0|0|0|0||||||||||||
20170121_182534|68492|278|10,526316|0||0||0|0|0|0||||||||||||
20170121_182534|68584|279|10,752688|0||0||0|0|0|0||||||||||||
20170121_182534|68683|280|10,638298|0||0||0|0|0|0||||||||||||
20170121_182535|68772|281|10,752688|0||0||0|0|0|0||||||||||||
20170121_182535|68865|282|10,752688|0||0||0|0|0|0||||||||||||
20170121_182535|68959|283|10,526316|0||0||0|0|0|0||||||||||||
20170121_182535|69053|284|10,752688|0||0||0|0|0|0||||||||||||
20170121_182535|69148|285|10,752688|0||0||0|0|0|0||||||||||||
20170121_182535|69240|286|10,526316|0||0||0|0|0|0||||||||||||
20170121_182535|69334|287|10,638298|0||0||0|0|0|0||||||||||||
20170121_182535|69427|288|10,752688|0||0||0|0|0|0||||||||||||
20170121_182535|69520|289|10,638298|0||0||0|0|0|0||||||||||||
20170121_182535|69622|290|10,638298|0||0||0|0|0|0||||||||||||
20170121_182536|69714|291|10,526316|0||0||0|0|0|0||||||||||||
20170121_182536|69808|292|10,526316|0||0||0|0|0|0||||||||||||
20170121_182536|69897|293|10,989011|0||0||0|0|0|0||||||||||||
20170121_182536|69993|294|10,416667|0||0||0|0|0|0||||||||||||
20170121_182536|70085|295|10,869565|0||0||0|0|0|0||||||||||||
20170121_182536|70179|296|10,526316|0||0||0|0|0|0||||||||||||
20170121_182536|70271|297|10,869565|0||0||0|0|0|0||||||||||||
20170121_182536|70365|298|10,638298|0||0||0|0|0|0||||||||||||
20170121_182536|70460|299|10,638298|0||0||0|0|0|0||||||||||||
20170121_182536|70553|300|10,526316|0||0||0|0|0|0||||||||||||
20170121_182536|70646|301|10,989011|0||0||0|0|0|0||||||||||||
20170121_182537|70741|302|10,526316|0||0||0|0|0|0||||||||||||
20170121_182537|70834|303|10,638298|0||0||0|0|0|0||||||||||||
20170121_182537|70928|304|10,638298|0||0||0|0|0|0||||||||||||
20170121_182537|71021|305|10,638298|0||0||0|0|0|0||||||||||||
20170121_182537|71116|306|10,752688|0||0||0|0|0|0||||||||||||
20170121_182537|71209|307|10,638298|0||0||0|0|0|0||||||||||||
20170121_182537|71310|308|10,416667|0||0||0|0|0|0||||||||||||
20170121_182537|71396|309|10,989011|0||0||0|0|0|0||||||||||||
20170121_182537|71491|310|10,526316|0||0||0|0|0|0||||||||||||
20170121_182537|71583|311|10,752688|0||0||0|0|0|0||||||||||||
20170121_182537|71678|312|10,752688|0||0||0|0|0|0||||||||||||
20170121_182538|71771|313|10,638298|0||0||0|0|0|0||||||||||||
20170121_182538|71865|314|10,526316|0||0||0|0|0|0||||||||||||
20170121_182538|71959|315|10,869565|0||0||0|0|0|0||||||||||||
20170121_182538|72052|316|10,526316|0||0||0|0|0|0||||||||||||
20170121_182538|72146|317|10,752688|0||0||0|0|0|0||||||||||||
20170121_182538|72240|318|10,638298|0||0||0|0|0|0||||||||||||
20170121_182538|72335|319|10,526316|0||0||0|0|0|0||||||||||||
20170121_182538|72428|320|10,869565|0||0||0|0|0|0||||||||||||
20170121_182538|72521|321|10,526316|0||0||0|0|0|0||||||||||||
20170121_182538|72615|322|10,752688|0||0||0|0|0|0||||||||||||
20170121_182538|72710|323|10,526316|0||0||0|0|0|0||||||||||||
20170121_182539|72804|324|10,752688|0||0||0|0|0|0||||||||||||
20170121_182539|72897|325|10,869565|0||0||0|0|0|0||||||||||||
20170121_182539|72993|326|10,309278|0||0||0|0|0|0||||||||||||
20170121_182539|73084|327|10,869565|0||0||0|0|0|0||||||||||||
20170121_182539|73179|328|10,752688|0||0||0|0|0|0||||||||||||
20170121_182539|73273|329|10,638298|0||0||0|0|0|0||||||||||||
20170121_182539|73366|330|10,526316|0||0||0|0|0|0||||||||||||
20170121_182539|73460|331|10,752688|0||0||0|0|0|0||||||||||||
20170121_182539|73554|332|10,752688|0||0||0|0|0|0||||||||||||
20170121_182539|73647|333|10,752688|0||0||0|0|0|0||||||||||||
20170121_182540|73742|334|10,526316|0||0||0|0|0|0||||||||||||
20170121_182540|73837|335|10,526316|0||0||0|0|0|0||||||||||||
20170121_182540|73928|336|10,752688|0||0||0|0|0|0||||||||||||
20170121_182540|74024|337|10,752688|0||0||0|0|0|0||||||||||||
20170121_182540|74116|338|10,526316|0||0||0|0|0|0||||||||||||
20170121_182540|74209|339|10,752688|0||0||0|0|0|0||||||||||||
20170121_182540|74307|340|10,526316|0||0||0|0|0|0||||||||||||
20170121_182540|74396|341|10,989011|0||0||0|0|0|0||||||||||||
20170121_182540|74493|342|10,416667|0||0||0|0|0|0||||||||||||
20170121_182540|74587|343|10,526316|0||0||0|0|0|0||||||||||||
20170121_182540|74678|344|10,869565|0||0||0|0|0|0||||||||||||
20170121_182541|74772|345|10,752688|0||0||0|0|0|0||||||||||||
20170121_182541|74863|346|10,752688|0||0||0|0|0|0||||||||||||
20170121_182541|74959|347|10,638298|0||0||0|0|0|0||||||||||||
20170121_182541|75053|348|10,638298|0||0||0|0|0|0||||||||||||
20170121_182541|75151|349|10,526316|0||0||0|0|0|0||||||||||||
20170121_182541|75243|350|10,752688|0||0||0|0|0|0||||||||||||
20170121_182541|75335|351|10,638298|0||0||0|0|0|0||||||||||||
20170121_182541|75428|352|10,752688|0||0||0|0|0|0||||||||||||
20170121_182541|75522|353|10,638298|0||0||0|0|0|0||||||||||||
20170121_182541|75615|354|10,526316|0||0||0|0|0|0||||||||||||
20170121_182541|75709|355|10,869565|0||0||0|0|0|0||||||||||||
20170121_182542|75805|356|10,416667|0||0||0|0|0|0||||||||||||
20170121_182542|75896|357|10,989011|0||0||0|0|0|0||||||||||||
20170121_182542|75989|358|10,638298|0||0||0|0|0|0||||||||||||
20170121_182542|76085|359|10,526316|0||0||0|0|0|0||||||||||||
20170121_182542|76181|360|10,752688|0||0||0|0|0|0||||||||||||
20170121_182542|76271|361|10,752688|0||0||0|0|0|0||||||||||||
20170121_182542|76371|362|10,526316|0||0||0|0|0|0||||||||||||
20170121_182542|76458|363|10,869565|0||0||0|0|0|0||||||||||||
20170121_182542|76553|364|10,416667|0||0||0|0|0|0||||||||||||
20170121_182542|76646|365|10,752688|0||0||0|0|0|0||||||||||||
20170121_182543|76740|366|10,638298|0||0||0|0|0|0||||||||||||
20170121_182543|76835|367|10,526316|0||0||0|0|0|0||||||||||||
20170121_182543|76927|368|10,869565|0||0||0|0|0|0||||||||||||
20170121_182543|77021|369|10,638298|0||0||0|0|0|0||||||||||||
20170121_182543|77115|370|10,638298|0||0||0|0|0|0||||||||||||
20170121_182543|77207|371|10,638298|0||0||0|0|0|0||||||||||||
20170121_182543|77303|372|10,752688|0||0||0|0|0|0||||||||||||
20170121_182543|77395|373|10,638298|0||0||0|0|0|0||||||||||||
20170121_182543|77489|374|10,526316|0||0||0|0|0|0||||||||||||
20170121_182543|77584|375|10,752688|0||0||0|0|0|0||||||||||||
20170121_182543|77679|376|10,638298|0||0||0|0|0|0||||||||||||
20170121_182544|77771|377|10,752688|0||0||0|0|0|0||||||||||||
20170121_182544|77866|378|10,416667|0||0||0|0|0|0||||||||||||
20170121_182544|77958|379|10,869565|0||0||0|0|0|0||||||||||||
20170121_182544|78053|380|10,638298|0||0||0|0|0|0||||||||||||
20170121_182544|78144|381|10,752688|0||0||0|0|0|0||||||||||||
20170121_182544|78240|382|10,638298|0||0||0|0|0|0||||||||||||
20170121_182544|78334|383|10,416667|0||0||0|0|0|0||||||||||||
20170121_182544|78428|384|11,111111|0||0||0|0|0|0||||||||||||
20170121_182544|78521|385|10,638298|0||0||0|0|0|0||||||||||||
20170121_182544|78614|386|10,526316|0||0||0|0|0|0||||||||||||
20170121_182544|78709|387|10,752688|0||0||0|0|0|0||||||||||||
20170121_182545|78801|388|10,638298|0||0||0|0|0|0||||||||||||
20170121_182545|78896|389|10,638298|0||0||0|0|0|0||||||||||||
20170121_182545|78990|390|10,526316|0||0||0|0|0|0||||||||||||
20170121_182545|79085|391|10,752688|0||0||0|0|0|0||||||||||||
20170121_182545|79177|392|10,526316|0||0||0|0|0|0||||||||||||
20170121_182545|79270|393|10,869565|0||0||0|0|0|0||||||||||||
20170121_182545|79365|394|10,526316|0||0||0|0|0|0||||||||||||
20170121_182545|79459|395|10,869565|0||0||0|0|0|0||||||||||||
20170121_182545|79551|396|10,638298|0||0||0|0|0|0||||||||||||
20170121_182545|79646|397|10,638298|0||0||0|0|0|0||||||||||||
20170121_182546|79746|398|10,000000|0||0||0|0|0|0||||||||||||
20170121_182546|79834|399|11,363636|0||0||0|0|0|0||||||||||||
20170121_182546|79927|400|10,752688|0||0||0|0|0|0||||||||||||
20170121_182546|80020|401|10,638298|0||0||0|0|0|0||||||||||||
20170121_182546|80115|402|10,526316|0||0||0|0|0|0||||||||||||
20170121_182546|80210|403|10,638298|0||0||0|0|0|0||||||||||||
20170121_182546|80303|404|10,752688|0||0||0|0|0|0||||||||||||
20170121_182546|80397|405|10,638298|0||0||0|0|0|0||||||||||||
20170121_182546|80491|406|10,638298|0||0||0|0|0|0||||||||||||
20170121_182546|80587|407|10,638298|0||0||0|0|0|0||||||||||||
20170121_182546|80687|408|10,638298|0||0||0|0|0|0||||||||||||
20170121_182547|80774|409|10,752688|0||0||0|0|0|0||||||||||||
20170121_182547|80868|410|10,526316|0||0||0|0|0|0||||||||||||
20170121_182547|80960|411|10,869565|0||0||0|0|0|0||||||||||||
20170121_182547|81053|412|10,638298|0||0||0|0|0|0||||||||||||
20170121_182547|81146|413|10,638298|0||0||0|0|0|0||||||||||||
20170121_182547|81240|414|10,752688|0||0||0|0|0|0||||||||||||
20170121_182547|81333|415|10,752688|0||0||0|0|0|0||||||||||||
20170121_182547|81430|416|10,416667|0||0||0|0|0|0||||||||||||
20170121_182547|81522|417|10,869565|0||0||0|0|0|0||||||||||||
20170121_182547|81616|418|10,526316|0||0||0|0|0|0||||||||||||
20170121_182548|81711|419|10,526316|0||0||0|0|0|0||||||||||||
20170121_182548|81803|420|10,989011|0||0||0|0|0|0||||||||||||
20170121_182548|81900|421|10,416667|0||0||0|0|0|0||||||||||||
20170121_182548|81993|422|10,989011|0||0||0|0|0|0||||||||||||
20170121_182548|82086|423|10,416667|0||0||0|0|0|0||||||||||||
20170121_182548|82158|424|14,084507|0||0||0|0|0|0||||||||||||
20170121_182548|82232|425|13,513514|0||0||0|0|0|0||||||||||||
20170121_182548|82318|426|11,363636|0||0||0|0|0|0||||||||||||
20170121_182548|82413|427|10,526316|0||0||0|0|0|0||||||||||||
20170121_182548|82508|428|10,869565|0||0||0|0|0|0||||||||||||
20170121_182548|82601|429|10,526316|0||0||0|0|0|0||||||||||||
20170121_182548|82694|430|10,752688|0||0||0|0|0|0||||||||||||
20170121_182549|82786|431|10,638298|0||0||0|0|0|0||||||||||||
20170121_182549|82881|432|10,638298|0||0||0|0|0|0||||||||||||
20170121_182549|82974|433|10,752688|0||0||0|0|0|0||||||||||||
20170121_182549|83069|434|10,638298|0||0||0|0|0|0||||||||||||
20170121_182549|83167|435|10,416667|0||0||0|0|0|0||||||||||||
20170121_182549|83259|436|10,638298|0||0||0|0|0|0||||||||||||
20170121_182549|83352|437|10,869565|0||0||0|0|0|0||||||||||||
20170121_182549|83444|438|10,638298|0||0||0|0|0|0||||||||||||
20170121_182549|83537|439|10,638298|0||0||0|0|0|0||||||||||||
20170121_182549|83633|440|10,526316|0||0||0|0|0|0||||||||||||
20170121_182550|83724|441|10,989011|0||0||0|0|0|0||||||||||||
20170121_182550|83817|442|10,638298|0||0||0|0|0|0||||||||||||
20170121_182550|83913|443|10,416667|0||0||0|0|0|0||||||||||||
20170121_182550|84007|444|10,638298|0||0||0|0|0|0||||||||||||
20170121_182550|84101|445|10,869565|0||0||0|0|0|0||||||||||||
20170121_182550|84193|446|10,752688|0||0||0|0|0|0||||||||||||
20170121_182550|84289|447|10,416667|0||0||0|0|0|0||||||||||||
20170121_182550|84383|448|10,752688|0||0||0|0|0|0||||||||||||
20170121_182550|84474|449|10,752688|0||0||0|0|0|0||||||||||||
20170121_182550|84570|450|10,752688|0||0||0|0|0|0||||||||||||
20170121_182550|84665|451|10,416667|0||0||0|0|0|0||||||||||||
20170121_182551|84754|452|10,989011|0||0||0|0|0|0||||||||||||
20170121_182551|84849|453|10,526316|0||0||0|0|0|0||||||||||||
20170121_182551|84943|454|10,752688|0||0||0|0|0|0||||||||||||
20170121_182551|85042|455|10,526316|0||0||0|0|0|0||||||||||||
20170121_182551|85134|456|10,869565|0||0||0|0|0|0||||||||||||
20170121_182551|85223|457|10,638298|0||0||0|0|0|0||||||||||||
20170121_182551|85317|458|10,638298|0||0||0|0|0|0||||||||||||
20170121_182551|85381|459|15,873016|0||0||0|0|0|0||||||||||||
20170121_182551|85461|460|12,345679|0||0||0|0|0|0||||||||||||
20170121_182551|85556|461|10,869565|0||0||0|0|0|0||||||||||||
20170121_182551|85646|462|10,752688|0||0||0|0|0|0||||||||||||
20170121_182552|85739|463|10,638298|0||0||0|0|0|0||||||||||||
20170121_182552|85837|464|10,638298|0||0||0|0|0|0||||||||||||
20170121_182552|85929|465|10,752688|0||0||0|0|0|0||||||||||||
20170121_182552|86022|466|10,638298|0||0||0|0|0|0||||||||||||
20170121_182552|86116|467|10,752688|0||0||0|0|0|0||||||||||||
20170121_182552|86207|468|10,752688|0||0||0|0|0|0||||||||||||
20170121_182552|86303|469|10,638298|0||0||0|0|0|0||||||||||||
20170121_182552|86395|470|10,638298|0||0||0|0|0|0||||||||||||
20170121_182552|86488|471|10,638298|0||0||0|0|0|0||||||||||||
20170121_182552|86584|472|10,752688|0||0||0|0|0|0||||||||||||
20170121_182552|86677|473|10,416667|0||0||0|0|0|0||||||||||||
20170121_182553|86771|474|10,752688|0||0||0|0|0|0||||||||||||
20170121_182553|86864|475|10,752688|0||0||0|0|0|0||||||||||||
20170121_182553|86960|476|10,526316|0||0||0|0|0|0||||||||||||
20170121_182553|87051|477|10,638298|0||0||0|0|0|0||||||||||||
20170121_182553|87146|478|10,752688|0||0||0|0|0|0||||||||||||
20170121_182553|87239|479|10,638298|0||0||0|0|0|0||||||||||||
20170121_182553|87334|480|10,869565|0||0||0|0|0|0||||||||||||
20170121_182553|87428|481|10,526316|0||0||0|0|0|0||||||||||||
20170121_182553|87521|482|10,638298|0||0||0|0|0|0||||||||||||
20170121_182553|87616|483|10,638298|0||0||0|0|0|0||||||||||||
20170121_182554|87712|484|10,416667|0||0||0|0|0|0||||||||||||
20170121_182554|87808|485|11,111111|0||0||0|0|0|0||||||||||||
20170121_182554|87897|486|10,638298|0||0||0|0|0|0||||||||||||
20170121_182554|87989|487|10,638298|0||0||0|0|0|0||||||||||||
20170121_182554|88084|488|10,638298|0||0||0|0|0|0||||||||||||
20170121_182554|88180|489|10,526316|0||0||0|0|0|0||||||||||||
20170121_182554|88272|490|10,869565|0||0||0|0|0|0||||||||||||
20170121_182554|88365|491|10,526316|0||0||0|0|0|0||||||||||||
20170121_182554|88459|492|10,752688|0||0||0|0|0|0||||||||||||
20170121_182554|88554|493|10,638298|0||0||0|0|0|0||||||||||||
20170121_182554|88648|494|10,752688|0||0||0|0|0|0||||||||||||
20170121_182555|88740|495|10,526316|0||0||0|0|0|0||||||||||||
20170121_182555|88835|496|10,752688|0||0||0|0|0|0||||||||||||
20170121_182555|88925|497|10,752688|0||0||0|0|0|0||||||||||||
20170121_182555|89020|498|10,638298|0||0||0|0|0|0||||||||||||
20170121_182555|89116|499|10,638298|0||0||0|0|0|0||||||||||||
20170121_182555|89210|500|10,638298|0||0||0|0|0|0||||||||||||
20170121_182555|89302|501|10,752688|0||0||0|0|0|0||||||||||||
20170121_182555|89396|502|10,416667|0||0||0|0|0|0||||||||||||
20170121_182555|89488|503|10,869565|0||0||0|0|0|0||||||||||||
20170121_182555|89582|504|10,752688|0||0||0|0|0|0||||||||||||
20170121_182555|89678|505|10,416667|0||0||0|0|0|0||||||||||||
20170121_182556|89770|506|10,869565|0||0||0|0|0|0||||||||||||
20170121_182556|89864|507|10,638298|0||0||0|0|0|0||||||||||||
20170121_182556|89958|508|10,638298|0||0||0|0|0|0||||||||||||
20170121_182556|90052|509|10,638298|0||0||0|0|0|0||||||||||||
20170121_182556|90146|510|10,869565|0||0||0|0|0|0||||||||||||
20170121_182556|90241|511|10,309278|0||0||0|0|0|0||||||||||||
20170121_182556|90335|512|10,752688|0||0||0|0|0|0||||||||||||
20170121_182556|90431|513|10,638298|0||0||0|0|0|0||||||||||||
20170121_182556|90521|514|10,752688|0||0||0|0|0|0||||||||||||
20170121_182556|90618|515|10,638298|0||0||0|0|0|0||||||||||||
20170121_182557|90711|516|10,638298|0||0||0|0|0|0||||||||||||
20170121_182557|90802|517|10,752688|0||0||0|0|0|0||||||||||||
20170121_182557|90896|518|10,752688|0||0||0|0|0|0||||||||||||
20170121_182557|90991|519|10,638298|0||0||0|0|0|0||||||||||||
20170121_182557|91084|520|10,638298|0||0||0|0|0|0||||||||||||
20170121_182557|91176|521|10,752688|0||0||0|0|0|0||||||||||||
20170121_182557|91270|522|10,638298|0||0||0|0|0|0||||||||||||
20170121_182557|91364|523|10,638298|0||0||0|0|0|0||||||||||||
20170121_182557|91460|524|10,638298|0||0||0|0|0|0||||||||||||
20170121_182557|91551|525|10,752688|0||0||0|0|0|0||||||||||||
20170121_182557|91647|526|10,526316|0||0||0|0|0|0||||||||||||
20170121_182558|91742|527|10,638298|0||0||0|0|0|0||||||||||||
20170121_182558|91833|528|10,752688|0||0||0|0|0|0||||||||||||
20170121_182558|91928|529|10,638298|0||0||0|0|0|0||||||||||||
20170121_182558|92021|530|10,752688|0||0||0|0|0|0||||||||||||
20170121_182558|92115|531|10,638298|0||0||0|0|0|0||||||||||||
20170121_182558|92209|532|10,752688|0||0||0|0|0|0||||||||||||
20170121_182558|92303|533|10,416667|0||0||0|0|0|0||||||||||||
20170121_182558|92396|534|10,752688|0||0||0|0|0|0||||||||||||
20170121_182558|92489|535|10,752688|0||0||0|0|0|0||||||||||||
20170121_182558|92584|536|10,638298|0||0||0|0|0|0||||||||||||
20170121_182558|92678|537|10,752688|0||0||0|0|0|0||||||||||||
20170121_182559|92771|538|10,638298|0||0||0|0|0|0||||||||||||
20170121_182559|92864|539|10,526316|0||0||0|0|0|0||||||||||||
20170121_182559|92958|540|10,869565|0||0||0|0|0|0||||||||||||
20170121_182559|93051|541|10,526316|0||0||0|0|0|0||||||||||||
20170121_182559|93146|542|10,638298|0||0||0|0|0|0||||||||||||
20170121_182559|93242|543|10,638298|0||0||0|0|0|0||||||||||||
20170121_182559|93335|544|10,638298|0||0||0|0|0|0||||||||||||
20170121_182559|93430|545|10,638298|0||0||0|0|0|0||||||||||||
20170121_182559|93519|546|10,869565|0||0||0|0|0|0||||||||||||
20170121_182559|93615|547|10,638298|0||0||0|0|0|0||||||||||||
20170121_182559|93710|548|10,638298|0||0||0|0|0|0||||||||||||
20170121_182600|93801|549|10,638298|0||0||0|0|0|0||||||||||||
20170121_182600|93895|550|10,752688|0||0||0|0|0|0||||||||||||
20170121_182600|93990|551|10,638298|0||0||0|0|0|0||||||||||||
20170121_182600|94084|552|10,638298|0||0||0|0|0|0||||||||||||
20170121_182600|94177|553|10,752688|0||0||0|0|0|0||||||||||||
20170121_182600|94270|554|10,638298|0||0||0|0|0|0||||||||||||
20170121_182600|94368|555|10,526316|0||0||0|0|0|0||||||||||||
20170121_182600|94459|556|10,638298|0||0||0|0|0|0||||||||||||
20170121_182600|94525|557|15,625000|0||0||0|0|0|0||||||||||||
20170121_182600|94600|558|13,157895|0||0||0|0|0|0||||||||||||
20170121_182600|94696|559|10,638298|0||0||0|0|0|0||||||||||||
20170121_182601|94785|560|10,752688|0||0||0|0|0|0||||||||||||
20170121_182601|94880|561|10,638298|0||0||0|0|0|0||||||||||||
20170121_182601|94973|562|10,752688|0||0||0|0|0|0||||||||||||
20170121_182601|95067|563|10,638298|0||0||0|0|0|0||||||||||||
20170121_182601|95163|564|10,526316|0||0||0|0|0|0||||||||||||
20170121_182601|95256|565|10,752688|0||0||0|0|0|0||||||||||||
20170121_182601|95348|566|10,752688|0||0||0|0|0|0||||||||||||
20170121_182601|95442|567|10,638298|0||0||0|0|0|0||||||||||||
20170121_182601|95537|568|10,526316|0||0||0|0|0|0||||||||||||
20170121_182601|95633|569|10,752688|0||0||0|0|0|0||||||||||||
20170121_182602|95724|570|10,638298|0||0||0|0|0|0||||||||||||
20170121_182602|95818|571|10,752688|0||0||0|0|0|0||||||||||||
20170121_182602|95911|572|10,638298|0||0||0|0|0|0||||||||||||
20170121_182602|96006|573|10,638298|0||0||0|0|0|0||||||||||||
20170121_182602|96101|574|10,638298|0||0||0|0|0|0||||||||||||
20170121_182602|96192|575|10,869565|0||0||0|0|0|0||||||||||||
20170121_182602|96288|576|10,309278|0||0||0|0|0|0||||||||||||
20170121_182602|96381|577|10,869565|0||0||0|0|0|0||||||||||||
20170121_182602|96474|578|10,752688|0||0||0|0|0|0||||||||||||
20170121_182602|96568|579|10,638298|0||0||0|0|0|0||||||||||||
20170121_182602|96661|580|10,526316|0||0||0|0|0|0||||||||||||
20170121_182603|96757|581|10,869565|0||0||0|0|0|0||||||||||||
20170121_182603|96848|582|10,526316|0||0||0|0|0|0||||||||||||
20170121_182603|96943|583|10,752688|0||0||0|0|0|0||||||||||||
20170121_182603|97038|584|10,526316|0||0||0|0|0|0||||||||||||
20170121_182603|97130|585|10,869565|0||0||0|0|0|0||||||||||||
20170121_182603|97222|586|10,638298|0||0||0|0|0|0||||||||||||
20170121_182603|97318|587|10,638298|0||0||0|0|0|0||||||||||||
20170121_182603|97410|588|10,638298|0||0||0|0|0|0||||||||||||
20170121_182603|97506|589|10,526316|0||0||0|0|0|0||||||||||||
20170121_182603|97599|590|10,869565|0||0||0|0|0|0||||||||||||
20170121_182603|97694|591|10,752688|0||0||0|0|0|0||||||||||||
20170121_182604|97788|592|10,526316|0||0||0|0|0|0||||||||||||
20170121_182604|97880|593|10,752688|0||0||0|0|0|0||||||||||||
20170121_182604|97974|594|10,638298|0||0||0|0|0|0||||||||||||
20170121_182604|98070|595|10,416667|0||0||0|0|0|0||||||||||||
20170121_182604|98161|596|10,869565|0||0||0|0|0|0||||||||||||
20170121_182604|98256|597|10,638298|0||0||0|0|0|0||||||||||||
20170121_182604|98349|598|10,638298|0||0||0|0|0|0||||||||||||
20170121_182604|98443|599|10,752688|0||0||0|0|0|0||||||||||||
20170121_182604|98536|600|10,526316|0||0||0|0|0|0||||||||||||
20170121_182604|98631|601|10,638298|0||0||0|0|0|0||||||||||||
20170121_182605|98725|602|10,869565|0||0||0|0|0|0||||||||||||
20170121_182605|98819|603|10,638298|0||0||0|0|0|0||||||||||||
20170121_182605|98912|604|10,526316|0||0||0|0|0|0||||||||||||
20170121_182605|99005|605|10,752688|0||0||0|0|0|0||||||||||||
20170121_182605|99101|606|10,526316|0||0||0|0|0|0||||||||||||
20170121_182605|99193|607|10,869565|0||0||0|0|0|0||||||||||||
20170121_182605|99287|608|10,638298|0||0||0|0|0|0||||||||||||
20170121_182605|99381|609|10,752688|0||0||0|0|0|0||||||||||||
20170121_182605|99475|610|10,416667|0||0||0|0|0|0||||||||||||
20170121_182605|99570|611|10,752688|0||0||0|0|0|0||||||||||||
20170121_182605|99665|612|10,638298|0||0||0|0|0|0||||||||||||
20170121_182606|99756|613|10,638298|0||0||0|0|0|0||||||||||||
20170121_182606|99850|614|10,638298|0||0||0|0|0|0||||||||||||
20170121_182606|99944|615|10,869565|0||0||0|0|0|0||||||||||||
20170121_182606|100038|616|10,526316|0||0||0|0|0|0||||||||||||
20170121_182606|100133|617|10,638298|0||0||0|0|0|0||||||||||||
20170121_182606|100225|618|10,869565|0||0||0|0|0|0||||||||||||
20170121_182606|100321|619|10,416667|0||0||0|0|0|0||||||||||||
20170121_182606|100416|620|10,869565|0||0||0|0|0|0||||||||||||
20170121_182606|100507|621|10,752688|0||0||0|0|0|0||||||||||||
20170121_182606|100599|622|10,526316|0||0||0|0|0|0||||||||||||
20170121_182606|100694|623|10,752688|0||0||0|0|0|0||||||||||||
20170121_182607|100788|624|10,526316|0||0||0|0|0|0||||||||||||
20170121_182607|100882|625|10,752688|0||0||0|0|0|0||||||||||||
20170121_182607|100975|626|10,638298|0||0||0|0|0|0||||||||||||
20170121_182607|101068|627|10,752688|0||0||0|0|0|0||||||||||||
20170121_182607|101168|628|10,526316|0||0||0|0|0|0||||||||||||
20170121_182607|101256|629|10,869565|0||0||0|0|0|0||||||||||||
20170121_182607|101350|630|10,526316|0||0||0|0|0|0||||||||||||
20170121_182607|101444|631|10,638298|0||0||0|0|0|0||||||||||||
20170121_182607|101538|632|10,752688|0||0||0|0|0|0||||||||||||
20170121_182607|101631|633|10,526316|0||0||0|0|0|0||||||||||||
20170121_182608|101724|634|10,869565|0||0||0|0|0|0||||||||||||
20170121_182608|101817|635|10,638298|0||0||0|0|0|0||||||||||||
20170121_182608|101911|636|10,638298|0||0||0|0|0|0||||||||||||
20170121_182608|102006|637|10,752688|0||0||0|0|0|0||||||||||||
20170121_182608|102102|638|10,638298|0||0||0|0|0|0||||||||||||
20170121_182608|102191|639|10,752688|0||0||0|0|0|0||||||||||||
20170121_182608|102287|640|10,526316|0||0||0|0|0|0||||||||||||
20170121_182608|102381|641|10,526316|0||0||0|0|0|0||||||||||||
20170121_182608|102476|642|10,638298|0||0||0|0|0|0||||||||||||
20170121_182608|102569|643|10,869565|0||0||0|0|0|0||||||||||||
20170121_182608|102661|644|10,638298|0||0||0|0|0|0||||||||||||
20170121_182609|102756|645|10,526316|0||0||0|0|0|0||||||||||||
20170121_182609|102849|646|10,752688|0||0||0|0|0|0||||||||||||
20170121_182609|102942|647|10,752688|0||0||0|0|0|0||||||||||||
20170121_182609|103039|648|10,526316|0||0||0|0|0|0||||||||||||
20170121_182609|103130|649|10,638298|0||0||0|0|0|0||||||||||||
20170121_182609|103225|650|10,752688|0||0||0|0|0|0||||||||||||
20170121_182609|103320|651|10,416667|0||0||0|0|0|0||||||||||||
20170121_182609|103411|652|10,869565|0||0||0|0|0|0||||||||||||
20170121_182609|103507|653|10,752688|0||0||0|0|0|0||||||||||||
20170121_182609|103600|654|10,526316|0||0||0|0|0|0||||||||||||
20170121_182609|103693|655|10,869565|0||0||0|0|0|0||||||||||||
20170121_182610|103788|656|10,526316|0||0||0|0|0|0||||||||||||
20170121_182610|103913|657|8,064516|0||0||0|0|0|0||||||||||||
20170121_182610|104039|658|7,812500|0||0||0|0|0|0||||||||||||
20170121_182610|104120|659|12,500000|0||0||0|0|0|0||||||||||||
20170121_182610|104211|660|11,235955|0||0||0|0|0|0||||||||||||
20170121_182610|104306|661|10,638298|0||0||0|0|0|0||||||||||||
20170121_182611|105049|662|1,468429|0||0||0|0|0|0||||||||||||
20170121_182611|105260|663|5,208333|0||0||0|0|0|0||||||||||||
20170121_182611|105459|664|3,937008|0||0||0|0|0|0||||||||||||
20170121_182611|105588|665|6,410256|0||0||0|0|0|0||||||||||||
20170121_182611|105678|666|10,752688|0||0||0|0|0|0||||||||||||
20170121_182612|105775|667|10,752688|0||0||0|0|0|0||||||||||||
20170121_182612|105866|668|10,638298|0||0||0|0|0|0||||||||||||
20170121_182612|105959|669|10,752688|0||0||0|0|0|0||||||||||||
20170121_182612|106061|670|10,526316|0||0||0|0|0|0||||||||||||
20170121_182612|106145|671|10,869565|0||0||0|0|0|0||||||||||||
20170121_182612|106240|672|10,526316|0||0||0|0|0|0||||||||||||
20170121_182612|106334|673|10,638298|0||0||0|0|0|0||||||||||||
20170121_182612|106429|674|10,752688|0||0||0|0|0|0||||||||||||
20170121_182612|106523|675|10,752688|0||0||0|0|0|0||||||||||||
20170121_182612|106619|676|10,638298|0||0||0|0|0|0||||||||||||
20170121_182613|106710|677|10,752688|0||0||0|0|0|0||||||||||||
20170121_182613|106801|678|10,638298|0||0||0|0|0|0||||||||||||
20170121_182613|106895|679|10,526316|0||0||0|0|0|0||||||||||||
20170121_182613|106992|680|10,526316|0||0||0|0|0|0||||||||||||
20170121_182613|107087|681|10,752688|0||0||0|0|0|0||||||||||||
20170121_182613|107178|682|10,752688|0||0||0|0|0|0||||||||||||
20170121_182613|107270|683|10,752688|0||0||0|0|0|0||||||||||||
20170121_182613|107365|684|10,638298|0||0||0|0|0|0||||||||||||
20170121_182613|107462|685|10,638298|0||0||0|0|0|0||||||||||||
20170121_182613|107555|686|10,526316|0||0||0|0|0|0||||||||||||
20170121_182613|107647|687|10,752688|0||0||0|0|0|0||||||||||||
20170121_182614|107740|688|10,638298|0||0||0|0|0|0||||||||||||
20170121_182614|107835|689|10,752688|0||0||0|0|0|0||||||||||||
20170121_182614|107928|690|10,638298|0||0||0|0|0|0||||||||||||
20170121_182614|108020|691|10,752688|0||0||0|0|0|0||||||||||||
20170121_182614|108116|692|10,638298|0||0||0|0|0|0||||||||||||
20170121_182614|108207|693|10,638298|0||0||0|0|0|0||||||||||||
20170121_182614|108304|694|10,638298|0||0||0|0|0|0||||||||||||
20170121_182614|108394|695|10,752688|0||0||0|0|0|0||||||||||||
20170121_182614|108492|696|10,638298|0||0||0|0|0|0||||||||||||
20170121_182614|108585|697|10,526316|0||0||0|0|0|0||||||||||||
20170121_182614|108676|698|10,869565|0||0||0|0|0|0||||||||||||
20170121_182615|108771|699|10,638298|0||0||0|0|0|0||||||||||||
20170121_182615|108866|700|10,526316|0||0||0|0|0|0||||||||||||
20170121_182615|108958|701|10,638298|0||0||0|0|0|0||||||||||||
20170121_182615|109050|702|10,869565|0||0||0|0|0|0||||||||||||
20170121_182615|109147|703|10,416667|0||0||0|0|0|0||||||||||||
20170121_182615|109239|704|10,869565|0||0||0|0|0|0||||||||||||
20170121_182615|109335|705|10,752688|0||0||0|0|0|0||||||||||||
20170121_182615|109430|706|10,526316|0||0||0|0|0|0||||||||||||
20170121_182615|109522|707|10,638298|0||0||0|0|0|0||||||||||||
20170121_182615|109617|708|10,638298|0||0||0|0|0|0||||||||||||
20170121_182616|109711|709|10,752688|0||0||0|0|0|0||||||||||||
20170121_182616|109805|710|10,526316|0||0||0|0|0|0||||||||||||
20170121_182616|109898|711|10,869565|0||0||0|0|0|0||||||||||||
20170121_182616|109992|712|10,526316|0||0||0|0|0|0||||||||||||
20170121_182616|110084|713|10,752688|0||0||0|0|0|0||||||||||||
20170121_182616|110177|714|10,638298|0||0||0|0|0|0||||||||||||
20170121_182616|110271|715|10,869565|0||0||0|0|0|0||||||||||||
20170121_182616|110365|716|10,526316|0||0||0|0|0|0||||||||||||
20170121_182616|110457|717|10,638298|0||0||0|0|0|0||||||||||||
20170121_182616|110550|718|10,752688|0||0||0|0|0|0||||||||||||
20170121_182616|110645|719|10,638298|0||0||0|0|0|0||||||||||||
20170121_182617|110739|720|10,638298|0||0||0|0|0|0||||||||||||
20170121_182617|110834|721|10,638298|0||0||0|0|0|0||||||||||||
20170121_182617|110928|722|10,638298|0||0||0|0|0|0||||||||||||
20170121_182617|111021|723|10,638298|0||0||0|0|0|0||||||||||||
20170121_182617|111120|724|10,204082|0||0||0|0|0|0||||||||||||
20170121_182617|111212|725|10,989011|0||0||0|0|0|0||||||||||||
20170121_182617|111304|726|10,752688|0||0||0|0|0|0||||||||||||
20170121_182617|111397|727|10,869565|0||0||0|0|0|0||||||||||||
20170121_182617|111493|728|10,526316|0||0||0|0|0|0||||||||||||
20170121_182617|111585|729|10,752688|0||0||0|0|0|0||||||||||||
20170121_182617|111678|730|10,638298|0||0||0|0|0|0||||||||||||
20170121_182618|111774|731|10,752688|0||0||0|0|0|0||||||||||||
20170121_182618|111867|732|10,526316|0||0||0|0|0|0||||||||||||
20170121_182618|111959|733|10,752688|0||0||0|0|0|0||||||||||||
20170121_182618|112051|734|10,752688|0||0||0|0|0|0||||||||||||
20170121_182618|112147|735|10,526316|0||0||0|0|0|0||||||||||||
20170121_182618|112243|736|10,638298|0||0||0|0|0|0||||||||||||
20170121_182618|112334|737|10,752688|0||0||0|0|0|0||||||||||||
20170121_182618|112428|738|10,638298|0||0||0|0|0|0||||||||||||
20170121_182618|112521|739|10,526316|0||0||0|0|0|0||||||||||||
20170121_182618|112616|740|10,752688|0||0||0|0|0|0||||||||||||
20170121_182618|112709|741|10,752688|0||0||0|0|0|0||||||||||||
20170121_182619|112767|742|16,949153|0||0||0|0|0|0||||||||||||
20170121_182619|112848|743|12,345679|0||0||0|0|0|0||||||||||||
20170121_182619|112942|744|10,638298|0||0||0|0|0|0||||||||||||
20170121_182619|113038|745|10,638298|0||0||0|0|0|0||||||||||||
20170121_182619|113131|746|10,638298|0||0||0|0|0|0||||||||||||
20170121_182619|113223|747|10,752688|0||0||0|0|0|0||||||||||||
20170121_182619|113317|748|10,752688|0||0||0|0|0|0||||||||||||
20170121_182619|113413|749|10,526316|0||0||0|0|0|0||||||||||||
20170121_182619|113511|750|10,416667|0||0||0|0|0|0||||||||||||
20170121_182619|113600|751|10,989011|0||0||0|0|0|0||||||||||||
20170121_182619|113666|752|15,151515|0||0||0|0|0|0||||||||||||
20170121_182620|113741|753|13,157895|0||0||0|0|0|0||||||||||||
20170121_182620|113834|754|10,752688|0||0||0|0|0|0||||||||||||
20170121_182620|113929|755|10,638298|0||0||0|0|0|0||||||||||||
20170121_182620|114020|756|10,752688|0||0||0|0|0|0||||||||||||
20170121_182620|114115|757|10,526316|0||0||0|0|0|0||||||||||||
20170121_182620|114209|758|10,638298|0||0||0|0|0|0||||||||||||
20170121_182620|114303|759|10,752688|0||0||0|0|0|0||||||||||||
20170121_182620|114395|760|10,752688|0||0||0|0|0|0||||||||||||
20170121_182620|114494|761|10,526316|0||0||0|0|0|0||||||||||||
20170121_182620|114553|762|16,393443|0||0||0|0|0|0||||||||||||
20170121_182620|114634|763|12,500000|0||0||0|0|0|0||||||||||||
20170121_182621|114724|764|10,752688|0||0||0|0|0|0||||||||||||
20170121_182621|114821|765|10,638298|0||0||0|0|0|0||||||||||||
20170121_182621|114912|766|10,638298|0||0||0|0|0|0||||||||||||
20170121_182621|115020|767|10,101010|0||0||0|0|0|0||||||||||||
20170121_182621|115104|768|11,111111|0||0||0|0|0|0||||||||||||
20170121_182621|115213|769|9,259259|0||0||0|0|0|0||||||||||||
20170121_182621|115336|770|8,196721|0||0||0|0|0|0||||||||||||
20170121_182621|115427|771|10,416667|0||0||0|0|0|0||||||||||||
20170121_182621|115636|772|8,928571|0||0||0|0|0|0||||||||||||
20170121_182622|115758|773|4,629630|0||0||0|0|0|0||||||||||||
20170121_182622|115865|774|9,174312|0||0||0|0|0|0||||||||||||
20170121_182622|115943|775|12,658228|0||0||0|0|0|0||||||||||||
20170121_182622|116017|776|14,285714|0||0||0|0|0|0||||||||||||
20170121_182622|116089|777|13,333333|0||0||0|0|0|0||||||||||||
20170121_182622|116179|778|11,111111|0||0||0|0|0|0||||||||||||
20170121_182622|116272|779|10,752688|0||0||0|0|0|0||||||||||||
20170121_182622|116372|780|10,526316|0||0||0|0|0|0||||||||||||
20170121_182622|116460|781|10,752688|0||0||0|0|0|0||||||||||||
20170121_182622|116553|782|10,752688|0||0||0|0|0|0||||||||||||
20170121_182622|116645|783|10,752688|0||0||0|0|0|0||||||||||||
20170121_182623|116740|784|10,638298|0||0||0|0|0|0||||||||||||
20170121_182623|116833|785|10,638298|0||0||0|0|0|0||||||||||||
20170121_182623|116927|786|10,638298|0||0||0|0|0|0||||||||||||
20170121_182623|117023|787|10,638298|0||0||0|0|0|0||||||||||||
20170121_182623|117116|788|10,638298|0||0||0|0|0|0||||||||||||
20170121_182623|117208|789|10,869565|0||0||0|0|0|0||||||||||||
20170121_182623|117302|790|10,526316|0||0||0|0|0|0||||||||||||
20170121_182623|117397|791|10,752688|0||0||0|0|0|0||||||||||||
20170121_182623|117492|792|10,526316|0||0||0|0|0|0||||||||||||
20170121_182623|117593|793|10,101010|0||0||0|0|0|0||||||||||||
20170121_182623|117679|794|11,235955|0||0||0|0|0|0||||||||||||
20170121_182624|117771|795|10,752688|0||0||0|0|0|0||||||||||||
20170121_182624|117866|796|10,526316|0||0||0|0|0|0||||||||||||
20170121_182624|117959|797|10,752688|0||0||0|0|0|0||||||||||||
20170121_182624|118050|798|10,869565|0||0||0|0|0|0||||||||||||
20170121_182624|118181|799|9,345794|0||0||0|0|0|0||||||||||||
20170121_182624|118287|800|7,751938|0||0||0|0|0|0||||||||||||
20170121_182624|118397|801|10,638298|0||0||0|0|0|0||||||||||||
20170121_182624|118522|802|7,142857|0||0||0|0|0|0||||||||||||
20170121_182624|118618|803|10,638298|0||0||0|0|0|0||||||||||||
20170121_182624|118709|804|10,752688|0||0||0|0|0|0||||||||||||
20170121_182625|118802|805|10,638298|0||0||0|0|0|0||||||||||||
20170121_182625|118895|806|10,752688|0||0||0|0|0|0||||||||||||
20170121_182625|118990|807|10,526316|0||0||0|0|0|0||||||||||||
20170121_182625|119082|808|10,752688|0||0||0|0|0|0||||||||||||
20170121_182625|119176|809|10,752688|0||0||0|0|0|0||||||||||||
20170121_182625|119270|810|10,638298|0||0||0|0|0|0||||||||||||
20170121_182625|119365|811|10,638298|0||0||0|0|0|0||||||||||||
20170121_182625|119458|812|10,526316|0||0||0|0|0|0||||||||||||
20170121_182625|119554|813|10,526316|0||0||0|0|0|0||||||||||||
20170121_182625|119645|814|10,989011|0||0||0|0|0|0||||||||||||
20170121_182626|119738|815|10,869565|0||0||0|0|0|0||||||||||||
20170121_182626|119833|816|10,416667|0||0||0|0|0|0||||||||||||
20170121_182626|119927|817|10,526316|0||0||0|0|0|0||||||||||||
20170121_182626|120020|818|10,869565|0||0||0|0|0|0||||||||||||
20170121_182626|120115|819|10,526316|0||0||0|0|0|0||||||||||||
20170121_182626|120208|820|10,752688|0||0||0|0|0|0||||||||||||
20170121_182626|120304|821|10,416667|0||0||0|0|0|0||||||||||||
20170121_182626|120394|822|10,989011|0||0||0|0|0|0||||||||||||
20170121_182626|120496|823|10,526316|0||0||0|0|0|0||||||||||||
20170121_182626|120582|824|10,752688|0||0||0|0|0|0||||||||||||
20170121_182626|120675|825|10,869565|0||0||0|0|0|0||||||||||||
20170121_182627|120771|826|10,416667|0||0||0|0|0|0||||||||||||
20170121_182627|120866|827|10,638298|0||0||0|0|0|0||||||||||||
20170121_182627|120958|828|10,752688|0||0||0|0|0|0||||||||||||
20170121_182627|121026|829|14,925373|0||0||0|0|0|0||||||||||||
20170121_182627|121102|830|13,333333|0||0||0|0|0|0||||||||||||
20170121_182627|121166|831|15,151515|0||0||0|0|0|0||||||||||||
20170121_182627|121242|832|13,333333|0||0||0|0|0|0||||||||||||
20170121_182627|121333|833|10,752688|0||0||0|0|0|0||||||||||||
20170121_182627|121428|834|10,752688|0||0||0|0|0|0||||||||||||
20170121_182627|121518|835|10,869565|0||0||0|0|0|0||||||||||||
20170121_182627|121615|836|10,416667|0||0||0|0|0|0||||||||||||
20170121_182628|121715|837|10,638298|0||0||0|0|0|0||||||||||||
20170121_182628|121801|838|10,752688|0||0||0|0|0|0||||||||||||
20170121_182628|121895|839|10,752688|0||0||0|0|0|0||||||||||||
20170121_182628|121990|840|10,526316|0||0||0|0|0|0||||||||||||
20170121_182628|122084|841|10,752688|0||0||0|0|0|0||||||||||||
20170121_182628|122178|842|10,526316|0||0||0|0|0|0||||||||||||
20170121_182628|122271|843|10,752688|0||0||0|0|0|0||||||||||||
20170121_182628|122367|844|10,526316|0||0||0|0|0|0||||||||||||
20170121_182628|122459|845|10,752688|0||0||0|0|0|0||||||||||||
20170121_182628|122554|846|10,638298|0||0||0|0|0|0||||||||||||
20170121_182628|122646|847|10,869565|0||0||0|0|0|0||||||||||||
20170121_182629|122740|848|10,526316|0||0||0|0|0|0||||||||||||
20170121_182629|122834|849|10,526316|0||0||0|0|0|0||||||||||||
20170121_182629|122927|850|10,869565|0||0||0|0|0|0||||||||||||
20170121_182629|123019|851|10,752688|0||0||0|0|0|0||||||||||||
20170121_182629|123114|852|10,638298|0||0||0|0|0|0||||||||||||
20170121_182629|123208|853|10,638298|0||0||0|0|0|0||||||||||||
20170121_182629|123301|854|10,752688|0||0||0|0|0|0||||||||||||
20170121_182629|123394|855|10,638298|0||0||0|0|0|0||||||||||||
20170121_182629|123488|856|10,752688|0||0||0|0|0|0||||||||||||
20170121_182629|123583|857|10,416667|0||0||0|0|0|0||||||||||||
20170121_182629|123680|858|10,638298|0||0||0|0|0|0||||||||||||
20170121_182630|123770|859|10,869565|0||0||0|0|0|0||||||||||||
20170121_182630|123863|860|10,638298|0||0||0|0|0|0||||||||||||
20170121_182630|123959|861|10,638298|0||0||0|0|0|0||||||||||||
20170121_182630|124051|862|10,638298|0||0||0|0|0|0||||||||||||
20170121_182630|124148|863|10,638298|0||0||0|0|0|0||||||||||||
20170121_182630|124239|864|10,638298|0||0||0|0|0|0||||||||||||
20170121_182630|124334|865|10,638298|0||0||0|0|0|0||||||||||||
20170121_182630|124428|866|10,869565|0||0||0|0|0|0||||||||||||
20170121_182630|124520|867|10,638298|0||0||0|0|0|0||||||||||||
20170121_182630|124614|868|10,638298|0||0||0|0|0|0||||||||||||
20170121_182630|124708|869|10,638298|0||0||0|0|0|0||||||||||||
20170121_182631|124803|870|10,526316|0||0||0|0|0|0||||||||||||
20170121_182631|124897|871|10,869565|0||0||0|0|0|0||||||||||||
20170121_182631|124990|872|10,638298|0||0||0|0|0|0||||||||||||
20170121_182631|125083|873|10,526316|0||0||0|0|0|0||||||||||||
20170121_182631|125178|874|10,638298|0||0||0|0|0|0||||||||||||
20170121_182631|125271|875|10,752688|0||0||0|0|0|0||||||||||||
20170121_182631|125365|876|10,526316|0||0||0|0|0|0||||||||||||
20170121_182631|125459|877|10,752688|0||0||0|0|0|0||||||||||||
20170121_182631|125552|878|10,869565|0||0||0|0|0|0||||||||||||
20170121_182631|125643|879|10,638298|0||0||0|0|0|0||||||||||||
20170121_182632|125738|880|10,638298|0||0||0|0|0|0||||||||||||
20170121_182632|125837|881|10,638298|0||0||0|0|0|0||||||||||||
20170121_182632|125926|882|10,752688|0||0||0|0|0|0||||||||||||
20170121_182632|126022|883|10,526316|0||0||0|0|0|0||||||||||||
20170121_182632|126115|884|10,638298|0||0||0|0|0|0||||||||||||
20170121_182632|126207|885|10,752688|0||0||0|0|0|0||||||||||||
20170121_182632|126302|886|10,526316|0||0||0|0|0|0||||||||||||
20170121_182632|126395|887|10,752688|0||0||0|0|0|0||||||||||||
20170121_182632|126492|888|10,638298|0||0||0|0|0|0||||||||||||
20170121_182632|126585|889|10,526316|0||0||0|0|0|0||||||||||||
20170121_182632|126675|890|11,111111|0||0||0|0|0|0||||||||||||
20170121_182633|126770|891|10,416667|0||0||0|0|0|0||||||||||||
20170121_182633|126865|892|10,638298|0||0||0|0|0|0||||||||||||
20170121_182633|126957|893|10,752688|0||0||0|0|0|0||||||||||||
20170121_182633|127051|894|10,638298|0||0||0|0|0|0||||||||||||
20170121_182633|127145|895|10,638298|0||0||0|0|0|0||||||||||||
20170121_182633|127240|896|10,638298|0||0||0|0|0|0||||||||||||
20170121_182633|127334|897|10,638298|0||0||0|0|0|0||||||||||||
20170121_182633|127428|898|10,752688|0||0||0|0|0|0||||||||||||
20170121_182633|127521|899|10,752688|0||0||0|0|0|0||||||||||||
20170121_182633|127613|900|10,638298|0||0||0|0|0|0||||||||||||
20170121_182633|127708|901|10,526316|0||0||0|0|0|0||||||||||||
20170121_182634|127803|902|10,752688|0||0||0|0|0|0||||||||||||
20170121_182634|127894|903|10,752688|0||0||0|0|0|0||||||||||||
20170121_182634|127988|904|10,638298|0||0||0|0|0|0||||||||||||
20170121_182634|128096|905|10,204082|0||0||0|0|0|0||||||||||||
20170121_182635|128732|906|1,552795|0||0||0|0|0|0||||||||||||
20170121_182635|128850|907|9,803922|0||0||0|0|0|0||||||||||||
20170121_182635|128933|908|10,526316|0||0||0|0|0|0||||||||||||
20170121_182635|129044|909|10,101010|0||0||0|0|0|0||||||||||||
20170121_182635|129163|910|7,407407|0||0||0|0|0|0||||||||||||
20170121_182635|129255|911|10,638298|0||0||0|0|0|0||||||||||||
20170121_182635|129349|912|10,638298|0||0||0|0|0|0||||||||||||
20170121_182635|129464|913|9,090909|0||0||0|0|0|0||||||||||||
20170121_182635|129630|914|5,847953|0||0||0|0|0|0||||||||||||
20170121_182636|129725|915|10,752688|0||0||0|0|0|0||||||||||||
20170121_182636|129833|916|9,708738|0||0||0|0|0|0||||||||||||
20170121_182636|129917|917|11,764706|0||0||0|0|0|0||||||||||||
20170121_182636|130014|918|10,526316|0||0||0|0|0|0||||||||||||
20170121_182636|130112|919|10,309278|0||0||0|0|0|0||||||||||||
20170121_182636|130202|920|11,235955|0||0||0|0|0|0||||||||||||
20170121_182636|130291|921|10,526316|0||0||0|0|0|0||||||||||||
20170121_182636|130380|922|10,869565|0||0||0|0|0|0||||||||||||
20170121_182636|130475|923|10,638298|0||0||0|0|0|0||||||||||||
20170121_182636|130576|924|10,416667|0||0||0|0|0|0||||||||||||
20170121_182636|130662|925|10,869565|0||0||0|0|0|0||||||||||||
20170121_182637|130755|926|10,752688|0||0||0|0|0|0||||||||||||
20170121_182637|130849|927|10,638298|0||0||0|0|0|0||||||||||||
20170121_182637|130945|928|10,638298|0||0||0|0|0|0||||||||||||
20170121_182637|131038|929|10,869565|0||0||0|0|0|0||||||||||||
20170121_182637|131133|930|10,416667|0||0||0|0|0|0||||||||||||
20170121_182637|131226|931|10,752688|0||0||0|0|0|0||||||||||||
20170121_182637|131324|932|10,416667|0||0||0|0|0|0||||||||||||
20170121_182637|131419|933|10,752688|0||0||0|0|0|0||||||||||||
20170121_182637|131509|934|10,638298|0||0||0|0|0|0||||||||||||
20170121_182637|131601|935|10,752688|0||0||0|0|0|0||||||||||||
20170121_182637|131695|936|10,638298|0||0||0|0|0|0||||||||||||
20170121_182638|131791|937|10,638298|0||0||0|0|0|0||||||||||||
20170121_182638|131881|938|10,752688|0||0||0|0|0|0||||||||||||
20170121_182638|131974|939|10,869565|0||0||0|0|0|0||||||||||||
20170121_182638|132069|940|10,526316|0||0||0|0|0|0||||||||||||
20170121_182638|132163|941|10,638298|0||0||0|0|0|0||||||||||||
20170121_182638|132257|942|10,869565|0||0||0|0|0|0||||||||||||
20170121_182638|132351|943|10,309278|0||0||0|0|0|0||||||||||||
20170121_182638|132443|944|10,989011|0||0||0|0|0|0||||||||||||
20170121_182638|132538|945|10,526316|0||0||0|0|0|0||||||||||||
20170121_182638|132637|946|10,526316|0||0||0|0|0|0||||||||||||
