TimeStamp|Ticks|FrameNum|FPS|LogaDados|Robo|achou|trajetoria|Xd|Yd|Xa|Ya|DistMelhorPonto|velAtual|velAtualDerivSuja|velDesejada|erroVel|SaidaControleLinear|angAtual|angDesejado|erroAng|SaidaControleAngular|SinalDeControle1|SinalDeControle2|
20170425_190746|18145|84|22.000000|1|CarroTeste2|1|circulo_r60_xc160_yc120|211|151|232|161|23.259407|0.000000|0.000000|55.000000|55.000000|1882.045664|0.426627|2.582622|2.155994|37.124090|133.180273|55.024294|
20170425_190746|18148|84|22.000000|1|CarroTeste|1|circulo_r60_xc160_yc120|220|120|64536|161|64316.013068|0.000000|0.000000|55.000000|55.000000|1882.045664|-0.785398|3.054326|-2.443461|-42.073983|49.813879|138.390687|
20170425_190746|18215|86|12.987013|1|CarroTeste2|0|circulo_r60_xc160_yc120|0|0|232|161|0.000000|0.000000|0.000000|0.000000|0.000000|0.000000|0.000000|0.000000|0.000000|0.000000|0.000000|0.000000|
20170425_190746|18216|86|12.987013|1|CarroTeste|0|circulo_r60_xc160_yc120|0|0|64536|161|0.000000|0.000000|0.000000|0.000000|0.000000|0.000000|0.000000|0.000000|0.000000|0.000000|0.000000|0.000000|
20170425_190746|18295|88|12.987013|1|CarroTeste2|1|circulo_r60_xc160_yc120|211|151|232|162|23.706539|0.000000|1.336112|55.000000|53.663888|1831.556036|0.321751|2.591564|2.269814|38.882225|132.506460|50.649144|
20170425_190746|18297|88|12.987013|1|CarroTeste|1|circulo_r60_xc160_yc120|220|120|64536|162|64316.013714|0.000000|0.000000|55.000000|55.000000|1877.157736|-0.785398|3.054326|-2.443461|-41.856830|49.798066|137.917708|
20170425_190746|18373|90|12.987013|1|CarroTeste2|1|circulo_r60_xc160_yc120|211|151|232|162|23.706539|0.000000|1.336112|55.000000|53.663888|1831.556202|0.321751|2.591564|2.269814|38.882232|132.506476|50.649144|
20170425_190746|18376|90|12.987013|1|CarroTeste|1|circulo_r60_xc160_yc120|220|120|64536|162|64316.013714|0.000000|0.000000|55.000000|55.000000|1877.157912|-0.785398|3.054326|-2.443461|-41.856837|49.798066|137.917725|
20170425_190746|18452|92|12.987013|1|CarroTeste2|1|circulo_r60_xc160_yc120|211|151|232|162|23.706539|0.000000|1.336112|55.000000|53.663888|1831.556203|0.321751|2.591564|2.269814|38.882232|132.506476|50.649144|
20170425_190746|18454|92|12.987013|1|CarroTeste|1|circulo_r60_xc160_yc120|220|120|64536|162|64316.013714|0.000000|0.000000|55.000000|55.000000|1877.157914|-0.785398|3.054326|-2.443461|-41.856837|49.798066|137.917725|
20170425_190747|18529|94|12.987013|1|CarroTeste2|1|circulo_r60_xc160_yc120|211|151|232|162|23.706539|0.000000|1.336112|55.000000|53.663888|1831.556203|0.321751|2.591564|2.269814|38.882232|132.506476|50.649144|
20170425_190747|18531|94|12.987013|1|CarroTeste|1|circulo_r60_xc160_yc120|220|120|64536|162|64316.013714|0.000000|0.000000|55.000000|55.000000|1877.157914|-0.785398|3.054326|-2.443461|-41.856837|49.798066|137.917725|
20170425_190747|18608|96|12.987013|1|CarroTeste2|1|circulo_r60_xc160_yc120|211|151|232|162|23.706539|0.000000|0.000000|55.000000|55.000000|1877.157904|0.321751|2.591564|2.269814|38.882232|134.786561|52.929229|
20170425_190747|18610|96|12.987013|1|CarroTeste|1|circulo_r60_xc160_yc120|220|120|64536|162|64316.013714|0.000000|0.000000|55.000000|55.000000|1877.157914|-0.785398|3.054326|-2.443461|-41.856837|49.798066|137.917725|
20170425_190747|18691|98|12.987013|1|CarroTeste2|1|circulo_r60_xc160_yc120|211|151|232|162|23.706539|0.000000|0.000000|55.000000|55.000000|1877.157914|0.321751|2.591564|2.269814|38.882232|134.786562|52.929229|
20170425_190747|18694|98|12.987013|1|CarroTeste|1|circulo_r60_xc160_yc120|220|120|64536|162|64316.013714|0.000000|0.000000|55.000000|55.000000|1877.157914|-0.785398|3.054326|-2.443461|-41.856837|49.798066|137.917725|
20170425_190747|18764|100|12.987013|1|CarroTeste2|1|circulo_r60_xc160_yc120|211|151|232|161|23.259407|0.000000|1.336112|55.000000|53.663888|1831.556214|0.463648|2.582622|2.118974|36.298330|129.786580|53.369042|
20170425_190747|18767|100|12.987013|1|CarroTeste|1|circulo_r60_xc160_yc120|220|120|64536|161|64316.013068|0.000000|0.000000|55.000000|55.000000|1877.157914|-0.785398|3.054326|-2.443461|-41.856837|49.798066|137.917725|
20170425_190747|18845|102|12.987013|1|CarroTeste2|1|circulo_r60_xc160_yc120|211|151|232|162|23.706539|0.000000|2.672225|55.000000|52.327775|1785.954504|0.321751|2.591564|2.269814|38.882231|130.226390|48.369060|
20170425_190747|18849|102|12.987013|1|CarroTeste|1|circulo_r60_xc160_yc120|220|120|64536|162|64316.013714|0.000000|0.000000|55.000000|55.000000|1877.157914|-0.785398|3.054326|-2.443461|-41.856837|49.798066|137.917725|
20170425_190747|18919|104|12.987013|1|CarroTeste2|0|circulo_r60_xc160_yc120|0|0|232|162|0.000000|0.000000|0.000000|0.000000|0.000000|0.000000|0.000000|0.000000|0.000000|0.000000|0.000000|0.000000|
20170425_190747|18920|104|12.987013|1|CarroTeste|0|circulo_r60_xc160_yc120|0|0|64536|162|0.000000|0.000000|0.000000|0.000000|0.000000|0.000000|0.000000|0.000000|0.000000|0.000000|0.000000|0.000000|
20170425_190747|19000|106|12.987013|1|CarroTeste2|1|circulo_r60_xc160_yc120|211|151|232|162|23.706539|0.000000|2.672225|55.000000|52.327775|1785.954494|0.321751|2.591564|2.269814|38.882232|130.226391|48.369058|
20170425_190747|19003|106|12.987013|1|CarroTeste|1|circulo_r60_xc160_yc120|220|120|64536|162|64316.013714|0.000000|0.000000|55.000000|55.000000|1877.157914|-0.785398|3.054326|-2.443461|-41.856837|49.798066|137.917725|
20170425_190747|19077|108|12.987013|1|CarroTeste2|1|circulo_r60_xc160_yc120|211|151|232|161|23.259407|0.000000|4.008337|55.000000|50.991663|1740.352794|0.426627|2.582622|2.155994|36.932491|125.893947|48.141333|
20170425_190747|19079|108|12.987013|1|CarroTeste|1|circulo_r60_xc160_yc120|220|120|64536|161|64316.013068|0.000000|0.000000|55.000000|55.000000|1877.157914|-0.785398|3.054326|-2.443461|-41.856837|49.798066|137.917725|
20170425_190747|19156|110|12.987013|1|CarroTeste2|1|circulo_r60_xc160_yc120|211|151|232|162|23.706539|0.000000|4.008337|55.000000|50.991663|1740.352784|0.321751|2.591564|2.269814|38.882232|127.946305|46.088974|
20170425_190747|19158|110|12.987013|1|CarroTeste|1|circulo_r60_xc160_yc120|220|120|64536|162|64316.013714|0.000000|0.000000|55.000000|55.000000|1877.157914|-0.785398|3.054326|-2.443461|-41.856837|49.798066|137.917725|
20170425_190747|19232|112|12.987013|1|CarroTeste2|1|circulo_r60_xc160_yc120|211|151|232|162|23.706539|0.000000|2.672225|55.000000|52.327775|1785.954483|0.321751|2.591564|2.269814|38.882232|130.226390|48.369058|
20170425_190747|19235|112|12.987013|1|CarroTeste|1|circulo_r60_xc160_yc120|220|120|64536|162|64316.013714|0.000000|0.000000|55.000000|55.000000|1877.157914|-0.785398|3.054326|-2.443461|-41.856837|49.798066|137.917725|
20170425_190747|19308|114|12.987013|1|CarroTeste2|0|circulo_r60_xc160_yc120|0|0|232|162|0.000000|0.000000|0.000000|0.000000|0.000000|0.000000|0.000000|0.000000|0.000000|0.000000|0.000000|0.000000|
20170425_190747|19309|114|12.987013|1|CarroTeste|0|circulo_r60_xc160_yc120|0|0|64536|162|0.000000|0.000000|0.000000|0.000000|0.000000|0.000000|0.000000|0.000000|0.000000|0.000000|0.000000|0.000000|
20170425_190747|19386|116|12.987013|1|CarroTeste2|1|circulo_r60_xc160_yc120|211|151|232|161|23.259407|0.000000|4.008337|55.000000|50.991663|1740.352794|0.426627|2.582622|2.155994|36.932491|125.893947|48.141333|
20170425_190747|19389|116|12.987013|1|CarroTeste|1|circulo_r60_xc160_yc120|220|120|64536|161|64316.013068|0.000000|0.000000|55.000000|55.000000|1877.157914|-0.785398|3.054326|-2.443461|-41.856837|49.798066|137.917725|
20170425_190747|19462|118|12.987013|1|CarroTeste2|0|circulo_r60_xc160_yc120|0|0|232|161|0.000000|0.000000|0.000000|0.000000|0.000000|0.000000|0.000000|0.000000|0.000000|0.000000|0.000000|0.000000|
20170425_190747|19463|118|12.987013|1|CarroTeste|0|circulo_r60_xc160_yc120|0|0|64536|161|0.000000|0.000000|0.000000|0.000000|0.000000|0.000000|0.000000|0.000000|0.000000|0.000000|0.000000|0.000000|
20170425_190748|19541|120|12.987013|1|CarroTeste2|1|circulo_r60_xc160_yc120|211|151|232|162|23.706539|0.000000|4.008337|55.000000|50.991663|1740.352784|0.321751|2.591564|2.269814|38.882232|127.946305|46.088974|
20170425_190748|19544|120|12.987013|1|CarroTeste|1|circulo_r60_xc160_yc120|220|120|64536|162|64316.013714|0.000000|0.000000|55.000000|55.000000|1877.157914|-0.785398|3.054326|-2.443461|-41.856837|49.798066|137.917725|
20170425_190748|19621|122|12.987013|1|CarroTeste2|1|circulo_r60_xc160_yc120|211|151|232|162|23.706539|0.000000|2.672225|55.000000|52.327775|1785.954483|0.321751|2.591564|2.269814|38.882232|130.226390|48.369058|
20170425_190748|19623|122|12.987013|1|CarroTeste|1|circulo_r60_xc160_yc120|220|120|64536|162|64316.013714|0.000000|0.000000|55.000000|55.000000|1877.157914|-0.785398|3.054326|-2.443461|-41.856837|49.798066|137.917725|
20170425_190748|19698|124|12.987013|1|CarroTeste2|1|circulo_r60_xc160_yc120|211|151|231|161|22.360680|0.000000|4.561773|55.000000|50.438227|1721.463951|0.380506|2.564647|2.184141|37.414645|125.457035|46.689360|
20170425_190748|19700|124|12.987013|1|CarroTeste|1|circulo_r60_xc160_yc120|220|120|64536|161|64316.013068|0.000000|0.000000|55.000000|55.000000|1877.157914|-0.785398|3.054326|-2.443461|-41.856837|49.798066|137.917725|
20170425_190748|19776|126|12.987013|1|CarroTeste2|1|circulo_r60_xc160_yc120|211|151|232|162|23.706539|0.000000|5.115209|55.000000|49.884791|1702.575095|0.426627|2.591564|2.164937|37.085679|124.166312|46.091198|
20170425_190748|19778|126|12.987013|1|CarroTeste|1|circulo_r60_xc160_yc120|220|120|64536|162|64316.013714|0.000000|0.000000|55.000000|55.000000|1877.157914|-0.785398|3.054326|-2.443461|-41.856837|49.798066|137.917725|
20170425_190748|19852|128|12.987013|1|CarroTeste2|1|circulo_r60_xc160_yc120|211|151|232|162|23.706539|0.000000|3.779097|55.000000|51.220903|1748.176790|0.321751|2.591564|2.269814|38.882232|128.337505|46.480174|
20170425_190748|19855|128|12.987013|1|CarroTeste|1|circulo_r60_xc160_yc120|220|120|64536|162|64316.013714|0.000000|0.000000|55.000000|55.000000|1877.157914|-0.785398|3.054326|-2.443461|-41.856837|49.798066|137.917725|
20170425_190748|19930|130|12.987013|1|CarroTeste2|1|circulo_r60_xc160_yc120|211|151|232|162|23.706539|0.000000|3.779097|55.000000|51.220903|1748.176800|0.321751|2.591564|2.269814|38.882232|128.337506|46.480174|
20170425_190748|19933|130|12.987013|1|CarroTeste|1|circulo_r60_xc160_yc120|220|120|64536|162|64316.013714|0.000000|0.000000|55.000000|55.000000|1877.157914|-0.785398|3.054326|-2.443461|-41.856837|49.798066|137.917725|
20170425_190748|20008|132|12.987013|1|CarroTeste2|1|circulo_r60_xc160_yc120|211|151|232|162|23.706539|0.000000|1.889548|55.000000|53.110452|1812.667342|0.321751|2.591564|2.269814|38.882232|131.562033|49.704701|
20170425_190748|20010|132|12.987013|1|CarroTeste|1|circulo_r60_xc160_yc120|220|120|64536|162|64316.013714|0.000000|0.000000|55.000000|55.000000|1877.157914|-0.785398|3.054326|-2.443461|-41.856837|49.798066|137.917725|
20170425_190748|20093|134|12.987013|1|CarroTeste2|1|circulo_r60_xc160_yc120|211|151|232|162|23.706539|0.000000|0.000000|55.000000|55.000000|1877.157899|0.321751|2.591564|2.269814|38.882232|134.786561|52.929229|
20170425_190748|20095|134|12.987013|1|CarroTeste|1|circulo_r60_xc160_yc120|220|120|64536|162|64316.013714|0.000000|0.000000|55.000000|55.000000|1877.157914|-0.785398|3.054326|-2.443461|-41.856837|49.798066|137.917725|
20170425_190748|20167|136|12.987013|1|CarroTeste2|1|circulo_r60_xc160_yc120|211|151|232|162|23.706539|0.000000|0.000000|55.000000|55.000000|1877.157914|0.321751|2.591564|2.269814|38.882232|134.786562|52.929229|
20170425_190748|20170|136|12.987013|1|CarroTeste|1|circulo_r60_xc160_yc120|220|120|64536|162|64316.013714|0.000000|0.000000|55.000000|55.000000|1877.157914|-0.785398|3.054326|-2.443461|-41.856837|49.798066|137.917725|
20170425_190748|20241|138|12.987013|1|CarroTeste2|1|circulo_r60_xc160_yc120|211|151|232|162|23.706539|0.000000|0.000000|55.000000|55.000000|1877.157914|0.321751|2.591564|2.269814|38.882232|134.786562|52.929229|
20170425_190748|20244|138|12.987013|1|CarroTeste|1|circulo_r60_xc160_yc120|220|120|64536|162|64316.013714|0.000000|0.000000|55.000000|55.000000|1877.157914|-0.785398|3.054326|-2.443461|-41.856837|49.798066|137.917725|
20170425_190748|20321|140|12.987013|1|CarroTeste2|1|circulo_r60_xc160_yc120|211|151|232|161|23.259407|0.000000|1.336112|55.000000|53.663888|1831.556214|0.426627|2.582622|2.155994|36.932491|130.454118|52.701504|
20170425_190748|20323|140|12.987013|1|CarroTeste|1|circulo_r60_xc160_yc120|220|120|64536|161|64316.013068|0.000000|0.000000|55.000000|55.000000|1877.157914|-0.785398|3.054326|-2.443461|-41.856837|49.798066|137.917725|
20170425_190748|20397|142|12.987013|1|CarroTeste2|1|circulo_r60_xc160_yc120|211|151|232|161|23.259407|0.000000|1.336112|55.000000|53.663888|1831.556203|0.463648|2.582622|2.118974|36.298329|129.786578|53.369042|
20170425_190748|20399|142|12.987013|1|CarroTeste|1|circulo_r60_xc160_yc120|220|120|64536|161|64316.013068|0.000000|0.000000|55.000000|55.000000|1877.157914|-0.785398|3.054326|-2.443461|-41.856837|49.798066|137.917725|
20170425_190748|20476|144|12.987013|1|CarroTeste2|1|circulo_r60_xc160_yc120|211|151|232|162|23.706539|0.000000|2.672225|55.000000|52.327775|1785.954504|0.321751|2.591564|2.269814|38.882231|130.226390|48.369060|
20170425_190749|20653|144|12.987013|1|CarroTeste|1|circulo_r60_xc160_yc120|220|120|64536|162|64316.013714|0.000000|0.000000|55.000000|55.000000|1877.157914|-0.785398|3.054326|-2.443461|-41.856837|49.798066|137.917725|
20170425_190749|20708|146|4.329004|1|CarroTeste2|1|circulo_r60_xc160_yc120|211|151|232|162|23.706539|0.000000|2.672225|55.000000|52.327775|1781.527971|0.321751|2.591564|2.269814|38.690224|129.802951|48.349847|
20170425_190749|20710|146|4.329004|1|CarroTeste|1|circulo_r60_xc160_yc120|220|120|64536|162|64316.013714|0.000000|0.000000|55.000000|55.000000|1872.505342|-0.785398|3.054326|-2.443461|-41.650140|49.783014|137.467520|
20170425_190749|20785|148|12.987013|1|CarroTeste2|1|circulo_r60_xc160_yc120|211|151|232|162|23.706539|0.000000|1.336112|55.000000|53.663888|1831.556999|0.321751|2.591564|2.269814|38.882267|132.506553|50.649147|
20170425_190749|20787|148|12.987013|1|CarroTeste|1|circulo_r60_xc160_yc120|220|120|64536|162|64316.013714|0.000000|0.000000|55.000000|55.000000|1877.158761|-0.785398|3.054326|-2.443461|-41.856875|49.798069|137.917807|
20170425_190749|20863|150|12.987013|1|CarroTeste2|1|circulo_r60_xc160_yc120|211|151|232|162|23.706539|0.000000|1.336112|55.000000|53.663888|1831.556211|0.321751|2.591564|2.269814|38.882233|132.506477|50.649144|
20170425_190749|20865|150|12.987013|1|CarroTeste|1|circulo_r60_xc160_yc120|220|120|64536|162|64316.013714|0.000000|0.000000|55.000000|55.000000|1877.157922|-0.785398|3.054326|-2.443461|-41.856838|49.798066|137.917726|
20170425_190749|20939|152|12.987013|1|CarroTeste2|1|circulo_r60_xc160_yc120|211|151|232|162|23.706539|0.000000|0.000000|55.000000|55.000000|1877.157904|0.321751|2.591564|2.269814|38.882233|134.786561|52.929229|
20170425_190749|20941|152|12.987013|1|CarroTeste|1|circulo_r60_xc160_yc120|220|120|64536|162|64316.013714|0.000000|0.000000|55.000000|55.000000|1877.157914|-0.785398|3.054326|-2.443461|-41.856837|49.798066|137.917725|
20170425_190749|21017|154|12.987013|1|CarroTeste2|1|circulo_r60_xc160_yc120|211|151|232|162|23.706539|0.000000|0.000000|55.000000|55.000000|1877.157914|0.321751|2.591564|2.269814|38.882232|134.786562|52.929229|
20170425_190749|21019|154|12.987013|1|CarroTeste|1|circulo_r60_xc160_yc120|220|120|64536|162|64316.013714|0.000000|0.000000|55.000000|55.000000|1877.157914|-0.785398|3.054326|-2.443461|-41.856837|49.798066|137.917725|
20170425_190749|21096|156|12.987013|1|CarroTeste2|1|circulo_r60_xc160_yc120|211|151|232|162|23.706539|0.000000|0.000000|55.000000|55.000000|1877.157914|0.321751|2.591564|2.269814|38.882232|134.786562|52.929229|
20170425_190749|21098|156|12.987013|1|CarroTeste|1|circulo_r60_xc160_yc120|220|120|64536|162|64316.013714|0.000000|0.000000|55.000000|55.000000|1877.157914|-0.785398|3.054326|-2.443461|-41.856837|49.798066|137.917725|
20170425_190749|21177|158|12.987013|1|CarroTeste2|1|circulo_r60_xc160_yc120|211|151|232|162|23.706539|0.000000|0.000000|55.000000|55.000000|1877.157914|0.321751|2.591564|2.269814|38.882232|134.786562|52.929229|
20170425_190749|21179|158|12.987013|1|CarroTeste|1|circulo_r60_xc160_yc120|220|120|64536|162|64316.013714|0.000000|0.000000|55.000000|55.000000|1877.157914|-0.785398|3.054326|-2.443461|-41.856837|49.798066|137.917725|
20170425_190749|21250|160|12.987013|1|CarroTeste2|1|circulo_r60_xc160_yc120|211|151|232|162|23.706539|0.000000|0.000000|55.000000|55.000000|1877.157914|0.321751|2.591564|2.269814|38.882232|134.786562|52.929229|
20170425_190749|21252|160|12.987013|1|CarroTeste|1|circulo_r60_xc160_yc120|220|120|64536|162|64316.013714|0.000000|0.000000|55.000000|55.000000|1877.157914|-0.785398|3.054326|-2.443461|-41.856837|49.798066|137.917725|
20170425_190749|21328|162|12.987013|1|CarroTeste2|1|circulo_r60_xc160_yc120|211|151|232|162|23.706539|0.000000|0.000000|55.000000|55.000000|1877.157914|0.321751|2.591564|2.269814|38.882232|134.786562|52.929229|
20170425_190749|21330|162|12.987013|1|CarroTeste|1|circulo_r60_xc160_yc120|220|120|64536|162|64316.013714|0.000000|0.000000|55.000000|55.000000|1877.157914|-0.785398|3.054326|-2.443461|-41.856837|49.798066|137.917725|
20170425_190749|21405|164|12.987013|1|CarroTeste2|1|circulo_r60_xc160_yc120|211|151|232|162|23.706539|0.000000|0.000000|55.000000|55.000000|1877.157914|0.321751|2.591564|2.269814|38.882232|134.786562|52.929229|
20170425_190749|21407|164|12.987013|1|CarroTeste|1|circulo_r60_xc160_yc120|220|120|64536|162|64316.013714|0.000000|0.000000|55.000000|55.000000|1877.157914|-0.785398|3.054326|-2.443461|-41.856837|49.798066|137.917725|
20170425_190749|21484|166|12.987013|1|CarroTeste2|1|circulo_r60_xc160_yc120|211|151|232|162|23.706539|0.000000|0.000000|55.000000|55.000000|1877.157914|0.321751|2.591564|2.269814|38.882232|134.786562|52.929229|
20170425_190749|21486|166|12.987013|1|CarroTeste|1|circulo_r60_xc160_yc120|220|120|64536|162|64316.013714|0.000000|0.000000|55.000000|55.000000|1877.157914|-0.785398|3.054326|-2.443461|-41.856837|49.798066|137.917725|
20170425_190750|21560|168|12.987013|1|CarroTeste2|1|circulo_r60_xc160_yc120|211|151|232|162|23.706539|0.000000|0.000000|55.000000|55.000000|1877.157914|0.321751|2.591564|2.269814|38.882232|134.786562|52.929229|
20170425_190750|21562|168|12.987013|1|CarroTeste|1|circulo_r60_xc160_yc120|220|120|64536|162|64316.013714|0.000000|0.000000|55.000000|55.000000|1877.157914|-0.785398|3.054326|-2.443461|-41.856837|49.798066|137.917725|
20170425_190750|21640|170|12.987013|1|CarroTeste2|1|circulo_r60_xc160_yc120|211|151|232|162|23.706539|0.000000|0.000000|55.000000|55.000000|1877.157914|0.321751|2.591564|2.269814|38.882232|134.786562|52.929229|
20170425_190750|21642|170|12.987013|1|CarroTeste|1|circulo_r60_xc160_yc120|220|120|64536|162|64316.013714|0.000000|0.000000|55.000000|55.000000|1877.157914|-0.785398|3.054326|-2.443461|-41.856837|49.798066|137.917725|
20170425_190750|21717|172|12.987013|1|CarroTeste2|1|circulo_r60_xc160_yc120|211|151|232|162|23.706539|0.000000|0.000000|55.000000|55.000000|1877.157914|0.321751|2.591564|2.269814|38.882232|134.786562|52.929229|
20170425_190750|21719|172|12.987013|1|CarroTeste|1|circulo_r60_xc160_yc120|220|120|64536|162|64316.013714|0.000000|0.000000|55.000000|55.000000|1877.157914|-0.785398|3.054326|-2.443461|-41.856837|49.798066|137.917725|
20170425_190750|21791|174|12.987013|1|CarroTeste2|0|circulo_r60_xc160_yc120|0|0|232|162|0.000000|0.000000|0.000000|0.000000|0.000000|0.000000|0.000000|0.000000|0.000000|0.000000|0.000000|0.000000|
20170425_190750|21792|174|12.987013|1|CarroTeste|0|circulo_r60_xc160_yc120|0|0|64536|162|0.000000|0.000000|0.000000|0.000000|0.000000|0.000000|0.000000|0.000000|0.000000|0.000000|0.000000|0.000000|
20170425_190753|24645|236|22.000000|1|CarroTeste2|0|circulo_r60_xc160_yc120|0|0|232|162|0.000000|0.000000|0.000000|0.000000|0.000000|0.000000|0.000000|0.000000|0.000000|0.000000|0.000000|0.000000|
20170425_190753|24647|236|22.000000|1|CarroTeste|0|circulo_r60_xc160_yc120|0|0|64536|162|0.000000|0.000000|0.000000|0.000000|0.000000|0.000000|0.000000|0.000000|0.000000|0.000000|0.000000|0.000000|
20170425_190753|24725|238|12.987013|1|CarroTeste2|1|circulo_r60_xc160_yc120|211|151|232|162|23.706539|0.000000|0.000000|55.000000|55.000000|1877.157486|0.321751|2.591564|2.269814|38.882215|134.786522|52.929227|
20170425_190753|24727|238|12.987013|1|CarroTeste|1|circulo_r60_xc160_yc120|220|120|64536|162|64316.013714|0.000000|0.000000|55.000000|55.000000|1877.157486|-0.785398|3.054326|-2.443461|-41.856818|49.798065|137.917684|
20170425_190753|24804|240|12.987013|1|CarroTeste2|1|circulo_r60_xc160_yc120|211|151|232|162|23.706539|0.000000|0.000000|55.000000|55.000000|1877.157910|0.321751|2.591564|2.269814|38.882232|134.786562|52.929229|
20170425_190753|24806|240|12.987013|1|CarroTeste|1|circulo_r60_xc160_yc120|220|120|64536|162|64316.013714|0.000000|0.000000|55.000000|55.000000|1877.157910|-0.785398|3.054326|-2.443461|-41.856837|49.798066|137.917725|
20170425_190753|24878|242|12.987013|1|CarroTeste2|0|circulo_r60_xc160_yc120|0|0|232|162|0.000000|0.000000|0.000000|0.000000|0.000000|0.000000|0.000000|0.000000|0.000000|0.000000|0.000000|0.000000|
20170425_190753|24879|242|12.987013|1|CarroTeste|0|circulo_r60_xc160_yc120|0|0|64536|162|0.000000|0.000000|0.000000|0.000000|0.000000|0.000000|0.000000|0.000000|0.000000|0.000000|0.000000|0.000000|
20170425_190753|24954|244|12.987013|1|CarroTeste2|1|circulo_r60_xc160_yc120|211|151|232|162|23.706539|0.000000|0.000000|55.000000|55.000000|1877.157914|0.321751|2.591564|2.269814|38.882232|134.786562|52.929229|
20170425_190753|24957|244|12.987013|1|CarroTeste|1|circulo_r60_xc160_yc120|220|120|64536|162|64316.013714|0.000000|0.000000|55.000000|55.000000|1877.157914|-0.785398|3.054326|-2.443461|-41.856837|49.798066|137.917725|
20170425_190753|25033|246|12.987013|1|CarroTeste2|1|circulo_r60_xc160_yc120|211|151|232|162|23.706539|0.000000|0.000000|55.000000|55.000000|1877.157914|0.321751|2.591564|2.269814|38.882232|134.786562|52.929229|
20170425_190753|25035|246|12.987013|1|CarroTeste|1|circulo_r60_xc160_yc120|220|120|64536|162|64316.013714|0.000000|0.000000|55.000000|55.000000|1877.157914|-0.785398|3.054326|-2.443461|-41.856837|49.798066|137.917725|
20170425_190753|25116|248|12.987013|1|CarroTeste2|1|circulo_r60_xc160_yc120|211|151|232|162|23.706539|0.000000|0.000000|55.000000|55.000000|1877.157914|0.463648|2.591564|2.127917|36.451518|132.227915|55.487876|
20170425_190753|25118|248|12.987013|1|CarroTeste|1|circulo_r60_xc160_yc120|220|120|64536|162|64316.013714|0.000000|0.000000|55.000000|55.000000|1877.157914|-0.785398|3.054326|-2.443461|-41.856837|49.798066|137.917725|
20170425_190753|25191|250|12.987013|1|CarroTeste2|1|circulo_r60_xc160_yc120|211|151|232|162|23.706539|0.000000|0.000000|55.000000|55.000000|1877.157914|0.321751|2.591564|2.269814|38.882231|134.786561|52.929231|
20170425_190753|25194|250|12.987013|1|CarroTeste|1|circulo_r60_xc160_yc120|220|120|64536|162|64316.013714|0.000000|0.000000|55.000000|55.000000|1877.157914|-0.785398|3.054326|-2.443461|-41.856837|49.798066|137.917725|
20170425_190753|25267|252|12.987013|1|CarroTeste2|1|circulo_r60_xc160_yc120|211|151|232|162|23.706539|0.000000|0.000000|55.000000|55.000000|1877.157914|0.321751|2.591564|2.269814|38.882232|134.786562|52.929229|
20170425_190753|25269|252|12.987013|1|CarroTeste|1|circulo_r60_xc160_yc120|220|120|64536|162|64316.013714|0.000000|0.000000|55.000000|55.000000|1877.157914|-0.785398|3.054326|-2.443461|-41.856837|49.798066|137.917725|
20170425_190753|25347|254|12.987013|1|CarroTeste2|1|circulo_r60_xc160_yc120|211|151|232|162|23.706539|0.000000|0.000000|55.000000|55.000000|1877.157914|0.321751|2.591564|2.269814|38.882232|134.786562|52.929229|
20170425_190753|25351|254|12.987013|1|CarroTeste|1|circulo_r60_xc160_yc120|220|120|64536|162|64316.013714|0.000000|0.000000|55.000000|55.000000|1877.157914|-0.785398|3.054326|-2.443461|-41.856837|49.798066|137.917725|
20170425_190753|25422|256|12.987013|1|CarroTeste2|1|circulo_r60_xc160_yc120|211|151|232|162|23.706539|0.000000|0.000000|55.000000|55.000000|1877.157914|0.321751|2.591564|2.269814|38.882232|134.786562|52.929229|
20170425_190753|25424|256|12.987013|1|CarroTeste|1|circulo_r60_xc160_yc120|220|120|64536|162|64316.013714|0.000000|0.000000|55.000000|55.000000|1877.157914|-0.785398|3.054326|-2.443461|-41.856837|49.798066|137.917725|
20170425_190754|25506|258|12.987013|1|CarroTeste2|1|circulo_r60_xc160_yc120|211|151|232|162|23.706539|0.000000|0.000000|55.000000|55.000000|1877.157914|0.321751|2.591564|2.269814|38.882232|134.786562|52.929229|
20170425_190754|25508|258|12.987013|1|CarroTeste|1|circulo_r60_xc160_yc120|220|120|64536|162|64316.013714|0.000000|0.000000|55.000000|55.000000|1877.157914|-0.785398|3.054326|-2.443461|-41.856837|49.798066|137.917725|
20170425_190754|25576|260|12.987013|1|CarroTeste2|1|circulo_r60_xc160_yc120|211|151|232|162|23.706539|0.000000|0.000000|55.000000|55.000000|1877.157914|0.321751|2.591564|2.269814|38.882232|134.786562|52.929229|
20170425_190754|25579|260|12.987013|1|CarroTeste|1|circulo_r60_xc160_yc120|220|120|64536|162|64316.013714|0.000000|0.000000|55.000000|55.000000|1877.157914|-0.785398|3.054326|-2.443461|-41.856837|49.798066|137.917725|
20170425_190754|25653|262|12.987013|1|CarroTeste2|0|circulo_r60_xc160_yc120|0|0|232|162|0.000000|0.000000|0.000000|0.000000|0.000000|0.000000|0.000000|0.000000|0.000000|0.000000|0.000000|0.000000|
20170425_190754|25654|262|12.987013|1|CarroTeste|0|circulo_r60_xc160_yc120|0|0|64536|162|0.000000|0.000000|0.000000|0.000000|0.000000|0.000000|0.000000|0.000000|0.000000|0.000000|0.000000|0.000000|
20170425_190754|25738|264|12.987013|1|CarroTeste2|1|circulo_r60_xc160_yc120|211|151|232|162|23.706539|0.000000|0.000000|55.000000|55.000000|1877.157914|0.321751|2.591564|2.269814|38.882232|134.786562|52.929229|
20170425_190754|25740|264|12.987013|1|CarroTeste|1|circulo_r60_xc160_yc120|220|120|64536|162|64316.013714|0.000000|0.000000|55.000000|55.000000|1877.157914|-0.785398|3.054326|-2.443461|-41.856837|49.798066|137.917725|
20170425_190754|25811|266|12.987013|1|CarroTeste2|1|circulo_r60_xc160_yc120|211|151|232|162|23.706539|0.000000|0.000000|55.000000|55.000000|1877.157914|0.321751|2.591564|2.269814|38.882232|134.786562|52.929229|
20170425_190754|25813|266|12.987013|1|CarroTeste|1|circulo_r60_xc160_yc120|220|120|64536|162|64316.013714|0.000000|0.000000|55.000000|55.000000|1877.157914|-0.785398|3.054326|-2.443461|-41.856837|49.798066|137.917725|
20170425_190754|25886|268|12.987013|1|CarroTeste2|1|circulo_r60_xc160_yc120|211|151|232|162|23.706539|0.000000|0.000000|55.000000|55.000000|1877.157914|0.321751|2.591564|2.269814|38.882232|134.786562|52.929229|
20170425_190754|25888|268|12.987013|1|CarroTeste|1|circulo_r60_xc160_yc120|220|120|64536|162|64316.013714|0.000000|0.000000|55.000000|55.000000|1877.157914|-0.785398|3.054326|-2.443461|-41.856837|49.798066|137.917725|
20170425_190807|39002|1|0.000001|0||0||0|0|0|0|0.000000|0.000000|0.000000|0.000000|0.000000|0.000000|0.000000|0.000000|0.000000|0.000000|0.000000|0.000000|
20170425_190807|39132|2|7.092199|0||0||0|0|0|0|0.000000|0.000000|0.000000|0.000000|0.000000|0.000000|0.000000|0.000000|0.000000|0.000000|0.000000|0.000000|
20170425_190807|39225|3|10.638298|0||0||0|0|0|0|0.000000|0.000000|0.000000|0.000000|0.000000|0.000000|0.000000|0.000000|0.000000|0.000000|0.000000|0.000000|
20170425_190807|39317|4|10.752688|0||0||0|0|0|0|0.000000|0.000000|0.000000|0.000000|0.000000|0.000000|0.000000|0.000000|0.000000|0.000000|0.000000|0.000000|
20170425_190807|39414|5|10.752688|0||0||0|0|0|0|0.000000|0.000000|0.000000|0.000000|0.000000|0.000000|0.000000|0.000000|0.000000|0.000000|0.000000|0.000000|
20170425_190808|39508|6|10.416667|0||0||0|0|0|0|0.000000|0.000000|0.000000|0.000000|0.000000|0.000000|0.000000|0.000000|0.000000|0.000000|0.000000|0.000000|
20170425_190808|39601|7|10.752688|0||0||0|0|0|0|0.000000|0.000000|0.000000|0.000000|0.000000|0.000000|0.000000|0.000000|0.000000|0.000000|0.000000|0.000000|
20170425_190808|39692|8|10.752688|0||0||0|0|0|0|0.000000|0.000000|0.000000|0.000000|0.000000|0.000000|0.000000|0.000000|0.000000|0.000000|0.000000|0.000000|
20170425_190808|39787|9|10.416667|0||0||0|0|0|0|0.000000|0.000000|0.000000|0.000000|0.000000|0.000000|0.000000|0.000000|0.000000|0.000000|0.000000|0.000000|
20170425_190808|39892|10|11.111111|0||0||0|0|0|0|0.000000|0.000000|0.000000|0.000000|0.000000|0.000000|0.000000|0.000000|0.000000|0.000000|0.000000|0.000000|
20170425_190808|39972|11|10.638298|0||0||0|0|0|0|0.000000|0.000000|0.000000|0.000000|0.000000|0.000000|0.000000|0.000000|0.000000|0.000000|0.000000|0.000000|
20170425_190808|40071|12|10.309278|0||0||0|0|0|0|0.000000|0.000000|0.000000|0.000000|0.000000|0.000000|0.000000|0.000000|0.000000|0.000000|0.000000|0.000000|
20170425_190808|40163|13|10.638298|0||0||0|0|0|0|0.000000|0.000000|0.000000|0.000000|0.000000|0.000000|0.000000|0.000000|0.000000|0.000000|0.000000|0.000000|
20170425_190808|40241|14|12.658228|0||0||0|0|0|0|0.000000|0.000000|0.000000|0.000000|0.000000|0.000000|0.000000|0.000000|0.000000|0.000000|0.000000|0.000000|
20170425_190808|40301|15|16.949153|0||0||0|0|0|0|0.000000|0.000000|0.000000|0.000000|0.000000|0.000000|0.000000|0.000000|0.000000|0.000000|0.000000|0.000000|
20170425_190808|40401|16|10.526316|0||0||0|0|0|0|0.000000|0.000000|0.000000|0.000000|0.000000|0.000000|0.000000|0.000000|0.000000|0.000000|0.000000|0.000000|
20170425_190808|40491|17|10.526316|0||0||0|0|0|0|0.000000|0.000000|0.000000|0.000000|0.000000|0.000000|0.000000|0.000000|0.000000|0.000000|0.000000|0.000000|
20170425_190809|40583|18|10.989011|0||0||0|0|0|0|0.000000|0.000000|0.000000|0.000000|0.000000|0.000000|0.000000|0.000000|0.000000|0.000000|0.000000|0.000000|
20170425_190809|40681|19|10.638298|0||0||0|0|0|0|0.000000|0.000000|0.000000|0.000000|0.000000|0.000000|0.000000|0.000000|0.000000|0.000000|0.000000|0.000000|
20170425_190809|40769|20|10.638298|0||0||0|0|0|0|0.000000|0.000000|0.000000|0.000000|0.000000|0.000000|0.000000|0.000000|0.000000|0.000000|0.000000|0.000000|
20170425_190809|40816|21|21.739130|0||0||0|0|0|0|0.000000|0.000000|0.000000|0.000000|0.000000|0.000000|0.000000|0.000000|0.000000|0.000000|0.000000|0.000000|
20170425_190809|40909|22|10.526316|0||0||0|0|0|0|0.000000|0.000000|0.000000|0.000000|0.000000|0.000000|0.000000|0.000000|0.000000|0.000000|0.000000|0.000000|
20170425_190809|40958|23|21.276596|0||0||0|0|0|0|0.000000|0.000000|0.000000|0.000000|0.000000|0.000000|0.000000|0.000000|0.000000|0.000000|0.000000|0.000000|
20170425_190809|41054|24|10.416667|0||0||0|0|0|0|0.000000|0.000000|0.000000|0.000000|0.000000|0.000000|0.000000|0.000000|0.000000|0.000000|0.000000|0.000000|
20170425_190809|41146|25|10.752688|0||0||0|0|0|0|0.000000|0.000000|0.000000|0.000000|0.000000|0.000000|0.000000|0.000000|0.000000|0.000000|0.000000|0.000000|
20170425_190809|41240|26|10.989011|0||0||0|0|0|0|0.000000|0.000000|0.000000|0.000000|0.000000|0.000000|0.000000|0.000000|0.000000|0.000000|0.000000|0.000000|
20170425_190809|41322|27|11.904762|0||0||0|0|0|0|0.000000|0.000000|0.000000|0.000000|0.000000|0.000000|0.000000|0.000000|0.000000|0.000000|0.000000|0.000000|
20170425_190809|41390|28|15.151515|0||0||0|0|0|0|0.000000|0.000000|0.000000|0.000000|0.000000|0.000000|0.000000|0.000000|0.000000|0.000000|0.000000|0.000000|
20170425_190809|41458|29|15.384615|0||0||0|0|0|0|0.000000|0.000000|0.000000|0.000000|0.000000|0.000000|0.000000|0.000000|0.000000|0.000000|0.000000|0.000000|
20170425_190810|41549|30|10.638298|0||0||0|0|0|0|0.000000|0.000000|0.000000|0.000000|0.000000|0.000000|0.000000|0.000000|0.000000|0.000000|0.000000|0.000000|
20170425_190811|43485|31|0.528262|0||0||0|0|0|0|0.000000|0.000000|0.000000|0.000000|0.000000|0.000000|0.000000|0.000000|0.000000|0.000000|0.000000|0.000000|
20170425_190812|43579|32|9.523810|0||0||0|0|0|0|0.000000|0.000000|0.000000|0.000000|0.000000|0.000000|0.000000|0.000000|0.000000|0.000000|0.000000|0.000000|
20170425_190812|43626|33|12.048193|0||0||0|0|0|0|0.000000|0.000000|0.000000|0.000000|0.000000|0.000000|0.000000|0.000000|0.000000|0.000000|0.000000|0.000000|
20170425_190812|43675|34|20.408163|0||0||0|0|0|0|0.000000|0.000000|0.000000|0.000000|0.000000|0.000000|0.000000|0.000000|0.000000|0.000000|0.000000|0.000000|
20170425_190812|43723|35|21.739130|0||0||0|0|0|0|0.000000|0.000000|0.000000|0.000000|0.000000|0.000000|0.000000|0.000000|0.000000|0.000000|0.000000|0.000000|
20170425_190812|43818|36|10.638298|0||0||0|0|0|0|0.000000|0.000000|0.000000|0.000000|0.000000|0.000000|0.000000|0.000000|0.000000|0.000000|0.000000|0.000000|
20170425_190812|43911|37|10.526316|0||0||0|0|0|0|0.000000|0.000000|0.000000|0.000000|0.000000|0.000000|0.000000|0.000000|0.000000|0.000000|0.000000|0.000000|
20170425_190812|44003|38|10.869565|0||0||0|0|0|0|0.000000|0.000000|0.000000|0.000000|0.000000|0.000000|0.000000|0.000000|0.000000|0.000000|0.000000|0.000000|
20170425_190812|44050|39|21.276596|0||0||0|0|0|0|0.000000|0.000000|0.000000|0.000000|0.000000|0.000000|0.000000|0.000000|0.000000|0.000000|0.000000|0.000000|
20170425_190812|44096|40|21.739130|0||0||0|0|0|0|0.000000|0.000000|0.000000|0.000000|0.000000|0.000000|0.000000|0.000000|0.000000|0.000000|0.000000|0.000000|
20170425_190812|44146|41|20.000000|0||0||0|0|0|0|0.000000|0.000000|0.000000|0.000000|0.000000|0.000000|0.000000|0.000000|0.000000|0.000000|0.000000|0.000000|
20170425_190812|44205|42|16.666667|0||0||0|0|0|0|0.000000|0.000000|0.000000|0.000000|0.000000|0.000000|0.000000|0.000000|0.000000|0.000000|0.000000|0.000000|
20170425_190812|44253|43|22.222222|0||0||0|0|0|0|0.000000|0.000000|0.000000|0.000000|0.000000|0.000000|0.000000|0.000000|0.000000|0.000000|0.000000|0.000000|
20170425_190812|44298|44|20.833333|0||0||0|0|0|0|0.000000|0.000000|0.000000|0.000000|0.000000|0.000000|0.000000|0.000000|0.000000|0.000000|0.000000|0.000000|
20170425_190812|44351|45|19.607843|0||0||0|0|0|0|0.000000|0.000000|0.000000|0.000000|0.000000|0.000000|0.000000|0.000000|0.000000|0.000000|0.000000|0.000000|
20170425_190812|44425|46|13.157895|0||0||0|0|0|0|0.000000|0.000000|0.000000|0.000000|0.000000|0.000000|0.000000|0.000000|0.000000|0.000000|0.000000|0.000000|
20170425_190812|44472|47|21.739130|0||0||0|0|0|0|0.000000|0.000000|0.000000|0.000000|0.000000|0.000000|0.000000|0.000000|0.000000|0.000000|0.000000|0.000000|
20170425_190813|44521|48|21.276596|0||0||0|0|0|0|0.000000|0.000000|0.000000|0.000000|0.000000|0.000000|0.000000|0.000000|0.000000|0.000000|0.000000|0.000000|
20170425_190813|44614|49|10.416667|0||0||0|0|0|0|0.000000|0.000000|0.000000|0.000000|0.000000|0.000000|0.000000|0.000000|0.000000|0.000000|0.000000|0.000000|
20170425_190813|44706|50|10.989011|0||0||0|0|0|0|0.000000|0.000000|0.000000|0.000000|0.000000|0.000000|0.000000|0.000000|0.000000|0.000000|0.000000|0.000000|
20170425_190813|44800|51|10.638298|0||0||0|0|0|0|0.000000|0.000000|0.000000|0.000000|0.000000|0.000000|0.000000|0.000000|0.000000|0.000000|0.000000|0.000000|
20170425_190813|44849|52|21.739130|0||0||0|0|0|0|0.000000|0.000000|0.000000|0.000000|0.000000|0.000000|0.000000|0.000000|0.000000|0.000000|0.000000|0.000000|
20170425_190813|44940|53|10.526316|0||0||0|0|0|0|0.000000|0.000000|0.000000|0.000000|0.000000|0.000000|0.000000|0.000000|0.000000|0.000000|0.000000|0.000000|
20170425_190813|45135|54|5.347594|0||0||0|0|0|0|0.000000|0.000000|0.000000|0.000000|0.000000|0.000000|0.000000|0.000000|0.000000|0.000000|0.000000|0.000000|
20170425_190813|45226|55|10.416667|0||0||0|0|0|0|0.000000|0.000000|0.000000|0.000000|0.000000|0.000000|0.000000|0.000000|0.000000|0.000000|0.000000|0.000000|
20170425_190813|45380|56|6.410256|0||0||0|0|0|0|0.000000|0.000000|0.000000|0.000000|0.000000|0.000000|0.000000|0.000000|0.000000|0.000000|0.000000|0.000000|
20170425_190813|45455|57|13.157895|0||0||0|0|0|0|0.000000|0.000000|0.000000|0.000000|0.000000|0.000000|0.000000|0.000000|0.000000|0.000000|0.000000|0.000000|
20170425_190814|45507|58|20.000000|0||0||0|0|0|0|0.000000|0.000000|0.000000|0.000000|0.000000|0.000000|0.000000|0.000000|0.000000|0.000000|0.000000|0.000000|
20170425_190814|45600|59|10.752688|0||0||0|0|0|0|0.000000|0.000000|0.000000|0.000000|0.000000|0.000000|0.000000|0.000000|0.000000|0.000000|0.000000|0.000000|
20170425_190814|45736|60|7.246377|0||0||0|0|0|0|0.000000|0.000000|0.000000|0.000000|0.000000|0.000000|0.000000|0.000000|0.000000|0.000000|0.000000|0.000000|
20170425_190814|45785|61|20.833333|0||0||0|0|0|0|0.000000|0.000000|0.000000|0.000000|0.000000|0.000000|0.000000|0.000000|0.000000|0.000000|0.000000|0.000000|
20170425_190814|45877|62|10.869565|0||0||0|0|0|0|0.000000|0.000000|0.000000|0.000000|0.000000|0.000000|0.000000|0.000000|0.000000|0.000000|0.000000|0.000000|
20170425_190814|45925|63|20.833333|0||0||0|0|0|0|0.000000|0.000000|0.000000|0.000000|0.000000|0.000000|0.000000|0.000000|0.000000|0.000000|0.000000|0.000000|
20170425_190814|45975|64|20.408163|0||0||0|0|0|0|0.000000|0.000000|0.000000|0.000000|0.000000|0.000000|0.000000|0.000000|0.000000|0.000000|0.000000|0.000000|
20170425_190814|46066|65|10.752688|0||0||0|0|0|0|0.000000|0.000000|0.000000|0.000000|0.000000|0.000000|0.000000|0.000000|0.000000|0.000000|0.000000|0.000000|
20170425_190814|46111|66|22.222222|0||0||0|0|0|0|0.000000|0.000000|0.000000|0.000000|0.000000|0.000000|0.000000|0.000000|0.000000|0.000000|0.000000|0.000000|
20170425_190814|46159|67|20.833333|0||0||0|0|0|0|0.000000|0.000000|0.000000|0.000000|0.000000|0.000000|0.000000|0.000000|0.000000|0.000000|0.000000|0.000000|
20170425_190814|46221|68|19.230769|0||0||0|0|0|0|0.000000|0.000000|0.000000|0.000000|0.000000|0.000000|0.000000|0.000000|0.000000|0.000000|0.000000|0.000000|
20170425_190814|46267|69|19.607843|0||0||0|0|0|0|0.000000|0.000000|0.000000|0.000000|0.000000|0.000000|0.000000|0.000000|0.000000|0.000000|0.000000|0.000000|
20170425_190814|46317|70|20.408163|0||0||0|0|0|0|0.000000|0.000000|0.000000|0.000000|0.000000|0.000000|0.000000|0.000000|0.000000|0.000000|0.000000|0.000000|
20170425_190814|46396|71|11.904762|0||0||0|0|0|0|0.000000|0.000000|0.000000|0.000000|0.000000|0.000000|0.000000|0.000000|0.000000|0.000000|0.000000|0.000000|
20170425_190814|46455|72|17.241379|0||0||0|0|0|0|0.000000|0.000000|0.000000|0.000000|0.000000|0.000000|0.000000|0.000000|0.000000|0.000000|0.000000|0.000000|
20170425_190815|46505|73|20.000000|0||0||0|0|0|0|0.000000|0.000000|0.000000|0.000000|0.000000|0.000000|0.000000|0.000000|0.000000|0.000000|0.000000|0.000000|
20170425_190815|46561|74|17.543860|0||0||0|0|0|0|0.000000|0.000000|0.000000|0.000000|0.000000|0.000000|0.000000|0.000000|0.000000|0.000000|0.000000|0.000000|
20170425_190815|46627|75|15.151515|0||0||0|0|0|0|0.000000|0.000000|0.000000|0.000000|0.000000|0.000000|0.000000|0.000000|0.000000|0.000000|0.000000|0.000000|
20170425_190815|46673|76|20.833333|0||0||0|0|0|0|0.000000|0.000000|0.000000|0.000000|0.000000|0.000000|0.000000|0.000000|0.000000|0.000000|0.000000|0.000000|
20170425_190815|46768|77|10.752688|0||0||0|0|0|0|0.000000|0.000000|0.000000|0.000000|0.000000|0.000000|0.000000|0.000000|0.000000|0.000000|0.000000|0.000000|
20170425_190815|46816|78|20.408163|0||0||0|0|0|0|0.000000|0.000000|0.000000|0.000000|0.000000|0.000000|0.000000|0.000000|0.000000|0.000000|0.000000|0.000000|
20170425_190815|46862|79|21.739130|0||0||0|0|0|0|0.000000|0.000000|0.000000|0.000000|0.000000|0.000000|0.000000|0.000000|0.000000|0.000000|0.000000|0.000000|
20170425_190815|46909|80|21.276596|0||0||0|0|0|0|0.000000|0.000000|0.000000|0.000000|0.000000|0.000000|0.000000|0.000000|0.000000|0.000000|0.000000|0.000000|
20170425_190815|46955|81|21.739130|0||0||0|0|0|0|0.000000|0.000000|0.000000|0.000000|0.000000|0.000000|0.000000|0.000000|0.000000|0.000000|0.000000|0.000000|
20170425_190815|47111|82|6.451613|0||0||0|0|0|0|0.000000|0.000000|0.000000|0.000000|0.000000|0.000000|0.000000|0.000000|0.000000|0.000000|0.000000|0.000000|
20170425_190815|47259|83|6.756757|0||0||0|0|0|0|0.000000|0.000000|0.000000|0.000000|0.000000|0.000000|0.000000|0.000000|0.000000|0.000000|0.000000|0.000000|
20170425_190815|47354|84|10.416667|0||0||0|0|0|0|0.000000|0.000000|0.000000|0.000000|0.000000|0.000000|0.000000|0.000000|0.000000|0.000000|0.000000|0.000000|
20170425_190815|47424|85|14.084507|0||0||0|0|0|0|0.000000|0.000000|0.000000|0.000000|0.000000|0.000000|0.000000|0.000000|0.000000|0.000000|0.000000|0.000000|
20170425_190815|47474|86|20.408163|0||0||0|0|0|0|0.000000|0.000000|0.000000|0.000000|0.000000|0.000000|0.000000|0.000000|0.000000|0.000000|0.000000|0.000000|
20170425_190816|47534|87|16.949153|0||0||0|0|0|0|0.000000|0.000000|0.000000|0.000000|0.000000|0.000000|0.000000|0.000000|0.000000|0.000000|0.000000|0.000000|
20170425_190816|47586|88|18.867925|0||0||0|0|0|0|0.000000|0.000000|0.000000|0.000000|0.000000|0.000000|0.000000|0.000000|0.000000|0.000000|0.000000|0.000000|
20170425_190816|47635|89|20.000000|0||0||0|0|0|0|0.000000|0.000000|0.000000|0.000000|0.000000|0.000000|0.000000|0.000000|0.000000|0.000000|0.000000|0.000000|
20170425_190816|47708|90|14.285714|0||0||0|0|0|0|0.000000|0.000000|0.000000|0.000000|0.000000|0.000000|0.000000|0.000000|0.000000|0.000000|0.000000|0.000000|
20170425_190816|47800|91|10.638298|0||0||0|0|0|0|0.000000|0.000000|0.000000|0.000000|0.000000|0.000000|0.000000|0.000000|0.000000|0.000000|0.000000|0.000000|
20170425_190816|47847|92|21.276596|0||0||0|0|0|0|0.000000|0.000000|0.000000|0.000000|0.000000|0.000000|0.000000|0.000000|0.000000|0.000000|0.000000|0.000000|
20170425_190816|47894|93|21.739130|0||0||0|0|0|0|0.000000|0.000000|0.000000|0.000000|0.000000|0.000000|0.000000|0.000000|0.000000|0.000000|0.000000|0.000000|
20170425_190816|47954|94|17.857143|0||0||0|0|0|0|0.000000|0.000000|0.000000|0.000000|0.000000|0.000000|0.000000|0.000000|0.000000|0.000000|0.000000|0.000000|
20170425_190816|48018|95|19.607843|0||0||0|0|0|0|0.000000|0.000000|0.000000|0.000000|0.000000|0.000000|0.000000|0.000000|0.000000|0.000000|0.000000|0.000000|
20170425_190816|48082|96|12.500000|0||0||0|0|0|0|0.000000|0.000000|0.000000|0.000000|0.000000|0.000000|0.000000|0.000000|0.000000|0.000000|0.000000|0.000000|
20170425_190816|48272|97|5.291005|0||0||0|0|0|0|0.000000|0.000000|0.000000|0.000000|0.000000|0.000000|0.000000|0.000000|0.000000|0.000000|0.000000|0.000000|
20170425_190816|48363|98|10.752688|0||0||0|0|0|0|0.000000|0.000000|0.000000|0.000000|0.000000|0.000000|0.000000|0.000000|0.000000|0.000000|0.000000|0.000000|
20170425_190816|48410|99|21.276596|0||0||0|0|0|0|0.000000|0.000000|0.000000|0.000000|0.000000|0.000000|0.000000|0.000000|0.000000|0.000000|0.000000|0.000000|
20170425_190817|48505|100|10.638298|0||0||0|0|0|0|0.000000|0.000000|0.000000|0.000000|0.000000|0.000000|0.000000|0.000000|0.000000|0.000000|0.000000|0.000000|
20170425_190817|48596|101|10.869565|0||0||0|0|0|0|0.000000|0.000000|0.000000|0.000000|0.000000|0.000000|0.000000|0.000000|0.000000|0.000000|0.000000|0.000000|
20170425_190817|48691|102|10.526316|0||0||0|0|0|0|0.000000|0.000000|0.000000|0.000000|0.000000|0.000000|0.000000|0.000000|0.000000|0.000000|0.000000|0.000000|
20170425_190817|48784|103|10.752688|0||0||0|0|0|0|0.000000|0.000000|0.000000|0.000000|0.000000|0.000000|0.000000|0.000000|0.000000|0.000000|0.000000|0.000000|
20170425_190817|48831|104|21.276596|0||0||0|0|0|0|0.000000|0.000000|0.000000|0.000000|0.000000|0.000000|0.000000|0.000000|0.000000|0.000000|0.000000|0.000000|
20170425_190817|48930|105|10.204082|0||0||0|0|0|0|0.000000|0.000000|0.000000|0.000000|0.000000|0.000000|0.000000|0.000000|0.000000|0.000000|0.000000|0.000000|
20170425_190817|49020|106|10.989011|0||0||0|0|0|0|0.000000|0.000000|0.000000|0.000000|0.000000|0.000000|0.000000|0.000000|0.000000|0.000000|0.000000|0.000000|
20170425_190817|49112|107|10.752688|0||0||0|0|0|0|0.000000|0.000000|0.000000|0.000000|0.000000|0.000000|0.000000|0.000000|0.000000|0.000000|0.000000|0.000000|
20170425_190817|49160|108|21.276596|0||0||0|0|0|0|0.000000|0.000000|0.000000|0.000000|0.000000|0.000000|0.000000|0.000000|0.000000|0.000000|0.000000|0.000000|
20170425_190817|49259|109|10.526316|0||0||0|0|0|0|0.000000|0.000000|0.000000|0.000000|0.000000|0.000000|0.000000|0.000000|0.000000|0.000000|0.000000|0.000000|
20170425_190817|49346|110|10.989011|0||0||0|0|0|0|0.000000|0.000000|0.000000|0.000000|0.000000|0.000000|0.000000|0.000000|0.000000|0.000000|0.000000|0.000000|
20170425_190817|49394|111|20.833333|0||0||0|0|0|0|0.000000|0.000000|0.000000|0.000000|0.000000|0.000000|0.000000|0.000000|0.000000|0.000000|0.000000|0.000000|
20170425_190817|49446|112|19.230769|0||0||0|0|0|0|0.000000|0.000000|0.000000|0.000000|0.000000|0.000000|0.000000|0.000000|0.000000|0.000000|0.000000|0.000000|
20170425_190818|49506|113|16.393443|0||0||0|0|0|0|0.000000|0.000000|0.000000|0.000000|0.000000|0.000000|0.000000|0.000000|0.000000|0.000000|0.000000|0.000000|
20170425_190818|49580|114|13.513514|0||0||0|0|0|0|0.000000|0.000000|0.000000|0.000000|0.000000|0.000000|0.000000|0.000000|0.000000|0.000000|0.000000|0.000000|
20170425_190818|49637|115|19.230769|0||0||0|0|0|0|0.000000|0.000000|0.000000|0.000000|0.000000|0.000000|0.000000|0.000000|0.000000|0.000000|0.000000|0.000000|
20170425_190818|49684|116|19.230769|0||0||0|0|0|0|0.000000|0.000000|0.000000|0.000000|0.000000|0.000000|0.000000|0.000000|0.000000|0.000000|0.000000|0.000000|
20170425_190818|49731|117|21.739130|0||0||0|0|0|0|0.000000|0.000000|0.000000|0.000000|0.000000|0.000000|0.000000|0.000000|0.000000|0.000000|0.000000|0.000000|
20170425_190818|49779|118|23.255814|0||0||0|0|0|0|0.000000|0.000000|0.000000|0.000000|0.000000|0.000000|0.000000|0.000000|0.000000|0.000000|0.000000|0.000000|
20170425_190818|49835|119|16.393443|0||0||0|0|0|0|0.000000|0.000000|0.000000|0.000000|0.000000|0.000000|0.000000|0.000000|0.000000|0.000000|0.000000|0.000000|
20170425_190818|49884|120|20.408163|0||0||0|0|0|0|0.000000|0.000000|0.000000|0.000000|0.000000|0.000000|0.000000|0.000000|0.000000|0.000000|0.000000|0.000000|
20170425_190818|49958|121|13.333333|0||0||0|0|0|0|0.000000|0.000000|0.000000|0.000000|0.000000|0.000000|0.000000|0.000000|0.000000|0.000000|0.000000|0.000000|
20170425_190818|50002|122|22.727273|0||0||0|0|0|0|0.000000|0.000000|0.000000|0.000000|0.000000|0.000000|0.000000|0.000000|0.000000|0.000000|0.000000|0.000000|
20170425_190818|50051|123|21.276596|0||0||0|0|0|0|0.000000|0.000000|0.000000|0.000000|0.000000|0.000000|0.000000|0.000000|0.000000|0.000000|0.000000|0.000000|
20170425_190818|50099|124|20.408163|0||0||0|0|0|0|0.000000|0.000000|0.000000|0.000000|0.000000|0.000000|0.000000|0.000000|0.000000|0.000000|0.000000|0.000000|
20170425_190818|50189|125|10.989011|0||0||0|0|0|0|0.000000|0.000000|0.000000|0.000000|0.000000|0.000000|0.000000|0.000000|0.000000|0.000000|0.000000|0.000000|
20170425_190818|50239|126|20.833333|0||0||0|0|0|0|0.000000|0.000000|0.000000|0.000000|0.000000|0.000000|0.000000|0.000000|0.000000|0.000000|0.000000|0.000000|
20170425_190818|50333|127|10.526316|0||0||0|0|0|0|0.000000|0.000000|0.000000|0.000000|0.000000|0.000000|0.000000|0.000000|0.000000|0.000000|0.000000|0.000000|
20170425_190818|50377|128|22.727273|0||0||0|0|0|0|0.000000|0.000000|0.000000|0.000000|0.000000|0.000000|0.000000|0.000000|0.000000|0.000000|0.000000|0.000000|
20170425_190818|50424|129|20.833333|0||0||0|0|0|0|0.000000|0.000000|0.000000|0.000000|0.000000|0.000000|0.000000|0.000000|0.000000|0.000000|0.000000|0.000000|
20170425_190818|50474|130|20.408163|0||0||0|0|0|0|0.000000|0.000000|0.000000|0.000000|0.000000|0.000000|0.000000|0.000000|0.000000|0.000000|0.000000|0.000000|
20170425_190819|50566|131|10.869565|0||0||0|0|0|0|0.000000|0.000000|0.000000|0.000000|0.000000|0.000000|0.000000|0.000000|0.000000|0.000000|0.000000|0.000000|
20170425_190819|50617|132|20.408163|0||0||0|0|0|0|0.000000|0.000000|0.000000|0.000000|0.000000|0.000000|0.000000|0.000000|0.000000|0.000000|0.000000|0.000000|
20170425_190819|50706|133|10.989011|0||0||0|0|0|0|0.000000|0.000000|0.000000|0.000000|0.000000|0.000000|0.000000|0.000000|0.000000|0.000000|0.000000|0.000000|
20170425_190819|50754|134|21.276596|0||0||0|0|0|0|0.000000|0.000000|0.000000|0.000000|0.000000|0.000000|0.000000|0.000000|0.000000|0.000000|0.000000|0.000000|
20170425_190819|50801|135|21.276596|0||0||0|0|0|0|0.000000|0.000000|0.000000|0.000000|0.000000|0.000000|0.000000|0.000000|0.000000|0.000000|0.000000|0.000000|
20170425_190819|50893|136|10.752688|0||0||0|0|0|0|0.000000|0.000000|0.000000|0.000000|0.000000|0.000000|0.000000|0.000000|0.000000|0.000000|0.000000|0.000000|
20170425_190819|50990|137|10.309278|0||0||0|0|0|0|0.000000|0.000000|0.000000|0.000000|0.000000|0.000000|0.000000|0.000000|0.000000|0.000000|0.000000|0.000000|
20170425_190819|51084|138|10.869565|0||0||0|0|0|0|0.000000|0.000000|0.000000|0.000000|0.000000|0.000000|0.000000|0.000000|0.000000|0.000000|0.000000|0.000000|
20170425_190819|51176|139|10.638298|0||0||0|0|0|0|0.000000|0.000000|0.000000|0.000000|0.000000|0.000000|0.000000|0.000000|0.000000|0.000000|0.000000|0.000000|
20170425_190819|51274|140|10.752688|0||0||0|0|0|0|0.000000|0.000000|0.000000|0.000000|0.000000|0.000000|0.000000|0.000000|0.000000|0.000000|0.000000|0.000000|
20170425_190819|51366|141|10.416667|0||0||0|0|0|0|0.000000|0.000000|0.000000|0.000000|0.000000|0.000000|0.000000|0.000000|0.000000|0.000000|0.000000|0.000000|
20170425_190819|51456|142|10.989011|0||0||0|0|0|0|0.000000|0.000000|0.000000|0.000000|0.000000|0.000000|0.000000|0.000000|0.000000|0.000000|0.000000|0.000000|
20170425_190820|51556|143|10.204082|0||0||0|0|0|0|0.000000|0.000000|0.000000|0.000000|0.000000|0.000000|0.000000|0.000000|0.000000|0.000000|0.000000|0.000000|
20170425_190820|51648|144|10.752688|0||0||0|0|0|0|0.000000|0.000000|0.000000|0.000000|0.000000|0.000000|0.000000|0.000000|0.000000|0.000000|0.000000|0.000000|
20170425_190820|51737|145|11.111111|0||0||0|0|0|0|0.000000|0.000000|0.000000|0.000000|0.000000|0.000000|0.000000|0.000000|0.000000|0.000000|0.000000|0.000000|
20170425_190820|51839|146|10.309278|0||0||0|0|0|0|0.000000|0.000000|0.000000|0.000000|0.000000|0.000000|0.000000|0.000000|0.000000|0.000000|0.000000|0.000000|
20170425_190820|51912|147|17.241379|0||0||0|0|0|0|0.000000|0.000000|0.000000|0.000000|0.000000|0.000000|0.000000|0.000000|0.000000|0.000000|0.000000|0.000000|
20170425_190820|52006|148|9.615385|0||0||0|0|0|0|0.000000|0.000000|0.000000|0.000000|0.000000|0.000000|0.000000|0.000000|0.000000|0.000000|0.000000|0.000000|
20170425_190820|52064|149|14.492754|0||0||0|0|0|0|0.000000|0.000000|0.000000|0.000000|0.000000|0.000000|0.000000|0.000000|0.000000|0.000000|0.000000|0.000000|
20170425_190820|52114|150|20.833333|0||0||0|0|0|0|0.000000|0.000000|0.000000|0.000000|0.000000|0.000000|0.000000|0.000000|0.000000|0.000000|0.000000|0.000000|
20170425_190820|52205|151|10.752688|0||0||0|0|0|0|0.000000|0.000000|0.000000|0.000000|0.000000|0.000000|0.000000|0.000000|0.000000|0.000000|0.000000|0.000000|
20170425_190820|52256|152|20.408163|0||0||0|0|0|0|0.000000|0.000000|0.000000|0.000000|0.000000|0.000000|0.000000|0.000000|0.000000|0.000000|0.000000|0.000000|
20170425_190820|52351|153|10.638298|0||0||0|0|0|0|0.000000|0.000000|0.000000|0.000000|0.000000|0.000000|0.000000|0.000000|0.000000|0.000000|0.000000|0.000000|
20170425_190820|52444|154|10.869565|0||0||0|0|0|0|0.000000|0.000000|0.000000|0.000000|0.000000|0.000000|0.000000|0.000000|0.000000|0.000000|0.000000|0.000000|
20170425_190821|52535|155|10.638298|0||0||0|0|0|0|0.000000|0.000000|0.000000|0.000000|0.000000|0.000000|0.000000|0.000000|0.000000|0.000000|0.000000|0.000000|
20170425_190821|52583|156|21.276596|0||0||0|0|0|0|0.000000|0.000000|0.000000|0.000000|0.000000|0.000000|0.000000|0.000000|0.000000|0.000000|0.000000|0.000000|
20170425_190821|52678|157|10.416667|0||0||0|0|0|0|0.000000|0.000000|0.000000|0.000000|0.000000|0.000000|0.000000|0.000000|0.000000|0.000000|0.000000|0.000000|
20170425_190821|52770|158|10.869565|0||0||0|0|0|0|0.000000|0.000000|0.000000|0.000000|0.000000|0.000000|0.000000|0.000000|0.000000|0.000000|0.000000|0.000000|
20170425_190821|52821|159|21.739130|0||0||0|0|0|0|0.000000|0.000000|0.000000|0.000000|0.000000|0.000000|0.000000|0.000000|0.000000|0.000000|0.000000|0.000000|
20170425_190821|52909|160|10.638298|0||0||0|0|0|0|0.000000|0.000000|0.000000|0.000000|0.000000|0.000000|0.000000|0.000000|0.000000|0.000000|0.000000|0.000000|
20170425_190821|52955|161|21.276596|0||0||0|0|0|0|0.000000|0.000000|0.000000|0.000000|0.000000|0.000000|0.000000|0.000000|0.000000|0.000000|0.000000|0.000000|
20170425_190821|53004|162|21.739130|0||0||0|0|0|0|0.000000|0.000000|0.000000|0.000000|0.000000|0.000000|0.000000|0.000000|0.000000|0.000000|0.000000|0.000000|
20170425_190821|53052|163|20.833333|0||0||0|0|0|0|0.000000|0.000000|0.000000|0.000000|0.000000|0.000000|0.000000|0.000000|0.000000|0.000000|0.000000|0.000000|
20170425_190821|53146|164|10.526316|0||0||0|0|0|0|0.000000|0.000000|0.000000|0.000000|0.000000|0.000000|0.000000|0.000000|0.000000|0.000000|0.000000|0.000000|
20170425_190821|53239|165|10.638298|0||0||0|0|0|0|0.000000|0.000000|0.000000|0.000000|0.000000|0.000000|0.000000|0.000000|0.000000|0.000000|0.000000|0.000000|
20170425_190821|53287|166|21.276596|0||0||0|0|0|0|0.000000|0.000000|0.000000|0.000000|0.000000|0.000000|0.000000|0.000000|0.000000|0.000000|0.000000|0.000000|
20170425_190821|53381|167|10.752688|0||0||0|0|0|0|0.000000|0.000000|0.000000|0.000000|0.000000|0.000000|0.000000|0.000000|0.000000|0.000000|0.000000|0.000000|
20170425_190821|53479|168|10.526316|0||0||0|0|0|0|0.000000|0.000000|0.000000|0.000000|0.000000|0.000000|0.000000|0.000000|0.000000|0.000000|0.000000|0.000000|
20170425_190822|53531|169|18.181818|0||0||0|0|0|0|0.000000|0.000000|0.000000|0.000000|0.000000|0.000000|0.000000|0.000000|0.000000|0.000000|0.000000|0.000000|
20170425_190822|53575|170|22.727273|0||0||0|0|0|0|0.000000|0.000000|0.000000|0.000000|0.000000|0.000000|0.000000|0.000000|0.000000|0.000000|0.000000|0.000000|
20170425_190822|53629|171|18.181818|0||0||0|0|0|0|0.000000|0.000000|0.000000|0.000000|0.000000|0.000000|0.000000|0.000000|0.000000|0.000000|0.000000|0.000000|
20170425_190822|53706|172|12.987013|0||0||0|0|0|0|0.000000|0.000000|0.000000|0.000000|0.000000|0.000000|0.000000|0.000000|0.000000|0.000000|0.000000|0.000000|
20170425_190822|53756|173|21.276596|0||0||0|0|0|0|0.000000|0.000000|0.000000|0.000000|0.000000|0.000000|0.000000|0.000000|0.000000|0.000000|0.000000|0.000000|
20170425_190822|53850|174|10.309278|0||0||0|0|0|0|0.000000|0.000000|0.000000|0.000000|0.000000|0.000000|0.000000|0.000000|0.000000|0.000000|0.000000|0.000000|
20170425_190822|53907|175|18.181818|0||0||0|0|0|0|0.000000|0.000000|0.000000|0.000000|0.000000|0.000000|0.000000|0.000000|0.000000|0.000000|0.000000|0.000000|
20170425_190822|53961|176|18.867925|0||0||0|0|0|0|0.000000|0.000000|0.000000|0.000000|0.000000|0.000000|0.000000|0.000000|0.000000|0.000000|0.000000|0.000000|
20170425_190822|54019|177|18.867925|0||0||0|0|0|0|0.000000|0.000000|0.000000|0.000000|0.000000|0.000000|0.000000|0.000000|0.000000|0.000000|0.000000|0.000000|
20170425_190822|54094|178|12.987013|0||0||0|0|0|0|0.000000|0.000000|0.000000|0.000000|0.000000|0.000000|0.000000|0.000000|0.000000|0.000000|0.000000|0.000000|
20170425_190822|54155|179|15.625000|0||0||0|0|0|0|0.000000|0.000000|0.000000|0.000000|0.000000|0.000000|0.000000|0.000000|0.000000|0.000000|0.000000|0.000000|
20170425_190822|54336|180|13.888889|0|CarroTeste|1|circulo_r68_xc160_yc120|208|168|225|193|30.232433|0.000000|0.000000|55.000000|55.000000|1878.665124|-0.463648|-1.087723|-0.624075|-10.707595|82.662103|105.204409|
20170425_190822|54418|181|5.291005|0|CarroTeste|1|circulo_r68_xc160_yc120|218|155|232|161|15.231546|0.000000|0.000000|55.000000|55.000000|1878.393417|0.426627|-1.176475|-1.603102|-27.497377|64.975063|122.864278|
20170425_190823|54508|182|11.111111|0|CarroTeste|1|circulo_r68_xc160_yc120|213|162|246|191|43.931765|0.000000|0.000000|55.000000|55.000000|1878.399706|-1.111980|-1.344096|-0.232117|-3.981442|89.728993|98.110977|
20170425_190823|54608|183|10.638298|0|CarroTeste|1|circulo_r68_xc160_yc120|218|155|232|162|15.652476|0.000000|0.000000|55.000000|55.000000|1878.228690|0.321751|-1.180684|-1.502434|-25.766161|66.789159|121.033710|
20170425_190823|54694|184|10.638298|0|CarroTeste|1|circulo_r68_xc160_yc120|218|155|232|161|15.231546|0.000000|0.000000|55.000000|55.000000|1878.228697|0.463648|-1.176475|-1.640122|-28.127461|64.303581|123.519289|
20170425_190823|54789|185|10.526316|0|CarroTeste|1|circulo_r68_xc160_yc120|218|155|232|162|15.652476|0.000000|0.000000|55.000000|55.000000|1878.222689|0.463648|-1.180684|-1.644332|-28.199470|64.227481|123.594787|
20170425_190823|54887|186|10.638298|0|CarroTeste|1|circulo_r68_xc160_yc120|218|155|232|162|15.652476|0.000000|0.000000|55.000000|55.000000|1878.222689|0.321751|-1.180684|-1.502434|-25.766006|66.789022|121.033247|
20170425_190823|54979|187|10.526316|0|CarroTeste|1|circulo_r68_xc160_yc120|208|168|225|194|31.064449|0.000000|0.000000|55.000000|55.000000|1878.034511|-0.485866|-1.096043|-0.610176|-10.462141|82.888945|104.914506|
20170425_190823|55072|188|10.989011|0|CarroTeste|1|circulo_r68_xc160_yc120|208|168|225|193|30.232433|0.000000|0.000000|55.000000|55.000000|1878.044539|-0.477345|-1.087723|-0.610377|-10.465688|82.885713|104.918740|
20170425_190823|55168|189|10.416667|0|CarroTeste|1|circulo_r68_xc160_yc120|218|155|232|161|15.231546|0.000000|0.000000|55.000000|55.000000|1878.036611|0.426627|-1.176475|-1.603102|-27.486976|64.968171|122.835490|
20170425_190823|55255|190|10.989011|0|CarroTeste|1|circulo_r68_xc160_yc120|218|155|232|162|15.652476|0.000000|0.000000|55.000000|55.000000|1877.848440|0.321751|-1.180684|-1.502434|-25.755783|66.781071|121.003773|
20170425_190823|55352|191|10.416667|0|CarroTeste|1|circulo_r68_xc160_yc120|218|155|232|162|15.652476|0.000000|0.000000|55.000000|55.000000|1877.844570|0.367174|-1.180684|-1.547858|-26.534350|65.961333|121.823124|
20170425_190823|55449|192|10.869565|0|CarroTeste|1|circulo_r68_xc160_yc120|218|155|275|190|66.887966|0.000000|0.000000|55.000000|55.000000|1877.662410|-1.706645|-1.693039|0.013606|0.233191|94.128584|93.637657|
20170425_190824|55540|193|10.638298|0|CarroTeste|1|circulo_r68_xc160_yc120|218|155|232|162|15.652476|0.000000|0.000000|55.000000|55.000000|1877.468127|0.426627|-1.180684|-1.607311|-27.542531|64.881268|122.865545|
20170425_190824|55634|194|10.526316|0|CarroTeste|1|circulo_r68_xc160_yc120|218|155|232|161|15.231546|0.000000|0.000000|55.000000|55.000000|1877.287751|0.426627|-1.176475|-1.603102|-27.465156|64.953697|122.775078|
20170425_190824|55723|195|10.869565|0|CarroTeste|1|circulo_r68_xc160_yc120|218|155|232|161|15.231546|0.000000|0.000000|55.000000|55.000000|1877.293768|0.426627|-1.176475|-1.603102|-27.465331|64.953813|122.775564|
20170425_190824|55823|196|10.638298|0|CarroTeste|1|circulo_r68_xc160_yc120|218|155|232|161|15.231546|0.000000|0.000000|55.000000|55.000000|1877.293768|0.426627|-1.176475|-1.603102|-27.465331|64.953813|122.775564|
20170425_190824|55913|197|10.638298|0|CarroTeste|1|circulo_r68_xc160_yc120|203|172|225|195|31.827661|0.000000|0.000000|55.000000|55.000000|1877.107601|-0.467939|-1.015710|-0.547771|-9.382900|83.978644|103.732117|
20170425_190824|56008|198|10.526316|0|CarroTeste|1|circulo_r68_xc160_yc120|218|155|232|162|15.652476|0.000000|0.000000|55.000000|55.000000|1877.103651|0.321751|-1.180684|-1.502434|-25.735429|66.765257|120.945108|
20170425_190824|56101|199|10.869565|0|CarroTeste|1|circulo_r68_xc160_yc120|218|155|232|162|15.652476|0.000000|0.000000|55.000000|55.000000|1877.109657|0.321751|-1.180684|-1.502434|-25.735601|66.765376|120.945589|
20170425_190824|56195|200|10.416667|0|CarroTeste|1|circulo_r68_xc160_yc120|218|155|232|162|15.652476|0.000000|0.000000|55.000000|55.000000|1876.973783|0.321751|-1.180684|-1.502434|-25.731889|66.762490|120.934889|
20170425_190824|56287|201|10.989011|0|CarroTeste|1|circulo_r68_xc160_yc120|218|155|232|161|15.231546|0.000000|0.000000|55.000000|55.000000|1876.768422|0.426627|-1.176475|-1.603102|-27.450018|64.943665|122.733177|
20170425_190824|56384|202|10.638298|0|CarroTeste|1|circulo_r68_xc160_yc120|218|155|232|161|15.231546|0.000000|0.000000|55.000000|55.000000|1876.636476|0.426627|-1.176475|-1.603102|-27.446173|64.941115|122.722533|
20170425_190824|56480|203|10.526316|0|CarroTeste|1|circulo_r68_xc160_yc120|218|155|232|161|15.231546|0.000000|0.000000|55.000000|55.000000|1876.593444|0.463648|-1.176475|-1.640122|-28.078698|64.273148|123.386197|
20170425_190825|56571|204|10.526316|0|CarroTeste|1|circulo_r68_xc160_yc120|218|155|232|161|15.231546|0.000000|0.000000|55.000000|55.000000|1876.405433|0.426627|-1.176475|-1.603102|-27.439439|64.936651|122.703892|
20170425_190825|56666|205|10.638298|0|CarroTeste|1|circulo_r68_xc160_yc120|208|168|224|193|29.681644|0.000000|0.000000|55.000000|55.000000|1876.411201|-0.450074|-1.082215|-0.632141|-10.820089|82.430992|105.210128|
20170425_190825|56756|206|10.989011|0|CarroTeste|1|circulo_r68_xc160_yc120|208|168|225|193|30.232433|0.000000|0.000000|55.000000|55.000000|1876.285427|-0.468132|-1.087723|-0.619591|-10.603848|82.652326|104.976217|
20170425_190825|56852|207|10.416667|0|CarroTeste|1|circulo_r68_xc160_yc120|218|155|232|162|15.652476|0.000000|0.000000|55.000000|55.000000|1876.137688|0.321751|-1.180684|-1.502434|-25.709042|66.744735|120.869034|
20170425_190825|56943|208|10.989011|0|CarroTeste|1|circulo_r68_xc160_yc120|218|155|232|162|15.652476|0.000000|0.000000|55.000000|55.000000|1875.999989|0.321751|-1.180684|-1.502434|-25.705288|66.741801|120.858198|
20170425_190825|57041|209|10.638298|0|CarroTeste|1|circulo_r68_xc160_yc120|218|155|232|162|15.652476|0.000000|0.000000|55.000000|55.000000|1875.958955|0.321751|-1.180684|-1.502434|-25.704167|66.740929|120.854966|
20170425_190825|57135|210|10.309278|0|CarroTeste|1|circulo_r68_xc160_yc120|218|155|232|162|15.652476|0.000000|0.000000|55.000000|55.000000|1875.866075|0.321751|-1.180684|-1.502434|-25.701630|66.738956|120.847651|
20170425_190825|57226|211|10.752688|0|CarroTeste|1|circulo_r68_xc160_yc120|218|155|232|161|15.231546|0.000000|0.000000|55.000000|55.000000|1875.811292|0.426627|-1.176475|-1.603102|-27.422120|64.925175|122.655955|
20170425_190825|57323|212|10.989011|0|CarroTeste|1|circulo_r68_xc160_yc120|218|155|232|162|15.652476|0.000000|0.000000|55.000000|55.000000|1875.910850|0.321751|-1.180684|-1.502434|-25.702854|66.739906|120.851179|
20170425_190825|57417|213|10.526316|0|CarroTeste|1|circulo_r68_xc160_yc120|218|155|232|161|15.231546|0.000000|0.000000|55.000000|55.000000|1875.900623|0.426627|-1.176475|-1.603102|-27.424724|64.926900|122.663162|
20170425_190826|57510|214|10.526316|0|CarroTeste|1|circulo_r68_xc160_yc120|218|155|232|162|15.652476|0.000000|0.000000|55.000000|55.000000|1875.898667|0.321751|-1.180684|-1.502434|-25.702521|66.739648|120.850219|
20170425_190826|57604|215|10.526316|0|CarroTeste|1|circulo_r68_xc160_yc120|218|155|232|162|15.652476|0.000000|0.000000|55.000000|55.000000|1875.896711|0.367174|-1.180684|-1.547858|-26.479532|65.921644|121.668027|
20170425_190826|57695|216|10.869565|0|CarroTeste|1|circulo_r68_xc160_yc120|218|155|232|161|15.231546|0.000000|0.000000|55.000000|55.000000|1875.902709|0.426627|-1.176475|-1.603102|-27.424785|64.926940|122.663331|
20170425_190826|57788|217|10.752688|0|CarroTeste|1|circulo_r68_xc160_yc120|208|168|225|193|30.232433|0.000000|0.000000|55.000000|55.000000|1875.904707|-0.450074|-1.087723|-0.637649|-10.908495|82.312609|105.277862|
20170425_190826|57885|218|10.526316|0|CarroTeste|1|circulo_r68_xc160_yc120|218|155|232|162|15.652476|0.000000|0.000000|55.000000|55.000000|1875.904707|0.321751|-1.180684|-1.502434|-25.702677|66.739785|120.850685|
20170425_190826|57976|219|10.989011|0|CarroTeste|1|circulo_r68_xc160_yc120|218|155|232|161|15.231546|0.000000|0.000000|55.000000|55.000000|1875.904707|0.426627|-1.176475|-1.603102|-27.424843|64.926979|122.663491|
20170425_190826|58071|220|10.638298|0|CarroTeste|1|circulo_r68_xc160_yc120|218|155|232|162|15.652476|0.000000|0.000000|55.000000|55.000000|1875.908579|0.321751|-1.180684|-1.502434|-25.702792|66.739858|120.851000|
20170425_190826|58166|221|10.526316|0|CarroTeste|1|circulo_r68_xc160_yc120|218|155|232|162|15.652476|0.000000|0.000000|55.000000|55.000000|1875.900494|0.321751|-1.180684|-1.502434|-25.702570|66.739687|120.850362|
20170425_190826|58260|222|10.526316|0|CarroTeste|1|circulo_r68_xc160_yc120|218|155|232|162|15.652476|0.000000|0.000000|55.000000|55.000000|1875.902411|0.321751|-1.180684|-1.502434|-25.702622|66.739728|120.850513|
20170425_190826|58357|223|10.638298|0|CarroTeste|1|circulo_r68_xc160_yc120|218|155|274|192|67.119297|0.000000|0.000000|55.000000|55.000000|1875.898370|-1.670465|-1.695352|-0.024887|-0.425766|93.346744|94.243093|
20170425_190826|58449|224|10.638298|0|CarroTeste|1|circulo_r68_xc160_yc120|218|155|232|162|15.652476|0.000000|0.000000|55.000000|55.000000|1875.898370|0.321751|-1.180684|-1.502434|-25.702498|66.739657|120.850180|
20170425_190827|58540|225|10.869565|0|CarroTeste|1|circulo_r68_xc160_yc120|218|155|232|162|15.652476|0.000000|0.000000|55.000000|55.000000|1875.904368|0.321751|-1.180684|-1.502434|-25.702676|66.739770|120.850667|
20170425_190827|58635|226|10.752688|0|CarroTeste|1|circulo_r68_xc160_yc120|0|0|232|162|0.000000|0.000000|0.000000|0.000000|0.000000|0.000000|0.000000|0.000000|0.000000|0.000000|0.000000|0.000000|
20170425_190827|58722|227|10.638298|0|CarroTeste|1|circulo_r68_xc160_yc120|0|0|232|162|0.000000|0.000000|0.000000|0.000000|0.000000|0.000000|0.000000|0.000000|0.000000|0.000000|0.000000|0.000000|
20170425_190827|58775|228|19.607843|0|CarroTeste|1|circulo_r68_xc160_yc120|0|0|232|197|0.000000|0.000000|0.000000|0.000000|0.000000|0.000000|0.000000|0.000000|0.000000|0.000000|0.000000|0.000000|
20170425_190827|58862|229|11.111111|0|CarroTeste|1|circulo_r68_xc160_yc120|0|0|232|161|0.000000|0.000000|0.000000|0.000000|0.000000|0.000000|0.000000|0.000000|0.000000|0.000000|0.000000|0.000000|
20170425_190827|58913|230|21.276596|0|CarroTeste|1|circulo_r68_xc160_yc120|0|0|232|162|0.000000|0.000000|0.000000|0.000000|0.000000|0.000000|0.000000|0.000000|0.000000|0.000000|0.000000|0.000000|
20170425_190827|59002|231|10.752688|0|CarroTeste|1|circulo_r68_xc160_yc120|0|0|232|162|0.000000|0.000000|0.000000|0.000000|0.000000|0.000000|0.000000|0.000000|0.000000|0.000000|0.000000|0.000000|
20170425_190827|59053|232|20.000000|0|CarroTeste|1|circulo_r68_xc160_yc120|0|0|232|161|0.000000|0.000000|0.000000|0.000000|0.000000|0.000000|0.000000|0.000000|0.000000|0.000000|0.000000|0.000000|
20170425_190827|59145|233|10.989011|0|CarroTeste|1|circulo_r68_xc160_yc120|0|0|232|161|0.000000|0.000000|0.000000|0.000000|0.000000|0.000000|0.000000|0.000000|0.000000|0.000000|0.000000|0.000000|
20170425_190827|59238|234|10.638298|0|CarroTeste|1|circulo_r68_xc160_yc120|0|0|232|162|0.000000|0.000000|0.000000|0.000000|0.000000|0.000000|0.000000|0.000000|0.000000|0.000000|0.000000|0.000000|
20170425_190827|59285|235|21.739130|0|CarroTeste|1|circulo_r68_xc160_yc120|0|0|232|162|0.000000|0.000000|0.000000|0.000000|0.000000|0.000000|0.000000|0.000000|0.000000|0.000000|0.000000|0.000000|
20170425_190827|59332|236|21.276596|0|CarroTeste|1|circulo_r68_xc160_yc120|0|0|248|191|0.000000|0.000000|0.000000|0.000000|0.000000|0.000000|0.000000|0.000000|0.000000|0.000000|0.000000|0.000000|
20170425_190827|59379|237|21.276596|0|CarroTeste|1|circulo_r68_xc160_yc120|0|0|232|162|0.000000|0.000000|0.000000|0.000000|0.000000|0.000000|0.000000|0.000000|0.000000|0.000000|0.000000|0.000000|
20170425_190827|59433|238|20.000000|0|CarroTeste|1|circulo_r68_xc160_yc120|0|0|232|161|0.000000|0.000000|0.000000|0.000000|0.000000|0.000000|0.000000|0.000000|0.000000|0.000000|0.000000|0.000000|
20170425_190828|59524|239|10.869565|0|CarroTeste|1|circulo_r68_xc160_yc120|0|0|232|161|0.000000|0.000000|0.000000|0.000000|0.000000|0.000000|0.000000|0.000000|0.000000|0.000000|0.000000|0.000000|
20170425_190828|59617|240|10.752688|0|CarroTeste|1|circulo_r68_xc160_yc120|0|0|232|162|0.000000|0.000000|0.000000|0.000000|0.000000|0.000000|0.000000|0.000000|0.000000|0.000000|0.000000|0.000000|
20170425_190828|59713|241|10.638298|0|CarroTeste|1|circulo_r68_xc160_yc120|0|0|232|162|0.000000|0.000000|0.000000|0.000000|0.000000|0.000000|0.000000|0.000000|0.000000|0.000000|0.000000|0.000000|
20170425_190828|59768|242|17.543860|0|CarroTeste|1|circulo_r68_xc160_yc120|0|0|232|161|0.000000|0.000000|0.000000|0.000000|0.000000|0.000000|0.000000|0.000000|0.000000|0.000000|0.000000|0.000000|
20170425_190828|59825|243|16.393443|0|CarroTeste|1|circulo_r68_xc160_yc120|0|0|232|162|0.000000|0.000000|0.000000|0.000000|0.000000|0.000000|0.000000|0.000000|0.000000|0.000000|0.000000|0.000000|
20170425_190828|59869|244|23.809524|0|CarroTeste|1|circulo_r68_xc160_yc120|0|0|232|162|0.000000|0.000000|0.000000|0.000000|0.000000|0.000000|0.000000|0.000000|0.000000|0.000000|0.000000|0.000000|
20170425_190828|59942|245|13.513514|0|CarroTeste|1|circulo_r68_xc160_yc120|0|0|232|162|0.000000|0.000000|0.000000|0.000000|0.000000|0.000000|0.000000|0.000000|0.000000|0.000000|0.000000|0.000000|
20170425_190828|59988|246|21.276596|0|CarroTeste|1|circulo_r68_xc160_yc120|0|0|232|162|0.000000|0.000000|0.000000|0.000000|0.000000|0.000000|0.000000|0.000000|0.000000|0.000000|0.000000|0.000000|
20170425_190828|60038|247|20.408163|0|CarroTeste|1|circulo_r68_xc160_yc120|0|0|232|161|0.000000|0.000000|0.000000|0.000000|0.000000|0.000000|0.000000|0.000000|0.000000|0.000000|0.000000|0.000000|
20170425_190828|60128|248|11.111111|0|CarroTeste|1|circulo_r68_xc160_yc120|0|0|249|191|0.000000|0.000000|0.000000|0.000000|0.000000|0.000000|0.000000|0.000000|0.000000|0.000000|0.000000|0.000000|
20170425_190828|60177|249|20.833333|0|CarroTeste|1|circulo_r68_xc160_yc120|0|0|232|161|0.000000|0.000000|0.000000|0.000000|0.000000|0.000000|0.000000|0.000000|0.000000|0.000000|0.000000|0.000000|
20170425_190828|60272|250|10.309278|0|CarroTeste|1|circulo_r68_xc160_yc120|0|0|224|194|0.000000|0.000000|0.000000|0.000000|0.000000|0.000000|0.000000|0.000000|0.000000|0.000000|0.000000|0.000000|
20170425_190828|60362|251|10.989011|0|CarroTeste|1|circulo_r68_xc160_yc120|0|0|246|191|0.000000|0.000000|0.000000|0.000000|0.000000|0.000000|0.000000|0.000000|0.000000|0.000000|0.000000|0.000000|
20170425_190828|60412|252|21.276596|0|CarroTeste|1|circulo_r68_xc160_yc120|0|0|232|162|0.000000|0.000000|0.000000|0.000000|0.000000|0.000000|0.000000|0.000000|0.000000|0.000000|0.000000|0.000000|
20170425_190829|60503|253|10.752688|0|CarroTeste|1|circulo_r68_xc160_yc120|0|0|232|162|0.000000|0.000000|0.000000|0.000000|0.000000|0.000000|0.000000|0.000000|0.000000|0.000000|0.000000|0.000000|
20170425_190829|60551|254|21.276596|0|CarroTeste|1|circulo_r68_xc160_yc120|0|0|232|161|0.000000|0.000000|0.000000|0.000000|0.000000|0.000000|0.000000|0.000000|0.000000|0.000000|0.000000|0.000000|
20170425_190829|60644|255|10.752688|0|CarroTeste|1|circulo_r68_xc160_yc120|0|0|232|162|0.000000|0.000000|0.000000|0.000000|0.000000|0.000000|0.000000|0.000000|0.000000|0.000000|0.000000|0.000000|
20170425_190829|60693|256|20.408163|0|CarroTeste|1|circulo_r68_xc160_yc120|0|0|232|161|0.000000|0.000000|0.000000|0.000000|0.000000|0.000000|0.000000|0.000000|0.000000|0.000000|0.000000|0.000000|
20170425_190829|60750|257|17.857143|0|CarroTeste|1|circulo_r68_xc160_yc120|0|0|232|162|0.000000|0.000000|0.000000|0.000000|0.000000|0.000000|0.000000|0.000000|0.000000|0.000000|0.000000|0.000000|
20170425_190829|60800|258|18.867925|0|CarroTeste|1|circulo_r68_xc160_yc120|0|0|232|162|0.000000|0.000000|0.000000|0.000000|0.000000|0.000000|0.000000|0.000000|0.000000|0.000000|0.000000|0.000000|
20170425_190829|60841|259|23.809524|0|CarroTeste|1|circulo_r68_xc160_yc120|0|0|225|193|0.000000|0.000000|0.000000|0.000000|0.000000|0.000000|0.000000|0.000000|0.000000|0.000000|0.000000|0.000000|
20170425_190829|60883|260|24.390244|0|CarroTeste|1|circulo_r68_xc160_yc120|0|0|232|161|0.000000|0.000000|0.000000|0.000000|0.000000|0.000000|0.000000|0.000000|0.000000|0.000000|0.000000|0.000000|
20170425_190829|60939|261|17.543860|0|CarroTeste|1|circulo_r68_xc160_yc120|0|0|239|192|0.000000|0.000000|0.000000|0.000000|0.000000|0.000000|0.000000|0.000000|0.000000|0.000000|0.000000|0.000000|
20170425_190829|60985|262|22.222222|0|CarroTeste|1|circulo_r68_xc160_yc120|0|0|232|162|0.000000|0.000000|0.000000|0.000000|0.000000|0.000000|0.000000|0.000000|0.000000|0.000000|0.000000|0.000000|
20170425_190829|61035|263|20.833333|0|CarroTeste|1|circulo_r68_xc160_yc120|0|0|232|162|0.000000|0.000000|0.000000|0.000000|0.000000|0.000000|0.000000|0.000000|0.000000|0.000000|0.000000|0.000000|
20170425_190829|61074|264|25.000000|0|CarroTeste|1|circulo_r68_xc160_yc120|0|0|232|162|0.000000|0.000000|0.000000|0.000000|0.000000|0.000000|0.000000|0.000000|0.000000|0.000000|0.000000|0.000000|
20170425_190829|61117|265|23.255814|0|CarroTeste|1|circulo_r68_xc160_yc120|0|0|232|162|0.000000|0.000000|0.000000|0.000000|0.000000|0.000000|0.000000|0.000000|0.000000|0.000000|0.000000|0.000000|
20170425_190829|61166|266|20.408163|0|CarroTeste|1|circulo_r68_xc160_yc120|0|0|232|162|0.000000|0.000000|0.000000|0.000000|0.000000|0.000000|0.000000|0.000000|0.000000|0.000000|0.000000|0.000000|
20170425_190829|61216|267|20.000000|0|CarroTeste|1|circulo_r68_xc160_yc120|0|0|232|161|0.000000|0.000000|0.000000|0.000000|0.000000|0.000000|0.000000|0.000000|0.000000|0.000000|0.000000|0.000000|
20170425_190829|61267|268|20.000000|0|CarroTeste|1|circulo_r68_xc160_yc120|0|0|232|162|0.000000|0.000000|0.000000|0.000000|0.000000|0.000000|0.000000|0.000000|0.000000|0.000000|0.000000|0.000000|
20170425_190829|61320|269|18.181818|0|CarroTeste|1|circulo_r68_xc160_yc120|0|0|218|196|0.000000|0.000000|0.000000|0.000000|0.000000|0.000000|0.000000|0.000000|0.000000|0.000000|0.000000|0.000000|
20170425_190829|61394|270|13.888889|0|CarroTeste|1|circulo_r68_xc160_yc120|0|0|224|194|0.000000|0.000000|0.000000|0.000000|0.000000|0.000000|0.000000|0.000000|0.000000|0.000000|0.000000|0.000000|
20170425_190829|61445|271|20.000000|0|CarroTeste|1|circulo_r68_xc160_yc120|0|0|232|162|0.000000|0.000000|0.000000|0.000000|0.000000|0.000000|0.000000|0.000000|0.000000|0.000000|0.000000|0.000000|
20170425_190830|61536|272|10.869565|0|CarroTeste|1|circulo_r68_xc160_yc120|0|0|225|193|0.000000|0.000000|0.000000|0.000000|0.000000|0.000000|0.000000|0.000000|0.000000|0.000000|0.000000|0.000000|
20170425_190830|61631|273|10.752688|0|CarroTeste|1|circulo_r68_xc160_yc120|0|0|232|162|0.000000|0.000000|0.000000|0.000000|0.000000|0.000000|0.000000|0.000000|0.000000|0.000000|0.000000|0.000000|
20170425_190830|61721|274|10.638298|0|CarroTeste|1|circulo_r68_xc160_yc120|0|0|227|193|0.000000|0.000000|0.000000|0.000000|0.000000|0.000000|0.000000|0.000000|0.000000|0.000000|0.000000|0.000000|
20170425_190830|61772|275|21.276596|0|CarroTeste|1|circulo_r68_xc160_yc120|0|0|224|194|0.000000|0.000000|0.000000|0.000000|0.000000|0.000000|0.000000|0.000000|0.000000|0.000000|0.000000|0.000000|
20170425_190830|61866|276|10.309278|0|CarroTeste|1|circulo_r68_xc160_yc120|0|0|232|162|0.000000|0.000000|0.000000|0.000000|0.000000|0.000000|0.000000|0.000000|0.000000|0.000000|0.000000|0.000000|
20170425_190830|61958|277|10.869565|0|CarroTeste|1|circulo_r68_xc160_yc120|0|0|232|162|0.000000|0.000000|0.000000|0.000000|0.000000|0.000000|0.000000|0.000000|0.000000|0.000000|0.000000|0.000000|
20170425_190830|62051|278|10.869565|0|CarroTeste|1|circulo_r68_xc160_yc120|0|0|232|161|0.000000|0.000000|0.000000|0.000000|0.000000|0.000000|0.000000|0.000000|0.000000|0.000000|0.000000|0.000000|
20170425_190830|62104|279|20.408163|0|CarroTeste|1|circulo_r68_xc160_yc120|0|0|232|161|0.000000|0.000000|0.000000|0.000000|0.000000|0.000000|0.000000|0.000000|0.000000|0.000000|0.000000|0.000000|
20170425_190830|62191|280|10.752688|0|CarroTeste|1|circulo_r68_xc160_yc120|0|0|232|161|0.000000|0.000000|0.000000|0.000000|0.000000|0.000000|0.000000|0.000000|0.000000|0.000000|0.000000|0.000000|
20170425_190830|62236|281|21.739130|0|CarroTeste|1|circulo_r68_xc160_yc120|0|0|274|191|0.000000|0.000000|0.000000|0.000000|0.000000|0.000000|0.000000|0.000000|0.000000|0.000000|0.000000|0.000000|
20170425_190830|62285|282|21.739130|0|CarroTeste|1|circulo_r68_xc160_yc120|0|0|232|161|0.000000|0.000000|0.000000|0.000000|0.000000|0.000000|0.000000|0.000000|0.000000|0.000000|0.000000|0.000000|
20170425_190830|62330|283|21.276596|0|CarroTeste|1|circulo_r68_xc160_yc120|0|0|232|161|0.000000|0.000000|0.000000|0.000000|0.000000|0.000000|0.000000|0.000000|0.000000|0.000000|0.000000|0.000000|
20170425_190830|62376|284|21.276596|0|CarroTeste|1|circulo_r68_xc160_yc120|0|0|232|162|0.000000|0.000000|0.000000|0.000000|0.000000|0.000000|0.000000|0.000000|0.000000|0.000000|0.000000|0.000000|
20170425_190830|62431|285|21.276596|0|CarroTeste|1|circulo_r68_xc160_yc120|0|0|232|162|0.000000|0.000000|0.000000|0.000000|0.000000|0.000000|0.000000|0.000000|0.000000|0.000000|0.000000|0.000000|
20170425_190831|62525|286|10.309278|0|CarroTeste|1|circulo_r68_xc160_yc120|0|0|232|161|0.000000|0.000000|0.000000|0.000000|0.000000|0.000000|0.000000|0.000000|0.000000|0.000000|0.000000|0.000000|
20170425_190831|62573|287|19.230769|0|CarroTeste|1|circulo_r68_xc160_yc120|0|0|232|162|0.000000|0.000000|0.000000|0.000000|0.000000|0.000000|0.000000|0.000000|0.000000|0.000000|0.000000|0.000000|
20170425_190831|62623|288|20.833333|0|CarroTeste|1|circulo_r68_xc160_yc120|0|0|232|162|0.000000|0.000000|0.000000|0.000000|0.000000|0.000000|0.000000|0.000000|0.000000|0.000000|0.000000|0.000000|
20170425_190831|62670|289|21.739130|0|CarroTeste|1|circulo_r68_xc160_yc120|0|0|232|162|0.000000|0.000000|0.000000|0.000000|0.000000|0.000000|0.000000|0.000000|0.000000|0.000000|0.000000|0.000000|
20170425_190831|62717|290|21.739130|0|CarroTeste|1|circulo_r68_xc160_yc120|0|0|232|161|0.000000|0.000000|0.000000|0.000000|0.000000|0.000000|0.000000|0.000000|0.000000|0.000000|0.000000|0.000000|
20170425_190831|62766|291|20.000000|0|CarroTeste|1|circulo_r68_xc160_yc120|0|0|232|162|0.000000|0.000000|0.000000|0.000000|0.000000|0.000000|0.000000|0.000000|0.000000|0.000000|0.000000|0.000000|
20170425_190831|62810|292|22.222222|0|CarroTeste|1|circulo_r68_xc160_yc120|0|0|232|162|0.000000|0.000000|0.000000|0.000000|0.000000|0.000000|0.000000|0.000000|0.000000|0.000000|0.000000|0.000000|
20170425_190831|62922|293|8.771930|0|CarroTeste|1|circulo_r68_xc160_yc120|0|0|232|162|0.000000|0.000000|0.000000|0.000000|0.000000|0.000000|0.000000|0.000000|0.000000|0.000000|0.000000|0.000000|
20170425_190831|62969|294|21.276596|0|CarroTeste|1|circulo_r68_xc160_yc120|0|0|226|194|0.000000|0.000000|0.000000|0.000000|0.000000|0.000000|0.000000|0.000000|0.000000|0.000000|0.000000|0.000000|
20170425_190831|63035|295|15.625000|0|CarroTeste|1|circulo_r68_xc160_yc120|0|0|232|162|0.000000|0.000000|0.000000|0.000000|0.000000|0.000000|0.000000|0.000000|0.000000|0.000000|0.000000|0.000000|
20170425_190831|63084|296|20.408163|0|CarroTeste|1|circulo_r68_xc160_yc120|0|0|232|161|0.000000|0.000000|0.000000|0.000000|0.000000|0.000000|0.000000|0.000000|0.000000|0.000000|0.000000|0.000000|
20170425_190831|63138|297|18.181818|0|CarroTeste|1|circulo_r68_xc160_yc120|0|0|232|161|0.000000|0.000000|0.000000|0.000000|0.000000|0.000000|0.000000|0.000000|0.000000|0.000000|0.000000|0.000000|
20170425_190831|63183|298|22.222222|0|CarroTeste|1|circulo_r68_xc160_yc120|0|0|232|162|0.000000|0.000000|0.000000|0.000000|0.000000|0.000000|0.000000|0.000000|0.000000|0.000000|0.000000|0.000000|
20170425_190831|63229|299|21.739130|0|CarroTeste|1|circulo_r68_xc160_yc120|0|0|232|161|0.000000|0.000000|0.000000|0.000000|0.000000|0.000000|0.000000|0.000000|0.000000|0.000000|0.000000|0.000000|
20170425_190831|63276|300|21.276596|0|CarroTeste|1|circulo_r68_xc160_yc120|0|0|232|162|0.000000|0.000000|0.000000|0.000000|0.000000|0.000000|0.000000|0.000000|0.000000|0.000000|0.000000|0.000000|
20170425_190831|63323|301|21.739130|0|CarroTeste|1|circulo_r68_xc160_yc120|0|0|231|198|0.000000|0.000000|0.000000|0.000000|0.000000|0.000000|0.000000|0.000000|0.000000|0.000000|0.000000|0.000000|
20170425_190831|63375|302|18.867925|0|CarroTeste|1|circulo_r68_xc160_yc120|0|0|232|162|0.000000|0.000000|0.000000|0.000000|0.000000|0.000000|0.000000|0.000000|0.000000|0.000000|0.000000|0.000000|
20170425_190831|63448|303|20.000000|0|CarroTeste|1|circulo_r68_xc160_yc120|0|0|232|162|0.000000|0.000000|0.000000|0.000000|0.000000|0.000000|0.000000|0.000000|0.000000|0.000000|0.000000|0.000000|
20170425_190832|63504|304|12.500000|0|CarroTeste|1|circulo_r68_xc160_yc120|0|0|224|194|0.000000|0.000000|0.000000|0.000000|0.000000|0.000000|0.000000|0.000000|0.000000|0.000000|0.000000|0.000000|
20170425_190832|63602|305|10.526316|0|CarroTeste|1|circulo_r68_xc160_yc120|0|0|232|162|0.000000|0.000000|0.000000|0.000000|0.000000|0.000000|0.000000|0.000000|0.000000|0.000000|0.000000|0.000000|
20170425_190832|63691|306|10.989011|0|CarroTeste|1|circulo_r68_xc160_yc120|0|0|232|161|0.000000|0.000000|0.000000|0.000000|0.000000|0.000000|0.000000|0.000000|0.000000|0.000000|0.000000|0.000000|
20170425_190832|63787|307|10.752688|0|CarroTeste|1|circulo_r68_xc160_yc120|0|0|232|162|0.000000|0.000000|0.000000|0.000000|0.000000|0.000000|0.000000|0.000000|0.000000|0.000000|0.000000|0.000000|
20170425_190832|63879|308|10.416667|0|CarroTeste|1|circulo_r68_xc160_yc120|0|0|232|162|0.000000|0.000000|0.000000|0.000000|0.000000|0.000000|0.000000|0.000000|0.000000|0.000000|0.000000|0.000000|
20170425_190832|63973|309|10.752688|0|CarroTeste|1|circulo_r68_xc160_yc120|0|0|232|161|0.000000|0.000000|0.000000|0.000000|0.000000|0.000000|0.000000|0.000000|0.000000|0.000000|0.000000|0.000000|
20170425_190832|64067|310|10.752688|0|CarroTeste|1|circulo_r68_xc160_yc120|0|0|232|162|0.000000|0.000000|0.000000|0.000000|0.000000|0.000000|0.000000|0.000000|0.000000|0.000000|0.000000|0.000000|
20170425_190832|64159|311|10.752688|0|CarroTeste|1|circulo_r68_xc160_yc120|0|0|225|193|0.000000|0.000000|0.000000|0.000000|0.000000|0.000000|0.000000|0.000000|0.000000|0.000000|0.000000|0.000000|
20170425_190832|64208|312|20.408163|0|CarroTeste|1|circulo_r68_xc160_yc120|0|0|232|162|0.000000|0.000000|0.000000|0.000000|0.000000|0.000000|0.000000|0.000000|0.000000|0.000000|0.000000|0.000000|
20170425_190832|64302|313|10.526316|0|CarroTeste|1|circulo_r68_xc160_yc120|0|0|232|161|0.000000|0.000000|0.000000|0.000000|0.000000|0.000000|0.000000|0.000000|0.000000|0.000000|0.000000|0.000000|
20170425_190832|64396|314|10.752688|0|CarroTeste|1|circulo_r68_xc160_yc120|0|0|232|162|0.000000|0.000000|0.000000|0.000000|0.000000|0.000000|0.000000|0.000000|0.000000|0.000000|0.000000|0.000000|
20170425_190832|64488|315|10.752688|0|CarroTeste|1|circulo_r68_xc160_yc120|0|0|232|162|0.000000|0.000000|0.000000|0.000000|0.000000|0.000000|0.000000|0.000000|0.000000|0.000000|0.000000|0.000000|
20170425_190833|64536|316|21.276596|0|CarroTeste|1|circulo_r68_xc160_yc120|0|0|232|162|0.000000|0.000000|0.000000|0.000000|0.000000|0.000000|0.000000|0.000000|0.000000|0.000000|0.000000|0.000000|
20170425_190833|64628|317|10.869565|0|CarroTeste|1|circulo_r68_xc160_yc120|0|0|232|161|0.000000|0.000000|0.000000|0.000000|0.000000|0.000000|0.000000|0.000000|0.000000|0.000000|0.000000|0.000000|
20170425_190833|64675|318|21.276596|0|CarroTeste|1|circulo_r68_xc160_yc120|0|0|232|162|0.000000|0.000000|0.000000|0.000000|0.000000|0.000000|0.000000|0.000000|0.000000|0.000000|0.000000|0.000000|
20170425_190833|64721|319|20.833333|0|CarroTeste|1|circulo_r68_xc160_yc120|0|0|232|162|0.000000|0.000000|0.000000|0.000000|0.000000|0.000000|0.000000|0.000000|0.000000|0.000000|0.000000|0.000000|
20170425_190833|64770|320|20.833333|0|CarroTeste|1|circulo_r68_xc160_yc120|0|0|231|198|0.000000|0.000000|0.000000|0.000000|0.000000|0.000000|0.000000|0.000000|0.000000|0.000000|0.000000|0.000000|
20170425_190833|64861|321|10.989011|0|CarroTeste|1|circulo_r68_xc160_yc120|0|0|232|162|0.000000|0.000000|0.000000|0.000000|0.000000|0.000000|0.000000|0.000000|0.000000|0.000000|0.000000|0.000000|
20170425_190833|64910|322|20.833333|0|CarroTeste|1|circulo_r68_xc160_yc120|0|0|232|162|0.000000|0.000000|0.000000|0.000000|0.000000|0.000000|0.000000|0.000000|0.000000|0.000000|0.000000|0.000000|
20170425_190833|64955|323|21.739130|0|CarroTeste|1|circulo_r68_xc160_yc120|0|0|232|161|0.000000|0.000000|0.000000|0.000000|0.000000|0.000000|0.000000|0.000000|0.000000|0.000000|0.000000|0.000000|
20170425_190833|65002|324|20.833333|0|CarroTeste|1|circulo_r68_xc160_yc120|0|0|232|162|0.000000|0.000000|0.000000|0.000000|0.000000|0.000000|0.000000|0.000000|0.000000|0.000000|0.000000|0.000000|
20170425_190833|65052|325|20.833333|0|CarroTeste|1|circulo_r68_xc160_yc120|0|0|232|162|0.000000|0.000000|0.000000|0.000000|0.000000|0.000000|0.000000|0.000000|0.000000|0.000000|0.000000|0.000000|
20170425_190833|65143|326|10.989011|0|CarroTeste|1|circulo_r68_xc160_yc120|0|0|232|162|0.000000|0.000000|0.000000|0.000000|0.000000|0.000000|0.000000|0.000000|0.000000|0.000000|0.000000|0.000000|
20170425_190833|65192|327|20.408163|0|CarroTeste|1|circulo_r68_xc160_yc120|0|0|232|162|0.000000|0.000000|0.000000|0.000000|0.000000|0.000000|0.000000|0.000000|0.000000|0.000000|0.000000|0.000000|
20170425_190833|65236|328|21.739130|0|CarroTeste|1|circulo_r68_xc160_yc120|0|0|232|162|0.000000|0.000000|0.000000|0.000000|0.000000|0.000000|0.000000|0.000000|0.000000|0.000000|0.000000|0.000000|
20170425_190833|65283|329|21.276596|0|CarroTeste|1|circulo_r68_xc160_yc120|0|0|225|193|0.000000|0.000000|0.000000|0.000000|0.000000|0.000000|0.000000|0.000000|0.000000|0.000000|0.000000|0.000000|
20170425_190833|65331|330|21.739130|0|CarroTeste|1|circulo_r68_xc160_yc120|0|0|275|191|0.000000|0.000000|0.000000|0.000000|0.000000|0.000000|0.000000|0.000000|0.000000|0.000000|0.000000|0.000000|
20170425_190833|65377|331|21.276596|0|CarroTeste|1|circulo_r68_xc160_yc120|0|0|232|162|0.000000|0.000000|0.000000|0.000000|0.000000|0.000000|0.000000|0.000000|0.000000|0.000000|0.000000|0.000000|
20170425_190833|65427|332|20.000000|0|CarroTeste|1|circulo_r68_xc160_yc120|0|0|232|162|0.000000|0.000000|0.000000|0.000000|0.000000|0.000000|0.000000|0.000000|0.000000|0.000000|0.000000|0.000000|
20170425_190834|65521|333|10.638298|0|CarroTeste|1|circulo_r68_xc160_yc120|0|0|232|162|0.000000|0.000000|0.000000|0.000000|0.000000|0.000000|0.000000|0.000000|0.000000|0.000000|0.000000|0.000000|
20170425_190834|65611|334|10.989011|0|CarroTeste|1|circulo_r68_xc160_yc120|0|0|232|162|0.000000|0.000000|0.000000|0.000000|0.000000|0.000000|0.000000|0.000000|0.000000|0.000000|0.000000|0.000000|
20170425_190834|65708|335|10.526316|0|CarroTeste|1|circulo_r68_xc160_yc120|0|0|232|162|0.000000|0.000000|0.000000|0.000000|0.000000|0.000000|0.000000|0.000000|0.000000|0.000000|0.000000|0.000000|
20170425_190834|65799|336|10.869565|0|CarroTeste|1|circulo_r68_xc160_yc120|0|0|232|162|0.000000|0.000000|0.000000|0.000000|0.000000|0.000000|0.000000|0.000000|0.000000|0.000000|0.000000|0.000000|
20170425_190834|65846|337|21.739130|0|CarroTeste|1|circulo_r68_xc160_yc120|0|0|232|162|0.000000|0.000000|0.000000|0.000000|0.000000|0.000000|0.000000|0.000000|0.000000|0.000000|0.000000|0.000000|
20170425_190834|65893|338|20.833333|0|CarroTeste|1|circulo_r68_xc160_yc120|0|0|232|162|0.000000|0.000000|0.000000|0.000000|0.000000|0.000000|0.000000|0.000000|0.000000|0.000000|0.000000|0.000000|
20170425_190834|65989|339|10.416667|0|CarroTeste|1|circulo_r68_xc160_yc120|0|0|226|193|0.000000|0.000000|0.000000|0.000000|0.000000|0.000000|0.000000|0.000000|0.000000|0.000000|0.000000|0.000000|
20170425_190834|66080|340|10.989011|0|CarroTeste|1|circulo_r68_xc160_yc120|0|0|232|162|0.000000|0.000000|0.000000|0.000000|0.000000|0.000000|0.000000|0.000000|0.000000|0.000000|0.000000|0.000000|
20170425_190834|66131|341|20.000000|0|CarroTeste|1|circulo_r68_xc160_yc120|0|0|232|161|0.000000|0.000000|0.000000|0.000000|0.000000|0.000000|0.000000|0.000000|0.000000|0.000000|0.000000|0.000000|
